data,tags
 eppmanifest.dll shlwapi.dll eppmanifest.dll ntdll.dll acppage.dll sfc.dll msi.dll sfc.dll,normal
 ntdll.dll kernel32.dll kernelbase.dll rpcrt4.dll advapi32.dll msasn1.dll msvcrt.dll sechost.dll rpcrt4.dll,normal
 ntdll.dll kernel32.dll kernel32.dll KernelBase.dll wmsgapi.dll gdi32.dll user32.dll lpk.dll usp10.dll msvcrt.dll imm32.dll msctf.dll ole32.dll rpcrt4.dll cryptsp.dll kernel32.dll oleaut32.dll sensapi.dll imm32.dll cryptbase.dll System.ni.dll clbcatq.dll advapi32.dll system.data.oracleclient.ni.dll kernel32.dll msvcrt.dll sechost.dll ntdll.dll ntdll.dll wow64.dll wow64win.dll wow64cpu.dll kernel32.dll kernel32.dll kernel32.dll user32.dll sechost.dll DrUpdate.dll kernel32.dll KernelBase.dll msvcrt.dll wininet.dll winbrand.dll ws2_32.dll user32.dll gdi32.dll lpk.dll gdi32full.dll usp10.dll advapi32.dll usp10.dll sechost.dll rpcrt4.dll sspicli.dll cryptbase.dll imm32.dll msctf.dll apphelp.dll,normal
 ntdll.dll kernel32.dll mswsock.dll kernelbase.dll msvcrt.dll oleaut32.dll windows.globalization.dll msvcp_win.dll ucrtbase.dll wbemprox.dll combase.dll microsoft.build.ni.dll rpcrt4.dll bcryptprimitives.dll advapi32.dll sechost.dll msvcr120_clr0400.dll tquery.dll cryptdll.dll imm32.dll sechost.dll user32.dll win32u.dll gdi32.dll pcwum.dll gdi32full.dll kernel.appcore.dll clbcatq.dll ole32.dll mssprxy.dll,normal
 ntdll.dll ntdll.dll wow64.dll wow64win.dll wow64cpu.dll kernel32.dll kernel32.dll kernel32.dll user32.dll kernel32.dll lpk.dll KernelBase.dll msvcrt.dll winbrand.dll clrjit.dll KernelBase.dll user32.dll gdi32.dll els.dll gdi32.dll lpk.dll clbcatq.dll sspicli.dll usp10.dll advapi32.dll twinapi.appcore.dll shacct.dll sechost.dll rpcrt4.dll sspicli.dll usp10.dll cryptbase.dll imm32.dll msctf.dll apphelp.dll,normal
 mscoree.dll mscoreei.dll clr.dll msvcr120_clr0400.dll msvcr120_clr0400.dll mscoree.dll mscoreei.dll version.dll dhcpcsvc6.dll clr.dll clr.dll msvcrt.dll cryptbase.dll taskschd.dll ntdll.dll msctf.dll msctf.dll clbcatq.dll mscorlib.ni.dll ntdll.dll usp10.dll ntdll.dll kernel32.dll kernel32.dll oleaut32.dll KernelBase.dll msvcrt.dll KernelBase.dll msvcrt.dll version.dll WindowsBase.dll msvcrt.dll advapi32.dll cryptsp.dll advapi32.dll KernelBase.dll sechost.dll sechost.dll rpcrt4.dll apphelp.dll rpcrt4.dll shlwapi.dll shlwapi.dll gdi32.dll system.data.oracleclient.dll gdi32.dll System.Core.dll system.deployment.dll user32.dll user32.dll lpk.dll lpk.dll usp10.dll clrjit.dll usp10.dll kernel32.dll shlwapi.dll ole32.dll oleaut32.dll imm32.dll mscoreei.dll imm32.dll profapi.dll sechost.dll sspicli.dll cryptbase.dll cryptbase.dll fusion.dll fusion.dll api-ms-win-downlevel-ole32-l1-1-0.dll cryptsp.dll wow64cpu.dll rsaenh.dll mscorsvc.dll ntdll.dll msvcrt.dll ntdll.dll kernel32.dll KernelBase.dll kernel32.dll devobj.dll advapi32.dll msvcrt.dll sechost.dll rpcrt4.dll msvcr120_clr0400.dll KernelBase.dll mscoree.dll advapi32.dll RpcRtRemote.dll ole32.dll gdi32.dll user32.dll user32.dll lpk.dll usp10.dll oleaut32.dll rpcrt4.dll imm32.dll msctf.dll msctf.dll cryptbase.dll cryptsp.dll rsaenh.dll RpcRtRemote.dll clbcatq.dll sxs.dll mscoreei.dll clr.dll bcryptprimitives.dll shlwapi.dll mscorlib.ni.dll clrjit.dll version.dll mscorlib.dll mscorlib.dll System.ni.dll System.Configuration.Install.ni.dll System.Core.ni.dll System.Xml.ni.dll Microsoft.Management.Infrastructure.ni.dll bcrypt.dll bcryptprimitives.dll Microsoft.PowerShell.ConsoleHost.ni.dll,normal
 ntdll.dll kernel32.dll KernelBase.dll advapi32.dll msvcrt.dll sechost.dll rpcrt4.dll gdi32.dll ole32.dll user32.dll user32.dll lpk.dll usp10.dll crypt32.dll usp10.dll cryptbase.dll ole32.dll msimg32.dll wmsgapi.dll ntdll.dll wtsapi32.dll winmm.dll loadperf.dll userenv.dll profapi.dll winsta.dll cryptsp.dll msctf.dll crypt32.dll msasn1.dll MsCtfMonitor.dll ws2_32.dll msctf.dll imm32.dll msutb.dll comctl32.dll secur32.dll clbcatq.dll sspicli.dll cryptbase.dll uxtheme.dll api-ms-win-downlevel-advapi32-l1-1-0.dll wow64.dll shlwapi.dll dwmapi.dll wintrust.dll cryptsp.dll clrjit.dll rsaenh.dll imagehlp.dll bcrypt.dll bcryptprimitives.dll clbcatq.dll oleaut32.dll oleaut32.dll wow64cpu.dll rpcrt4.dll shell32.dll oleaut32.dll ntdll.dll version.dll oleaut32.dll credui.dll wldap32.dll urlmon.dll ntdll.dll system.directoryservices.ni.dll api-ms-win-core-url-l1-1-0.dll authui.dll msasn1.dll cfgmgr32.dll cryptui.dll GdiPlus.dll api-ms-win-downlevel-ole32-l1-1-0.dll MMDevAPI.dll dui70.dll devobj.dll duser.dll xmllite.dll api-ms-win-downlevel-shlwapi-l1-1-0.dll api-ms-win-downlevel-advapi32-l1-1-0.dll api-ms-win-downlevel-version-l1-1-0.dll api-ms-win-downlevel-user32-l1-1-0.dll api-ms-win-downlevel-normaliz-l1-1-0.dllnormaliz.dll iertutil.dll wininet.dll propsys.dll setupapi.dll cfgmgr32.dll msutb.dll imageres.dll msswch.dll,normal
 ntdll.dll kernel32.dll kernelbase.dll gdi32.dll dwmapi.dll user32.dll lpk.dll usp10.dll msvcrt.dll imm32.dll msctf.dll ole32.dll rpcrt4.dll oleaut32.dll cryptbase.dll clbcatq.dll sechost.dll advapi32.dll mscorlib.dll sechost.dll windows.globalization.dll ntdll.dll ntdll.dll cryptsp.dll wow64.dll system.data.sqlxml.ni.dll xmllite.dll wow64win.dll wow64cpu.dll kernel32.dll kernel32.dll kernel32.dll propsys.dll user32.dll kernel32.dll kernelbase.dll advapi32.dll msvcr120_clr0400.dll clrjit.dll msvcrt.dll sechost.dll rpcrt4.dll sspicli.dll cryptbase.dll dnsapi.dll lpk.dll ws2_32.dll rsaenh.dll microsoft.visualc.ni.dll nsi.dll winnsi.dll wow64cpu.dll cryptsp.dll dhcpcsvc.dll dhcpcsvc6.dll shell32.dll shlwapi.dll gdi32.dll system.transactions.dll clr.dll user32.dll lpk.dll usp10.dll ole32.dll imm32.dll rpcrtremote.dll msctf.dll usp10.dll clbcatq.dll oleaut32.dll secur32.dll cryptsp.dll rsaenh.dll rpcrtremote.dll System.Web.ni.dll wevtapi.dll ntdll.dll ntdll.dll wow64.dll wow64win.dll wow64cpu.dll KernelBase.dll kernel32.dll kernel32.dll kernel32.dll user32.dll kernel32.dll kernel32.dll kernelbase.dll msvcrt.dll oleaut32.dll ole32.dll gdi32.dll msvcrt.dll urlmon.dll sechost.dll sechost.dll cfgmgr32.dll user32.dll advapi32.dll imageres.dll provthrd.dll sechost.dll rpcrt4.dll sspicli.dll devicecenter.dll cryptbase.dll msvcrt.dll lpk.dll usp10.dll version.dll imm32.dll mcstoredb.dll msctf.dll clbcatq.dll ntdll.dll sxs.dll clbcatq.dll cscapi.dll vbscript.dll advapi32.dll wintrust.dll crypt32.dll msasn1.dll imm32.dll RpcRtRemote.dll cryptsp.dll rsaenh.dll ntdll.dll cryptsp.dll ntdll.dll System.Core.ni.dll msisip.dll clbcatq.dll wshext.dll System.Core.ni.dll KernelBase.dll msctf.dll comctl32.dll kernel32.dll shell32.dll shlwapi.dll scrobj.dll msi.dll scrrun.dll xmllite.dll lpk.dll ntdll.dll ntdll.dll wow64.dll wow64win.dll lpk.dll msxml6.dll wow64cpu.dll kernel32.dll kernel32.dll kernel32.dll iertutil.dll sppcomapi.dll user32.dll kernel32.dll gdi32.dll kernelbase.dll advapi32.dll msvcrt.dll sechost.dll wininet.dll rpcrt4.dll advapi32.dll sspicli.dll cryptbase.dll dnsapi.dll ws2_32.dll nsi.dll winnsi.dll msctf.dll dhcpcsvc.dll gpapi.dll dhcpcsvc6.dll shlwapi.dll shell32.dll shlwapi.dll gdi32.dll user32.dll kernel32.dll lpk.dll usp10.dll ole32.dll imm32.dll msctf.dll dwmapi.dll clbcatq.dll oleaut32.dll cryptsp.dll rsaenh.dll rpcrtremote.dll wevtapi.dll wintrust.dll ntdll.dll dnsapi.dll kernel32.dll imm32.dll msvcr120_clr0400.dll kernelbase.dll gdi32.dll user32.dll lpk.dll usp10.dll lpk.dll advapi32.dll msvcrt.dll imm32.dll msctf.dll rpcrt4.dll ole32.dll rpcrt4.dll oleaut32.dll sechost.dll cryptbase.dll clbcatq.dll advapi32.dll sechost.dll ntdll.dll kernel32.dll user32.dll lpk.dll kernelbase.dll gdi32.dll sechost.dll ws2_32.dll user32.dll lpk.dll usp10.dll msvcrt.dll imm32.dll sechost.dll msctf.dll ole32.dll rpcrt4.dll System.Data.OracleClient.dll advapi32.dll clbcatq.dll ntdll.dll oleaut32.dll wpdshext.dll ntdll.dll kernel32.dll kernelbase.dll advapi32.dll msvcrt.dll sechost.dll rpcrt4.dll gdi32.dll user32.dll amsi.dll ntdll.dll lpk.dll msctf.dll usp10.dll gdi32.dll mscorlib.dll msswch.dll winmm.dll kernelbase.dll api-ms-win-downlevel-ole32-l1-1-0.dll dwmapi.dll gdiplus.dll ole32.dll oleacc.dll oleaut32.dll shlwapi.dll wmsgapi.dll duser.dll setupapi.dll uxtheme.dll System.Drawing.dll imm32.dll msctf.dll cryptbase.dll dui70.dll comctl32.dll kbdnec.dll xmllite.dll rpcrt4.dll clbcatq.dll tabskb.dll cryptsp.dll rsaenh.dll wldap32.dll rpcrtremote.dll cfgmgr32.dll windowscodecs.dll mmdevapi.dll msctf.dll cryptsp.dll propsys.dll sspicli.dll shell32.dll kernel32.dll imecfm.dll version.dll system.dll ntdll.dll ntdll.dll wow64.dll ole32.dll mscorwks.dll wow64win.dll windows.staterepository.dll wow64cpu.dll kernel32.dll cryptsp.dll bcrypt.dll kernel32.dll kernel32.dll user32.dll kernel32.dll srvcli.dll kernelbase.dll System.dll advapi32.dll msvcrt.dll system.security.dll sechost.dll rpcrt4.dll sspicli.dll cryptbase.dll system.drawing.ni.dll dnsapi.dll ws2_32.dll nsi.dll kernel32.dll winnsi.dll dhcpcsvc.dll dhcpcsvc6.dll shell32.dll shlwapi.dll gdi32.dll user32.dll lpk.dll usp10.dll ole32.dll imm32.dll winbrand.dll shlwapi.dll msctf.dll clbcatq.dll oleaut32.dll cryptsp.dll rsaenh.dll rpcrtremote.dll gdi32.dll shlwapi.dll wevtapi.dll profapi.dll dpapi.dll nlaapi.dll ntdll.dll kernel32.dll kernelbase.dll gdi32.dll user32.dll lpk.dll usp10.dll msvcrt.dll oleaut32.dll imm32.dll msctf.dll ole32.dll rpcrt4.dll System.dll oleaut32.dll advapi32.dll cryptbase.dll clbcatq.dll advapi32.dll sechost.dll ntdll.dll kernel32.dll kernelbase.dll advapi32.dll msvcrt.dll sechost.dll rpcrt4.dll ole32.dll gdi32.dll user32.dll lpk.dll usp10.dll devobj.dll imm32.dll msctf.dll sechost.dll wdscore.dll igd10iumd64.dll oleaut32.dll shell32.dll shlwapi.dll dbghelp.dll cryptbase.dll cbscore.dll version.dll crypt32.dll msasn1.dll wintrust.dll userenv.dll mscoree.dll profapi.dll ktmw32.dll dpx.dll dpx.dll kernel32.dll dpx.dll wcp.dll sechost.dll kernel32.dll drupdate.dll mrt100.dll setupapi.dll cfgmgr32.dll devobj.dll mpr.dll wrpint.dll sxsstore.dll sqmapi.dll winhttp.dll imm32.dll webio.dll winhttp.dll webio.dll sensapi.dll cryptsp.dll rsaenh.dll rpcrtremote.dll clbcatq.dll cbsapi.dll smipi.dll smiengine.dll,normal
 Accessibility.dll ntdll.dll ntdll.dll system.data.entity.design.ni.dll shcore.dll ole32.dll wow64.dll wow64win.dll wow64cpu.dll kernel32.dll kernel32.dll kernel32.dll System.Security.ni.dll user32.dll rasadhlp.dll kernel32.dll secur32.dll kernel32.dll KernelBase.dll oleaccrc.dll sensapi.dll system.web.services.dll advapi32.dll msvcrt.dll sechost.dll rpcrt4.dll sspicli.dll cryptbase.dll msvcr120_clr0400.dll mscoree.dll ole32.dll winhttp.dll nlslexicons0011.dll gdi32.dll user32.dll lpk.dll usp10.dll cryptbase.dll oleaut32.dll imm32.dll imm32.dll msutb.dll msctf.dll cryptsp.dll msvcrt.dll usp10.dll rsaenh.dll RpcRtRemote.dll wldp.dll clbcatq.dll sxs.dll mscoreei.dll mscorwks.dll msctf.dll windows.storage.applicationdata.dll msvcr80.dll usp10.dll api-ms-win-core-profile-l1-1-0.dll shlwapi.dll shell32.dll System.EnterpriseServices.ni.dll kernel32.dll profapi.dll oleaut32.dll mscorlib.ni.dll RstrtMgr.dll mscorjit.dll mscorlib.dll mscorlib.dll version.dll dhcpcsvc6.dll mscorlib.dll mscorlib.dll Microsoft.VisualStudio.Tools.Office.Excel.AddInProxy.v9.0.dll mscoree.dll Microsoft.VisualStudio.Tools.Office.Excel.AddInProxy.v9.0.dll mscorsec.dll wintrust.dll crypt32.dll cryptsp.dll msasn1.dll comctl32.dll riched20.dll imagehlp.dll ncrypt.dll bcrypt.dll bcryptprimitives.dll userenv.dll gpapi.dll cryptnet.dll Wldap32.dll SensApi.dll Microsoft.VisualStudio.Tools.Office.Excel.AddInProxy.v9.0.dll System.ni.dll System.AddIn.ni.dll Microsoft.VisualStudio.Tools.Office.AddInAdapter.v9.0.ni.dll Microsoft.VisualStudio.Tools.Office.AddInAdapter.v9.0.dll Microsoft.VisualStudio.Tools.Office.AddInAdapter.v9.0.dll System.AddIn.dll SensApi.dll System.AddIn.dll System.AddIn.dll tiptsf.dll System.AddIn.dll System.dll System.dll System.dll System.dll Microsoft.VisualStudio.Tools.Office.Contract.v9.0.ni.dll Microsoft.VisualStudio.Tools.Office.Contract.v9.0.dll Microsoft.VisualStudio.Tools.Office.Contract.v9.0.dll Microsoft.Office.Interop.Excel.dll user32.dll Microsoft.Office.Interop.Excel.dll Microsoft.Office.Interop.Excel.dll profext.dll Microsoft.Office.Tools.v9.0.ni.dll Microsoft.Office.Tools.v9.0.dll Microsoft.Office.Tools.v9.0.dll system.drawing.ni.dll directmanipulation.dll System.Core.ni.dll msvcrt.dll Microsoft.VisualStudio.Tools.Applications.Adapter.v9.0.ni.dll Microsoft.VisualStudio.Tools.Applications.Adapter.v9.0.dll Microsoft.VisualStudio.Tools.Applications.Adapter.v9.0.dll Microsoft.VisualStudio.Tools.Applications.Adapter.v9.0.dll Microsoft.VisualStudio.Tools.Applications.Adapter.v9.0.dll System.Core.dll System.Core.dll System.Core.dll System.Core.dll System.AddIn.Contract.ni.dll System.AddIn.Contract.dll System.AddIn.Contract.dll wow64.dll System.AddIn.Contract.dll ws2_32.dll System.AddIn.Contract.dll Microsoft.VisualStudio.Tools.Applications.Runtime.v9.0.ni.dll sspicli.dll Microsoft.VisualStudio.Tools.Applications.Runtime.v9.0.dll System.Runtime.Remoting.ni.dll Microsoft.VisualStudio.Tools.Applications.Runtime.v9.0.dll user32.dll Microsoft.VisualStudio.Tools.Applications.Runtime.v9.0.dll user32.dll Microsoft.VisualStudio.Tools.Applications.Runtime.v9.0.dll Microsoft.VisualStudio.Tools.Applications.AddInAdapter.v9.0.ni.dll Microsoft.VisualStudio.Tools.Applications.AddInAdapter.v9.0.dll system.directoryservices.protocols.ni.dll Microsoft.VisualStudio.Tools.Applications.AddInAdapter.v9.0.dll Microsoft.VisualStudio.Tools.Applications.AddInAdapter.v9.0.dll System.Data.OracleClient.dll Microsoft.VisualStudio.Tools.Applications.AddInAdapter.v9.0.dll Microsoft.VisualStudio.Tools.Applications.Contract.v9.0.ni.dll odbc32.dll Microsoft.VisualStudio.Tools.Applications.Contract.v9.0.dll Microsoft.VisualStudio.Tools.Applications.Contract.v9.0.dll Microsoft.VisualStudio.Tools.Applications.Contract.v9.0.dll user32.dll Microsoft.VisualStudio.Tools.Applications.Contract.v9.0.dll System.Runtime.Remoting.ni.dll setupapi.dll system.xaml.dll System.Runtime.Remoting.dll System.Runtime.Remoting.dll System.Configuration.ni.dll csrsrv.dll System.configuration.dll System.configuration.dll cfgmgr32.dll System.configuration.dll usp10.dll System.configuration.dll system.web.ni.dll System.Xml.ni.dll System.XML.dll UIAutomationProvider.dll System.XML.dll System.XML.dll system.transactions.dll bcrypt.dll System.XML.dll mswsock.dll System.Security.ni.dll wow64.dll System.Security.dll System.Security.dll System.Security.dll dwmapi.dll System.Security.dll msvcrt.dll ntdll.dll ntdll.dll imm32.dll wow64.dll bcrypt.dll wow64win.dll ws2_32.dll wow64cpu.dll kernel32.dll kernel32.dll kernel32.dll user32.dll system.configuration.dll Microsoft.VisualStudio.Tools.Office.Contract.v9.0.dll kernel32.dll KernelBase.dll advapi32.dll usp10.dll msvcrt.dll kernel32.dll cfgmgr32.dll sechost.dll System.Windows.Forms.ni.dll rpcrt4.dll sspicli.dll ntdll.dll cryptbase.dll api-ms-win-core-file-l2-1-1.dll system.drawing.dll msvcr120_clr0400.dll mscorlib.dll mscoree.dll ole32.dll gdi32.dll msctf.dll dfsrress.dll advapi32.dll user32.dll dhcpcsvc6.dll lpk.dll usp10.dll msctf.dll oleaut32.dll imm32.dll msctf.dll msvcrt.dll cryptsp.dll rsaenh.dll presentationcore.dll RpcRtRemote.dll system.configuration.dll clbcatq.dll sxs.dll mscoreei.dll clr.dll shlwapi.dll mscorlib.ni.dll clrjit.dll System.ni.dll System.Core.ni.dll System.ServiceModel.Activation.ni.dll version.dll presentationcore.dll ole32.dll system.dll System.ServiceModel.Activation.dll System.ServiceModel.Activation.dll mscorlib.dll credui.dll mscorlib.dll System.dll version.dll System.dll imm32.dll System.Core.dll System.Core.dll System.ServiceModel.ni.dll Microsoft.VisualStudio.Tools.Office.Word.AddInProxy.v9.0.dll System.ServiceModel.dll KernelBase.dll System.ServiceModel.dll System.ServiceModel.Internals.ni.dll System.ServiceModel.Internals.dll System.ServiceModel.Internals.dll System.Web.ni.dll System.Web.dll System.Web.dll System.ServiceModel.Activities.ni.dll system.design.dll System.ServiceModel.Activities.dll System.ServiceModel.Activities.dll System.Activities.ni.dll System.Activities.dll System.Activities.dll ucrtbase.dll System.Xaml.ni.dll System.Xaml.dll System.Xaml.dll System.Xml.Linq.ni.dll System.Xml.Linq.dll ws2_32.dll System.Xml.Linq.dll System.Xaml.Hosting.ni.dll System.Xml.ni.dll System.Xml.dll System.Xml.dll System.Configuration.ni.dll System.Configuration.dll System.Configuration.dll System.Transactions.ni.dll System.Transactions.dll System.Transactions.dll System.Transactions.dll System.Net.Http.ni.dll System.Net.Http.dll System.Net.Http.dll SMDiagnostics.ni.dll SMDiagnostics.dll SMDiagnostics.dll System.Web.RegularExpressions.ni.dll System.Runtime.DurableInstancing.ni.dll System.Runtime.DurableInstancing.dll System.Runtime.DurableInstancing.dll System.Numerics.ni.dll System.Numerics.dll System.Numerics.dll System.Security.ni.dll System.Security.dll System.Security.dll,normal
 kernel32.dll ntdll.dll kernel32.dll KernelBase.dll sspicli.dll gdi32.dll user32.dll lpk.dll usp10.dll msvcrt.dll perfos.dll sxs.dll imm32.dll msctf.dll ole32.dll adwsres.dll rpcrt4.dll wow64win.dll oleaut32.dll cryptbase.dll clbcatq.dll advapi32.dll sechost.dll ntdll.dll ntdll.dll wow64.dll wow64win.dll kernel32.dll wow64cpu.dll kernel32.dll kernel32.dll kernel32.dll user32.dll rsaenh.dll kernel32.dll lpk.dll kernel32.dll mscorlib.ni.dll kernel32.dll KernelBase.dll msvcrt.dll winbrand.dll user32.dll gdi32.dll lpk.dll ole32.dll system.configuration.ni.dll usp10.dll advapi32.dll oleaut32.dll sechost.dll rpcrt4.dll sspicli.dll cryptbase.dll imm32.dll system.dll msctf.dll apphelp.dll,normal
 imm32.dll kernelbase.dll msctf.dll ntdll.dll kernel32.dll KernelBase.dll gdi32.dll msctf.dll user32.dll lpk.dll sechost.dll usp10.dll msvcrt.dll RpcRtRemote.dll imm32.dll msctf.dll ole32.dll rpcrt4.dll oleaut32.dll ntdll.dll ntdll.dll clr.dll rpcrt4.dll wow64.dll wow64win.dll wshbth.dll wow64cpu.dll kernel32.dll imm32.dll kernel32.dll system.xml.dll kernel32.dll user32.dll kernel32.dll KernelBase.dll advapi32.dll msvcrt.dll sechost.dll rpcrt4.dll sspicli.dll cryptbase.dll dnsapi.dll ws2_32.dll aepic.dll nsi.dll gpapi.dll wintrust.dll api-ms-win-crt-string-l1-1-0.dll winnsi.dll system.windows.forms.ni.dll dhcpcsvc.dll sensapi.dll dhcpcsvc6.dll rpcrt4.dll user32.dll shell32.dll shlwapi.dll winnsi.dll gdi32.dll user32.dll lpk.dll usp10.dll ole32.dll imm32.dll msctf.dll globinputhost.dll clbcatq.dll oleaut32.dll msctf.dll cryptsp.dll rsaenh.dll RpcRtRemote.dll wevtapi.dll ntdll.dll kernel32.dll KernelBase.dll gdi32.dll user32.dll msctf.dll clbcatq.dll lpk.dll usp10.dll msvcrt.dll imm32.dll setupapi.dll msctf.dll ole32.dll rpcrt4.dll msxml6.dll api-ms-win-downlevel-advapi32-l1-1-0.dll oleaut32.dll ntdll.dll ntdll.dll wow64.dll kernel32.dll wow64win.dll dui70.dll wow64cpu.dll kernel32.dll kernel32.dll kernel32.dll kernel32.dll user32.dll bcryptprimitives.dll shlwapi.dll kernel32.dll KernelBase.dll advapi32.dll IPBusEnum.dll msvcrt.dll sechost.dll System.Core.ni.dll rpcrt4.dll sspicli.dll cryptbase.dll dnsapi.dll ws2_32.dll imageres.dll nsi.dll kernel32.dll winnsi.dll dhcpcsvc.dll dhcpcsvc6.dll shell32.dll apphelp.dll shlwapi.dll gdi32.dll user32.dll lpk.dll usp10.dll ole32.dll imm32.dll msctf.dll clbcatq.dll oleaut32.dll api-ms-win-core-stringloader-l1-1-1.dll cryptsp.dll winnsi.dll ntmarta.dll imm32.dll rsaenh.dll RpcRtRemote.dll wevtapi.dll ntdll.dll ntdll.dll wow64.dll UIAnimation.dll wow64win.dll wow64cpu.dll srvcli.dll userenv.dll mscorjit.dll cryptbase.dll kernel32.dll msctf.dll kernel32.dll msctf.dll kernel32.dll ole32.dll user32.dll rpcrt4.dll kernel32.dll ole32.dll system.core.ni.dll KernelBase.dll advapi32.dll msvcrt.dll sechost.dll rpcrt4.dll sspicli.dll cryptbase.dll dnsapi.dll ws2_32.dll nsi.dll winnsi.dll dhcpcsvc.dll system.web.abstractions.dll dhcpcsvc6.dll api-ms-win-core-synch-l1-2-0.dll shell32.dll cryptbase.dll oleaut32.dll shlwapi.dll sspicli.dll gdi32.dll user32.dll lpk.dll mscorlib.dll propsys.dll usp10.dll ole32.dll imm32.dll oleaut32.dll msctf.dll KernelBase.dll clbcatq.dll oleaut32.dll cryptsp.dll rsaenh.dll RpcRtRemote.dll shell32.dll wevtapi.dll ntdll.dll wow64cpu.dll ntdll.dll mscorlib.dll wow64.dll wow64win.dll wow64cpu.dll kernel32.dll kernel32.dll kernel32.dll user32.dll kernel32.dll KernelBase.dll msvcrt.dll winbrand.dll user32.dll gdi32.dll lpk.dll usp10.dll sechost.dll advapi32.dll sechost.dll rpcrt4.dll sspicli.dll cryptbase.dll imm32.dll wevtapi.dll msctf.dll apphelp.dll,normal
 ntdll.dll ntdll.dll,normal
 ntdll.dll kernel32.dll KernelBase.dll advapi32.dll System.configuration.dll imm32.dll msvcrt.dll sechost.dll system.drawing.dll rpcrt4.dll ntdll.dll gdi32.dll kernel32.dll user32.dll mscorjit.dll lpk.dll System.Data.dll usp10.dll ole32.dll msimg32.dll wmsgapi.dll clbcatq.dll wtsapi32.dll ncrypt.dll winmm.dll userenv.dll profapi.dll user32.dll winsta.dll crypt32.dll msasn1.dll bcryptprimitives.dll MsCtfMonitor.dll shcore.dll msctf.dll WindowsCodecs.dll imm32.dll imm32.dll msutb.dll comctl32.dll shlwapi.dll presentationcore.dll oleaut32.dll secur32.dll sspicli.dll shell32.dll cryptbase.dll profapi.dll uxtheme.dll sechost.dll wintrust.dll cryptsp.dll rpcrt4.dll rsaenh.dll imagehlp.dll dwmapi.dll usp10.dll bcrypt.dll bcryptprimitives.dll ncrypt.dll gpapi.dll cryptnet.dll Wldap32.dll cryptui.dll winbrand.dll version.dll clbcatq.dll oleaut32.dll urlmon.dll api-ms-win-downlevel-ole32-l1-1-0.dll api-ms-win-downlevel-shlwapi-l1-1-0.dll api-ms-win-downlevel-advapi32-l1-1-0.dll api-ms-win-downlevel-user32-l1-1-0.dll api-ms-win-downlevel-version-l1-1-0.dll api-ms-win-downlevel-normaliz-l1-1-0.dllnormaliz.dll iertutil.dll wininet.dll,normal
 ntdll.dll usp10.dll ntdll.dll wow64.dll synceng.dll wow64win.dll wow64cpu.dll cryptbase.dll kernel32.dll user32.dll kernel32.dll kernel32.dll ActionQueue.dll kernel32.dll user32.dll kernel32.dll KernelBase.dll msvcrt.dll winbrand.dll user32.dll gdi32.dll lpk.dll dcomp.dll rpcrt4.dll bcrypt.dll usp10.dll advapi32.dll sechost.dll rpcrt4.dll sspicli.dll wow64.dll cryptbase.dll imm32.dll msctf.dll apphelp.dll,normal
 ntdll.dll kernel32.dll kernelbase.dll gdi32.dll user32.dll userenv.dll lpk.dll usp10.dll msvcrt.dll imm32.dll msctf.dll ole32.dll rpcrt4.dll dhcpcsvc.dll oleaut32.dll cryptbase.dll clbcatq.dll advapi32.dll sspicli.dll rsaenh.dll sechost.dll ntdll.dll logoncli.dll cryptdll.dll vbscript.dll userenv.dll kernel32.dll kernelbase.dll kernelbase.dll uxtheme.dll advapi32.dll msvcrt.dll sechost.dll rpcrt4.dll gdi32.dll srvcli.dll bcrypt.dll user32.dll lpk.dll profapi.dll usp10.dll ole32.dll msimg32.dll wmsgapi.dll wtsapi32.dll winmm.dll userenv.dll profapi.dll winsta.dll kernel32.dll crypt32.dll msasn1.dll msctfmonitor.dll msctf.dll imm32.dll msutb.dll comctl32.dll shlwapi.dll cryptsp.dll system.security.dll System.Configuration.ni.dll dataexchange.dll tlscsp.dll api-ms-win-core-sysinfo-l1-2-0.dll secur32.dll sspicli.dll shell32.dll cryptbase.dll user32.dll api-ms-win-downlevel-advapi32-l2-1-0.dll comctl32.dll uxtheme.dll advapi32.dll rpcrt4.dll wintrust.dll cryptsp.dll rsaenh.dll msvcr120_clr0400.dll imagehlp.dll bcrypt.dll msvcrt.dll bcryptprimitives.dll ncrypt.dll msvcr120_clr0400.dll gpapi.dll cryptnet.dll wldap32.dll sensapi.dll version.dll clbcatq.dll oleaut32.dll SensApi.dll urlmon.dll api-ms-win-downlevel-ole32-l1-1-0.dll api-ms-win-downlevel-shlwapi-l1-1-0.dll api-ms-win-downlevel-advapi32-l1-1-0.dll api-ms-win-downlevel-user32-l1-1-0.dll api-ms-win-downlevel-version-l1-1-0.dll api-ms-win-downlevel-normaliz-l1-1-0.dll normaliz.dll iertutil.dll wininet.dll,normal
 user32.dll ntdll.dll kernel32.dll KernelBase.dll gdi32.dll msvcp_win.dll rpcrtremote.dll CertEnroll.dll user32.dll lpk.dll usp10.dll msvcrt.dll imm32.dll bcryptprimitives.dll oleaut32.dll unpshared.dll msctf.dll ole32.dll rpcrt4.dll oleaut32.dll cryptbase.dll clbcatq.dll system.configuration.dll UIAutomationProvider.ni.dll advapi32.dll sechost.dll ntdll.dll ntdll.dll wow64.dll api-ms-win-base-util-l1-1-0.dll wow64win.dll wow64cpu.dll kernel32.dll kernel32.dll mscorlib.dll kernel32.dll user32.dll tlscsp.dll imm32.dll kernel32.dll KernelBase.dll advapi32.dll msvcrt.dll sechost.dll advapi32.dll rpcrt4.dll KernelBase.dll rsaenh.dll sspicli.dll cryptbase.dll dnsapi.dll ws2_32.dll nsi.dll winnsi.dll dhcpcsvc.dll lpk.dll dhcpcsvc6.dll shell32.dll cryptbase.dll shlwapi.dll apphelp.dll ondemandconnroutehelper.dll gdi32.dll ieframe.dll user32.dll lpk.dll usp10.dll gpapi.dll ole32.dll System.Transactions.dll gdi32.dll user32.dll imm32.dll kernel32.dll msctf.dll clbcatq.dll bcrypt.dll msctf.dll oleaut32.dll cryptsp.dll System.XML.dll rsaenh.dll RpcRtRemote.dll wevtapi.dll ntdll.dll kernel32.dll mscoree.dll KernelBase.dll gdi32.dll msvcrt.dll user32.dll lpk.dll bcrypt.dll usp10.dll msvcrt.dll imm32.dll msctf.dll ole32.dll rpcrt4.dll oleaut32.dll cryptbase.dll clbcatq.dll advapi32.dll shcore.dll sechost.dll lpk.dll sechost.dll kernel32.dll ntdll.dll ucrtbase.dll kernel32.dll KernelBase.dll msvcrt.dll gdi32.dll user32.dll imagehlp.dll lpk.dll usp10.dll msvcrt.dll wcp.dll imm32.dll msctf.dll ole32.dll rpcrt4.dll oleaut32.dll ntdll.dll kernel32.dll KernelBase.dll gdi32.dll user32.dll wow64.dll lpk.dll usp10.dll msvcrt.dll imm32.dll gdi32.dll shlwapi.dll msctf.dll ole32.dll rpcrt4.dll oleaut32.dll ntdll.dll ntdll.dll rpcrt4.dll wow64.dll wow64win.dll wow64cpu.dll kernel32.dll rpcrt4.dll oleaut32.dll api-ms-win-crt-convert-l1-1-0.dll winbrand.dll kernel32.dll kernel32.dll user32.dll kernel32.dll KernelBase.dll msvcrt.dll winbrand.dll user32.dll ws2_32.dll gdi32.dll lpk.dll usp10.dll advapi32.dll sechost.dll rpcrt4.dll sspicli.dll cryptbase.dll imm32.dll msctf.dll apphelp.dll,normal
 ntdll.dll System.Printing.dll kernelbase.dll kernel32.dll kernelbase.dll ntdll.dll msvcrt.dll user32.dll api-ms-win-service-private-l1-1-1.dll gdi32.dll lpk.dll oleaut32.dll usp10.dll lpk.dll ole32.dll KernelBase.dll rpcrt4.dll rsaenh.dll comctl32.dll shlwapi.dll advapi32.dll sechost.dll shell32.dll version.dll comdlg32.dll imagehlp.dll setupapi.dll kernel32.dll cfgmgr32.dll nsi.dll oleaut32.dll sxs.dll devobj.dll imm32.dll msctf.dll userenv.dll uxtheme.dll dwmapi.dll cryptbase.dll profapi.dll winsta.dll msftedit.dll ole32.dll kernelbase.dll netapi32.dll netutils.dll srvcli.dll wkscli.dll system.data.oracleclient.ni.dll mscorwks.dll dhcpcsvc.dll GdiPlus.dll logoncli.dll dsrole.dll netid.dll dnsapi.dll ws2_32.dll lpk.dll kernel32.dll sechost.dll wtsapi32.dll nsi.dll netjoin.dll credui.dll crypt32.dll msasn1.dll wldap32.dll cryptbase.dll winbrand.dll srrstr.dll comctl32.dll spp.dll vssapi.dll urlmon.dll atl.dll vsstrace.dll srclient.dll clbcatq.dll apphelp.dll slc.dll powrprof.dll imageres.dll remotepg.dll samcli.dll regapi.dll sspicli.dll,normal
 advapi32.dll user32.dll ntdll.dll ntdll.dll wow64.dll wow64win.dll wow64cpu.dll wow64cpu.dll kernel32.dll System.ni.dll kernel32.dll kernel32.dll user32.dll rpcrt4.dll kernel32.dll wow64cpu.dll KernelBase.dll system.xaml.dll advapi32.dll msvcrt.dll sechost.dll setupapi.dll rpcrt4.dll sspicli.dll cryptbase.dll dnsapi.dll System.dll ws2_32.dll kernel32.dll dps.dll nsi.dll ole32.dll winnsi.dll dhcpcsvc.dll dhcpcsvc6.dll userenv.dll bcryptprimitives.dll shell32.dll shlwapi.dll gdi32.dll user32.dll advapi32.dll lpk.dll sxs.dll usp10.dll ole32.dll imm32.dll msctf.dll clbcatq.dll bcrypt.dll oleaut32.dll cryptsp.dll rsaenh.dll thumbcache.dll RpcRtRemote.dll drprov.dll wevtapi.dll ntdll.dll ntdll.dll ole32.dll ntdll.dll wow64.dll wow64win.dll kernel32.dll sspicli.dll wow64cpu.dll kernel32.dll kernel32.dll clrjit.dll ntdll.dll kernel32.dll user32.dll kernel32.dll KernelBase.dll msvcrt.dll winbrand.dll user32.dll gdi32.dll lpk.dll usp10.dll advapi32.dll sechost.dll rpcrt4.dll sspicli.dll cryptbase.dll imm32.dll msctf.dll apphelp.dll,normal
 version.dll ntdll.dll System.Deployment.dll ntdll.dll perfos.dll kernel32.dll kernelbase.dll advapi32.dll msvcrt.dll cryptbase.dll sechost.dll rpcrt4.dll ole32.dll cryptbase.dll presentationframework.dll gdi32.dll imm32.dll ntlanman.dll user32.dll lpk.dll usp10.dll pots.dll imm32.dll system.addin.contract.dll msctf.dll oleaut32.dll shell32.dll msvcrt.dll wdscore.dll shlwapi.dll dbghelp.dll msvcr120_clr0400.dll cryptbase.dll cbscore.dll system.configuration.dll version.dll version.dll crypt32.dll system.xml.dll msasn1.dll shlwapi.dll msasn1.dll wintrust.dll userenv.dll wdc.dll profapi.dll dpx.dll sspicli.dll dpx.dll dpx.dll wups2.dll wcp.dll webio.dll ktmw32.dll System.Core.ni.dll drupdate.dll setupapi.dll cfgmgr32.dll shlwapi.dll devobj.dll mpr.dll winmm.dll srclient.dll atl.dll wrpint.dll sxsstore.dll spp.dll tdh.dll winhttp.dll linkinfo.dll webio.dll winhttp.dll webio.dll clrjit.dll webio.dll cryptbase.dll sensapi.dll cryptsp.dll rsaenh.dll rpcrtremote.dll msswch.dll duser.dll cryptbase.dll clbcatq.dll vssapi.dll vsstrace.dll sqmapi.dll lpk.dll clbcatq.dll wintrust.dll System.ServiceModel.Internals.ni.dll cbsapi.dll smipi.dll smiengine.dll ntdll.dll sechost.dll kernel32.dll kernelbase.dll ws2_32.dll imageres.dll gdi32.dll user32.dll lpk.dll usp10.dll msvcrt.dll imm32.dll msctf.dll ole32.dll msswch.dll rpcrt4.dll cryptsp.dll oleaut32.dll cryptbase.dll System.Xaml.dll clbcatq.dll advapi32.dll sechost.dll ntdll.dll shlwapi.dll kernel32.dll kernelbase.dll advapi32.dll user32.dll msvcrt.dll sechost.dll imm32.dll rpcrt4.dll msvcr120_clr0400.dll kernel32.dll duser.dll shlwapi.dll mscoree.dll ole32.dll gdi32.dll user32.dll lpk.dll usp10.dll oleaut32.dll msvcrt.dll imm32.dll msasn1.dll msctf.dll cryptbase.dll accessibility.dll cryptsp.dll system.drawing.ni.dll rsaenh.dll sspicli.dll kernel32.dll rpcrtremote.dll clbcatq.dll sxs.dll mscoreei.dll clr.dll shlwapi.dll mscorlib.ni.dll nsi.dll clrjit.dll system.ni.dll system.servicemodel.internals.ni.dll version.dll cryptbase.dll setupapi.dll sppc.dll mscorlib.dll ntdll.dll mscorlib.dll winhttp.dll system.xml.ni.dll system.core.ni.dll system.configuration.ni.dll ntdll.dll kernel32.dll kernelbase.dll advapi32.dll msvcrt.dll sechost.dll rpcrt4.dll clbcatq.dll rpcrt4.dll msvcr120_clr0400.dll mscoree.dll ole32.dll gdi32.dll System.AddIn.Contract.ni.dll dnsapi.dll ole32.dll windows.applicationmodel.background.systemeventsbroker.dll gdi32.dll user32.dll lpk.dll usp10.dll oleaut32.dll imm32.dll msctf.dll usp10.dll cryptbase.dll cryptsp.dll rsaenh.dll sxs.dll rpcrtremote.dll clbcatq.dll sxs.dll msctf.dll urlmon.dll mscoreei.dll Wldap32.dll clr.dll shlwapi.dll mscorlib.ni.dll clrjit.dll kernel32.dll system.ni.dll system.web.services.ni.dll version.dll user32.dll mscorlib.dll mscorlib.dll system.transactions.dll system.enterpriseservices.ni.dll oleaut32.dll system.xml.ni.dll system.core.ni.dll system.web.ni.dll system.web.dll system.web.dll system.configuration.ni.dll system.design.ni.dll msvcrt.dll sechost.dll system.directoryservices.ni.dll system.data.ni.dll kernel32.dll system.data.dll shdocvw.dll kernel32.dll system.data.dll system.data.dll ntdll.dll oleacc.dll ntdll.dll wow64.dll wow64win.dll mscoreei.dll wow64cpu.dll kernel32.dll System.EnterpriseServices.Wrapper.dll kernel32.dll kernel32.dll wmiutils.dll kernel32.dll user32.dll kernel32.dll kernelbase.dll advapi32.dll msvcrt.dll sechost.dll rpcrt4.dll sspicli.dll profapi.dll cryptbase.dll lpk.dll msvcr120_clr0400.dll mscoree.dll ole32.dll msvcrt.dll gdi32.dll user32.dll clbcatq.dll lpk.dll usp10.dll oleaut32.dll mscoreei.dll imm32.dll cryptbase.dll sensapi.dll rpchttp.dll ntdll.dll msctf.dll cryptsp.dll rsaenh.dll rpcrtremote.dll clbcatq.dll apphelp.dll mscorlib.dll sxs.dll mscoreei.dll mscorwks.dll rpcrt4.dll msvcr80.dll shlwapi.dll shell32.dll profapi.dll imm32.dll mscorlib.ni.dll mscorjit.dll mscorlib.dll rsaenh.dll kernelbase.dll mscorlib.dll version.dll mscorlib.dll mscorlib.dll cryptbase.dll sechost.dll microsoft.visualstudio.tools.office.appinfodocument.v9.0.dll advapi32.dll microsoft.visualstudio.tools.office.appinfodocument.v9.0.dll user32.dll mscorsec.dll KernelBase.dll wintrust.dll msvcrt.dll crypt32.dll msasn1.dll comctl32.dll riched20.dll imagehlp.dll ncrypt.dll kernel32.dll bcrypt.dll shell32.dll bcryptprimitives.dll ws2_32.dll d3d10level9.dll userenv.dll secur32.dll gpapi.dll cryptnet.dll wldap32.dll rpcrt4.dll sensapi.dll microsoft.visualstudio.tools.office.appinfodocument.v9.0.dll system.ni.dll system.addin.ni.dll sspicli.dll microsoft.visualstudio.tools.applications.runtime.v9.0.ni.dll SensApi.dll rasadhlp.dll microsoft.visualstudio.tools.applications.runtime.v9.0.dll microsoft.visualstudio.tools.applications.runtime.v9.0.dll filemgmt.dll kernel.appcore.dll gdi32.dll microsoft.visualstudio.tools.applications.runtime.v9.0.dll microsoft.visualstudio.tools.applications.runtime.v9.0.dll kernel32.dll microsoft.visualstudio.tools.applications.runtime.v9.0.dll system.ni.dll system.dll system.dll system.dll system.dll system.core.dll windowsbase.ni.dll windowsbase.dll windowsbase.dll kernel32.dll filemgmt.dll windowsbase.dll msftedit.dll sensapi.dll windowsbase.dll windowsbase.dll system.xml.ni.dll System.ComponentModel.Composition.dll system.xml.dll user32.dll system.xml.dll system.xml.dll system.xml.dll system.xml.dll system.addin.ni.dll system.addin.dll system.addin.dll system.addin.dll system.addin.dll microsoft.visualstudio.tools.office.appinfodocument.v9.0.dll microsoft.visualstudio.tools.office.appinfodocument.v9.0.dll microsoft.visualstudio.tools.office.appinfodocument.v9.0.ni.dll microsoft.visualstudio.tools.office.appinfodocument.v9.0.ni.dll microsoft.visualstudio.tools.office.appinfodocument.v9.0.ni.dll ntdll.dll ntdll.dll msvcrt.dll wow64.dll microsoft.visualc.ni.dll wow64win.dll wow64cpu.dll dhcpcsvc.dll kernel32.dll kernel32.dll rpcrt4.dll kernel32.dll user32.dll msctf.dll kernel32.dll kernelbase.dll msvcrt.dll advapi32.dll msvcrt.dll sechost.dll rpcrt4.dll nlslexicons0011.dll system.configuration.install.ni.dll nlsdata0011.dll sspicli.dll cryptbase.dll WlS0WndH.dll bcrypt.dll msvcr120_clr0400.dll mscoree.dll ole32.dll gdi32.dll user32.dll gdi32.dll crypt32.dll imm32.dll usp10.dll lpk.dll usp10.dll msvcr80.dll oleaut32.dll imm32.dll winnsi.dll msctf.dll imm32.dll cryptsp.dll rsaenh.dll rpcrtremote.dll clbcatq.dll sxs.dll mscoreei.dll sechost.dll imm32.dll lpk.dll mscorwks.dll msvcr80.dll kernel32.dll shlwapi.dll shell32.dll profapi.dll mscorlib.ni.dll mscorjit.dll mscorlib.dll shlwapi.dll mscorlib.dll version.dll mscorlib.dll mscorlib.dll system.ni.dll microsoft.windows.diagnosis.commands.updatediagreport.ni.dll sechost.dll microsoft.windows.diagnosis.commands.updatediagreport.dll microsoft.windows.diagnosis.commands.updatediagreport.dll rpcrt4.dll system.dll system.dll system.dll system.dll ondemandconnroutehelper.dll system.management.automation.ni.dll system.management.automation.dll system.management.automation.dll wow64.dll shell32.dll microsoft.windows.diagnosis.sdhost.ni.dll usp10.dll microsoft.windows.diagnosis.sdhost.dll microsoft.windows.diagnosis.sdhost.dll system.xml.ni.dll lpk.dll cryptsp.dll system.xml.dll system.xml.dll system.xml.dll system.xml.dll system.configuration.install.ni.dll clrjit.dll kernel32.dll system.configuration.install.dll system.configuration.install.dll system.transactions.ni.dll system.transactions.dll msctf.dll system.transactions.dll msctf.dll system.transactions.dll RpcRtRemote.dll shlwapi.dll advapi32.dll system.transactions.dll system.transactions.dll system.management.ni.dll system.management.dll shell32.dll rpcrt4.dll system.management.dll api-ms-win-downlevel-shlwapi-l1-1-0.dll ntdll.dll system.directoryservices.ni.dll system.directoryservices.dll gdi32.dll ntdll.dll system.directoryservices.protocols.ni.dll system.directoryservices.dll gdi32.dll system.directoryservices.dll rsaenh.dll system.directoryservices.dll system.data.ni.dll system.data.dll system.data.dll system.data.dll system.data.dll system.data.dll system.security.dll ws2_32.dll nsi.dll crypt32.dll msasn1.dll system.configuration.ni.dll wow64.dll system.configuration.dll system.configuration.dll system.configuration.dll system.configuration.dll system.security.ni.dll system.security.dll system.security.dll system.security.dll system.security.dll system.data.sqlxml.ni.dll System.Configuration.ni.dll system.data.sqlxml.dll combase.dll system.data.sqlxml.dll presentationcore.dll system.data.sqlxml.dll system.data.sqlxml.dll system.runtime.serialization.formatters.soap.ni.dll oleaut32.dll ws2_32.dll system.runtime.serialization.formatters.soap.dll system.runtime.serialization.formatters.soap.dll system.drawing.ni.dll system.windows.forms.ni.dll kernel32.dll system.windows.forms.dll system.windows.forms.dll system.windows.forms.dll system.windows.forms.dll system.drawing.dll system.drawing.dll system.drawing.dll system.drawing.dll accessibility.ni.dll accessibility.dll msvcrt.dll accessibility.dll profapi.dll rsaenh.dll AudioSes.dll accessibility.dll accessibility.dll system.deployment.ni.dll system.deployment.dll system.deployment.dll system.deployment.dll advapi32.dll system.deployment.dll wtsapi32.dll system.enterpriseservices.ni.dll mscoree.dll system.enterpriseservices.dll system.enterpriseservices.dll iertutil.dll system.runtime.remoting.ni.dll wbemsvc.dll system.runtime.remoting.dll system.runtime.remoting.dll wow64win.dll microsoft.visualc.ni.dll system.web.ni.dll sechost.dll kernelbase.dll system.web.dll system.web.dll system.web.dll cryptsp.dll gdi32.dll system.web.dll system.web.services.ni.dll nsi.dll eqossnap.dll system.web.services.dll system.web.services.dll system.web.services.dll propsys.dll system.web.services.dll system.directoryservices.protocols.ni.dll system.directoryservices.protocols.dll system.directoryservices.protocols.dll gdi32.dll ole32.dll system.directoryservices.protocols.dll system.directoryservices.protocols.dll system.design.ni.dll system.design.dll system.design.dll wow64cpu.dll version.dll system.serviceprocess.ni.dll system.serviceprocess.dll sensapi.dll system.serviceprocess.dll system.web.regularexpressions.ni.dll kernelbase.dll lpk.dll system.web.regularexpressions.dll system.web.regularexpressions.dll system.web.regularexpressions.dll bcryptprimitives.dll system.web.regularexpressions.dll system.drawing.design.ni.dll system.drawing.design.dll ucrtbase.dll system.drawing.design.dll system.data.oracleclient.ni.dll nsi.dll system.data.oracleclient.dll system.data.oracleclient.dll system.data.oracleclient.dll system.data.oracleclient.dll system.data.oracleclient.dll secur32.dll microsoft.jscript.ni.dll microsoft.jscript.dll msvcrt.dll microsoft.jscript.dll microsoft.jscript.dll microsoft.jscript.dll microsoft.vsa.ni.dll microsoft.vsa.dll microsoft.vsa.dll kernelbase.dll microsoft.vsa.dll microsoft.vsa.dll microsoft.windows.diagnosis.commands.updatediagrootcause.ni.dll microsoft.windows.diagnosis.commands.updatediagrootcause.dll microsoft.windows.diagnosis.commands.updatediagrootcause.dll microsoft.windows.diagnosis.commands.getdiaginput.ni.dll wow64.dll microsoft.windows.diagnosis.commands.getdiaginput.dll microsoft.windows.diagnosis.commands.getdiaginput.dll microsoft.windows.diagnosis.commands.writediagprogress.ni.dll microsoft.windows.diagnosis.commands.writediagprogress.dll microsoft.windows.diagnosis.commands.writediagprogress.dll ntdll.dll ntdll.dll sensapi.dll netprofm.dll wow64.dll gdi32.dll wow64win.dll wow64cpu.dll kernel32.dll msctf.dll kernel32.dll kernel32.dll user32.dll kernel32.dll kernelbase.dll advapi32.dll msvcrt.dll sechost.dll rpcrt4.dll sspicli.dll cryptbase.dll msvcr120_clr0400.dll mscoree.dll ole32.dll gdi32.dll apphelp.dll dhcpcsvc6.dll user32.dll api-ms-win-downlevel-version-l1-1-0.dll lpk.dll usp10.dll oleaut32.dll oleacc.dll imm32.dll msctf.dll cryptsp.dll rsaenh.dll rpcrtremote.dll clbcatq.dll kernelbase.dll sxs.dll mscoreei.dll mscorwks.dll msvcr80.dll cryptsp.dll shlwapi.dll shell32.dll profapi.dll mscorlib.ni.dll mscorjit.dll msvcrt.dll mscorlib.dll mscorlib.dll version.dll SensApi.dll mscorlib.dll powrprof.dll mscorlib.dll system.ni.dll cryptbase.dll system.web.ni.dll authui.dll system.web.abstractions.ni.dll system.web.abstractions.dll rpcrt4.dll system.web.abstractions.dll system.web.abstractions.dll lpk.dll system.web.abstractions.dll system.dll dnsapi.dll system.dll system.dll system.dll system.web.dll msctf.dll system.web.dll system.web.dll system.web.dll system.configuration.ni.dll system.configuration.dll system.configuration.dll system.configuration.dll system.configuration.dll system.xml.ni.dll system.xml.dll system.xml.dll system.xml.dll system.xml.dll system.security.ni.dll system.security.dll system.security.dll system.security.dll system.security.dll system.data.sqlxml.ni.dll system.data.sqlxml.dll system.web.dll system.data.sqlxml.dll spoolss.dll ntdll.dll system.data.sqlxml.dll system.data.sqlxml.dll system.drawing.ni.dll system.drawing.dll system.drawing.dll system.drawing.dll system.drawing.dll system.data.ni.dll system.data.dll System.Transactions.dll System.Security.dll system.data.dll system.data.dll system.data.dll system.data.dll ws2_32.dll nsi.dll crypt32.dll msasn1.dll system.web.services.ni.dll system.web.services.dll system.web.services.dll system.web.services.dll system.web.services.dll system.directoryservices.ni.dll system.directoryservices.dll system.directoryservices.dll eappcfg.dll system.directoryservices.dll system.directoryservices.dll gdi32.dll system.directoryservices.protocols.ni.dll winsta.dll system.directoryservices.protocols.dll imm32.dll system.directoryservices.protocols.dll system.directoryservices.protocols.dll system.directoryservices.protocols.dll system.enterpriseservices.ni.dll system.enterpriseservices.dll system.enterpriseservices.dll system.design.ni.dll system.design.dll system.design.dll system.serviceprocess.ni.dll system.serviceprocess.dll system.serviceprocess.dll system.windows.forms.ni.dll system.windows.forms.dll system.windows.forms.dll system.windows.forms.dll system.windows.forms.dll system.web.regularexpressions.ni.dll system.web.regularexpressions.dll system.web.regularexpressions.dll system.web.regularexpressions.dll system.web.regularexpressions.dll microsoft.visualc.ni.dll system.transactions.ni.dll system.transactions.dll system.transactions.dll setupapi.dll system.transactions.dll system.transactions.dll system.transactions.dll system.runtime.remoting.ni.dll system.runtime.remoting.dll system.runtime.remoting.dll system.runtime.serialization.formatters.soap.ni.dll system.runtime.serialization.formatters.soap.dll system.runtime.serialization.formatters.soap.dll system.drawing.design.ni.dll system.drawing.design.dll system.drawing.design.dll system.data.oracleclient.ni.dll system.data.oracleclient.dll system.data.oracleclient.dll system.data.oracleclient.dll system.data.oracleclient.dll system.data.oracleclient.dll accessibility.ni.dll accessibility.dll accessibility.dll accessibility.dll accessibility.dll system.deployment.ni.dll system.deployment.dll PresentationFramework.dll system.deployment.dll system.deployment.dll system.deployment.dll system.configuration.install.ni.dll system.configuration.install.dll system.configuration.install.dll,normal
 certcli.dll wscisvif.dll,normal
 windows.security.authentication.onlineid.dll cfgmgr32.dll ole32.dll wcmapi.dll rmclient.dll twinui.dll msauserext.dll wlidres.dll authbroker.dll wininet.dll profapi.dll execmodelproxy.dll ntdll.dll windows.security.authentication.onlineid.dll imm32.dll windows.networking.connectivity.dll npmproxy.dll wlanapi.dll EventViewer.ni.dll wwapi.dll mscorsvc.dll wcmapi.dll advapi32.dll rmclient.dll tokenbroker.dll crypt32.dll msasn1.dll idstore.dll samlib.dll,normal
 ntdll.dll mscoree.dll kernel32.dll kernelbase.dll kernelbase.dll advapi32.dll slc.dll msvcrt.dll sechost.dll rpcrt4.dll mscoreei.dll shlwapi.dll msvcrt.dll gdi32.dll odbc32.dll user32.dll lpk.dll usp10.dll sechost.dll system.directoryservices.protocols.ni.dll imm32.dll msctf.dll kernel32.dll winrnr.dll ole32.dll version.dll clr.dll clr.dll userenv.dll shell32.dll clr.dll clr.dll clr.dll mscorlib.dll msvcr120_clr0400.dll api-ms-win-core-shlwapi-obsolete-l1-1-0.dll msctf.dll mscorlib.ni.dll ole32.dll cryptbase.dll msvcrt.dll uxtheme.dll api-ms-win-core-xstate-l2-1-0.dll clrjit.dll oleaut32.dll nlssorting.dll cryptsp.dll rsaenh.dll system.ni.dll psapi.dll ntmarta.dll wldap32.dll rpcrtremote.dll user32.dll system.core.ni.dll system.configuration.ni.dll system.xml.ni.dll ws2_32.dll nsi.dll cryptdll.dll mswsock.dll wship6.dll nlaapi.dll napinsp.dll ktmw32.dll pnrpnsp.dll cryptsp.dll dnsapi.dll winrnr.dll kernel32.dll netapi32.dll netutils.dll srvcli.dll mscoree.dll cryptsp.dll samsrv.dll wkscli.dll winnsi.dll wininet.dll imm32.dll System.Transactions.dll cryptbase.dll dhcpcsvc6.dll gpapi.dll dhcpcsvc.dll shell32.dll comctl32.dll comctl32.dll KernelBase.dll gdiplus.dll windowscodecs.dll wow64.dll system.servicemodel.ni.dll system.runtime.serialization.ni.dll presentationcore.dll smdiagnostics.ni.dll urlmon.dll api-ms-win-downlevel-ole32-l1-1-0.dll api-ms-win-downlevel-shlwapi-l1-1-0.dll api-ms-win-downlevel-advapi32-l1-1-0.dll api-ms-win-downlevel-user32-l1-1-0.dll hid.dll api-ms-win-downlevel-version-l1-1-0.dll dot3api.dll System.Data.dll secur32.dll api-ms-win-downlevel-normaliz-l1-1-0.dll ntshrui.dll normaliz.dll cryptsp.dll gdi32.dll iertutil.dll sechost.dll wininet.dll userenv.dll profapi.dll comctl32.dll secur32.dll wtsapi32.dll sspicli.dll api-ms-win-downlevel-advapi32-l2-1-0.dll system.servicemodel.internals.ni.dll shell32.dll system.servicemodel.web.ni.dll system.workflowservices.ni.dll system.identitymodel.ni.dll system.transactions.ni.dll system.transactions.dll system.enterpriseservices.ni.dll system.enterpriseservices.wrapper.dll system.enterpriseservices.wrapper.dll system.enterpriseservices.wrapper.dll system.enterpriseservices.wrapper.dll credssp.dll msv1_0.dll usp10.dll cryptdll.dll dwmapi.dll system.data.ni.dll system.data.dll crypt32.dll msasn1.dll clbcatq.dll oleacc.dll imecfm.dll winmm.dll msswch.dll system.drawing.ni.dll system.windows.forms.ni.dll system.numerics.ni.dll system.xaml.ni.dll diasymreader.dll,normal
 ntdll.dll ntdll.dll lpk.dll msctf.dll ntdll.dll wow64.dll user32.dll PresentationCore.ni.dll wow64win.dll secur32.dll wow64cpu.dll kernel32.dll msctf.dll kernel32.dll kernel32.dll user32.dll sechost.dll kernel32.dll kernelbase.dll advapi32.dll msvcrt.dll sechost.dll rpcrt4.dll system.data.sqlxml.dll sspicli.dll sspicli.dll cryptbase.dll dnsapi.dll ws2_32.dll usp10.dll nsi.dll imm32.dll winnsi.dll dhcpcsvc.dll dhcpcsvc6.dll secur32.dll shell32.dll shlwapi.dll gdi32.dll user32.dll apphelp.dll lpk.dll usp10.dll profapi.dll ole32.dll imm32.dll urlmon.dll msctf.dll clbcatq.dll rsaenh.dll rpcrtremote.dll wevtapi.dll oleaut32.dll cryptsp.dll,normal
 ntdll.dll kernel32.dll wkscli.dll KernelBase.dll KernelBase.dll advapi32.dll msvcrt.dll sechost.dll rpcrt4.dll gdi32.dll System.DirectoryServices.Protocols.dll user32.dll gdi32.dll lpk.dll usp10.dll ole32.dll bcryptprimitives.dll comctl32.dll shlwapi.dll dwmapi.dll rpcrt4.dll shell32.dll dui70.dll imm32.dll msctf.dll SMDiagnostics.ni.dll cryptbase.dll propsys.dll oleaut32.dll kernel32.dll clbcatq.dll cryptdll.dll winhttp.dll profapi.dll crypt32.dll imm32.dll msasn1.dll ntmarta.dll Wldap32.dll version.dll sspicli.dll setupapi.dll cfgmgr32.dll sspicli.dll user32.dll devobj.dll mpr.dll urlmon.dll wininet.dll iertutil.dll,normal
 ntdll.dll kernel32.dll KernelBase.dll shlwapi.dll gdi32.dll user32.dll utildll.dll lpk.dll usp10.dll rpcrt4.dll msvcrt.dll imm32.dll msctf.dll ole32.dll rpcrt4.dll System.Core.ni.dll oleaut32.dll gdi32.dll uxtheme.dll system.directoryservices.dll dwmapi.dll usp10.dll advapi32.dll sechost.dll wbemcomn2.dll comctl32.dll shlwapi.dll cryptbase.dll msswch.dll winmm.dll,normal
 ntdll.dll kernel32.dll kernelbase.dll gdi32.dll oledb32r.dll propsys.dll user32.dll msvcrt.dll imm32.dll oleaut32.dll user32.dll winnsi.dll combase.dll msctf.dll rpcrt4.dll advapi32.dll sspicli.dll system.design.ni.dll sechost.dll kernel.appcore.dll cryptbase.dll bcryptprimitives.dll clbcatq.dll,normal
 mswsock.dll kernel.appcore.dll winmm.dll ntdll.dll ntdll.dll wow64.dll wow64win.dll wow64cpu.dll kernel32.dll kernel32.dll system.configuration.ni.dll kernel32.dll user32.dll kernel32.dll KernelBase.dll user32.dll advapi32.dll ntdll.dll msvcrt.dll msvcrt.dll kernel32.dll sechost.dll rpcrt4.dll kernelbase.dll sspicli.dll cryptbase.dll dnsapi.dll ws2_32.dll nsi.dll winnsi.dll dhcpcsvc.dll dhcpcsvc6.dll api-ms-win-devices-config-l1-1-0.dll shell32.dll shlwapi.dll gdi32.dll user32.dll lpk.dll usp10.dll ole32.dll imm32.dll gdi32.dll msctf.dll secur32.dll clbcatq.dll oleaut32.dll cryptsp.dll rsaenh.dll RpcRtRemote.dll wevtapi.dll msasn1.dll ntdll.dll kernel32.dll KernelBase.dll gdi32.dll user32.dll lpk.dll sechost.dll advapi32.dll usp10.dll msvcrt.dll mscoree.dll imm32.dll msctf.dll ole32.dll rpcrt4.dll oleaut32.dll cryptbase.dll clbcatq.dll advapi32.dll sechost.dll kernel32.dll ntdll.dll gdi32full.dll ntdll.dll wow64.dll version.dll shell32.dll mscorlib.dll wow64win.dll wow64cpu.dll ntdll.dll ntdll.dll kernel32.dll kernel32.dll kernel32.dll davhlpr.dll user32.dll usp10.dll bcd.dll kernel32.dll wow64.dll KernelBase.dll advapi32.dll user32.dll kernel32.dll msvcrt.dll sechost.dll rpcrt4.dll ntdll.dll sspicli.dll oleaut32.dll oleaut32.dll grooveintlresource.dll mscorlib.dll propsys.dll cryptbase.dll dnsapi.dll ws2_32.dll webio.dll comres.dll nsi.dll winnsi.dll dhcpcsvc.dll dhcpcsvc6.dll shell32.dll shlwapi.dll gdi32.dll rsaenh.dll ntdll.dll user32.dll lpk.dll usp10.dll user32.dll ole32.dll oleaut32.dll imm32.dll setupapi.dll msctf.dll clbcatq.dll oleaut32.dll cryptsp.dll rsaenh.dll RpcRtRemote.dll wevtapi.dll system.windows.forms.dll lpk.dll ntdll.dll ntdll.dll wow64.dll wow64win.dll wow64cpu.dll kernel32.dll smiengine.dll kernel32.dll lpk.dll kernel32.dll user32.dll kernel32.dll KernelBase.dll msvcrt.dll winbrand.dll user32.dll gdi32.dll lpk.dll usp10.dll advapi32.dll sechost.dll rpcrt4.dll sspicli.dll cryptbase.dll imm32.dll ntdll.dll msctf.dll apphelp.dll,normal
 imm32.dll kernel32.dll ntdll.dll kernel32.dll KernelBase.dll advapi32.dll devobj.dll msvcrt.dll sechost.dll shlwapi.dll idstore.dll rpcrt4.dll shell32.dll shlwapi.dll usp10.dll gdi32.dll user32.dll lpk.dll usp10.dll imm32.dll winbrand.dll msctf.dll oleaut32.dll ole32.dll cryptbase.dll msvcp_win.dll uxtheme.dll adtschema.dll propsys.dll kernel.appcore.dll oleaut32.dll comctl32.dll system.transactions.dll clbcatq.dll ntmarta.dll Wldap32.dll profapi.dll urlmon.dll user32.dll api-ms-win-downlevel-ole32-l1-1-0.dll api-ms-win-downlevel-shlwapi-l1-1-0.dll networkexplorer.dll api-ms-win-downlevel-advapi32-l1-1-0.dll api-ms-win-downlevel-user32-l1-1-0.dll api-ms-win-downlevel-version-l1-1-0.dll cryptbase.dll version.dll System.Deployment.ni.dll api-ms-win-downlevel-normaliz-l1-1-0.dllnormaliz.dll iertutil.dll msvcrt.dll wininet.dll duser.dll userenv.dll secur32.dll sspicli.dll setupapi.dll cfgmgr32.dll devobj.dll mpr.dll urlmon.dll api-ms-win-downlevel-ole32-l1-1-0.dll api-ms-win-downlevel-user32-l1-1-0.dll api-ms-win-downlevel-version-l1-1-0.dll version.dll api-ms-win-downlevel-normaliz-l1-1-0.dllnormaliz.dll KernelBase.dll iertutil.dll wininet.dll userenv.dll ntdll.dll ntdll.dll system.dll wow64.dll wow64win.dll ktmw32.dll msctf.dll wow64cpu.dll kernel32.dll kernel32.dll clbcatq.dll kernel32.dll user32.dll user32.dll kernel32.dll KernelBase.dll advapi32.dll user32.dll usp10.dll version.dll msvcrt.dll sechost.dll wow64win.dll rpcrt4.dll sspicli.dll credssp.dll cryptbase.dll dnsapi.dll wow64cpu.dll ws2_32.dll nsi.dll winnsi.dll dhcpcsvc.dll dhcpcsvc6.dll shcore.dll lpk.dll accessibility.ni.dll sechost.dll shell32.dll shlwapi.dll gdi32.dll wow64cpu.dll user32.dll lpk.dll usp10.dll ole32.dll imm32.dll msctf.dll clbcatq.dll oleaut32.dll sppuinotify.dll cryptsp.dll kernelbase.dll rsaenh.dll RpcRtRemote.dll wevtapi.dll ntdll.dll kernel32.dll KernelBase.dll usp10.dll advapi32.dll msvcrt.dll rpcrt4.dll rpcrt4.dll user32.dll tquery.dll shlwapi.dll system.xml.dll msshooks.dll mscoree.dll mscoreei.dll cryptsp.dll rsaenh.dll RpcRtRemote.dll mssprxy.dll gdi32.dll msasn1.dll lpk.dll gdi32.dll usp10.dll ole32.dll propsys.dll oleaut32.dll cryptbase.dll imm32.dll imm32.dll msctf.dll system.web.regularexpressions.dll user32.dll msctf.dll system.addin.ni.dll profapi.dll cryptbase.dll clbcatq.dll sechost.dll System.Windows.Forms.dll sxs.dll api-ms-win-crt-string-l1-1-0.dll dnsapi.dll vcruntime140.dll api-ms-win-crt-runtime-l1-1-0.dll kernel32.dll ucrtbase.dll cofiredm.dll api-ms-win-core-timezone-l1-1-0.dll api-ms-win-core-file-l2-1-0.dll kernel32.dll rpcrt4.dll presentationcore.dll api-ms-win-core-localization-l1-2-0.dll offfiltx.dll comctl32.dll api-ms-win-core-synch-l1-2-0.dll api-ms-win-core-processthreads-l1-1-1.dll rsaenh.dll api-ms-win-core-file-l1-2-0.dll api-ms-win-crt-string-l1-1-0.dll umpo.dll rsaenh.dll updatepolicy.dll kernel32.dll api-ms-win-crt-heap-l1-1-0.dll api-ms-win-crt-stdio-l1-1-0.dll kernel32.dll smiengine.dll api-ms-win-crt-convert-l1-1-0.dll kernel32.dll imm32.dll api-ms-win-crt-math-l1-1-0.dll shell32.dll msvcp140.dll api-ms-win-crt-locale-l1-1-0.dll api-ms-win-crt-multibyte-l1-1-0.dll api-ms-win-crt-time-l1-1-0.dll CbsMsg.dll api-ms-win-crt-filesystem-l1-1-0.dll api-ms-win-crt-environment-l1-1-0.dll Microsoft.Build.Utilities.v4.0.ni.dll api-ms-win-crt-utility-l1-1-0.dll msctf.dll usp10.dll xmllite.dll mlang.dll rpcrt4.dll propsys.dll msoshext.dll kernel32.dll lpk.dll ntdll.dll Query.dll GdiPlus.dll msxml3.dll bcrypt.dll cryptbase.dll ntdll.dll kernel32.dll lpk.dll KernelBase.dll combase.dll msctf.dll advapi32.dll shlwapi.dll msvcrt.dll sechost.dll rpcrt4.dll ntdll.dll msvcr120_clr0400.dll mscoree.dll ole32.dll gdi32.dll user32.dll lpk.dll ole32.dll imm32.dll usp10.dll oleaut32.dll dhcpcsvc6.dll msutb.dll d3d11.dll imm32.dll msctf.dll mscorjit.dll rpcrt4.dll cryptbase.dll cryptsp.dll rsaenh.dll msvcp110_win.dll SMdiagnostics.dll RpcRtRemote.dll clbcatq.dll sxs.dll dwmcore.dll mscoreei.dll clr.dll shlwapi.dll mscorlib.ni.dll clrjit.dll System.ni.dll system.web.extensions.dll System.Core.ni.dll version.dll kernel32.dll system.web.extensions.design.dll netprofm.dll api-ms-win-crt-utility-l1-1-0.dll wow64cpu.dll rpcrt4.dll wow64cpu.dll mscorlib.dll mscorlib.dll System.Net.Http.ni.dll System.Configuration.ni.dll System.Xml.ni.dll System.Numerics.ni.dll System.Security.ni.dll ntdll.dll rpcrt4.dll ntdll.dll kernelbase.dll wow64.dll wow64win.dll ntdll.dll wow64cpu.dll rpcrt4.dll kernel32.dll kernel32.dll kernel32.dll user32.dll kernel32.dll api-ms-win-core-fibers-l1-1-0.dll KernelBase.dll advapi32.dll kernelbase.dll msvcrt.dll sechost.dll rpcrt4.dll sspicli.dll cryptbase.dll System.Security.dll msvcr120_clr0400.dll mscoree.dll ole32.dll gdi32.dll kernel32.dll user32.dll lpk.dll usp10.dll ncrypt.dll oleaut32.dll imm32.dll lpk.dll msctf.dll structuredquery.dll cryptsp.dll rsaenh.dll RpcRtRemote.dll clbcatq.dll sxs.dll riched20.dll mscoreei.dll mscorwks.dll api-ms-win-eventing-provider-l1-1-0.dll msvcr80.dll ntdll.dll gdi32.dll shlwapi.dll shell32.dll profapi.dll mscorlib.ni.dll mscorjit.dll gdi32.dll samcli.dll mscorlib.dll mscorlib.dll version.dll mscorlib.dll mscorlib.dll System.ni.dll Microsoft.Windows.Diagnosis.Commands.WriteDiagProgress.ni.dll Microsoft.Windows.Diagnosis.Commands.WriteDiagProgress.dll system.web.ni.dll Microsoft.Windows.Diagnosis.Commands.WriteDiagProgress.dll System.dll System.dll System.Transactions.ni.dll System.dll System.dll System.Management.Automation.ni.dll cryptsp.dll imm32.dll System.Management.Automation.dll System.Management.Automation.dll msvcrt.dll Microsoft.Windows.Diagnosis.SDHost.ni.dll Microsoft.Windows.Diagnosis.SDHost.dll wucltux.dll sechost.dll Microsoft.Windows.Diagnosis.SDHost.dll system.runtime.serialization.formatters.soap.ni.dll System.Configuration.Install.ni.dll system.addin.contract.dll wow64.dll System.Configuration.Install.dll System.Configuration.Install.dll sechost.dll System.Transactions.ni.dll wevtapi.dll System.Transactions.dll oleaut32.dll System.Transactions.dll System.Transactions.dll rpcrt4.dll System.Transactions.dll System.Transactions.dll System.Xml.ni.dll System.XML.dll System.XML.dll System.XML.dll user32.dll lpk.dll System.XML.dll System.Management.ni.dll System.Management.dll winbrand.dll nlaapi.dll System.Management.dll kernelbase.dll System.DirectoryServices.ni.dll System.DirectoryServices.dll System.DirectoryServices.dll System.DirectoryServices.dll cryptbase.dll System.DirectoryServices.dll rpcrt4.dll System.Data.ni.dll System.Data.dll System.Data.dll System.Data.dll tabskb.dll shlwapi.dll System.Data.dll advapi32.dll System.Data.dll ws2_32.dll nsi.dll crypt32.dll msasn1.dll System.Configuration.ni.dll System.configuration.dll System.configuration.dll System.configuration.dll System.configuration.dll System.Security.ni.dll System.Security.dll System.Security.dll System.Security.dll System.Security.dll system.ni.dll System.Data.SqlXml.ni.dll System.Data.SqlXml.dll usp10.dll System.Data.SqlXml.dll System.Data.SqlXml.dll System.DirectoryServices.ni.dll System.Data.SqlXml.dll System.Runtime.Serialization.Formatters.Soap.ni.dll System.Runtime.Serialization.Formatters.Soap.dll System.Runtime.Serialization.Formatters.Soap.dll System.Drawing.ni.dll System.Windows.Forms.ni.dll system.deployment.dll imageres.dll dhcpcsvc6.dll System.Windows.Forms.dll shcore.dll System.Windows.Forms.dll System.Windows.Forms.dll rpcrtremote.dll System.Windows.Forms.dll System.Drawing.dll System.Drawing.dll UIAutomationCore.dll System.Drawing.dll System.Drawing.dll Accessibility.ni.dll kernel32.dll Accessibility.dll advapi32.dll Accessibility.dll dhcpcsvc6.dll Accessibility.dll kernel32.dll imm32.dll windows.storage.applicationdata.dll Accessibility.dll System.Deployment.ni.dll System.Deployment.dll System.Deployment.dll System.IdentityModel.ni.dll System.Deployment.dll userenv.dll System.Deployment.dll System.EnterpriseServices.ni.dll msvcr80.dll System.EnterpriseServices.dll System.EnterpriseServices.dll System.Runtime.Remoting.ni.dll System.Runtime.Remoting.dll System.Runtime.Remoting.dll Microsoft.VisualC.ni.dll System.Web.ni.dll System.Web.dll System.Web.dll System.Web.dll System.Web.dll user32.dll System.Web.Services.ni.dll gdi32.dll System.Web.Services.dll System.Web.Services.dll mscoreei.dll System.Web.Services.dll System.Web.Services.dll ktmw32.dll System.DirectoryServices.Protocols.ni.dll System.DirectoryServices.Protocols.dll System.DirectoryServices.Protocols.dll System.DirectoryServices.Protocols.dll msvcrt.dll System.DirectoryServices.Protocols.dll System.Design.ni.dll System.Design.dll System.Design.dll System.ServiceProcess.ni.dll system.web.dll System.ServiceProcess.dll propsys.dll System.ServiceProcess.dll System.Web.RegularExpressions.ni.dll bcrypt.dll shlwapi.dll wow64cpu.dll ole32.dll System.Web.RegularExpressions.dll System.Web.RegularExpressions.dll System.Web.RegularExpressions.dll System.Web.RegularExpressions.dll System.Drawing.Design.ni.dll System.Drawing.Design.dll user32.dll System.Drawing.Design.dll System.Data.OracleClient.ni.dll System.Data.OracleClient.dll System.Data.OracleClient.dll System.Data.OracleClient.dll System.Data.OracleClient.dll System.Data.OracleClient.dll user32.dll Microsoft.JScript.ni.dll Microsoft.JScript.dll Microsoft.JScript.dll ws2_32.dll Microsoft.JScript.dll Microsoft.JScript.dll Microsoft.Vsa.ni.dll Microsoft.Vsa.dll Microsoft.Vsa.dll Microsoft.Vsa.dll Microsoft.Vsa.dll Microsoft.Windows.Diagnosis.Commands.UpdateDiagRootcause.ni.dll Microsoft.Windows.Diagnosis.Commands.UpdateDiagRootcause.dll Microsoft.Windows.Diagnosis.Commands.UpdateDiagRootcause.dll advapi32.dll Microsoft.Windows.Diagnosis.Commands.GetDiagInput.ni.dll msvcp_win.dll ntdll.dll kernel32.dll imm32.dll Microsoft.Windows.Diagnosis.Commands.GetDiagInput.dll ntdll.dll Microsoft.Windows.Diagnosis.Commands.GetDiagInput.dll sechost.dll mrmcorer.dll Microsoft.Windows.Diagnosis.Commands.UpdateDiagReport.ni.dll shell32.dll Microsoft.Windows.Diagnosis.Commands.UpdateDiagReport.dll kernel32.dll Microsoft.Windows.Diagnosis.Commands.UpdateDiagReport.dll ntdll.dll ntdll.dll wow64.dll gpsvc.dll wow64win.dll wow64cpu.dll winnsi.dll cryptsp.dll cryptsp.dll nsi.dll kernel32.dll kernel32.dll kernel32.dll user32.dll kernel32.dll KernelBase.dll advapi32.dll msvcrt.dll sechost.dll rpcrt4.dll sspicli.dll cryptbase.dll api-ms-win-downlevel-shlwapi-l1-1-0.dll msvcr120_clr0400.dll mscoree.dll ole32.dll gdi32.dll user32.dll cryptbase.dll lpk.dll usp10.dll msimg32.dll api-ms-win-downlevel-ole32-l1-1-0.dll msvcr80.dll oleaut32.dll imm32.dll cryptsp.dll msctf.dll cryptsp.dll rsaenh.dll RpcRtRemote.dll msvcrt.dll clbcatq.dll user32.dll sxs.dll mscoreei.dll api-ms-win-core-xstate-l2-1-0.dll mscorwks.dll msvcr80.dll shlwapi.dll shell32.dll profapi.dll mscorlib.ni.dll mscorjit.dll mscorlib.dll mscorlib.dll version.dll KernelBase.dll mscorlib.dll wow64cpu.dll mscorlib.dll System.ni.dll System.Data.ni.dll system.data.oracleclient.ni.dll System.Data.dll System.Data.dll System.Data.dll System.Data.dll System.dll System.dll System.dll System.dll System.Data.dll ws2_32.dll nsi.dll crypt32.dll msasn1.dll Microsoft.VisualC.ni.dll System.Xml.ni.dll System.XML.dll System.XML.dll System.XML.dll System.XML.dll System.Transactions.ni.dll System.Transactions.dll System.Transactions.dll System.Transactions.dll System.Transactions.dll System.Transactions.dll System.Configuration.ni.dll System.configuration.dll kernel32.dll System.configuration.dll System.configuration.dll System.configuration.dll System.EnterpriseServices.ni.dll System.EnterpriseServices.dll ntdll.dll System.EnterpriseServices.dll ntdll.dll ntdll.dll sechost.dll wow64.dll wow64win.dll wow64cpu.dll kernel32.dll System.Transactions.dll system.web.regularexpressions.ni.dll netapi32.dll kernel32.dll kernel32.dll user32.dll kernel32.dll KernelBase.dll sechost.dll advapi32.dll msvcrt.dll sechost.dll rpcrt4.dll sspicli.dll cryptbase.dll msvcr120_clr0400.dll mscoree.dll ole32.dll gdi32.dll user32.dll lpk.dll usp10.dll oleaut32.dll imm32.dll msctf.dll cryptsp.dll rsaenh.dll RpcRtRemote.dll clbcatq.dll sxs.dll mscoreei.dll clr.dll shlwapi.dll mscorlib.ni.dll clrjit.dll System.ni.dll System.Core.ni.dll version.dll System.ComponentModel.Composition.Registration.ni.dll mscorlib.dll mscorlib.dll System.dll System.dll System.Core.dll System.Core.dll System.ComponentModel.Composition.ni.dll System.ComponentModel.Composition.dll System.ComponentModel.Composition.dll System.Configuration.ni.dll System.Reflection.Context.ni.dll System.Configuration.dll System.Configuration.dll System.Xml.ni.dll System.Xml.dll System.Xml.dll System.Numerics.ni.dll System.Numerics.dll System.Numerics.dll System.Security.ni.dll System.Security.dll System.Security.dll,normal
 ntdll.dll advapi32.dll ntdll.dll wow64.dll rpcrt4.dll profapi.dll system.runtime.caching.dll xmllite.dll wow64win.dll wow64cpu.dll gdi32.dll kernel32.dll kernel32.dll staterepository.core.dll kernel32.dll user32.dll kernel32.dll KernelBase.dll advapi32.dll msvcrt.dll sechost.dll rpcrt4.dll sspicli.dll cryptbase.dll wow64cpu.dll dnsapi.dll ws2_32.dll nsi.dll winnsi.dll gpapi.dll dhcpcsvc.dll dhcpcsvc6.dll shell32.dll shlwapi.dll gdi32.dll gdi32.dll user32.dll System.dll lpk.dll usp10.dll clr.dll ole32.dll imm32.dll windows.globalization.dll msctf.dll clbcatq.dll kernel32.dll oleaut32.dll user32.dll cryptsp.dll rsaenh.dll sspicli.dll RpcRtRemote.dll wevtapi.dll ntdll.dll kernel32.dll KernelBase.dll gdi32.dll user32.dll lpk.dll usp10.dll msvcrt.dll d2d1.dll imm32.dll System.Core.ni.dll msctf.dll ole32.dll user32.dll rpcrt4.dll oleaut32.dll fontglyphanimator.dll cryptbase.dll clbcatq.dll advapi32.dll sechost.dll ntdll.dll wow64win.dll ntdll.dll wow64.dll wow64win.dll wow64cpu.dll kernel32.dll clbcatq.dll kernel32.dll kernel32.dll user32.dll windows.storage.applicationdata.dll kernel32.dll imm32.dll KernelBase.dll advapi32.dll user32.dll msvcrt.dll sechost.dll rpcrt4.dll sspicli.dll cryptbase.dll mscms.dll dnsapi.dll apphelp.dll cryptbase.dll ws2_32.dll wow64cpu.dll nsi.dll winnsi.dll oleaut32.dll dhcpcsvc.dll msswch.dll dhcpcsvc6.dll presentationframework.dll shell32.dll shlwapi.dll gdi32.dll user32.dll lpk.dll lpk.dll usp10.dll ole32.dll lpk.dll system.runtime.serialization.dll imm32.dll msctf.dll nsi.dll clbcatq.dll ntdll.dll oleaut32.dll cryptsp.dll gdi32.dll winbrand.dll rsaenh.dll RpcRtRemote.dll rsaenh.dll wevtapi.dll msctf.dll ntdll.dll ntdll.dll urlmon.dll apphelp.dll wow64.dll wow64win.dll wow64cpu.dll kernel32.dll kernel32.dll kernel32.dll uxtheme.dll System.Web.dll mscorwks.dll kernel32.dll user32.dll shlwapi.dll kernel32.dll KernelBase.dll cryptbase.dll advapi32.dll msvcrt.dll sechost.dll rpcrt4.dll wow64win.dll sspicli.dll cryptbase.dll dnsapi.dll ws2_32.dll nsi.dll winnsi.dll dhcpcsvc.dll rpcrtremote.dll dhcpcsvc6.dll msvcr120_clr0400.dll user32.dll shell32.dll shlwapi.dll gdi32.dll usp10.dll user32.dll lpk.dll System.Numerics.ni.dll usp10.dll msvcr80.dll ole32.dll imm32.dll Microsoft.Powershell.ISECommon.dll msctf.dll clbcatq.dll oleaut32.dll msvcrt.dll cryptsp.dll shlwapi.dll rsaenh.dll shlwapi.dll RpcRtRemote.dll wevtapi.dll ntdll.dll ntdll.dll wow64.dll wow64win.dll wow64cpu.dll kernel32.dll kernel32.dll kernel32.dll user32.dll kernel32.dll msvcrt.dll usp10.dll KernelBase.dll msvcrt.dll winbrand.dll user32.dll gdi32.dll lpk.dll usp10.dll advapi32.dll sechost.dll rpcrt4.dll sspicli.dll cryptbase.dll imm32.dll msctf.dll apphelp.dll,normal
 ole32.dll ntdll.dll cryptsp.dll ntdll.dll dxgi.dll kernel32.dll kernelbase.dll ws2_32.dll wow64win.dll ws2_32.dll KernelBase.dll msvcrt.dll msvcrt.dll rpcrt4.dll rpcrt4.dll nsi.dll nsi.dll vcruntime140.dll vcruntime140.dll api-ms-win-crt-runtime-l1-1-0.dll ucrtbase.dll ucrtbase.dll api-ms-win-core-timezone-l1-1-0.dll api-ms-win-core-file-l2-1-0.dll imm32.dll api-ms-win-core-localization-l1-2-0.dll api-ms-win-core-synch-l1-2-0.dll msctf.dll api-ms-win-core-processthreads-l1-1-1.dll api-ms-win-core-file-l1-2-0.dll msctf.dll System.Deployment.dll api-ms-win-crt-heap-l1-1-0.dll api-ms-win-crt-string-l1-1-0.dll api-ms-win-crt-stdio-l1-1-0.dll netutils.dll api-ms-win-crt-convert-l1-1-0.dll usp10.dll api-ms-win-crt-math-l1-1-0.dll api-ms-win-crt-locale-l1-1-0.dll mswsock.dll mswsock.dll user32.dll gdi32.dll bcrypt.dll lpk.dll system.xml.ni.dll setupapi.dll usp10.dll kernel32.dll msasn1.dll system.xml.ni.dll imm32.dll system.data.oracleclient.dll usp10.dll msctf.dll wshtcpip.dll nlaapi.dll nlaapi.dll cryptbase.dll sechost.dll sechost.dll napinsp.dll napinsp.dll dnsapi.dll KernelBase.dll fwpuclnt.dll pnrpnsp.dll pnrpnsp.dll rasadhlp.dll rasadhlp.dll winrnr.dll wshbth.dll wshbth.dll,HTran
 ntdll.dll ntdll.dll system.directoryservices.ni.dll wow64.dll wow64win.dll wow64cpu.dll kernel32.dll mscorlib.ni.dll imm32.dll kernel32.dll kernel32.dll user32.dll advapi32.dll kernel32.dll kernelbase.dll ntdll.dll advapi32.dll msvcrt.dll user32.dll sechost.dll rpcrt4.dll sspicli.dll cryptbase.dll clbcatq.dll dnsapi.dll msvcrt.dll ntdll.dll ws2_32.dll nsi.dll winnsi.dll dhcpcsvc.dll dhcpcsvc6.dll shell32.dll BDATunePIA.dll shlwapi.dll gdi32.dll user32.dll sensapi.dll lpk.dll msi.dll system.windows.forms.ni.dll usp10.dll ole32.dll microsoft.build.framework.ni.dll imm32.dll msctf.dll clbcatq.dll oleaut32.dll cryptsp.dll rsaenh.dll d3d10level9.dll rpcrtremote.dll wevtapi.dll ntdll.dll kernel32.dll kernelbase.dll gdi32.dll shell32.dll user32.dll vm3dum64_10.dll lpk.dll shlwapi.dll ntdll.dll usp10.dll msvcrt.dll ole32.dll imm32.dll winnsi.dll sechost.dll msctf.dll ole32.dll capabilityaccesshandlers.dll rpcrt4.dll oleaut32.dll ntdll.dll ntdll.dll wow64win.dll wow64.dll smdiagnostics.dll wow64win.dll wow64cpu.dll system.directoryservices.dll kernel32.dll kernel32.dll kernel32.dll user32.dll kernel32.dll kernelbase.dll advapi32.dll kernel32.dll msvcrt.dll sechost.dll rpcrt4.dll imm32.dll Microsoft.VisualStudio.Tools.Applications.Contract.v9.0.dll sspicli.dll cryptbase.dll dnsapi.dll cryptbase.dll usp10.dll apphelp.dll ws2_32.dll nsi.dll winnsi.dll dhcpcsvc.dll dhcpcsvc6.dll shell32.dll kernel32.dll sspicli.dll shlwapi.dll Microsoft.VisualStudio.Tools.Office.Excel.AddInProxy.v9.0.dll gdi32.dll api-ms-win-core-file-l2-1-0.dll user32.dll lpk.dll usp10.dll ole32.dll imm32.dll msctf.dll KernelBase.dll clbcatq.dll clbcatq.dll oleaut32.dll cryptsp.dll rsaenh.dll rpcrtremote.dll wevtapi.dll ntdll.dll ntdll.dll wow64.dll mmcndmgr.dll wow64win.dll wow64cpu.dll kernel32.dll kernel32.dll kernel32.dll user32.dll user32.dll sensapi.dll user32.dll kernelbase.dll kernel32.dll kernelbase.dll user32.dll kernel32.dll msls31.dll cryptbase.dll ucrtbase.dll advapi32.dll lpk.dll setupapi.dll msvcrt.dll sechost.dll microsoft.mediacenter.bml.ni.dll rpcrt4.dll sspicli.dll cryptbase.dll dnsapi.dll ws2_32.dll nsi.dll shell32.dll imecfm.dll winnsi.dll msctf.dll secur32.dll ole32.dll dhcpcsvc.dll dhcpcsvc6.dll wow64win.dll devrtl.dll msvcrt.dll cryptbase.dll shell32.dll api-ms-win-core-threadpool-legacy-l1-1-0.dll shlwapi.dll gdi32.dll user32.dll crypt32.dll kernel32.dll lpk.dll usp10.dll ole32.dll imm32.dll msctf.dll clbcatq.dll oleaut32.dll cryptsp.dll rsaenh.dll rpcrtremote.dll d3d10warp.dll ws2_32.dll wevtapi.dll ntdll.dll ntdll.dll wow64.dll wow64win.dll wow64cpu.dll kernel32.dll kernel32.dll user32.dll rsaenh.dll kernel32.dll kernelbase.dll user32.dll kernel32.dll kernelbase.dll msvcrt.dll oleaut32.dll ole32.dll gdi32.dll schannel.dll WindowsBase.ni.dll user32.dll presentationcore.ni.dll advapi32.dll sechost.dll rpcrt4.dll sspicli.dll rsaenh.dll cryptbase.dll cryptbase.dll msvcrt.dll lpk.dll usp10.dll version.dll system.ni.dll imm32.dll msctf.dll sxs.dll clbcatq.dll vbscript.dll advapi32.dll wintrust.dll crypt32.dll msasn1.dll cryptsp.dll rsaenh.dll msisip.dll wshext.dll comctl32.dll shell32.dll shlwapi.dll dpx.dll scrobj.dll msi.dll shlwapi.dll scrrun.dll ntdll.dll ntdll.dll wow64.dll wow64win.dll wow64cpu.dll kernel32.dll kernel32.dll kernel32.dll user32.dll kernel32.dll kernelbase.dll msvcrt.dll winbrand.dll user32.dll gdi32.dll lpk.dll KernelBase.dll usp10.dll advapi32.dll sechost.dll rpcrt4.dll sspicli.dll cryptbase.dll imm32.dll msctf.dll apphelp.dll,normal
 msftedit.dll PlayToDevice.dll MMDevAPI.dll wpdshext.dll csrsrv.dll EhStorAPI.dll ole32.dll wtsapi32.dll PortableDeviceApi.dll,normal
 ntdll.dll ntdll.dll wow64.dll wow64win.dll wow64cpu.dll WinSCard.dll netprofm.dll kernel32.dll kernel32.dll wevtapi.dll kernel32.dll user32.dll kernel32.dll KernelBase.dll msvcrt.dll ntdll.dll wevtapi.dll winbrand.dll tlscsp.dll user32.dll gdi32.dll msvcrt.dll lpk.dll usp10.dll advapi32.dll rpcrt4.dll sechost.dll rpcrt4.dll sspicli.dll advapi32.dll RpcRtRemote.dll cryptbase.dll imm32.dll msctf.dll apphelp.dll,normal
 ntdll.dll kernel32.dll kernelbase.dll lpk.dll gdi32.dll mscoreei.dll user32.dll lpk.dll usp10.dll mscms.dll msvcrt.dll imm32.dll utcutil.dll kernelbase.dll vm3dum64_10.dll msctf.dll mscorjit.dll sechost.dll ole32.dll rpcrt4.dll oleaut32.dll cryptbase.dll clbcatq.dll KernelBase.dll advapi32.dll sechost.dll ntdll.dll mscoree.dll kernel32.dll kernelbase.dll gdi32.dll user32.dll kernel32.dll lpk.dll usp10.dll advapi32.dll msvcrt.dll imm32.dll msctf.dll ole32.dll sechost.dll rpcrt4.dll oleaut32.dll cryptbase.dll clbcatq.dll advapi32.dll sechost.dll,normal
 EppManifest.dll sendmail.dll mydocs.dll acppage.dll kernel32.dll KernelBase.dll sfc.dll msi.dll wpdshext.dll,normal
 ntdll.dll ntdll.dll kernel32.dll kernelbase.dll combase.dll dsrole.dll kernelbase.dll gdi32.dll rasadhlp.dll user32.dll smipi.dll msvcrt.dll msvcrt.dll imm32.dll oleaut32.dll crypt32.dll combase.dll msctf.dll advapi32.dll rpcrt4.dll rpcrt4.dll,normal
 wevtapi.dll ntdll.dll idstore.dll winbrand.dll imm32.dll ntdll.dll ehstorshell.dll wow64.dll wow64win.dll wow64cpu.dll kernel32.dll kernel32.dll wpdshext.dll kernel32.dll user32.dll kernel32.dll usp10.dll kernelbase.dll cryptsp.dll msvcrt.dll user32.dll gdi32.dll lpk.dll usp10.dll advapi32.dll sechost.dll rpcrt4.dll sspicli.dll cryptbase.dll imm32.dll msctf.dll winbrand.dll msctf.dll Mso20win32client.dll apphelp.dll,normal
 ntdll.dll kernel32.dll shell32.dll KernelBase.dll authz.dll windowsbase.dll msvcrt.dll ole32.dll taskschd.dll gdi32.dll user32.dll lpk.dll usp10.dll ssdpsrv.dll imm32.dll rpcrt4.dll imm32.dll msctf.dll cryptbase.dll clbcatq.dll advapi32.dll clbcatq.dll sechost.dll oleaut32.dll cryptsp.dll rsaenh.dll RpcRtRemote.dll shacct.dll comctl32.dll lpk.dll shlwapi.dll userenv.dll profapi.dll imecfm.dll wevtapi.dll IDStore.dll,normal
 ntdll.dll rpcrtremote.dll shell32.dll ntdll.dll rmclient.dll kernel32.dll kernelbase.dll msvcrt.dll user32.dll gdi32.dll scrrun.dll lpk.dll kernel.appcore.dll usp10.dll ole32.dll rpcrt4.dll usp10.dll rasapi32.dll oleaut32.dll shlwapi.dll ktmw32.dll imm32.dll msctf.dll version.dll sechost.dll cryptbase.dll advapi32.dll clbcatq.dll taskschd.dll sspicli.dll,normal
 ntdll.dll ntdll.dll uxtheme.dll wow64.dll wow64win.dll wow64cpu.dll kernel32.dll kernel32.dll usp10.dll kernel32.dll rpcrt4.dll user32.dll kernel32.dll comctl32.dll kernelbase.dll msvcrt.dll api-ms-win-downlevel-advapi32-l1-1-0.dll advapi32.dll sechost.dll rpcrt4.dll sspicli.dll cryptbase.dll iertutil.dll api-ms-win-downlevel-version-l1-1-0.dll version.dll usp10.dll api-ms-win-downlevel-user32-l1-1-0.dll user32.dll gdi32.dll lpk.dll usp10.dll api-ms-win-downlevel-normaliz-l1-1-0.dll normaliz.dll shlwapi.dll Microsoft.VisualStudio.Tools.Applications.Runtime.dll CbsCore.dll api-ms-win-downlevel-shlwapi-l1-1-0.dll shlwapi.dll wow64.dll imm32.dll msctf.dll api-ms-win-downlevel-shell32-l1-1-0.dll shell32.dll ieframe.dll ole32.dll oleaut32.dll comctl32.dll ieshims.dll comdlg32.dll api-ms-win-downlevel-ole32-l1-1-0.dll uxtheme.dll urlmon.dll sechost.dll msvcrt.dll msvcrt.dll msctf.dll netprofm.dll mmdevapi.dll wininet.dll userenv.dll system.transactions.dll profapi.dll secur32.dll api-ms-win-downlevel-advapi32-l2-1-0.dll ws2_32.dll usp10.dll nsi.dll winhttp.dll xmllite.dll webio.dll cryptsp.dll rsaenh.dll rpcrtremote.dll mswsock.dll wship6.dll ole32.dll kernel32.dll clbcatq.dll ieproxy.dll kernel32.dll cryptbase.dll api-ms-win-downlevel-shlwapi-l2-1-0.dll winnsi.dll dwmapi.dll cryptbase.dll sqmapi.dll bcrypt.dll bcryptprimitives.dll ieui.dll lpk.dll mshtml.dll apphelp.dll user32.dll d2d1.dll dwrite.dll dxgi.dll setupapi.dll cfgmgr32.dll devobj.dll iertutil.dll auditcse.dll System.dll apphelp.dll ieframe.dll mlang.dll propsys.dll lspwaoie.dll imagehlp.dll wsock32.dll System.Data.ni.dll wintrust.dll crypt32.dll msasn1.dll d3d11.dll vm3dum_10.dll winmm.dll usp10.dll user32.dll dbghelp.dll imm32.dll vm3dum.dll d3d10level9.dll dnsapi.dll wininet.dll kernelbase.dll user32.dll lspweb.dll wow64.dll lspweb.dll lspweb.dll System.Core.ni.dll lspweb.dll msimg32.dll comctl32.dll olepro32.dll msvcp110_win.dll mscorlib.ni.dll winhttp.dll wmidcprv.dll rasadhlp.dll wshqos.dll wshqos.dll wshqos.dll msctfmonitor.dll wshqos.dll ole32.dll ole32.dll gdi32.dll msasn1.dll cryptsp.dll oleacc.dll msctf.dll msctf.dll iphlpapi.dll dwmapi.dll dimsroam.dll kernel32.dll mscorwks.dll crypt32.dll imecfm.dll shell32.dll mshtml.dll ieapfltr.dll msctf.dll msimtf.dll sxs.dll imm32.dll jscript9.dll msls31.dll clbcatq.dll wow64cpu.dll msxml3.dll setupapi.dll sspicli.dll rpcrt4.dll cfgmgr32.dll version.dll api-ms-win-downlevel-user32-l1-1-0.dll comctl32.dll devobj.dll vm3dum_10.dll winmm.dll dbghelp.dll vm3dum.dll d3d10level9.dll setupapi.dll cfgmgr32.dll devobj.dll d3d10warp.dll wdc.dll setupapi.dll gdiplus.dll user32.dll cfgmgr32.dll devobj.dll kernel32.dll uiautomationcore.dll psapi.dll p2pcollab.dll kernel32.dll p2pcollab.dll system.windows.forms.dll ncrypt.dll gpapi.dll cryptnet.dll wldap32.dll wuwebv.dll wuwebv.dll wuwebv.dll wuwebv.dll wuwebv.dll imm32.dll kernel32.dll wuwebv.dll wuwebv.dll gdi32.dll wuwebv.dll wuwebv.dll sqmapi.dll wuwebv.dll profapi.dll UIAutomationProvider.dll credssp.dll schannel.dll sensapi.dll windowscodecs.dll wuwebv.dll shell32.dll accessibility.dll cabinet.dll ntdll.dll kernel32.dll kernelbase.dll advapi32.dll msvcrt.dll imm32.dll sechost.dll rpcrt4.dll user32.dll gdi32.dll lpk.dll usp10.dll ole32.dll oleaut32.dll tquery.dll apphelp.dll imm32.dll msctf.dll cryptbase.dll clbcatq.dll shlwapi.dll msshooks.dll msidle.dll cryptsp.dll rsaenh.dll rpcrtremote.dll mssprxy.dll mssvp.dll mapi32.dll shell32.dll cscapi.dll cscobj.dll userenv.dll profapi.dll,normal
 msftedit.dll,normal
 gdi32.dll ntdll.dll kernel32.dll rpcrt4.dll kernelbase.dll RpcRtRemote.dll ucrtbase.dll shell32.dll system.xml.linq.ni.dll combase.dll rpcrt4.dll bcryptprimitives.dll kernel.appcore.dll msvcrt.dll clbcatq.dll user32.dll win32u.dll uxtheme.dll api-ms-win-crt-stdio-l1-1-0.dll gdi32.dll gdi32full.dll imm32.dll sechost.dll uxtheme.dll windows.globalization.dll indexeddbserver.dll oleaut32.dll msvcp_win.dll,normal
 ntdll.dll shell32.dll ntdll.dll system.deployment.ni.dll kernel32.dll kernelbase.dll kernelbase.dll msvcrt.dll rpcrt4.dll authz.dll api-ms-win-crt-locale-l1-1-0.dll msvcrt.dll fastprox.dll fastprox.dll user32.dll urlmon.dll wow64.dll ncobjapi.dll wbemcomn.dll netutils.dll wbemcomn.dll combase.dll msctf.dll ws2_32.dll ws2_32.dll sechost.dll sechost.dll pcwum.dll rpcrt4.dll rpcrt4.dll nsi.dll oleaut32.dll nsi.dll imageres.dll advapi32.dll advapi32.dll user32.dll propsys.dll kernel32.dll gdi32.dll kernel.appcore.dll kernel.appcore.dll cryptbase.dll cryptbase.dll bcryptprimitives.dll bcryptprimitives.dll lpk.dll clbcatq.dll sxs.dll mssph.dll wbemprox.dll wbemprox.dll oleaut32.dll wow64cpu.dll cryptsp.dll cryptsp.dll rsaenh.dll rsaenh.dll bcrypt.dll SensApi.dll bcrypt.dll wbemsvc.dll wbemsvc.dll wmiutils.dll wmiutils.dll cimwin32.dll cimwin32.dll powrprof.dll framedyn.dll framedynos.dll sspicli.dll sspicli.dll,normal
 ntdll.dll ntdll.dll wow64.dll kernel32.dll wow64win.dll wow64cpu.dll ntdll.dll spinf.dll lpk.dll wevtapi.dll kernel32.dll kernel32.dll kernel32.dll user32.dll kernel32.dll KernelBase.dll advapi32.dll msvcrt.dll msvcrt.dll sechost.dll rpcrt4.dll sspicli.dll cryptbase.dll dnsapi.dll ws2_32.dll nsi.dll winnsi.dll rpcrt4.dll system.core.dll dhcpcsvc.dll ole32.dll dhcpcsvc6.dll shell32.dll ole32.dll shlwapi.dll gdi32.dll user32.dll lpk.dll version.dll version.dll usp10.dll kernel32.dll ole32.dll imm32.dll msctf.dll clbcatq.dll oleaut32.dll msvcrt.dll cryptsp.dll rsaenh.dll drprov.dll RpcRtRemote.dll wevtapi.dll kernel32.dll sxs.dll sspicli.dll comctl32.dll ntdll.dll winbrand.dll ntdll.dll kernel32.dll wow64.dll wow64win.dll RpcRtRemote.dll wow64cpu.dll kernel32.dll uxtheme.dll kernel32.dll kernel32.dll user32.dll kernel32.dll KernelBase.dll msvcrt.dll sppobjs.dll winbrand.dll user32.dll System.Windows.Forms.ni.dll gdi32.dll lpk.dll usp10.dll advapi32.dll sechost.dll rpcrt4.dll sspicli.dll cryptbase.dll imm32.dll msctf.dll apphelp.dll,normal
 ntdll.dll cryptui.dll gpapi.dll ole32.dll ntdll.dll davhlpr.dll imm32.dll kernel32.dll sechost.dll shlwapi.dll mapi32.dll msctf.dll rpcrt4.dll oleaut32.dll Wldap32.dll lpk.dll ws2_32.dll oleaut32.dll advapi32.dll clbcatq.dll rpcrt4.dll nsi.dll msvcrt.dll cryptbase.dll rpcrt4.dll user32.dll sspicli.dll gdi32.dll wow64cpu.dll kernelbase.dll usp10.dll cfgmgr32.dll KernelBase.dll userenv.dll profapi.dll RpcRtRemote.dll cryptbase.dll cryptsp.dll sspicli.dll apphelp.dll secur32.dll appxdeploymentclient.dll authz.dll wow64win.dll clbcatq.dll bcrypt.dll cryptsp.dll cryptsp.dll csrsrv.dll mswsock.dll wship6.dll netlogon.dll netlogon.dll rsaenh.dll gdiplus.dll credssp.dll shell32.dll system.design.dll gpapi.dll kernel32.dll pcwum.dll imm32.dll version.dll ntmarta.dll api-ms-win-core-realtime-l1-1-0.dll nlaapi.dll winnsi.dll ntdll.dll dhcpcsvc6.dll kernel32.dll mscoree.dll dhcpcsvc.dll wtsapi32.dll FirewallAPI.dll oleaut32.dll taskschd.dll slc.dll lmhsvc.dll lmhsvc.dll lmhsvc.dll lmhsvc.dll dhcpcore.dll iertutil.dll dhcpcore.dll dhcpcore.dll wow64cpu.dll dhcpcore.dll nsi.dll System.ni.dll dhcpcore.dll dhcpcore.dll dhcpcore.dll wtsapi32.dll mscoreei.dll lpk.dll dhcpcore.dll dhcpcore.dll version.dll dhcpcore.dll MPSSVC.dll wfapigp.dll dps.dll mscms.dll mscms.dll pcasvc.dll System.configuration.dll pcasvc.dll pcasvc.dll cryptsp.dll pcasvc.dll ServiceModelEvents.dll ServiceModelEvents.dll sechost.dll dot3gpclnt.dll PeerDistSh.dll PeerDistSh.dll PeerDistSh.dll PeerDistSh.dll PeerDistSh.dll PeerDistSh.dll PeerDistSh.dll PeerDistSh.dll PeerDistSh.dll PeerDistSh.dll PeerDistSh.dll PeerDistSh.dll PeerDistSh.dll PeerDistSh.dll sstpsvc.dll sstpsvc.dll provsvc.dll provsvc.dll provsvc.dll provsvc.dll oleaut32.dll provsvc.dll imageres.dll provsvc.dll provsvc.dll provsvc.dll netprofm.dll wdi.dll npmproxy.dll diagperf.dll pnpts.dll wdiasqmmodule.dll radardt.dll winsta.dll,normal
 ntdll.dll kernel32.dll kernelbase.dll advapi32.dll sechost.dll msvcrt.dll api-ms-win-downlevel-advapi32-l1-1-0.dll sechost.dll cryptsp.dll imm32.dll rpcrt4.dll kernel32.dll system.web.extensions.dll msvcr120_clr0400.dll mscoree.dll crypt32.dll cryptbase.dll ole32.dll gdi32.dll user32.dll lpk.dll usp10.dll oleaut32.dll imm32.dll msctf.dll mscorwks.dll cryptbase.dll cryptsp.dll rsaenh.dll rpcrtremote.dll clbcatq.dll clbcatq.dll system.web.ni.dll clbcatq.dll sxs.dll mscoreei.dll kernel32.dll clr.dll clbcatq.dll msctf.dll Accessibility.ni.dll system.core.dll kernel32.dll shlwapi.dll mscorlib.ni.dll clrjit.dll version.dll mscorlib.dll wldp.dll mscorlib.dll system.ni.dll system.core.ni.dll msctf.dll system.activities.ni.dll system.runtime.durableinstancing.ni.dll system.management.ni.dll microsoft.management.infrastructure.ni.dll system.transactions.ni.dll profapi.dll system.transactions.dll system.transactions.dll system.transactions.dll system.transactions.dll system.transactions.dll system.transactions.dll system.transactions.dll system.servicemodel.internals.ni.dll system.xml.linq.ni.dll kernel32.dll ntdll.dll system.xaml.ni.dll ws2_32.dll system.xml.ni.dll system.runtime.serialization.ni.dll usp10.dll system.security.ni.dll npmproxy.dll mfc140jpn.dll microsoft.powershell.commands.management.ni.dll sechost.dll microsoft.management.infrastructure.cimcmdlets.ni.dll api-ms-win-core-xstate-l2-1-0.dll smdiagnostics.ni.dll kbd101.dll microsoft.management.infrastructure.native.ni.dll microsoft.management.infrastructure.native.dll microsoft.management.infrastructure.native.dll bcrypt.dll bcryptprimitives.dll advapi32.dll credui.dll microsoft.powershell.workflow.servicecore.ni.dll rpcrtremote.dll imagehlp.dll ntdll.dll advapi32.dll kernel32.dll kernelbase.dll msvcrt.dll rpcrt4.dll gdi32.dll user32.dll lpk.dll usp10.dll cryptbase.dll duser.dll dui70.dll imm32.dll msctf.dll cryptnet.dll uxtheme.dll powrprof.dll setupapi.dll devobj.dll dwmapi.dll clbcatq.dll slc.dll gdiplus.dll secur32.dll sspicli.dll propsys.dll advapi32.dll winsta.dll atl.dll sechost.dll shlwapi.dll winsta.dll cryptbase.dll comctl32.dll windowscodecs.dll dhcpcsvc.dll profapi.dll shell32.dll apphelp.dll ole32.dll msi.dll oleaut32.dll mrmcorer.dll explorerframe.dll cfgmgr32.dll clbcatq.dll vcruntime140.dll api-ms-win-crt-runtime-l1-1-0.dll ucrtbase.dll api-ms-win-core-timezone-l1-1-0.dll api-ms-win-core-file-l2-1-0.dll api-ms-win-core-localization-l1-2-0.dll srvcli.dll ntdll.dll imageres.dll imageres.dll imageres.dll netprofm.dll imageres.dll imageres.dll wlgpclnt.dll version.dll imageres.dll microsoft.visualc.ni.dll imageres.dll api-ms-win-core-synch-l1-2-0.dll api-ms-win-core-processthreads-l1-1-1.dll api-ms-win-core-file-l1-2-0.dll api-ms-win-crt-string-l1-1-0.dll wow64.dll api-ms-win-crt-heap-l1-1-0.dll api-ms-win-crt-stdio-l1-1-0.dll api-ms-win-crt-convert-l1-1-0.dll msvcp140.dll api-ms-win-crt-locale-l1-1-0.dll api-ms-win-crt-math-l1-1-0.dll api-ms-win-crt-multibyte-l1-1-0.dll RpcRtRemote.dll sspicli.dll api-ms-win-crt-time-l1-1-0.dll api-ms-win-crt-filesystem-l1-1-0.dll wow64cpu.dll atl.dll urlmon.dll setupapi.dll api-ms-win-crt-environment-l1-1-0.dll api-ms-win-crt-utility-l1-1-0.dll grooveintlresource.dll imm32.dll ehstorshell.dll clbcatq.dll oleacc.dll imecfm.dll rpcrt4.dll kernelbase.dll cfgmgr32.dll sechost.dll version.dll msswch.dll winmm.dll atl.dll RpcRtRemote.dll ninput.dll ntmarta.dll KernelBase.dll shacct.dll samlib.dll xmllite.dll xmllite.dll msi.dll cryptui.dll urlmon.dll api-ms-win-downlevel-ole32-l1-1-0.dll api-ms-win-downlevel-shlwapi-l1-1-0.dll api-ms-win-downlevel-advapi32-l1-1-0.dll api-ms-win-downlevel-user32-l1-1-0.dll dsrole.dll mpclient.dll api-ms-win-downlevel-version-l1-1-0.dll secur32.dll api-ms-win-downlevel-normaliz-l1-1-0.dll mscorwks.dll normaliz.dll iertutil.dll clbcatq.dll wininet.dll sechost.dll system.identitymodel.ni.dll api-ms-win-downlevel-advapi32-l2-1-0.dll msvcrt.dll usp10.dll imageres.dll imageres.dll imageres.dll kernel32.dll imageres.dll lpk.dll imageres.dll imageres.dll gdi32.dll imageres.dll imageres.dll mpr.dll ondemandconnroutehelper.dll cscui.dll clbcatq.dll cscdll.dll cscapi.dll ntshrui.dll msutb.dll imm32.dll ole32.dll uxtheme.dll cryptnet.dll iconcodecservice.dll themeui.dll System.XML.dll oleaut32.dll oleaut32.dll sxs.dll rsaenh.dll wtsapi32.dll setupapi.dll ntdll.dll api-ms-win-core-sysinfo-l1-2-1.dll cryptsp.dll rsaenh.dll ntdll.dll gdi32.dll kernel32.dll rpcrtremote.dll kernel32.dll comctl32.dll sndvolsso.dll hid.dll webio.dll mmdevapi.dll imageres.dll user32.dll imageres.dll clr.dll imageres.dll shlwapi.dll actxprxy.dll crypt32.dll msasn1.dll wldap32.dll system.core.dll shdocvw.dll linkinfo.dll userenv.dll msutb.dll samcli.dll mapi32.dll netutils.dll user32.dll msvcr80.dll msftedit.dll msls31.dll gameux.dll wer.dll uxtheme.dll tiptsf.dll authui.dll msiltcfg.dll thumbcache.dll psapi.dll kernel32.dll networkexplorer.dll devicecenter.dll propsys.dll uianimation.dll stobject.dll system.deployment.ni.dll batmeter.dll dnsapi.dll nsi.dll winnsi.dll nlaapi.dll winhttp.dll usp10.dll webio.dll rpcrtremote.dll ws2_32.dll wintrust.dll shell32.dll npmproxy.dll dhcpcsvc6.dll es.dll microsoft.office.tools.ni.dll wow64.dll dhcpcsvc.dll prnfldr.dll dxp.dll syncreg.dll scrobj.dll wow64.dll sechost.dll ehsso.dll netshell.dll alttab.dll wpdshserviceobj.dll portabledevicetypes.dll portabledeviceapi.dll pnidui.dll wevtapi.dll ncsi.dll rpcrt4.dll cscobj.dll credssp.dll taskschd.dll msctf.dll mssprxy.dll actioncenter.dll srchadmin.dll fxsst.dll wininet.dll fxsapi.dll fxsresm.dll crypt32.dll secur32.dll wlanapi.dll wlanutil.dll wwanapi.dll wwapi.dll mpclient.dll cryptbase.dll kernel32.dll gdi32.dll ieframe.dll api-ms-win-downlevel-shell32-l1-1-0.dll clr.dll webcheck.dll version.dll sechost.dll synccenter.dll wkscli.dll rpcrt4.dll imapi2.dll hgcpl.dll provsvc.dll netprofm.dll searchfolder.dll structuredquery.dll naturallanguage6.dll nlsdata0011.dll nlslexicons0011.dll iertutil.dll nlsmodels0011.dll uiautomationcore.dll wkscli.dll devicecenter.dll mswsock.dll sechost.dll wship6.dll api-ms-win-downlevel-shlwapi-l2-1-0.dll sqmapi.dll tquery.dll mapi32.dll mssvp.dll oleaut32.dll bcrypt.dll ole32.dll msxml6.dll wpdshext.dll sfc.dll sfc_os.dll wscinterop.dll wscapi.dll werconcpl.dll framedynos.dll wercplsupport.dll hcproviders.dll ieproxy.dll devicecenter.dll mssvp.dll rsaenh.dll mapi32.dll sfc.dll sfc_os.dll wcp.dll secur32.dll sfc.dll sfc_os.dll acppage.dll msisip.dll wshext.dll msvcrt.dll ole32.dll comdlg32.dll ntdll.dll pwrshsip.dll mscorlib.dll syncui.dll synceng.dll kernel32.dll cryptext.dll rshx32.dll authz.dll dsrole.dll aclui.dll ntdsapi.dll docprop.dll System.Data.OracleClient.dll twext.dll twext.dll microsoft.powershell.commands.management.ni.dll system.drawing.dll lspdnd64.dll msimg32.dll syncui.dll synceng.dll acppage.dll oleres.dll sfc.dll threadpoolwinrt.dll sfc_os.dll wsock32.dll msswch.dll imageres.dll sppuinotify.dll sppuinotify.dll devicecenter.dll ole32.dll sppuinotify.dll sppuinotify.dll mscorlib.ni.dll sensapi.dll twext.dll syncui.dll synceng.dll acppage.dll sfc.dll sfc_os.dll van.dll rpcrt4.dll wwanmm.dll cryptsp.dll rasmm.dll rasapi32.dll rpcrtremote.dll rasman.dll sechost.dll webio.dll imm32.dll wlanmm.dll wlanhlp.dll rasmm.dll rasapi32.dll rasman.dll onex.dll eappprxy.dll eappcfg.dll wwanmm.dll wlanmm.dll kernel32.dll wlanhlp.dll onex.dll eappprxy.dll eappcfg.dll sfc.dll sfc_os.dll imageres.dll drprov.dll clr.dll ntlanman.dll davclnt.dll davhlpr.dll wpdshext.dll ehstorapi.dll imageres.dll imageres.dll imageres.dll mscms.dll imageres.dll imageres.dll twext.dll syncui.dll synceng.dll acppage.dll cryptbase.dll sfc.dll ntdll.dll sfc_os.dll kernel32.dll devrtl.dll sendmail.dll mydocs.dll mswsock.dll zipfldr.dll imageres.dll imageres.dll imageres.dll imageres.dll stdole.ni.dll sendmail.dll mydocs.dll zipfldr.dll user32.dll wpdshext.dll mlang.dll bcryptprimitives.dll wucltux.dll msxml3.dll System.ServiceModel.dll wucltux.dll ieframe.dll wucltux.dll wucltux.dll wucltux.dll wucltux.dll wucltux.dll system.web.ni.dll wucltux.dll wucltux.dll wucltux.dll wucltux.dll sechost.dll System.Xaml.dll wucltux.dll wucltux.dll wucltux.dll cabinet.dll imageres.dll wups2.dll wups2.dll wups2.dll imageres.dll wups2.dll sppuinotify.dll sppuinotify.dll devicecenter.dll imageres.dll wups2.dll wups2.dll sppuinotify.dll sppuinotify.dll imageres.dll wups2.dll wups2.dll sppuinotify.dll sppuinotify.dll webio.dll sppuinotify.dll sppuinotify.dll mssvp.dll mapi32.dll tquery.dll mssvp.dll mapi32.dll mssvp.dll mapi32.dll mssvp.dll mapi32.dll mssvp.dll mapi32.dll mssvp.dll mapi32.dll imageres.dll wups2.dll wups2.dll imageres.dll wups2.dll wups2.dll,normal
 ntdll.dll kernel32.dll msvcr120_clr0400.dll bcryptprimitives.dll kernelbase.dll rpcrt4.dll gdi32.dll advapi32.dll msvcrt.dll sechost.dll windowsbase.ni.dll rpcrt4.dll msvcr120_clr0400.dll mscoree.dll ole32.dll gdi32.dll user32.dll lpk.dll rsaenh.dll winshfhc.dll usp10.dll oleaut32.dll imm32.dll ole32.dll msctf.dll Microsoft.VisualStudio.Tools.Office.Word.AddInProxy.v9.0.dll gdi32.dll cryptbase.dll cryptsp.dll clrjit.dll rsaenh.dll rpcrtremote.dll clbcatq.dll gdi32.dll sxs.dll mscoreei.dll clr.dll shlwapi.dll mscorlib.ni.dll clrjit.dll wintrust.dll system.ni.dll system.core.ni.dll winmm.dll version.dll mscorlib.dll mscorlib.dll ntdll.dll system.componentmodel.composition.ni.dll system.componentmodel.composition.registration.ni.dll system.configuration.ni.dll kernel32.dll system.reflection.context.ni.dll system.xml.ni.dll system.numerics.ni.dll system.security.ni.dll,normal
 sxs.dll ntdll.dll ntdll.dll wow64.dll wow64win.dll wow64cpu.dll kernel32.dll kernel32.dll kernel32.dll ntdll.dll user32.dll kernel32.dll kernelbase.dll clr.dll advapi32.dll cryptsp.dll msvcrt.dll sechost.dll CbsCore.dll rpcrt4.dll sspicli.dll System.Data.OracleClient.dll cryptbase.dll dnsapi.dll ws2_32.dll nsi.dll clbcatq.dll winnsi.dll dhcpcsvc.dll dhcpcsvc6.dll shell32.dll System.Xml.ni.dll DeviceUxRes.dll shlwapi.dll gdi32.dll kernel32.dll gdi32.dll user32.dll lpk.dll userenv.dll system.core.ni.dll kernel32.dll usp10.dll ole32.dll vbscript.dll imm32.dll msctf.dll clbcatq.dll shcore.dll kernel32.dll oleaut32.dll cryptsp.dll rsaenh.dll devobj.dll cscapi.dll rpcrtremote.dll kernel32.dll lpk.dll wevtapi.dll cryptbase.dll wow64cpu.dll System.Transactions.dll ntdll.dll kernel32.dll user32.dll usp10.dll kernelbase.dll mscorlib.ni.dll mssprxy.dll advapi32.dll msvcrt.dll sechost.dll rpcrt4.dll msvcr120_clr0400.dll mscoree.dll kernel32.dll imm32.dll usp10.dll ole32.dll gdi32.dll user32.dll lpk.dll usp10.dll ole32.dll oleaut32.dll imm32.dll msctf.dll cryptbase.dll cryptsp.dll rsaenh.dll rpcrtremote.dll SensApi.dll clbcatq.dll sxs.dll mscoreei.dll mscorwks.dll loadperf.dll msvcr80.dll SensApi.dll shlwapi.dll shell32.dll profapi.dll ActionQueue.dll user32.dll mscorlib.ni.dll msdadiag.dll kernel32.dll mscorjit.dll mscorlib.dll rsaenh.dll mscorlib.dll version.dll mscorlib.dll mscorlib.dll system.ni.dll microsoft.ink.ni.dll system.drawing.ni.dll system.windows.forms.ni.dll dhcpcsvc6.dll system.configuration.ni.dll system.xml.ni.dll system.ni.dll system.security.ni.dll system.data.sqlxml.ni.dll accessibility.ni.dll system.runtime.serialization.formatters.soap.ni.dll msvcrt.dll system.deployment.ni.dll microsoft.ink.dll microsoft.ink.dll microsoft.ink.dll microsoft.ink.dll cryptbase.dll msvcrt.dll rpcrt4.dll ntdll.dll mciavi32.dll cryptsp.dll ntdll.dll wow64.dll wow64win.dll wow64cpu.dll kernel32.dll wow64cpu.dll kernel32.dll version.dll kernel32.dll wow64.dll kernel32.dll user32.dll kernel32.dll kernelbase.dll advapi32.dll clbcatq.dll ncrypt.dll imm32.dll msvcrt.dll sechost.dll rpcrt4.dll sspicli.dll cryptbase.dll mscorlib.dll msvcr120_clr0400.dll api-ms-win-core-com-l1-1-0.dll mscoree.dll version.dll ole32.dll gdi32.dll user32.dll sechost.dll msado15.dll lpk.dll kernelbase.dll psapi.dll usp10.dll oleaut32.dll imm32.dll msctf.dll wcp.dll cryptsp.dll rsaenh.dll shacct.dll rpcrtremote.dll clbcatq.dll sxs.dll mscoreei.dll clr.dll shlwapi.dll mscorlib.ni.dll clrjit.dll dbghelp.dll msvcrt.dll system.ni.dll system.core.ni.dll system.web.ni.dll system.web.extensions.ni.dll version.dll system.web.extensions.dll system.web.extensions.dll mscorlib.dll mscorlib.dll system.web.dll system.web.dll kernel32.dll system.dll system.dll system.core.dll system.core.dll system.drawing.ni.dll vssapi.dll system.drawing.dll system.drawing.dll system.web.services.ni.dll system.web.services.dll system.web.services.dll system.data.services.design.ni.dll msutb.dll ntdll.dll system.data.services.design.dll system.data.services.design.dll system.configuration.ni.dll system.configuration.dll system.configuration.dll system.servicemodel.ni.dll system.servicemodel.dll system.servicemodel.dll tquery.dll system.xml.ni.dll system.xml.dll system.xml.dll system.runtime.serialization.ni.dll system.runtime.serialization.dll rpcrt4.dll system.runtime.serialization.dll ole32.dll system.design.ni.dll system.data.linq.ni.dll system.data.dll system.data.linq.dll system.data.linq.dll system.web.applicationservices.ni.dll system.web.applicationservices.dll system.web.applicationservices.dll lpk.dll system.data.ni.dll system.data.dll system.data.dll system.data.dll kernel32.dll system.servicemodel.activation.ni.dll system.drawing.design.dll system.servicemodel.activation.dll kernel32.dll system.servicemodel.activation.dll system.data.services.client.ni.dll system.data.services.client.dll system.data.services.client.dll system.data.entity.ni.dll dwmapi.dll shell32.dll system.data.entity.dll system.data.entity.dll system.windows.forms.ni.dll system.windows.forms.dll system.windows.forms.dll system.directoryservices.ni.dll system.directoryservices.dll system.directoryservices.dll system.enterpriseservices.ni.dll system.web.regularexpressions.ni.dll system.componentmodel.dataannotations.ni.dll system.componentmodel.dataannotations.dll usp10.dll system.componentmodel.dataannotations.dll system.directoryservices.protocols.ni.dll kernel32.dll system.directoryservices.protocols.dll system.directoryservices.protocols.dll system.security.ni.dll system.security.dll system.security.dll system.runtime.caching.ni.dll system.runtime.caching.dll system.runtime.caching.dll system.serviceprocess.ni.dll microsoft.build.utilities.v4.0.ni.dll microsoft.build.framework.ni.dll mscorjit.dll microsoft.build.tasks.v4.0.ni.dll system.numerics.ni.dll system.numerics.dll system.numerics.dll,normal
 msctf.dll ntdll.dll kernel32.dll KernelBase.dll mscoreei.dll msvcrt.dll rpcrt4.dll gdi32.dll user32.dll lpk.dll system.configuration.ni.dll usp10.dll ole32.dll ncrypt.dll wkscli.dll FirewallControlPanel.dll oleaut32.dll imm32.dll ntdll.dll kernel32.dll KernelBase.dll advapi32.dll msvcrt.dll sechost.dll rpcrt4.dll msvcr120_clr0400.dll ntprint.dll user32.dll mscoree.dll win32u.dll setupapi.dll sechost.dll ole32.dll gdi32.dll user32.dll lpk.dll gdi32.dll usp10.dll oleaut32.dll mscoree.dll imm32.dll msctf.dll msvcp_win.dll cryptbase.dll psapi.dll cryptsp.dll rsaenh.dll RpcRtRemote.dll gdi32.dll setupapi.dll clbcatq.dll sxs.dll profapi.dll shlwapi.dll mscoreei.dll clr.dll ntdll.dll shlwapi.dll mscorlib.ni.dll clrjit.dll System.ni.dll System.Core.ni.dll System.Activities.ni.dll version.dll mscorlib.dll mscorlib.dll System.Configuration.ni.dll System.Xml.ni.dll,normal
 ntdll.dll kernel.appcore.dll kernel32.dll kernelbase.dll user32.dll msvcrt.dll mscorlib.dll msvcrt.dll system.web.dll gdi32.dll system.ni.dll imm32.dll msctf.dll combase.dll rpcrt4.dll powrprof.dll kernel.appcore.dll cryptbase.dll bcryptprimitives.dll ntdll.dll sechost.dll samcli.dll uxtheme.dll cryptsp.dll rsaenh.dll imecfm.dll bcrypt.dll clbcatq.dll api-ms-win-core-localization-l1-2-0.dll ninput.dll system.web.services.dll rpcrtremote.dll ole32.dll tipskins.dll bcp47langs.dll wininet.dll winsta.dll dui70.dll oleaut32.dll shcore.dll dwmapi.dll twinapi.dll shell32.dll sechost.dll shlwapi.dll userenv.dll profapi.dll gpapi.dll tipres.dll comctl32.dll duser.dll gdi32.dll gdiplus.dll windows.ui.dll ninput.dll tiptsf.dll oleacc.dll,normal
 ntdll.dll ntmarta.dll api-ms-win-core-string-l1-1-0.dll sspicli.dll rpcrt4.dll userenv.dll kernel32.dll kernelbase.dll kernel32.dll gdi32.dll user32.dll kernel32.dll lpk.dll wow64.dll usp10.dll msvcrt.dll imm32.dll msctf.dll iertutil.dll ole32.dll rpcrt4.dll SMdiagnostics.dll oleaut32.dll sfc_os.dll ntdll.dll ntdll.dll wow64.dll wow64win.dll wshqos.dll wow64cpu.dll kernel32.dll kernel32.dll scrrun.dll kernel32.dll user32.dll user32.dll kernel32.dll kernelbase.dll cfgmgr32.dll msvcrt.dll oleaut32.dll ole32.dll gdi32.dll user32.dll advapi32.dll sechost.dll rpcrt4.dll sspicli.dll version.dll cryptbase.dll lpk.dll usp10.dll imagehlp.dll version.dll imm32.dll msctf.dll user32.dll sxs.dll clbcatq.dll vbscript.dll oleaut32.dll advapi32.dll advapi32.dll wintrust.dll ntdll.dll crypt32.dll EhStorShell.dll cfgmgr32.dll rpcrtremote.dll msasn1.dll cryptsp.dll rsaenh.dll msisip.dll wshext.dll comctl32.dll shell32.dll system.data.oracleclient.dll win32u.dll system.web.applicationservices.dll shlwapi.dll scrobj.dll msi.dll system.transactions.ni.dll scrrun.dll ntdll.dll kernel32.dll kernelbase.dll advapi32.dll msvcrt.dll msvcrt.dll sechost.dll rpcrt4.dll gdi32.dll user32.dll lpk.dll cfgmgr32.dll usp10.dll ole32.dll msimg32.dll wmsgapi.dll msctf.dll kernel32.dll wtsapi32.dll winmm.dll userenv.dll shlwapi.dll profapi.dll winsta.dll cfgmgr32.dll crypt32.dll msasn1.dll nsi.dll msctfmonitor.dll usp10.dll comctl32.dll msctf.dll imm32.dll msutb.dll comctl32.dll riched20.dll shlwapi.dll gdi32.dll secur32.dll sspicli.dll shell32.dll cryptbase.dll kernel32.dll api-ms-win-core-sysinfo-l1-1-0.dll imm32.dll wintrust.dll cryptsp.dll rsaenh.dll imagehlp.dll imm32.dll bcrypt.dll usp10.dll bcryptprimitives.dll ncrypt.dll mscoree.dll cryptsp.dll system.transactions.dll gpapi.dll accessibility.dll cryptnet.dll wldap32.dll system.drawing.dll sensapi.dll setupapi.dll cfgmgr32.dll oleaut32.dll sensapi.dll devobj.dll cabinet.dll devrtl.dll usp10.dll version.dll clbcatq.dll oleaut32.dll urlmon.dll wininet.dll iertutil.dll ntdll.dll kernel32.dll fontgroupsoverride.dll kernelbase.dll gdi32.dll setupapi.dll user32.dll lpk.dll usp10.dll msvcrt.dll imm32.dll msctf.dll ole32.dll rpcrt4.dll oleaut32.dll ntdll.dll kernel32.dll kernelbase.dll dot3gpclnt.dll gdi32.dll user32.dll lpk.dll usp10.dll msvcrt.dll imm32.dll KernelBase.dll msctf.dll ole32.dll rpcrt4.dll imageres.dll oleaut32.dll cryptbase.dll clbcatq.dll advapi32.dll sechost.dll,normal
 gdi32.dll ntdll.dll kernel32.dll kernelbase.dll msvcrt.dll spoolss.dll ole32.dll gdi32.dll msctf.dll user32.dll winbrand.dll lpk.dll wow64.dll usp10.dll rpcrt4.dll imm32.dll cryptbase.dll msctf.dll msctf.dll cryptbase.dll clbcatq.dll advapi32.dll system.xml.ni.dll sechost.dll oleaut32.dll cryptsp.dll rsaenh.dll System.Xml.ni.dll rpcrtremote.dll msctf.dll shacct.dll comctl32.dll shlwapi.dll userenv.dll system.configuration.dll lpk.dll profapi.dll idstore.dll ntdll.dll kernel32.dll kernelbase.dll advapi32.dll msvcrt.dll sechost.dll rpcrt4.dll user32.dll gdi32.dll lpk.dll usp10.dll comctl32.dll sppcommdlg.dll shlwapi.dll imm32.dll System.Configuration.dll msctf.dll ole32.dll oleaut32.dll shell32.dll powrprof.dll winbrand.dll slc.dll sppc.dll cryptbase.dll clbcatq.dll cryptsp.dll rsaenh.dll rpcrtremote.dll gdi32.dll sppcomapi.dll winscard.dll system.core.dll winhttp.dll shell32.dll clbcatq.dll dbghelp.dll msctf.dll webio.dll sppcext.dll implatsetup.dll oleaut32.dll rasapi32.dll PortableDeviceApi.dll advapi32.dll mscorjit.dll oleaut32.dll rsaenh.dll shlwapi.dll mssprxy.dll System.Activities.dll rasman.dll ws2_32.dll nsi.dll languageoverlayutil.dll setupapi.dll cfgmgr32.dll devobj.dll msi.dll wtsapi32.dll crypt32.dll msasn1.dll usp10.dll cryptui.dll urlmon.dll winbrand.dll sxs.dll wow64cpu.dll tapi32.dll advapi32.dll msvcrt.dll sechost.dll advapi32.dll lpk.dll slwga.dll ntdll.dll shcore.dll ntdll.dll KernelBase.dll wow64.dll wow64win.dll wow64cpu.dll kernel32.dll kernel32.dll kernel32.dll user32.dll kernel32.dll gpapi.dll kernelbase.dll msi.dll advapi32.dll msvcrt.dll sechost.dll rpcrt4.dll sspicli.dll rpcrt4.dll smdiagnostics.ni.dll clbcatq.dll cryptbase.dll dnsapi.dll ws2_32.dll nsi.dll winnsi.dll dhcpcsvc.dll dhcpcsvc6.dll rpcrt4.dll usp10.dll windows.applicationmodel.background.timebroker.dll shell32.dll shlwapi.dll gdi32.dll scrrun.dll user32.dll shell32.dll kernel32.dll lpk.dll usp10.dll ole32.dll imm32.dll rpcrt4.dll msvcr120_clr0400.dll SensApi.dll msctf.dll clbcatq.dll KernelBase.dll oleaut32.dll cryptsp.dll rsaenh.dll rpcrtremote.dll rsaenh.dll wevtapi.dll ntdll.dll kernel32.dll kernelbase.dll advapi32.dll msvcrt.dll lpk.dll sechost.dll rpcrt4.dll KernelBase.dll rsaenh.dll msvcr120_clr0400.dll mscoree.dll ole32.dll gdi32.dll wow64cpu.dll user32.dll lpk.dll usp10.dll system.web.ni.dll oleaut32.dll imm32.dll msctf.dll clbcatq.dll cryptbase.dll cryptsp.dll nsi.dll KernelBase.dll system.dll shacct.dll advapi32.dll wow64win.dll rsaenh.dll rpcrtremote.dll clbcatq.dll sxs.dll mscoreei.dll mscorwks.dll msvcr80.dll apphelp.dll shlwapi.dll shell32.dll dhcpcsvc.dll profapi.dll mscorlib.ni.dll wpdshext.dll mscorjit.dll mscorlib.dll wininet.dll mscorlib.dll version.dll mscorlib.dll mscorlib.dll system.ni.dll windows.staterepositoryps.dll system.core.ni.dll system.security.ni.dll system.xml.ni.dll system.configuration.ni.dll system.data.sqlxml.ni.dll ntdll.dll kernel32.dll kernel32.dll kernelbase.dll advapi32.dll msvcrt.dll sechost.dll userenv.dll user32.dll ntdll.dll rpcrt4.dll system.addin.ni.dll msvcr120_clr0400.dll dpx.dll mscoree.dll wow64win.dll ole32.dll gdi32.dll user32.dll lpk.dll usp10.dll oleaut32.dll cryptbase.dll imm32.dll msctf.dll rpcrt4.dll cryptbase.dll urlmon.dll cryptsp.dll rsaenh.dll mscoreei.dll user32.dll rpcrtremote.dll clbcatq.dll sxs.dll mscoreei.dll mscorwks.dll msvcr80.dll shlwapi.dll shell32.dll profapi.dll mscorlib.ni.dll system.windows.forms.ni.dll mscorjit.dll mscorlib.dll wevtapi.dll mscorlib.dll version.dll system.enterpriseservices.wrapper.dll mscorlib.dll advapi32.dll mscorlib.dll system.ni.dll system.core.ni.dll adtschema.dll system.web.entity.design.ni.dll KernelBase.dll system.drawing.ni.dll system.windows.forms.ni.dll system.design.ni.dll system.web.ni.dll system.web.dll system.web.dll gdi32.dll system.web.dll shlwapi.dll system.web.dll system.web.entity.ni.dll system.data.entity.ni.dll system.data.ni.dll msdadiag.dll advapi32.dll system.data.dll system.data.dll system.data.dll system.data.dll system.data.dll ws2_32.dll nsi.dll crypt32.dll msasn1.dll system.configuration.ni.dll system.xml.ni.dll kernel.appcore.dll system.security.ni.dll system.data.sqlxml.ni.dll accessibility.ni.dll system.runtime.serialization.formatters.soap.ni.dll system.deployment.ni.dll system.drawing.design.ni.dll system.data.oracleclient.ni.dll system.data.oracleclient.dll system.data.oracleclient.dll system.data.oracleclient.dll system.data.oracleclient.dll system.data.oracleclient.dll system.web.regularexpressions.ni.dll microsoft.visualc.ni.dll rpcrt4.dll system.transactions.ni.dll system.transactions.dll system.transactions.dll system.transactions.dll dui70.dll system.transactions.dll system.transactions.dll system.enterpriseservices.ni.dll system.enterpriseservices.dll microsoft.visualstudio.tools.applications.contract.v9.0.ni.dll system.enterpriseservices.dll system.directoryservices.ni.dll system.runtime.remoting.ni.dll system.web.services.ni.dll system.directoryservices.protocols.ni.dll wow64win.dll system.serviceprocess.ni.dll system.configuration.install.ni.dll system.web.abstractions.ni.dll system.web.extensions.ni.dll system.servicemodel.ni.dll system.data.linq.ni.dll system.runtime.serialization.ni.dll system.servicemodel.web.ni.dll system.data.services.client.ni.dll system.data.services.design.ni.dll smdiagnostics.ni.dll UIAnimation.dll system.identitymodel.ni.dll system.messaging.ni.dll system.identitymodel.selectors.ni.dll microsoft.transactions.bridge.ni.dll system.xml.linq.ni.dll windowsbase.ni.dll,normal
 ntdll.dll oleaut32.dll kernel32.dll KernelBase.dll apphelp.dll advapi32.dll msvcrt.dll sechost.dll rpcrt4.dll System.Data.OracleClient.ni.dll msvcr120_clr0400.dll mscoree.dll veeventdispatcher.dll ole32.dll gdi32.dll usp10.dll msvcrt.dll cryptbase.dll user32.dll lpk.dll msvcrt.dll ntdll.dll usp10.dll oleaut32.dll dwmapi.dll sensapi.dll shlwapi.dll imm32.dll kernel32.dll msctf.dll cryptbase.dll cryptsp.dll rsaenh.dll RpcRtRemote.dll clbcatq.dll rsaenh.dll sxs.dll user32.dll mscoreei.dll rpcrt4.dll System.Drawing.dll clr.dll shlwapi.dll mscorlib.ni.dll imageres.dll clrjit.dll System.ni.dll system.componentmodel.composition.ni.dll version.dll mscorlib.dll ole32.dll mscorlib.dll System.Core.ni.dll PresentationFramework.Classic.ni.dll msvcrt.dll WindowsBase.ni.dll ntdll.dll PresentationCore.ni.dll nsi.dll PresentationFramework.ni.dll winsrv.dll PresentationCore.dll sechost.dll npfproxy.dll PresentationCore.dll System.Xaml.ni.dll System.Configuration.ni.dll System.Xml.ni.dll ntdll.dll ntdll.dll wow64.dll sechost.dll wow64win.dll sechost.dll kernelbase.dll sensapi.dll wow64cpu.dll kernel32.dll kernel32.dll presentationframework.dll kernel32.dll user32.dll ntdll.dll kernel32.dll KernelBase.dll msvcrt.dll advapi32.dll msvcrt.dll cryptbase.dll sechost.dll rpcrt4.dll oleaut32.dll sspicli.dll mscorlib.dll cryptbase.dll msvcr120_clr0400.dll imm32.dll advapi32.dll usp10.dll mscoree.dll ole32.dll gdi32.dll user32.dll lpk.dll usp10.dll rasplap.dll oleaut32.dll imm32.dll msctf.dll cryptsp.dll user32.dll rsaenh.dll RpcRtRemote.dll clbcatq.dll sxs.dll mscoreei.dll mscorwks.dll msvcr80.dll cryptbase.dll cryptbase.dll shlwapi.dll shell32.dll profapi.dll mscorlib.ni.dll mscorjit.dll winhttp.dll mscorlib.dll mscorlib.dll version.dll mscorlib.dll mscorlib.dll System.ni.dll System.dll System.dll System.dll System.dll System.Configuration.ni.dll System.configuration.dll System.configuration.dll System.configuration.dll SMDiagnostics.ni.dll System.configuration.dll System.Xml.ni.dll lpk.dll System.XML.dll System.XML.dll System.XML.dll System.XML.dll System.Security.ni.dll System.Security.dll System.Security.dll System.Security.dll System.Security.dll System.Data.SqlXml.ni.dll System.Data.SqlXml.dll api-ms-win-security-lsapolicy-l1-1-0.dll System.Data.SqlXml.dll SMdiagnostics.dll SMdiagnostics.dll SMdiagnostics.dll SMdiagnostics.dll System.Data.SqlXml.dll System.Data.SqlXml.dll,normal
 ntdll.dll ntdll.dll kernel32.dll kernelbase.dll kernelbase.dll sechost.dll sechost.dll rpcrt4.dll rpcrt4.dll ucrtbase.dll ucrtbase.dll system.directoryservices.ni.dll wow64win.dll sechost.dll kernel32.dll combase.dll system.design.ni.dll imm32.dll bcryptprimitives.dll bcryptprimitives.dll wrpint.dll rpcrtremote.dll kernel.appcore.dll kernel.appcore.dll comctl32.dll msvcrt.dll msvcrt.dll user32.dll rsaenh.dll win32u.dll gdi32.dll wshext.dll gdi32full.dll msvcp_win.dll msvcp_win.dll wldp.dll kernel32.dll RpcRtRemote.dll wldp.dll imm32.dll crypt32.dll msasn1.dll rtutils.dll msasn1.dll wintrust.dll advapi32.dll imecfm.dll advapi32.dll clbcatq.dll lpk.dll capabilityaccessmanager.dll capabilityaccessmanager.dll capabilityaccessmanagerclient.dll capabilityaccessmanagerclient.dll policymanager.dll policymanager.dll msvcp110_win.dll msvcp110_win.dll oleaut32.dll capabilityaccesshandlers.dll capabilityaccesshandlers.dll,normal
 advapi32.dll ntdll.dll ws2_32.dll kernel32.dll kernelbase.dll msvcrt.dll kernel32.dll conhostv2.dll combase.dll imm32.dll ucrtbase.dll rpcrt4.dll iertutil.dll fontgroupsoverride.dll bcryptprimitives.dll gdi32.dll gdi32full.dll user32.dll win32u.dll imm32.dll oleaut32.dll imm32.dll msvcp_win.dll propsys.dll rsaenh.dll sechost.dll shcore.dll lpk.dll shlwapi.dll advapi32.dll wow64cpu.dll kernel.appcore.dll profapi.dll cfgmgr32.dll windows.storage.dll powrprof.dll shlwapi.dll clbcatq.dll msctf.dll shell32.dll,normal
 ntdll.dll kernel32.dll cryptsp.dll kernelbase.dll System.DirectoryServices.dll advapi32.dll lpk.dll msvcrt.dll System.Data.SqlXml.dll sechost.dll rpcrt4.dll user32.dll win32u.dll gdi32.dll vbajet32.dll gdi32full.dll msimsg.dll combase.dll msvcr120_clr0400.dll ucrtbase.dll msvcp110_win.dll bcryptprimitives.dll system.deployment.dll shell32.dll cfgmgr32.dll windows.storage.dll kernel32.dll winbrand.dll kernel32.dll powrprof.dll shlwapi.dll kernel.appcore.dll shcore.dll profapi.dll ole32.dll imm32.dll uxtheme.dll msctf.dll wldap32.dll oleaut32.dll msvcp_win.dll dwmapi.dll,normal
 ntdll.dll kernel32.dll kernelbase.dll advapi32.dll msvcrt.dll sechost.dll rpcrt4.dll Microsoft.VisualStudio.Tools.Office.ContainerControl.dll version.dll Microsoft.MediaCenter.Interop.dll bcryptprimitives.dll mpclient.dll oleaut32.dll msvcp_win.dll ucrtbase.dll rpcrt4.dll combase.dll nsi.dll uxtheme.dll ole32.dll version.dll gdi32.dll system.runtime.remoting.dll gdi32full.dll gdi32full.dll System.ni.dll user32.dll System.Drawing.ni.dll win32u.dll crypt32.dll msasn1.dll userenv.dll profapi.dll gpapi.dll cabinet.dll cabinet.dll kernel.appcore.dll,normal
 ntdll.dll ntdll.dll wow64.dll wow64win.dll wow64cpu.dll kernel32.dll kernel32.dll kernel32.dll user32.dll kernel32.dll gdi32.dll shlwapi.dll KernelBase.dll msvcrt.dll RpcRtRemote.dll mscorlib.dll winbrand.dll user32.dll gdi32.dll user32.dll System.Core.dll adsnt.dll lpk.dll shlwapi.dll usp10.dll advapi32.dll version.dll sechost.dll System.configuration.dll rpcrt4.dll sspicli.dll cryptbase.dll imm32.dll msctf.dll apphelp.dll,normal
 msctf.dll explorerframe.dll msftedit.dll cryptsp.dll msimg32.dll wmipcima.dll windows.globalization.dll bcp47langs.dll globinputhost.dll mscorlib.dll linkinfo.dll ntshrui.dll cscapi.dll clbcatq.dll searchfolder.dll uiautomationcore.dll oleaut32.dll structuredquery.dll msctf.dll actxprxy.dll samlib.dll thumbcache.dll samcli.dll networkexplorer.dll drprov.dll ws2_32.dll ntlanman.dll winsta.dll twinapi.dll twinapi.appcore.dll,normal
 ntdll.dll ntdll.dll ntdll.dll kernel32.dll shlwapi.dll KernelBase.dll kernelbase.dll mscorlib.ni.dll kernelbase.dll advapi32.dll advapi32.dll msvcrt.dll kernelbase.dll msvcrt.dll oleaut32.dll ole32.dll kernel32.dll rpcrt4.dll rpcrt4.dll secur32.dll ws2_32.dll comctl32.dll secur32.dll userenv.dll clbcatq.dll userenv.dll mpclient.dll mpclient.dll cabinet.dll cabinet.dll sechost.dll sechost.dll kernel32.dll combase.dll gdi32.dll user32.dll profapi.dll wintrust.dll version.dll crypt32.dll msasn1.dll ktmw32.dll System.Data.Services.Client.dll sspicli.dll msasn1.dll sspicli.dll sspicli.dll usp10.dll ws2_32.dll microsoft.visualc.ni.dll ws2_32.dll comctl32.dll nsi.dll npmproxy.dll imageres.dll nsi.dll winhttp.dll winhttp.dll shlwapi.dll mpcommu.dll mpcommu.dll kernel.appcore.dll kernel.appcore.dll kernelbase.dll cryptbase.dll dnsapi.dll msvcr120_clr0400.dll cryptbase.dll sensapi.dll bcryptprimitives.dll bcryptprimitives.dll sechost.dll srvsvc.dll clbcatq.dll wuapi.dll wuapi.dll wups.dll wups.dll cryptsp.dll cryptsp.dll rsaenh.dll rsaenh.dll bcrypt.dll bcrypt.dll wups.dll wups.dll,normal
 ntdll.dll kernel32.dll kernelbase.dll imm32.dll advapi32.dll msvcrt.dll dnsapi.dll sechost.dll System.ServiceProcess.ni.dll rpcrt4.dll mssprxy.dll oleaut32.dll combase.dll comctl32.dll ole32.dll advapi32.dll gdi32.dll user32.dll gdi32.dll sspicli.dll secur32.dll userenv.dll profapi.dll mpclient.dll dui70.dll certadm.dll wintrust.dll msasn1.dll crypt32.dll mscorlib.dll version.dll cabinet.dll SensApi.dll sspicli.dll gpapi.dll ws2_32.dll nsi.dll shlwapi.dll version.dll winmm.dll winhttp.dll msvcr80.dll mpcommu.dll gpapi.dll kernel.appcore.dll bcryptprimitives.dll system.management.ni.dll clbcatq.dll wuapi.dll shcore.dll wups.dll updatepolicy.dll cryptsp.dll bcrypt.dll rsaenh.dll kernel32.dll cryptbase.dll wups.dll windows.storage.dll powrprof.dll policymanager.dll msvcp110_win.dll xmllite.dll,normal
 wow64win.dll ntdll.dll kernel32.dll rsaenh.dll kernelbase.dll gdi32.dll gdi32full.dll msvcp_win.dll ucrtbase.dll user32.dll win32u.dll iertutil.dll msvcrt.dll api-ms-win-core-timezone-l1-1-0.dll combase.dll mscorlib.ni.dll shell32.dll rpcrt4.dll bcryptprimitives.dll crypt32.dll msasn1.dll system.security.dll wshqos.dll sechost.dll System.Configuration.ni.dll sspicli.dll userenv.dll sechost.dll wow64cpu.dll profapi.dll wmsgapi.dll ntdll.dll amsi.dll comctl32.dll msctfmonitor.dll msctf.dll oleaut32.dll bcp47mrm.dll imm32.dll msimg32.dll shlwapi.dll winsta.dll wtsapi32.dll msutb.dll shell32.dll cfgmgr32.dll shcore.dll msctf.dll windows.storage.dll xmllite.dll System.ServiceModel.dll sspicli.dll iertutil.dll mscorlib.ni.dll advpack.dll advapi32.dll shlwapi.dll kernel.appcore.dll powrprof.dll uxtheme.dll sechost.dll imagehlp.dll wintrust.dll iphlpsvc.dll cryptsp.dll rsaenh.dll crypt32.dll bcrypt.dll gdi32.dll cryptbase.dll clbcatq.dll gpapi.dll oleaut32.dll urlmon.dll propsys.dll kernelbase.dll cryptbase.dll iertutil.dll amsiproxy.dll dwmapi.dll ole32.dll kbd101.dll system.windows.forms.dll kbd106.dll kbdnec.dll kbd106.dll wuwebv.dll inputswitch.dll clipc.dll dui70.dll duser.dll crypt32.dll user32.dll xmllite.dll dwrite.dll uianimation.dll d3d11.dll dxgi.dll user32.dll d3d10warp.dll resourcepolicyclient.dll bcp47langs.dll credui.dll wincredui.dll windows.ui.creddialogcontroller.dll windows.ui.xamlhost.dll audioses.dll mmdevapi.dll avrt.dll devobj.dll windows.ui.cred.dll wincorlib.dll kernelbase.dll mrmcorer.dll System.Xml.dll windows.ui.dll api-ms-win-core-synch-l1-2-0.dll textinputframework.dll SensApi.dll coreuicomponents.dll coremessaging.dll ntmarta.dll usermgrcli.dll SensApi.dll windows.ui.xaml.dll msvcr120_clr0400.dll windows.ui.immersive.dll kernel32.dll twinapi.appcore.dll wintypes.dll wintypes.dll windows.globalization.fontgroups.dll fontgroupsoverride.dll fontglyphanimator.dll windows.internal.ui.logon.proxystub.dll windows.globalization.dll dcomp.dll d2d1.dll directmanipulation.dll version.dll oleacc.dll ncrypt.dll ntasn1.dll GdiPlus.dll policymanager.dll mscorlib.dll msvcp110_win.dll imecfm.dll wer.dll ninput.dll uiautomationcore.dll,normal
 ntdll.dll kernel32.dll KernelBase.dll advapi32.dll setupapi.dll msvcrt.dll ntdll.dll comctl32.dll sechost.dll System.Xml.ni.dll rpcrt4.dll msvcr120_clr0400.dll mscoree.dll ole32.dll gdi32.dll user32.dll energy.dll user32.dll lpk.dll user32.dll usp10.dll cfgmgr32.dll oleaut32.dll imm32.dll kernel32.dll msctf.dll msvcrt.dll cryptbase.dll user32.dll cryptsp.dll rpcrt4.dll sechost.dll rsaenh.dll user32.dll RpcRtRemote.dll samlib.dll clbcatq.dll sxs.dll mscoreei.dll clr.dll imm32.dll wininet.dll shlwapi.dll mscorlib.ni.dll microsoft.jscript.ni.dll clrjit.dll version.dll mscorlib.dll mscorlib.dll ntdll.dll kernel32.dll KernelBase.dll advapi32.dll msvcrt.dll sechost.dll rpcrt4.dll msvcr120_clr0400.dll lpk.dll mscoree.dll secur32.dll ole32.dll gdi32.dll advapi32.dll user32.dll cfgmgr32.dll lpk.dll winbrand.dll usp10.dll mintdh.dll oleaut32.dll KernelBase.dll imm32.dll msctf.dll cryptbase.dll cryptsp.dll rsaenh.dll RpcRtRemote.dll dsparse.dll usp10.dll wmiprov.dll clbcatq.dll sxs.dll mscoreei.dll clr.dll shlwapi.dll dnsapi.dll mscorlib.ni.dll combase.dll clrjit.dll sensapi.dll shlwapi.dll version.dll mscorlib.ni.dll mscorlib.dll user32.dll mscorlib.dll Microsoft.Office.Tools.ni.dll System.ni.dll System.Core.ni.dll actxprxy.dll Microsoft.VisualStudio.Tools.Applications.Runtime.ni.dll System.Drawing.ni.dll firewallapi.dll System.Windows.Forms.ni.dll cryptsp.dll dhcpcsvc6.dll Microsoft.VisualStudio.Tools.Applications.Hosting.ni.dll System.Configuration.ni.dll System.Xml.ni.dll ntdll.dll ntdll.dll wow64.dll wow64win.dll wow64cpu.dll kernel32.dll kernel32.dll kernel32.dll user32.dll bcryptprimitives.dll kernel32.dll KernelBase.dll advapi32.dll msvcrt.dll wevtapi.dll msvcrt.dll cryptbase.dll sechost.dll rpcrt4.dll sspicli.dll cryptbase.dll msvcr120_clr0400.dll mscoree.dll ole32.dll gdi32.dll devicecenter.dll user32.dll lpk.dll cryptsp.dll system.xml.linq.dll usp10.dll oleaut32.dll version.dll imm32.dll System.dll msctf.dll cryptsp.dll rsaenh.dll ole32.dll RpcRtRemote.dll clbcatq.dll sxs.dll kernelbase.dll mscoreei.dll clr.dll shlwapi.dll mscorlib.ni.dll clrjit.dll Microsoft.Office.Tools.Word.Implementation.dll wow64.dll System.Transactions.dll Microsoft.Office.Tools.Word.Implementation.dll System.ni.dll System.Core.ni.dll Microsoft.Office.Tools.Common.Implementation.ni.dll version.dll mscorlib.dll mscorlib.dll winshfhc.dll System.dll ntmarta.dll System.Drawing.dll System.dll System.Core.dll System.Core.dll Microsoft.Office.Tools.Word.ni.dll Microsoft.Office.Tools.Common.ni.dll System.Drawing.ni.dll System.Windows.Forms.ni.dll shell32.dll System.Windows.Forms.dll System.Windows.Forms.dll kernelbase.dll System.Drawing.dll System.Drawing.dll Microsoft.Office.Tools.ni.dll System.Xml.ni.dll System.Xml.dll oleaut32.dll System.Xml.dll Microsoft.VisualStudio.Tools.Applications.Runtime.dll Microsoft.VisualStudio.Tools.Applications.Runtime.dll Microsoft.Office.Tools.v4.0.Framework.ni.dll System.Configuration.ni.dll System.Configuration.dll System.Configuration.dll System.Numerics.ni.dll System.Numerics.dll System.Numerics.dll System.Security.ni.dll System.Security.dll System.Security.dll,normal
 ntdll.dll kernel32.dll KernelBase.dll kernel32.dll gdi32.dll user32.dll shell32.dll kernel32.dll shell32.dll ntmarta.dll rpcrt4.dll msvcrt.dll imm32.dll oleaut32.dll combase.dll msctf.dll rpcrt4.dll sspicli.dll sechost.dll uxtheme.dll dwmapi.dll comctl32.dll ole32.dll kernel.appcore.dll rpcrt4.dll cryptbase.dll lpk.dll ntdll.dll bcryptprimitives.dll clbcatq.dll wow64win.dll advapi32.dll shell32.dll version.dll oleacc.dll shlwapi.dll ws2_32.dll System.Xml.Linq.dll propsys.dll profapi.dll ntmarta.dll dui70.dll imecfm.dll wer.dll,normal
 ntdll.dll uianimation.dll system.data.sqlxml.dll kernel32.dll kernel32.dll KernelBase.dll gdi32.dll RpcRtRemote.dll user32.dll rsaenh.dll lpk.dll usp10.dll wdscore.dll msvcrt.dll imm32.dll ntdll.dll api-ms-win-core-io-l1-1-0.dll kernel32.dll sechost.dll msctf.dll ole32.dll imagehlp.dll rpcrt4.dll oleaut32.dll cryptbase.dll clbcatq.dll advapi32.dll kernelbase.dll sechost.dll shell32.dll shlwapi.dll advapi32.dll clbcatq.dll comctl32.dll rpcrt4.dll oleacc.dll imecfm.dll version.dll uxtheme.dll msswch.dll winmm.dll msswch.dll winmm.dll system.security.dll msswch.dll winmm.dll ntdll.dll ntdll.dll wow64.dll wow64win.dll wow64cpu.dll user32.dll kernel32.dll ntmarta.dll kernel32.dll gdi32.dll kernel32.dll user32.dll rsaenh.dll kernel32.dll kernel32.dll clbcatq.dll KernelBase.dll KernelBase.dll psapi.dll advapi32.dll msvcrt.dll msvcp_win.dll sechost.dll rpcrt4.dll sspicli.dll shell32.dll cryptbase.dll dnsapi.dll ws2_32.dll msctf.dll nsi.dll winnsi.dll dhcpcsvc.dll dhcpcsvc6.dll shell32.dll shlwapi.dll gdi32.dll user32.dll lpk.dll usp10.dll ole32.dll imm32.dll msctf.dll clbcatq.dll oleaut32.dll cryptsp.dll rsaenh.dll RpcRtRemote.dll wevtapi.dll,normal
 ntdll.dll ntdll.dll kernel32.dll kernelbase.dll system.configuration.dll kernelbase.dll advapi32.dll advapi32.dll msvcrt.dll pnrpnsp.dll msvcrt.dll combase.dll System.Web.Extensions.dll oleaut32.dll bcryptprimitives.dll user32.dll tquery.dll tquery.dll imm32.dll devobj.dll msshooks.dll cfgmgr32.dll rpcrt4.dll msshooks.dll shlwapi.dll sechost.dll sechost.dll cryptsp.dll rpcrt4.dll rpcrt4.dll user32.dll gdi32.dll shlwapi.dll msctf.dll msctf.dll kernel.appcore.dll kernel.appcore.dll adsldp.dll cryptbase.dll cryptbase.dll bcryptprimitives.dll comctl32.dll bcryptprimitives.dll System.configuration.dll clbcatq.dll sspicli.dll cryptsp.dll cryptsp.dll kernel32.dll rsaenh.dll rsaenh.dll bcrypt.dll bcrypt.dll mssprxy.dll mssprxy.dll shcore.dll shcore.dll,normal
 ntdll.dll ntdll.dll usermgrcli.dll wow64.dll wow64win.dll user32.dll wow64cpu.dll kernel32.dll kernel32.dll kernel32.dll rsaenh.dll user32.dll kernel32.dll KernelBase.dll msvcrt.dll rpcrt4.dll oleaut32.dll ole32.dll gdi32.dll user32.dll igc64.dll nsi.dll usp10.dll advapi32.dll sechost.dll rpcrt4.dll sspicli.dll clr.dll cryptbase.dll System.Xml.dll system.core.ni.dll urlmon.dll lpk.dll usp10.dll version.dll imm32.dll msctf.dll sxs.dll ole32.dll clbcatq.dll vbscript.dll advapi32.dll wintrust.dll crypt32.dll imm32.dll System.Data.SqlXml.dll msasn1.dll cryptsp.dll rsaenh.dll imageres.dll msisip.dll wshext.dll System.Security.dll msctf.dll rsaenh.dll comctl32.dll shell32.dll ncrypt.dll shlwapi.dll scrobj.dll msi.dll iertutil.dll gdi32.dll scrrun.dll ntdll.dll ntdll.dll wow64.dll wow64win.dll sechost.dll mscoreei.dll api-ms-win-core-timezone-l1-1-0.dll wow64cpu.dll system.enterpriseservices.dll xmllite.dll ieapfltr.dll kernel32.dll imageres.dll kernel32.dll kernel32.dll user32.dll kernel32.dll Microsoft.PowerShell.Management.Activities.dll KernelBase.dll msvcrt.dll oleaut32.dll ole32.dll gdi32.dll user32.dll advapi32.dll sechost.dll lpk.dll rpcrt4.dll sspicli.dll kernelbase.dll cryptbase.dll rpcrt4.dll lpk.dll usp10.dll version.dll apphelp.dll sechost.dll imm32.dll msctf.dll kernel32.dll sxs.dll clbcatq.dll vbscript.dll advapi32.dll clbcatq.dll wintrust.dll ieframe.dll crypt32.dll msasn1.dll cryptsp.dll userenv.dll rsaenh.dll msisip.dll cfgmgr32.dll msshooks.dll wcp.dll user32.dll wshext.dll user32.dll comctl32.dll KernelBase.dll shell32.dll cryptbase.dll shlwapi.dll scrobj.dll msi.dll scrrun.dll ntdll.dll cryptsp.dll cryptbase.dll ntdll.dll sechost.dll wow64.dll wow64win.dll wow64cpu.dll kernel32.dll cryptbase.dll kernel32.dll kernel32.dll rpcrt4.dll user32.dll kernel32.dll KernelBase.dll clbcatq.dll advapi32.dll cryptbase.dll msvcrt.dll sechost.dll rpcrt4.dll sspicli.dll cryptbase.dll dnsapi.dll ws2_32.dll nsi.dll winnsi.dll dhcpcsvc.dll dhcpcsvc6.dll shell32.dll msvcrt.dll shlwapi.dll imm32.dll gdi32.dll user32.dll lpk.dll usp10.dll ole32.dll user32.dll imm32.dll shell32.dll cryptbase.dll msctf.dll clbcatq.dll sspicli.dll oleaut32.dll cryptsp.dll rsaenh.dll RpcRtRemote.dll wevtapi.dll ntdll.dll ntdll.dll wow64.dll wow64win.dll wow64cpu.dll kernel32.dll kernel32.dll kernel32.dll user32.dll kernel32.dll KernelBase.dll msvcrt.dll uxtheme.dll winbrand.dll user32.dll gdi32.dll lpk.dll usp10.dll advapi32.dll sechost.dll rpcrt4.dll sspicli.dll cryptbase.dll imm32.dll msctf.dll apphelp.dll,normal
 ntdll.dll ntdll.dll wow64.dll winbrand.dll wow64win.dll wow64cpu.dll kernel32.dll kernel32.dll kernel32.dll user32.dll kernel32.dll KernelBase.dll System.Transactions.ni.dll msvcrt.dll winbrand.dll pnrpnsp.dll System.Xml.dll user32.dll system.xml.ni.dll spoolss.dll gdi32.dll lpk.dll cryptbase.dll usp10.dll advapi32.dll combase.dll advapi32.dll sechost.dll rpcrt4.dll microsoft.powershell.security.dll sspicli.dll cryptbase.dll imm32.dll msctf.dll apphelp.dll,normal
 ntdll.dll kernel32.dll kernelbase.dll msvcrt.dll conhostv2.dll msvcp_win.dll ucrtbase.dll combase.dll rpcrt4.dll igc64.dll bcryptprimitives.dll gdi32.dll wsock32.dll gdi32full.dll user32.dll system.transactions.ni.dll System.ServiceModel.Internals.ni.dll win32u.dll oleaut32.dll advapi32.dll sechost.dll imm32.dll propsys.dll api-ms-win-downlevel-normaliz-l1-1-0.dll shcore.dll vm3dum64_10.dll shell32.dll clbcatq.dll cfgmgr32.dll windows.storage.dll shlwapi.dll rpcrt4.dll kernel.appcore.dll shell32.dll winnsi.dll powrprof.dll profapi.dll ntdll.dll advapi32.dll rsaenh.dll uxtheme.dll msctf.dll dwmapi.dll imageres.dll comctl32.dll nsi.dll mssprxy.dll textinputframework.dll clbcatq.dll coreuicomponents.dll coremessaging.dll ntmarta.dll System.Transactions.dll wintypes.dll usermgrcli.dll clbcatq.dll userenv.dll ole32.dll version.dll iertutil.dll oleacc.dll crypt32.dll msasn1.dll ncrypt.dll bcrypt.dll ntasn1.dll gdi32.dll policymanager.dll msvcp110_win.dll dui70.dll imecfm.dll wer.dll,normal
 ntdll.dll kernel32.dll kernelbase.dll msvcrt.dll rsaenh.dll ole32.dll gdi32.dll user32.dll lpk.dll usp10.dll shlwapi.dll rpcrt4.dll imm32.dll ntdll.dll msctf.dll cryptbase.dll cryptsp.dll clbcatq.dll advapi32.dll sechost.dll sechost.dll oleaut32.dll cryptsp.dll psapi.dll rsaenh.dll nsi.dll rpcrtremote.dll uxtheme.dll thumbcache.dll gdi32.dll shell32.dll sxs.dll shlwapi.dll comctl32.dll msctf.dll psapi.dll propsys.dll,normal
 ondemandconnroutehelper.dll configurationclient.dll,normal
 sensapi.dll ntdll.dll ntdll.dll wow64.dll tiptsf.dll wow64win.dll wow64cpu.dll dpx.dll lpk.dll kernel32.dll kernel32.dll kernel32.dll user32.dll usp10.dll kernel32.dll kernelbase.dll msvcrt.dll wow64.dll winbrand.dll user32.dll clbcatq.dll combase.dll gdi32.dll lpk.dll usp10.dll advapi32.dll sechost.dll advapi32.dll rpcrt4.dll sspicli.dll cryptbase.dll clbcatq.dll imm32.dll msctf.dll apphelp.dll,normal
 ntdll.dll kernel32.dll iertutil.dll kernelbase.dll advapi32.dll msvcrt.dll sechost.dll rpcrt4.dll system.data.oracleclient.dll ole32.dll gdi32.dll user32.dll System.ni.dll cfgmgr32.dll lpk.dll usp10.dll mcplayerinterop.ni.dll msvcrt.dll imm32.dll msctf.dll wow64.dll kernel32.dll wdscore.dll oleaut32.dll shell32.dll cryptbase.dll shlwapi.dll version.dll ktmw32.dll dbghelp.dll cbscore.dll rsaenh.dll crypt32.dll usp10.dll bcrypt.dll msasn1.dll wintrust.dll winsta.dll userenv.dll mssprxy.dll profapi.dll dpx.dll dpx.dll dpx.dll wcp.dll setupapi.dll vm3dum64.dll cfgmgr32.dll kernelbase.dll System.Data.Services.Design.dll devobj.dll mpr.dll drupdate.dll wow64win.dll spp.dll vssapi.dll vsstrace.dll system.windows.forms.ni.dll srclient.dll user32.dll atl.dll sqmapi.dll winhttp.dll webio.dll SensApi.dll winhttp.dll webio.dll wrpint.dll api-ms-win-core-debug-l1-1-0.dll clbcatq.dll clbcatq.dll cbsapi.dll sxsstore.dll sensapi.dll cryptsp.dll rsaenh.dll rpcrtremote.dll smipi.dll smiengine.dll,normal
 ntdll.dll kernel32.dll kernel32.dll kernelbase.dll advapi32.dll msctf.dll msvcrt.dll sechost.dll rpcrt4.dll kernel32.dll msvcr120_clr0400.dll mscoree.dll ole32.dll mscorlib.dll cryptsp.dll gdi32.dll vcruntime140.dll adtschema.dll user32.dll cryptsp.dll winbrand.dll lpk.dll Microsoft.VisualStudio.Tools.Office.AddInAdapter.v9.0.dll usp10.dll oleaut32.dll imm32.dll msctf.dll cryptbase.dll cryptsp.dll kernel32.dll rsaenh.dll rpcrtremote.dll clbcatq.dll user32.dll clbcatq.dll winnsi.dll sxs.dll mscoreei.dll wow64.dll ole32.dll ntdll.dll mscorwks.dll msvcr80.dll presentationcore.dll msctf.dll msctf.dll shlwapi.dll shell32.dll profapi.dll mscorlib.ni.dll mscorjit.dll setupapi.dll system.web.extensions.dll mscorlib.dll mscorlib.dll version.dll mscorlib.dll wbemcomn.dll mscorlib.dll ehiupnp.ni.dll ntdll.dll kernel32.dll kernelbase.dll advapi32.dll msvcrt.dll sechost.dll certenroll.dll KernelBase.dll rpcrt4.dll user32.dll rpcrt4.dll KernelBase.dll msvcr120_clr0400.dll mscoree.dll ole32.dll wpdshext.dll gdi32.dll usp10.dll mprmsg.dll user32.dll lpk.dll usp10.dll oleaut32.dll msvcrt.dll imm32.dll sechost.dll msctf.dll cryptbase.dll cryptsp.dll cscdll.dll rsaenh.dll rpcrtremote.dll clbcatq.dll sxs.dll mscoreei.dll mscorwks.dll msvcr80.dll ntdll.dll shlwapi.dll shell32.dll profapi.dll dnsapi.dll mscorlib.ni.dll sspicli.dll oleaut32.dll mscorjit.dll mscorlib.dll nsi.dll sechost.dll mscorlib.dll version.dll mscorlib.dll mscorlib.dll stdole.ni.dll mscorsec.dll wintrust.dll crypt32.dll msasn1.dll comctl32.dll sendmail.dll version.dll sspicli.dll riched20.dll imagehlp.dll ncrypt.dll System.Configuration.ni.dll microsoft-windows-homegroupdiagnostic.netlistmgr.interop.dll microsoft-windows-homegroupdiagnostic.netlistmgr.interop.dll microsoft-windows-homegroupdiagnostic.netlistmgr.interop.dll bcrypt.dll bcryptprimitives.dll userenv.dll imm32.dll gpapi.dll cryptnet.dll wldap32.dll sensapi.dll kernel32.dll user32.dll ntdll.dll ntdll.dll kernel32.dll kernelbase.dll advapi32.dll msvcrt.dll ucrtbase.dll ws2_32.dll sechost.dll rpcrt4.dll msvcr120_clr0400.dll mscoree.dll ole32.dll system.xml.dll gdi32.dll user32.dll lpk.dll usp10.dll oleaut32.dll imm32.dll msctf.dll cryptbase.dll cryptsp.dll rsaenh.dll rsaenh.dll rpcrtremote.dll clbcatq.dll kernel32.dll sxs.dll mscoreei.dll ole32.dll mscorwks.dll msvcr80.dll shlwapi.dll shell32.dll shell32.dll profapi.dll mscorlib.ni.dll mscorjit.dll mscorlib.dll sechost.dll mscorlib.dll version.dll mscorlib.dll mscorlib.dll system.ni.dll system.configuration.install.ni.dll user32.dll api-ms-win-core-processthreads-l1-1-2.dll system.runtime.serialization.formatters.soap.ni.dll system.drawing.ni.dll system.windows.forms.ni.dll shell32.dll system.configuration.ni.dll msoert2.dll rpcrt4.dll system.xml.ni.dll system.security.ni.dll system.enterpriseservices.dll ntshrui.dll kernel32.dll system.data.sqlxml.ni.dll ole32.dll accessibility.ni.dll msvcrt.dll msctf.dll ntdll.dll system.deployment.ni.dll ntdll.dll ntdll.dll kernel32.dll kernelbase.dll advapi32.dll clbcatq.dll msvcrt.dll sechost.dll cryptsp.dll wevtapi.dll rpcrt4.dll msvcr120_clr0400.dll mscoree.dll SensApi.dll ole32.dll gdi32.dll user32.dll lpk.dll usp10.dll oleaut32.dll imm32.dll msctf.dll System.Security.ni.dll oleaut32.dll cryptbase.dll system.data.dll oleaut32.dll cryptsp.dll rsaenh.dll winstore.preview.dll rpcrtremote.dll clbcatq.dll sxs.dll mscoreei.dll gdi32.dll bcryptprimitives.dll shell32.dll usp10.dll win32u.dll clr.dll shlwapi.dll nsi.dll mscorlib.ni.dll clrjit.dll version.dll system.ni.dll microsoft.transactions.bridge.ni.dll system.web.services.dll version.dll mscorlib.dll System.Transactions.dll ntdll.dll mscorlib.dll system.core.ni.dll ole32.dll sdiagprv.dll system.servicemodel.ni.dll system.runtime.serialization.ni.dll smdiagnostics.ni.dll imagehlp.dll system.xml.ni.dll system.servicemodel.internals.ni.dll system.transactions.ni.dll system.transactions.dll system.transactions.dll system.transactions.dll system.identitymodel.ni.dll system.configuration.ni.dll user32.dll ntdll.dll kernel32.dll kernel32.dll kernelbase.dll advapi32.dll kernelbase.dll msvcrt.dll sechost.dll rpcrt4.dll msvcr120_clr0400.dll mscoree.dll kernel32.dll kernel32.dll netutils.dll mscoreei.dll ole32.dll gdi32.dll Microsoft.Office.Tools.v9.0.dll user32.dll lpk.dll shell32.dll api-ms-win-downlevel-advapi32-l1-1-0.dll usp10.dll oleaut32.dll imm32.dll advapi32.dll mscoree.dll msctf.dll cryptbase.dll cryptsp.dll rsaenh.dll sspicli.dll rpcrtremote.dll clbcatq.dll sxs.dll mscoreei.dll clr.dll shlwapi.dll mscorlib.ni.dll BDATunePIA.ni.dll System.Web.dll clrjit.dll system.ni.dll version.dll mscoreei.dll mscorlib.dll mscorlib.dll system.net.ni.dll system.core.ni.dll system.configuration.ni.dll system.xml.ni.dll ntdll.dll msvcrt.dll System.Data.SqlXml.ni.dll ntdll.dll system.data.oracleclient.dll wow64.dll wow64win.dll wow64cpu.dll vm3dum64.dll kernel32.dll kernel32.dll kernel32.dll user32.dll kernel32.dll kernelbase.dll advapi32.dll cryptbase.dll msvcrt.dll sechost.dll wow64cpu.dll rpcrt4.dll sspicli.dll System.ServiceModel.Internals.dll kernel32.dll cryptbase.dll msvcr120_clr0400.dll mscoree.dll msshooks.dll ws2_32.dll ole32.dll mso99lwin32client.dll oleaut32.dll vm3dum64.dll remotepg.dll gdi32.dll user32.dll user32.dll lpk.dll usp10.dll oleaut32.dll api-ms-win-core-threadpool-private-l1-1-0.dll kernel32.dll imm32.dll msctf.dll cryptsp.dll cryptsp.dll rsaenh.dll rpcrtremote.dll clbcatq.dll sxs.dll mscoreei.dll clr.dll shlwapi.dll msvcr120_clr0400.dll mscorlib.ni.dll advapi32.dll clrjit.dll system.ni.dll system.core.ni.dll version.dll ws2_32.dll user32.dll system.activities.durableinstancing.ni.dll system.activities.durableinstancing.dll user32.dll system.activities.durableinstancing.dll mscorlib.dll mscorlib.dll system.dll system.dll system.core.dll system.core.dll system.ni.dll system.servicemodel.internals.ni.dll system.servicemodel.internals.dll system.servicemodel.internals.dll advapi32.dll wow64cpu.dll system.runtime.durableinstancing.ni.dll msvcrt.dll wintrust.dll system.runtime.durableinstancing.dll psapi.dll System.Core.dll kernel32.dll Microsoft.VisualC.ni.dll system.runtime.durableinstancing.dll system.transactions.ni.dll system.transactions.dll imm32.dll system.transactions.dll system.transactions.dll system.data.sqlxml.dll rpcrt4.dll system.data.ni.dll system.data.dll system.data.dll system.data.dll system.xml.linq.ni.dll kernel32.dll system.xml.linq.dll system.xml.linq.dll system.activities.ni.dll vbscript.dll system.activities.dll mscorlib.dll system.activities.dll system.runtime.serialization.ni.dll system.runtime.serialization.dll version.dll system.runtime.serialization.dll system.xml.ni.dll system.xml.dll system.xml.dll system.numerics.ni.dll system.numerics.dll system.numerics.dll profapi.dll SensApi.dll system.security.ni.dll system.security.dll system.security.dll system.configuration.ni.dll system.configuration.dll system.configuration.dll user32.dll secur32.dll kernel32.dll setupapi.dll ntdll.dll ntdll.dll wow64.dll shlwapi.dll oleaut32.dll wow64win.dll wow64cpu.dll kernel32.dll kernel32.dll kernel32.dll system.security.dll user32.dll kernel32.dll kernelbase.dll advapi32.dll msvcrt.dll sechost.dll rpcrt4.dll sspicli.dll cryptbase.dll msvcr120_clr0400.dll mscoree.dll ole32.dll gdi32.dll user32.dll lpk.dll usp10.dll oleaut32.dll imm32.dll msctf.dll cryptsp.dll rpcrt4.dll rsaenh.dll rpcrtremote.dll clbcatq.dll sxs.dll usp10.dll mscoreei.dll clr.dll shlwapi.dll mscorlib.ni.dll clrjit.dll system.ni.dll system.drawing.design.ni.dll version.dll mscorlib.dll mscorlib.dll system.dll system.dll system.drawing.ni.dll system.drawing.dll system.drawing.dll system.windows.forms.ni.dll system.windows.forms.dll bcryptprimitives.dll system.windows.forms.dll system.core.ni.dll gpapi.dll system.configuration.ni.dll wow64.dll system.configuration.dll system.configuration.dll system.core.dll accessibility.dll system.core.dll system.xml.ni.dll system.xml.dll system.xml.dll ntdll.dll ntdll.dll wow64.dll wow64win.dll wow64cpu.dll kernel32.dll kernel32.dll kernel32.dll user32.dll kernel32.dll kernelbase.dll advapi32.dll msvcrt.dll sechost.dll rpcrt4.dll sspicli.dll wintrust.dll cryptbase.dll msvcr120_clr0400.dll mscoree.dll ole32.dll gdi32.dll user32.dll lpk.dll usp10.dll oleaut32.dll imm32.dll msctf.dll cryptsp.dll rsaenh.dll rpcrtremote.dll clbcatq.dll sxs.dll mscoreei.dll clr.dll shlwapi.dll mscorlib.ni.dll clrjit.dll uiautomationtypes.ni.dll version.dll uiautomationtypes.dll uiautomationtypes.dll mscorlib.dll mscorlib.dll,normal
 aelupsvc.dll apphelp.dll sechost.dll rpcrt4.dll wups.dll rasapi32.dll rasman.dll,normal
 ntdll.dll kernel32.dll ole32.dll imm32.dll odbc32.dll kernel32.dll sechost.dll shlwapi.dll msctf.dll nsi.dll lpk.dll kernelbase.dll samlib.dll ws2_32.dll msctf.dll oleaut32.dll shlwapi.dll advapi32.dll clbcatq.dll rpcrt4.dll kernelbase.dll nsi.dll msvcrt.dll user32.dll kernelbase.dll gdi32.dll usp10.dll KernelBase.dll cryptbase.dll bcrypt.dll cryptsp.dll mswsock.dll wship6.dll rsaenh.dll netutils.dll pcwum.dll system.configuration.install.ni.dll version.dll wkscli.dll version.dll winnsi.dll dhcpcsvc6.dll clbcatq.dll dhcpcsvc.dll secur32.dll mapi32.dll sspicli.dll KernelBase.dll credssp.dll lpk.dll RpcRtRemote.dll secur32.dll SCardSvr.dll clbcatq.dll winhttp.dll webio.dll wow64cpu.dll atl.dll wshqos.dll nsi.dll wshqos.dll wshqos.dll wshqos.dll FirewallAPI.dll xmllite.dll FDResPub.dll WSDApi.dll webservices.dll fundisc.dll httpapi.dll msxml6.dll ssdpsrv.dll,normal
 sendmail.dll acppage.dll sfc.dll mydocs.dll devrtl.dll gdi32.dll rpcrt4.dll,normal
 sendmail.dll mydocs.dll,normal
 ntdll.dll kernel32.dll kernelbase.dll advapi32.dll bcryptprimitives.dll crypt32.dll msvcrt.dll sechost.dll ole32.dll api-ms-win-core-xstate-l2-1-0.dll oleaut32.dll rpcrt4.dll oleaut32.dll msvcp_win.dll ucrtbase.dll sechost.dll smdiagnostics.dll combase.dll clbcatq.dll bcryptprimitives.dll scrobj.dll ole32.dll gdi32.dll clrjit.dll gdi32full.dll user32.dll win32u.dll crypt32.dll msasn1.dll wintrust.dll sspicli.dll mpclient.dll userenv.dll setupapi.dll profapi.dll propsys.dll gpapi.dll version.dll version.dll kernel.appcore.dll clbcatq.dll netprofm.dll netprofm.dll,normal
 version.dll ntdll.dll accessibility.dll powrprof.dll wow64cpu.dll RpcRtRemote.dll kernel32.dll kernelbase.dll advapi32.dll msvcrt.dll system.ni.dll sechost.dll rpcrt4.dll gdi32.dll sechost.dll dnsapi.dll kernel32.dll api-ms-win-core-file-l1-2-0.dll kernel32.dll user32.dll lpk.dll usp10.dll msswch.dll winmm.dll dwmapi.dll gdiplus.dll ole32.dll oleacc.dll oleaut32.dll cryptbase.dll shlwapi.dll windowsbase.dll wmsgapi.dll duser.dll imm32.dll msctf.dll cryptbase.dll dui70.dll xmllite.dll clbcatq.dll lsasrv.dll tabskb.dll cryptsp.dll rsaenh.dll rpcrtremote.dll cfgmgr32.dll uxtheme.dll windowscodecs.dll comctl32.dll,normal
 ntdll.dll kernel32.dll wow64cpu.dll windows.cortana.proxystub.dll mpr.dll kernelbase.dll gdi32.dll user32.dll lpk.dll usp10.dll msvcrt.dll imm32.dll msctf.dll gdi32.dll ole32.dll gdi32.dll rpcrt4.dll oleaut32.dll,normal
 ntdll.dll ntdll.dll wow64.dll wow64win.dll wow64cpu.dll kernel32.dll kernel32.dll ntdll.dll shlwapi.dll KernelBase.dll kernel32.dll user32.dll msctf.dll kernel32.dll msvcrt.dll kernelbase.dll advapi32.dll msvcrt.dll sechost.dll rpcrt4.dll advapi32.dll sspicli.dll cryptbase.dll eappcfg.dll msvcr120_clr0400.dll mscoree.dll ole32.dll gdi32.dll kernelbase.dll msasn1.dll lpk.dll user32.dll lpk.dll usp10.dll oleaut32.dll imm32.dll msctf.dll cryptsp.dll rsaenh.dll rpcrtremote.dll clbcatq.dll sxs.dll mscoreei.dll msvcr120_clr0400.dll clr.dll shlwapi.dll mscorlib.ni.dll clrjit.dll adtschema.dll system.ni.dll rsaenh.dll kernel32.dll system.core.ni.dll windowsbase.ni.dll KernelBase.dll gdi32.dll presentationcore.ni.dll d2d1.dll version.dll rpcrtremote.dll presentationcore.dll gdi32.dll presentationcore.dll mscorlib.dll mscorlib.dll setupapi.dll windowsbase.dll windowsbase.dll actxprxy.dll system.core.dll imm32.dll system.core.dll system.dll system.dll system.xaml.ni.dll lpk.dll system.xaml.dll system.xaml.dll uiautomationtypes.ni.dll dhcpcsvc.dll rpcrt4.dll uiautomationtypes.dll uiautomationtypes.dll system.configuration.ni.dll system.configuration.dll system.configuration.dll uiautomationprovider.ni.dll uiautomationprovider.dll uiautomationprovider.dll shlwapi.dll profapi.dll system.windows.input.manipulations.ni.dll rpcrt4.dll system.xml.ni.dll wow64cpu.dll system.xml.dll clbcatq.dll system.xml.dll system.deployment.ni.dll RpcRtRemote.dll system.deployment.dll system.deployment.dll accessibility.ni.dll PresentationCore.dll accessibility.dll accessibility.dll system.security.ni.dll system.security.dll system.security.dll system.numerics.ni.dll system.numerics.dll system.numerics.dll,normal
 ntdll.dll kernel32.dll KernelBase.dll mapi32.dll gdi32.dll user32.dll lpk.dll usp10.dll system.enterpriseservices.dll msvcrt.dll imm32.dll msctf.dll ole32.dll rpcrt4.dll api-ms-win-core-synch-l1-2-0.dll oleaut32.dll cryptbase.dll clbcatq.dll wintrust.dll advapi32.dll sechost.dll ntdll.dll kernel32.dll cryptbase.dll srvcli.dll version.dll KernelBase.dll gdi32.dll user32.dll lpk.dll usp10.dll msvcrt.dll mscoreei.dll imm32.dll winhttp.dll msctf.dll ole32.dll uxtheme.dll wow64cpu.dll mscorwks.dll oleaut32.dll rpcrt4.dll oleaut32.dll cryptbase.dll msdart.dll advapi32.dll netutils.dll clbcatq.dll advapi32.dll sechost.dll ntdll.dll ntdll.dll imm32.dll wow64.dll wow64win.dll wow64cpu.dll powrprof.dll kernel32.dll kernel32.dll kernel32.dll bcrypt.dll mssvp.dll user32.dll lpk.dll kernel32.dll KernelBase.dll advapi32.dll msvcrt.dll kernelbase.dll lpk.dll advapi32.dll sechost.dll rpcrt4.dll sspicli.dll rsaenh.dll cryptbase.dll dnsapi.dll advapi32.dll system.dll usp10.dll ws2_32.dll nsi.dll winnsi.dll dhcpcsvc.dll advapi32.dll inputhost.dll version.dll dhcpcsvc6.dll shell32.dll shlwapi.dll gdi32.dll user32.dll usp10.dll wow64win.dll clbcatq.dll rpcrt4.dll user32.dll lpk.dll usp10.dll ole32.dll shlwapi.dll imm32.dll system.windows.input.manipulations.ni.dll System.Transactions.dll msctf.dll clbcatq.dll oleaut32.dll cryptsp.dll rsaenh.dll RpcRtRemote.dll System.ServiceProcess.ni.dll wevtapi.dll ntdll.dll kernel32.dll KernelBase.dll gdi32.dll ntdll.dll bcryptprimitives.dll user32.dll lpk.dll usp10.dll msvcrt.dll imm32.dll msasn1.dll msctf.dll ole32.dll rpcrt4.dll oleaut32.dll cryptbase.dll clbcatq.dll advapi32.dll ole32.dll sechost.dll ntdll.dll kernel32.dll KernelBase.dll cryptsp.dll msvcrt.dll System.dll user32.dll webio.dll gdi32.dll api-ms-win-core-synch-l1-1-0.dll lpk.dll usp10.dll rpcrtremote.dll ole32.dll rpcrt4.dll comctl32.dll cryptbase.dll shlwapi.dll advapi32.dll profapi.dll cryptsp.dll filterlib.dll sechost.dll shell32.dll userenv.dll profapi.dll profapi.dll version.dll setupapi.dll system.management.ni.dll cfgmgr32.dll sspicli.dll oleaut32.dll devobj.dll imm32.dll mscorlib.dll msctf.dll cryptbase.dll comdlg32.dll wkscli.dll system.directoryservices.ni.dll dnsapi.dll ws2_32.dll nsi.dll crypt32.dll secur32.dll system.data.sqlxml.dll msasn1.dll apphelp.dll clbcatq.dll imagehlp.dll advapi32.dll samcli.dll kernel32.dll mscorlib.ni.dll powrprof.dll winsta.dll npmproxy.dll uxtheme.dll uxtheme.dll kernel32.dll oleacc.dll imm32.dll imecfm.dll msftedit.dll mswsock.dll sspicli.dll cryptsp.dll lpk.dll wship6.dll msctf.dll winnsi.dll imageres.dll netid.dll netapi32.dll mswsock.dll sspicli.dll netutils.dll srvcli.dll logoncli.dll dsrole.dll netjoin.dll credui.dll Wldap32.dll winbrand.dll remotepg.dll slc.dll ncrypt.dll regapi.dll crypt32.dll secur32.dll credssp.dll PwdSSP.dll rasadhlp.dll ntdll.dll ntdll.dll wow64.dll user32.dll wow64win.dll wow64cpu.dll kernel32.dll kernel32.dll rpcrt4.dll kernel32.dll user32.dll kernel32.dll KernelBase.dll advapi32.dll msvcrt.dll sechost.dll rpcrt4.dll sspicli.dll cryptbase.dll dnsapi.dll crypt32.dll ws2_32.dll nsi.dll winnsi.dll dhcpcsvc.dll dhcpcsvc6.dll shell32.dll shlwapi.dll gdi32.dll user32.dll lpk.dll usp10.dll ole32.dll imm32.dll msctf.dll clbcatq.dll oleaut32.dll cryptsp.dll rsaenh.dll RpcRtRemote.dll wevtapi.dll,normal
 ucrtbase.dll ntdll.dll ntdll.dll wow64.dll ntdll.dll wow64win.dll wow64cpu.dll mapi32.dll kernel32.dll npmproxy.dll kernel32.dll kernel32.dll user32.dll kernel32.dll KernelBase.dll gdi32.dll msvcrt.dll rpcrt4.dll winbrand.dll user32.dll system.serviceprocess.ni.dll mscoreei.dll gdi32.dll lpk.dll usp10.dll crypt32.dll dot3api.dll advapi32.dll sechost.dll rpcrt4.dll sspicli.dll cryptbase.dll imm32.dll msctf.dll apphelp.dll,normal
 rtutils.dll ntdll.dll kernel32.dll winhttp.dll KernelBase.dll advapi32.dll msvcrt.dll sechost.dll api-ms-win-downlevel-shell32-l1-1-0.dll rpcrt4.dll gdi32.dll user32.dll lpk.dll oleacc.dll threadpoolwinrt.dll kernel32.dll usp10.dll ole32.dll oleaut32.dll shell32.dll ws2_32.dll shlwapi.dll dpx.dll wtsapi32.dll comctl32.dll imm32.dll mscorlib.ni.dll shlwapi.dll msctf.dll cryptbase.dll uxtheme.dll cryptsp.dll clbcatq.dll rsaenh.dll dwmapi.dll winmm.dll msctf.dll wdscore.dll user32.dll dbghelp.dll clbcatq.dll cryptsp.dll bcryptprimitives.dll crypt32.dll sechost.dll msasn1.dll wintrust.dll themeui.dll RpcRtRemote.dll msswch.dll cabinet.dll wuapi.dll wups.dll wups.dll wu.upgrade.ps.dll wuapi.dll winsta.dll,normal
 ntdll.dll kernel32.dll kernelbase.dll gdi32.dll user32.dll lpk.dll usp10.dll msctf.dll sechost.dll cryptsp.dll msvcrt.dll imm32.dll msctf.dll ole32.dll System.Data.dll rpcrt4.dll cryptbase.dll uxtheme.dll oleaut32.dll cryptbase.dll clbcatq.dll advapi32.dll olepro32.dll sechost.dll ntdll.dll kernel32.dll credssp.dll kernelbase.dll cfgmgr32.dll gdi32.dll user32.dll nsi.dll lpk.dll usp10.dll msvcrt.dll imm32.dll msctf.dll sechost.dll ole32.dll cabinet.dll devobj.dll winhttp.dll System.EnterpriseServices.dll bcryptprimitives.dll wintrust.dll rpcrt4.dll oleaut32.dll cryptbase.dll clbcatq.dll advapi32.dll SyncCenter.dll sechost.dll ntdll.dll cryptsp.dll user32.dll ntdll.dll wow64.dll wow64win.dll wow64cpu.dll kernel32.dll sechost.dll kernel32.dll kernel32.dll user32.dll kernel32.dll kernelbase.dll advapi32.dll msvcrt.dll sechost.dll microsoft.windows.diagnosis.sdhost.ni.dll rpcrt4.dll sspicli.dll cryptbase.dll sechost.dll dnsapi.dll ws2_32.dll nsi.dll winnsi.dll advapi32.dll dhcpcsvc.dll dhcpcsvc6.dll lpk.dll System.Web.Extensions.dll shell32.dll shlwapi.dll gdi32.dll user32.dll lpk.dll usp10.dll ole32.dll imm32.dll msctf.dll clbcatq.dll netprofm.dll sspicli.dll ntdll.dll oleaut32.dll cryptsp.dll rsaenh.dll rpcrtremote.dll wow64.dll wevtapi.dll ntdll.dll ntdll.dll wow64.dll wow64win.dll rsaenh.dll rpcrt4.dll wow64cpu.dll kernel32.dll kernel32.dll kernel32.dll user32.dll kernel32.dll kernelbase.dll advapi32.dll msvcrt.dll sechost.dll rpcrt4.dll sspicli.dll certenroll.dll cryptbase.dll shcore.dll oleaut32.dll advapi32.dll dnsapi.dll ws2_32.dll nsi.dll clbcatq.dll winnsi.dll dhcpcsvc.dll dhcpcsvc6.dll shell32.dll shlwapi.dll gdi32.dll kernel32.dll usp10.dll adwsres.dll user32.dll lpk.dll BDATunePIA.ni.dll imm32.dll usp10.dll twext.dll ole32.dll cryptsp.dll System.Configuration.Install.dll imm32.dll msctf.dll clbcatq.dll oleaut32.dll cryptsp.dll rsaenh.dll winmm.dll rpcrtremote.dll adtschema.dll sxs.dll fxsmon.dll dbghelp.dll wevtapi.dll ntdll.dll ntdll.dll tiptsf.dll msvcr120_clr0400.dll wow64.dll wow64win.dll wow64cpu.dll kernel32.dll kernel32.dll ntdll.dll kernel32.dll clbcatq.dll user32.dll kernel32.dll kernelbase.dll lpk.dll imm32.dll dnsapi.dll advapi32.dll msvcrt.dll api-ms-win-core-console-l1-1-0.dll setupapi.dll nlaapi.dll sppuinotify.dll sechost.dll rpcrt4.dll sspicli.dll windows.networking.connectivity.dll cryptbase.dll dnsapi.dll ws2_32.dll nsi.dll sechost.dll winnsi.dll dbghelp.dll dhcpcsvc.dll dhcpcsvc6.dll wow64cpu.dll shell32.dll shlwapi.dll gdi32.dll user32.dll gdi32.dll user32.dll lpk.dll usp10.dll lpk.dll ole32.dll devobj.dll imm32.dll msctf.dll clbcatq.dll oleaut32.dll cryptsp.dll rsaenh.dll rpcrtremote.dll wevtapi.dll gdi32.dll ntdll.dll ntdll.dll wow64.dll wow64win.dll clbcatq.dll System.Design.dll wow64cpu.dll urlmon.dll kernel32.dll kernel32.dll kernel32.dll user32.dll sechost.dll kernel32.dll comctl32.dll kernelbase.dll msvcrt.dll oleaut32.dll ole32.dll gdi32.dll user32.dll advapi32.dll sechost.dll rpcrt4.dll advapi32.dll sspicli.dll ntdll.dll cryptbase.dll lpk.dll usp10.dll user32.dll version.dll gdi32.dll imm32.dll advapi32.dll ole32.dll msctf.dll sxs.dll clbcatq.dll system.design.dll es.dll vbscript.dll advapi32.dll wintrust.dll crypt32.dll system.transactions.dll user32.dll msctf.dll kernel.appcore.dll rpcrt4.dll msasn1.dll cryptsp.dll rsaenh.dll msisip.dll wshext.dll comctl32.dll shell32.dll shlwapi.dll kernelbase.dll oleaut32.dll scrobj.dll msi.dll scrrun.dll oleaut32.dll System.Security.ni.dll ntdll.dll kernel32.dll advapi32.dll kernelbase.dll gdi32.dll user32.dll lpk.dll lpk.dll usp10.dll msvcrt.dll imm32.dll msctf.dll ole32.dll rpcrt4.dll netprofm.dll oleaut32.dll usp10.dll ntdll.dll ntdll.dll cryptsp.dll wow64.dll advapi32.dll wow64win.dll shlwapi.dll kernelbase.dll wow64cpu.dll kernel32.dll usp10.dll ntdll.dll storeagent.dll kernel32.dll kernel32.dll api-ms-win-crt-heap-l1-1-0.dll kernel32.dll version.dll user32.dll kernel32.dll kernelbase.dll msctf.dll msvcrt.dll ole32.dll gdi32.dll user32.dll advapi32.dll sechost.dll imm32.dll System.Data.SqlXml.ni.dll rpcrt4.dll msshooks.dll sspicli.dll cryptbase.dll lpk.dll usp10.dll imm32.dll imm32.dll msctf.dll clbcatq.dll oleaut32.dll microsoft.grouppolicy.interop.ni.dll sechost.dll cryptsp.dll rsaenh.dll gpsvc.dll rpcrtremote.dll kernel32.dll shell32.dll cryptbase.dll shlwapi.dll coreuicomponents.dll actxprxy.dll comctl32.dll ntdll.dll ntdll.dll wow64.dll wow64win.dll wow64cpu.dll kernel32.dll kernel32.dll kernel32.dll user32.dll kernel32.dll kernelbase.dll user32.dll sechost.dll advapi32.dll msvcr120_clr0400.dll msvcrt.dll sechost.dll rpcrt4.dll sspicli.dll cryptbase.dll oleaut32.dll ole32.dll gdi32.dll user32.dll lpk.dll usp10.dll wevtapi.dll imm32.dll msctf.dll comctl32.dll shlwapi.dll credui.dll ntdll.dll kernel32.dll chsbrkr.dll kernelbase.dll gdi32.dll user32.dll lpk.dll usp10.dll msvcrt.dll imm32.dll msctf.dll ole32.dll rpcrt4.dll api-ms-win-crt-multibyte-l1-1-0.dll oleaut32.dll cryptbase.dll clbcatq.dll advapi32.dll sechost.dll ntdll.dll kernel32.dll kernelbase.dll advapi32.dll msvcrt.dll sechost.dll rpcrt4.dll gdi32.dll user32.dll lpk.dll usp10.dll msswch.dll winmm.dll dwmapi.dll gdiplus.dll ole32.dll oleacc.dll oleaut32.dll shlwapi.dll wmsgapi.dll duser.dll uxtheme.dll imm32.dll msctf.dll,normal
 ntdll.dll ntdll.dll mscorlib.dll Microsoft.VisualStudio.Tools.Applications.AddInAdapter.v9.0.dll wow64.dll imm32.dll msctf.dll wow64win.dll wow64cpu.dll kernel32.dll oleaut32.dll devobj.dll usp10.dll system.windows.forms.dll kernel32.dll kernel32.dll wow64.dll user32.dll oleaut32.dll kernel32.dll kernelbase.dll winhttp.dll msvcrt.dll webio.dll kernel32.dll user32.dll gdi32.dll lpk.dll usp10.dll advapi32.dll sechost.dll RpcRtRemote.dll rpcrt4.dll ntdll.dll sspicli.dll cryptbase.dll msvcrt.dll shell32.dll kernel.appcore.dll shlwapi.dll ole32.dll msctf.dll oleaut32.dll system.windows.forms.dll imm32.dll msctf.dll kernel32.dll api-ms-win-core-synch-l1-2-0.dll ntdll.dll kernel32.dll kernelbase.dll wevtfwd.dll advapi32.dll msvcrt.dll sechost.dll rpcrt4.dll user32.dll gdi32.dll winrnr.dll lpk.dll usp10.dll ole32.dll advapi32.dll oleaut32.dll msvcrt.dll tquery.dll tquery.dll shlwapi.dll imm32.dll msctf.dll msshooks.dll msshooks.dll mscoree.dll mscoreei.dll cryptbase.dll clbcatq.dll cryptsp.dll rsaenh.dll rpcrtremote.dll mssprxy.dll usp10.dll,normal
 ws2_32.dll ntdll.dll kernel32.dll KernelBase.dll gdi32.dll cryptbase.dll user32.dll lpk.dll usp10.dll wow64cpu.dll msvcrt.dll imm32.dll msasn1.dll dwrite.dll msctf.dll ole32.dll rpcrt4.dll uiautomationprovider.dll oleaut32.dll uxtheme.dll dwmapi.dll msswch.dll advapi32.dll wbemprox.dll sechost.dll winmm.dll comctl32.dll shlwapi.dll System.Design.dll cryptbase.dll,normal
 ntdll.dll slc.dll shell32.dll imageres.dll imageres.dll imageres.dll imageres.dll imageres.dll nsi.dll imageres.dll imageres.dll imageres.dll imageres.dll imageres.dll imageres.dll imageres.dll mscoree.dll ole32.dll profapi.dll ntdll.dll mscorlib.dll explorerframe.dll ehstorshell.dll ole32.dll cscui.dll lpk.dll cscdll.dll ntshrui.dll rpcrt4.dll msftedit.dll msls31.dll tiptsf.dll linkinfo.dll searchfolder.dll structuredquery.dll thumbcache.dll nsi.dll psapi.dll shcore.dll ieframe.dll system.deployment.dll samlib.dll shdocvw.dll kernel32.dll mssprxy.dll lpk.dll mssvp.dll mapi32.dll imageres.dll usp10.dll version.dll profapi.dll kernel32.dll imageres.dll imageres.dll imageres.dll imageres.dll imageres.dll clbcatq.dll cryptsp.dll imageres.dll imageres.dll davclnt.dll wow64.dll imageres.dll networkexplorer.dll drprov.dll wpdshext.dll winmm.dll perfctrs.dll system.printing.ni.dll ntlanman.dll davhlpr.dll portabledeviceapi.dll wintrust.dll audiodev.dll ehstorapi.dll profapi.dll ieproxy.dll imageres.dll imageres.dll imageres.dll uxtheme.dll imageres.dll imageres.dll imageres.dll imageres.dll imageres.dll clbcatq.dll imageres.dll imageres.dll imageres.dll imageres.dll imageres.dll imageres.dll ntmarta.dll actxprxy.dll mssvp.dll mapi32.dll,normal
 wow64cpu.dll ntdll.dll ntdll.dll wow64.dll Microsoft.VisualC.ni.dll wow64win.dll wow64cpu.dll kernel32.dll cryptsp.dll system.directoryservices.dll kernel32.dll kernel32.dll userenv.dll user32.dll kernel32.dll kernelbase.dll cryptsp.dll msvcrt.dll kernel32.dll winbrand.dll user32.dll gdi32.dll oleaut32.dll lpk.dll usp10.dll advapi32.dll sechost.dll credui.dll rpcrt4.dll user32.dll sspicli.dll cryptbase.dll imm32.dll msctf.dll apphelp.dll,normal
 lpk.dll ntdll.dll ntdll.dll kernel32.dll kernelbase.dll ws2_32.dll ws2_32.dll msvcrt.dll msvcrt.dll rpcrt4.dll devobj.dll sechost.dll rpcrt4.dll dhcpcsvc6.dll RpcRtRemote.dll rsaenh.dll nsi.dll nsi.dll winbrand.dll vcruntime140.dll vcruntime140.dll msctf.dll api-ms-win-crt-runtime-l1-1-0.dll ucrtbase.dll shell32.dll ucrtbase.dll api-ms-win-core-timezone-l1-1-0.dll api-ms-win-core-file-l2-1-0.dll api-ms-win-core-localization-l1-2-0.dll rpcrt4.dll ws2_32.dll sechost.dll api-ms-win-core-synch-l1-2-0.dll api-ms-win-core-processthreads-l1-1-1.dll system.xml.dll api-ms-win-core-file-l1-2-0.dll api-ms-win-crt-heap-l1-1-0.dll mscorwks.dll api-ms-win-crt-string-l1-1-0.dll api-ms-win-crt-stdio-l1-1-0.dll api-ms-win-crt-convert-l1-1-0.dll api-ms-win-crt-math-l1-1-0.dll api-ms-win-crt-locale-l1-1-0.dll mscorlib.dll mswsock.dll mswsock.dll user32.dll gdi32.dll lpk.dll usp10.dll imm32.dll msctf.dll wshtcpip.dll,HTran
 wow64cpu.dll ntdll.dll sechost.dll ntdll.dll system.directoryservices.protocols.dll kernel32.dll kernelbase.dll version.dll kernelbase.dll advapi32.dll advapi32.dll ntdll.dll uiautomationtypes.ni.dll gdi32.dll msvcrt.dll sspicli.dll msvcrt.dll user32.dll imm32.dll Microsoft.VisualStudio.Tools.Applications.Adapter.v9.0.dll ole32.dll oleaut32.dll tquery.dll tquery.dll system.data.ni.dll shcore.dll shcore.dll msshooks.dll msshooks.dll imm32.dll sechost.dll dhcpcsvc.dll sechost.dll rpcrt4.dll System.Data.dll advapi32.dll rpcrt4.dll gdi32.dll combase.dll shlwapi.dll lpk.dll msctf.dll spoolss.dll kernel.appcore.dll msimg32.dll kernel.appcore.dll cryptbase.dll cryptbase.dll advapi32.dll bcryptprimitives.dll bcryptprimitives.dll msidle.dll clbcatq.dll KernelBase.dll cryptsp.dll cryptsp.dll tquery.dll ehstorshell.dll msvcp140.dll rsaenh.dll rsaenh.dll bcrypt.dll bcrypt.dll oleaut32.dll mssprxy.dll mssprxy.dll ieframe.dll version.dll shell32.dll iertutil.dll iertutil.dll comctl32.dll secur32.dll secur32.dll sspicli.dll sspicli.dll mlang.dll propsys.dll propsys.dll wininet.dll wininet.dll userenv.dll userenv.dll profapi.dll,normal
 ntdll.dll ntdll.dll auditcse.dll kernel32.dll wow64.dll wow64win.dll wow64cpu.dll msv1_0.dll kernel32.dll kernel32.dll kernel32.dll lpk.dll user32.dll kernel32.dll kernelbase.dll mssprxy.dll msvcrt.dll winbrand.dll user32.dll version.dll gdi32.dll lpk.dll usp10.dll dnsapi.dll advapi32.dll sechost.dll rpcrt4.dll cryptsp.dll sspicli.dll shell32.dll msctf.dll cryptbase.dll imm32.dll msctf.dll apphelp.dll,normal
 ntdll.dll wow64.dll wow64win.dll wow64cpu.dll kernel32.dll winhttp.dll scrrun.dll KernelBase.dll kernel32.dll KernelBase.dll oleaut32.dll ole32.dll msvcrt.dll gdi32.dll user32.dll msctf.dll advapi32.dll sechost.dll fusion.dll rpcrt4.dll sspicli.dll sxs.dll cryptbase.dll lpk.dll mscorlib.dll usp10.dll sspicli.dll kernel32.dll cryptbase.dll imm32.dll msctf.dll shlwapi.dll ntdll.dll version.dll clbcatq.dll mscoree.dll uxtheme.dll mscoreei.dll System.Drawing.ni.dll fusion.dll clr.dll clr.dll msvcr120_clr0400.dll clbcatq.dll ntdll.dll kernel32.dll kernel32.dll rpcrtremote.dll user32.dll mscorsvc.dll winhttp.dll presentationcore.ni.dll taskschd.dll msvcr120_clr0400.dll ntdll.dll kernel32.dll lpk.dll msctf.dll KernelBase.dll advapi32.dll msvcrt.dll sechost.dll rpcrt4.dll msvcr120_clr0400.dll webio.dll mscoree.dll ole32.dll gdi32.dll System.Security.dll msctf.dll user32.dll lpk.dll usp10.dll clrjit.dll user32.dll netapi32.dll oleaut32.dll imm32.dll msctf.dll cryptbase.dll cryptsp.dll winhttp.dll rsaenh.dll RpcRtRemote.dll rsaenh.dll clbcatq.dll sxs.dll mscoreei.dll clr.dll shlwapi.dll mscorlib.ni.dll clrjit.dll system.transactions.dll version.dll RpcRtRemote.dll mscorlib.dll wow64cpu.dll mscorlib.dll System.ni.dll System.Core.ni.dll System.Activities.ni.dll System.Management.ni.dll System.ServiceModel.Internals.ni.dll System.Transactions.ni.dll System.Transactions.dll System.Transactions.dll System.Transactions.dll wuuhext.dll System.Transactions.dll System.Transactions.dll System.Transactions.dll System.Transactions.dll Microsoft.PowerShell.Security.Activities.ni.dll,normal
 powrprof.dll setupapi.dll cfgmgr32.dll hid.dll devobj.dll,normal
 sensapi.dll sensapi.dll sensapi.dll sensapi.dll msvcr120_clr0400.dll sensapi.dll sensapi.dll sensapi.dll sensapi.dll sensapi.dll System.Security.dll sensapi.dll kernel32.dll sensapi.dll sensapi.dll rasapi32.dll webio.dll sensapi.dll sensapi.dll sensapi.dll scrrun.dll cryptbase.dll sensapi.dll sensapi.dll System.Transactions.ni.dll netapi32.dll sensapi.dll user32.dll sensapi.dll shell32.dll sensapi.dll sensapi.dll sensapi.dll sensapi.dll sensapi.dll kernel.appcore.dll sensapi.dll sensapi.dll sensapi.dll sensapi.dll cryptui.dll sensapi.dll sensapi.dll sensapi.dll sensapi.dll sensapi.dll sensapi.dll SensApi.dll sensapi.dll system.data.oracleclient.dll sensapi.dll ntdll.dll sensapi.dll sensapi.dll sensapi.dll sensapi.dll sensapi.dll sensapi.dll sensapi.dll sensapi.dll gdi32.dll msvcrt.dll sensapi.dll sensapi.dll sensapi.dll sensapi.dll netprofm.dll rsaenh.dll sensapi.dll imm32.dll sensapi.dll sensapi.dll taskschd.dll cryptbase.dll gdi32.dll lpk.dll sensapi.dll sensapi.dll cryptbase.dll sensapi.dll mssph.dll dismprov.dll sensapi.dll ws2_32.dll advapi32.dll sensapi.dll oleaut32.dll sensapi.dll sensapi.dll msasn1.dll msvcrt.dll sensapi.dll sensapi.dll sensapi.dll sensapi.dll sensapi.dll sensapi.dll System.EnterpriseServices.ni.dll sensapi.dll sensapi.dll sensapi.dll system.xml.ni.dll sensapi.dll sensapi.dll tapi32.dll sechost.dll sensapi.dll sensapi.dll sensapi.dll sensapi.dll cryptbase.dll sensapi.dll sensapi.dll sensapi.dll user32.dll sensapi.dll sensapi.dll ole32.dll sensapi.dll sensapi.dll sensapi.dll sensapi.dll kernel32.dll sensapi.dll sensapi.dll mssprxy.dll ntdll.dll sensapi.dll sensapi.dll system.security.ni.dll sensapi.dll sensapi.dll ntdll.dll sensapi.dll cryptsp.dll sensapi.dll sensapi.dll sensapi.dll sensapi.dll coremessaging.dll secur32.dll biwinrt.dll sensapi.dll ole32.dll sensapi.dll sensapi.dll sensapi.dll sensapi.dll sensapi.dll api-ms-win-downlevel-ole32-l1-1-0.dll shell32.dll sensapi.dll sensapi.dll sensapi.dll sechost.dll sensapi.dll cryptsp.dll sensapi.dll version.dll shdocvw.dll System.configuration.dll System.Security.dll sensapi.dll sensapi.dll sensapi.dll sensapi.dll sensapi.dll sensapi.dll imm32.dll sensapi.dll ole32.dll sensapi.dll sensapi.dll wcp.dll sensapi.dll kernel32.dll sensapi.dll sensapi.dll sensapi.dll sensapi.dll system.addin.dll secur32.dll sensapi.dll msimg32.dll sensapi.dll sensapi.dll wow64win.dll sensapi.dll gdi32.dll sensapi.dll sensapi.dll sensapi.dll gdi32.dll sensapi.dll sensapi.dll sensapi.dll sensapi.dll System.Data.OracleClient.dll sensapi.dll rsaenh.dll system.drawing.dll sensapi.dll sensapi.dll sensapi.dll RpcRtRemote.dll sspicli.dll ole32.dll sensapi.dll kernelbase.dll sensapi.dll sensapi.dll sensapi.dll sensapi.dll kernel32.dll sensapi.dll bcryptprimitives.dll sensapi.dll sensapi.dll sensapi.dll sensapi.dll sensapi.dll advapi32.dll sensapi.dll System.Web.Services.ni.dll sensapi.dll sensapi.dll sensapi.dll sensapi.dll shell32.dll ole32.dll sensapi.dll sensapi.dll sensapi.dll sensapi.dll sensapi.dll sensapi.dll sensapi.dll sensapi.dll sensapi.dll sensapi.dll msvcrt.dll sensapi.dll sensapi.dll sensapi.dll sensapi.dll sensapi.dll sensapi.dll sensapi.dll sensapi.dll imm32.dll sensapi.dll sensapi.dll sensapi.dll system.configuration.install.dll sensapi.dll sensapi.dll sensapi.dll user32.dll sensapi.dll sensapi.dll sensapi.dll ole32.dll System.Management.Automation.ni.dll sensapi.dll rpcrt4.dll sensapi.dll sensapi.dll sensapi.dll sensapi.dll sensapi.dll sensapi.dll sensapi.dll sensapi.dll sensapi.dll lpk.dll sensapi.dll sechost.dll system.transactions.dll sensapi.dll sensapi.dll sensapi.dll sensapi.dll sensapi.dll sensapi.dll lpk.dll system.design.dll sensapi.dll system.configuration.ni.dll system.web.services.ni.dll sensapi.dll imageres.dll user32.dll sensapi.dll sensapi.dll sensapi.dll rsaenh.dll sensapi.dll System.ServiceModel.Web.dll sensapi.dll sensapi.dll sensapi.dll sensapi.dll sensapi.dll sensapi.dll sensapi.dll sensapi.dll sensapi.dll sensapi.dll sensapi.dll System.Configuration.ni.dll sechost.dll system.transactions.dll wbemsvc.dll user32.dll sensapi.dll sensapi.dll sensapi.dll msvcrt.dll System.Security.dll gdi32full.dll advapi32.dll sensapi.dll sensapi.dll sensapi.dll sensapi.dll sensapi.dll sensapi.dll sensapi.dll sensapi.dll sensapi.dll msvcp140.dll imm32.dll sensapi.dll sensapi.dll sensapi.dll kerberos.dll sensapi.dll imm32.dll sensapi.dll sensapi.dll sensapi.dll sensapi.dll sensapi.dll sensapi.dll vbscript.dll sensapi.dll sensapi.dll sensapi.dll sensapi.dll sensapi.dll sensapi.dll sensapi.dll sensapi.dll sechost.dll sensapi.dll microsoft.powershell.security.dll lpk.dll sensapi.dll ncrypt.dll sensapi.dll imm32.dll sensapi.dll sensapi.dll sensapi.dll sensapi.dll kernel32.dll sensapi.dll SensApi.dll msvcrt.dll sensapi.dll sensapi.dll system.data.dll kernel32.dll Display.dll sensapi.dll system.configuration.install.dll rpcrt4.dll sensapi.dll sensapi.dll sensapi.dll sensapi.dll sensapi.dll sensapi.dll sensapi.dll sensapi.dll system.data.oracleclient.dll sensapi.dll ntdll.dll sensapi.dll sensapi.dll sensapi.dll sensapi.dll rpcrtremote.dll cryptbase.dll sensapi.dll sensapi.dll sensapi.dll sensapi.dll System.XML.dll sensapi.dll lpk.dll cryptsp.dll sensapi.dll sensapi.dll sensapi.dll kernelbase.dll sensapi.dll imagehlp.dll sensapi.dll RpcRtRemote.dll sensapi.dll sensapi.dll sensapi.dll sensapi.dll sensapi.dll sensapi.dll sensapi.dll kernel32.dll sensapi.dll apphelp.dll sensapi.dll sensapi.dll sensapi.dll sensapi.dll sensapi.dll sensapi.dll sensapi.dll sensapi.dll sensapi.dll d3d11.dll sensapi.dll sensapi.dll ntdll.dll sechost.dll sensapi.dll api-ms-win-crt-math-l1-1-0.dll sensapi.dll setupapi.dll sensapi.dll sensapi.dll sensapi.dll msvcrt.dll comctl32.dll sspicli.dll sensapi.dll sensapi.dll sensapi.dll sensapi.dll sensapi.dll sensapi.dll scrobj.dll sensapi.dll sensapi.dll sensapi.dll sensapi.dll sensapi.dll sensapi.dll dnsapi.dll oleaut32.dll kernel32.dll sensapi.dll sensapi.dll sensapi.dll sensapi.dll sensapi.dll sensapi.dll sensapi.dll sensapi.dll sensapi.dll sensapi.dll sensapi.dll sensapi.dll Microsoft.Build.Framework.ni.dll sensapi.dll sensapi.dll sensapi.dll sensapi.dll sensapi.dll sensapi.dll sensapi.dll imm32.dll sensapi.dll System.Data.ni.dll sensapi.dll sensapi.dll sensapi.dll sensapi.dll sensapi.dll sensapi.dll sensapi.dll sensapi.dll sensapi.dll sensapi.dll sensapi.dll sensapi.dll sensapi.dll sensapi.dll sensapi.dll sensapi.dll bcryptprimitives.dll imm32.dll sensapi.dll sensapi.dll clbcatq.dll sensapi.dll sensapi.dll sensapi.dll sensapi.dll sensapi.dll sensapi.dll sensapi.dll sensapi.dll sensapi.dll sensapi.dll sensapi.dll sensapi.dll sensapi.dll sensapi.dll sensapi.dll sensapi.dll sensapi.dll sensapi.dll sensapi.dll sensapi.dll sensapi.dll sensapi.dll sensapi.dll sensapi.dll sensapi.dll sensapi.dll sensapi.dll sensapi.dll sensapi.dll sensapi.dll sensapi.dll sensapi.dll sensapi.dll sensapi.dll sensapi.dll sensapi.dll sensapi.dll ole32.dll ole32.dll ole32.dll msctf.dll msctf.dll imecfm.dll uxtheme.dll,normal
 ntdll.dll msasn1.dll kernel32.dll kernelbase.dll advapi32.dll advapi32.dll msvcrt.dll scrobj.dll Microsoft.Office.Tools.dll comctl32.dll sechost.dll rpcrt4.dll clr.dll gdi32.dll user32.dll lpk.dll usp10.dll imm32.dll msswch.dll winmm.dll mscorlib.dll apphelp.dll dwmapi.dll gdiplus.dll ole32.dll oleacc.dll oleaut32.dll shlwapi.dll wmsgapi.dll normaliz.dll duser.dll uxtheme.dll imm32.dll msctf.dll cryptbase.dll normaliz.dll spoolss.dll dui70.dll comctl32.dll mscoreei.dll ntdll.dll xmllite.dll clbcatq.dll tabskb.dll cryptsp.dll msasn1.dll rsaenh.dll rpcrtremote.dll cfgmgr32.dll windowscodecs.dll sfc.dll mmdevapi.dll propsys.dll shell32.dll imecfm.dll version.dll ntdll.dll,normal
 ntdll.dll ntdll.dll wow64.dll languageoverlayutil.dll wow64win.dll system.ni.dll wow64cpu.dll kernel32.dll kernel32.dll rpcrt4.dll kernel32.dll user32.dll kernel32.dll kernelbase.dll vm3dum64.dll advapi32.dll msvcrt.dll lpk.dll sechost.dll rpcrt4.dll sspicli.dll ole32.dll cryptbase.dll dnsapi.dll ws2_32.dll nsi.dll kbd106.dll apphelp.dll winnsi.dll dhcpcsvc.dll iertutil.dll dhcpcsvc6.dll shell32.dll shlwapi.dll gdi32.dll ucrtbase.dll user32.dll lpk.dll usp10.dll dbghelp.dll ole32.dll imm32.dll msctf.dll clbcatq.dll rpcrtremote.dll oleaut32.dll wow64win.dll cryptsp.dll rsaenh.dll rpcrtremote.dll wevtapi.dll ntdll.dll ntdll.dll wow64.dll wow64win.dll wow64cpu.dll kernel32.dll version.dll kernel32.dll kernel32.dll kernel32.dll user32.dll gpapi.dll kernel32.dll kernel32.dll kernelbase.dll advapi32.dll KernelBase.dll msvcrt.dll msvcrt.dll imm32.dll sechost.dll rpcrt4.dll sspicli.dll cryptbase.dll msvcr120_clr0400.dll ntdll.dll lpk.dll system.data.sqlxml.dll lpk.dll kernel32.dll mscoree.dll imm32.dll ole32.dll gdi32.dll System.Management.Automation.dll user32.dll lpk.dll usp10.dll gdi32.dll oleaut32.dll imm32.dll msctf.dll webio.dll cscapi.dll cryptsp.dll version.dll kernel32.dll rpcrt4.dll rsaenh.dll rpcrtremote.dll cryptsp.dll clbcatq.dll sxs.dll mscoreei.dll version.dll user32.dll msvcrt.dll lpk.dll mscorwks.dll msvcr80.dll onecorecommonproxystub.dll shlwapi.dll ksuser.dll powrprof.dll shell32.dll sechost.dll profapi.dll msvcrt.dll mscorlib.ni.dll cbscore.dll mscorjit.dll mscorlib.dll mscorlib.dll version.dll sspicli.dll ole32.dll mscorlib.dll mscorlib.dll wkscli.dll system.ni.dll system.core.ni.dll system.addin.ni.dll mscorsec.dll wintrust.dll crypt32.dll WindowsBase.dll msasn1.dll wininet.dll comctl32.dll riched20.dll microsoft.visualstudio.tools.office.excel.hostadapter.v10.0.ni.dll imagehlp.dll ncrypt.dll kernelbase.dll bcrypt.dll bcryptprimitives.dll userenv.dll msvcrt.dll kernelbase.dll gpapi.dll shell32.dll shell32.dll oleaut32.dll cryptnet.dll wldap32.dll sensapi.dll oleaut32.dll rpcrt4.dll system.addin.dll system.addin.dll system.addin.dll system.addin.dll microsoft.visualstudio.tools.office.excel.hostadapter.v10.0.dll microsoft.visualstudio.tools.office.excel.hostadapter.v10.0.dll system.dll system.dll system.data.sqlxml.ni.dll system.dll system.dll msvcrt.dll slc.dll system.core.dll system.core.dll cfgmgr32.dll combase.dll system.core.dll SensApi.dll system.core.dll microsoft.visualstudio.tools.office.hostadapter.v10.0.ni.dll microsoft.visualstudio.tools.office.hostadapter.v10.0.dll microsoft.visualstudio.tools.office.hostadapter.v10.0.dll microsoft.visualstudio.tools.office.runtime.v10.0.dll microsoft.visualstudio.tools.office.runtime.v10.0.dll microsoft.visualstudio.tools.office.runtime.v10.0.dll system.addin.contract.ni.dll system.addin.contract.dll system.addin.contract.dll system.addin.contract.dll system.addin.contract.dll microsoft.visualstudio.tools.applications.adapter.v9.0.ni.dll microsoft.visualstudio.tools.applications.adapter.v9.0.dll microsoft.visualstudio.tools.applications.adapter.v9.0.dll slc.dll microsoft.visualstudio.tools.applications.adapter.v9.0.dll microsoft.visualstudio.tools.applications.adapter.v9.0.dll microsoft.visualstudio.tools.office.contract.v9.0.ni.dll microsoft.visualstudio.tools.office.contract.v9.0.dll microsoft.visualstudio.tools.office.contract.v9.0.dll microsoft.visualstudio.tools.applications.contract.v9.0.ni.dll schedsvc.dll microsoft.visualstudio.tools.applications.contract.v9.0.dll microsoft.visualstudio.tools.applications.contract.v9.0.dll microsoft.visualstudio.tools.applications.contract.v9.0.dll microsoft.visualstudio.tools.applications.contract.v9.0.dll microsoft.visualstudio.tools.applications.runtime.v9.0.ni.dll microsoft.visualstudio.tools.applications.runtime.v9.0.dll microsoft.visualstudio.tools.applications.runtime.v9.0.dll microsoft.visualstudio.tools.applications.runtime.v9.0.dll microsoft.visualstudio.tools.applications.runtime.v9.0.dll system.runtime.remoting.ni.dll system.runtime.remoting.dll system.runtime.remoting.dll system.configuration.ni.dll system.configuration.dll system.configuration.dll system.configuration.dll system.configuration.dll system.xml.ni.dll system.xml.dll system.xml.dll system.xml.dll system.xml.dll system.security.ni.dll system.security.dll system.security.dll system.security.dll system.security.dll,normal
 ntdll.dll ntdll.dll kernel32.dll mscorlib.dll winmm.dll wow64cpu.dll kernelbase.dll kernelbase.dll sechost.dll user32.dll usp10.dll rsaenh.dll gdi32.dll user32.dll msvcrt.dll ehiproxy.ni.dll msvcrt.dll imm32.dll oleaut32.dll combase.dll msctf.dll rpcrt4.dll mscorlib.dll rpcrt4.dll accessibility.dll ntdll.dll ntdll.dll mscorlib.ni.dll catsrvut.dll kernel32.dll kernelbase.dll kernelbase.dll advapi32.dll advapi32.dll shlwapi.dll user32.dll msvcrt.dll msvcrt.dll wevtapi.dll wevtapi.dll kernel32.dll shell32.dll msasn1.dll ole32.dll rpcrt4.dll sechost.dll mssprxy.dll sechost.dll system.core.ni.dll rpcrt4.dll windows.ui.dll rpcrt4.dll System.Numerics.ni.dll gdi32.dll combase.dll shlwapi.dll imm32.dll msctf.dll uxtheme.dll uxtheme.dll dwmapi.dll dwmapi.dll shcore.dll shcore.dll kernel.appcore.dll kernel.appcore.dll cryptbase.dll cryptbase.dll bcryptprimitives.dll bcryptprimitives.dll,normal
 ntdll.dll kernel32.dll kernelbase.dll rsaenh.dll msvcrt.dll winbrand.dll user32.dll gdi32.dll api-ms-win-downlevel-advapi32-l1-1-0.dll lpk.dll KernelBase.dll usp10.dll sechost.dll imm32.dll msctf.dll adtschema.dll sechost.dll advapi32.dll sechost.dll rpcrt4.dll apphelp.dll,normal
 kernel32.dll imagehlp.dll ntdll.dll ntdll.dll wow64.dll wow64win.dll wow64cpu.dll kernel32.dll kernel32.dll kernel32.dll clbcatq.dll advapi32.dll user32.dll rsaenh.dll kernel32.dll KernelBase.dll kernel32.dll sechost.dll wevtapi.dll advapi32.dll CustomMarshalers.dll msvcrt.dll sechost.dll cryptbase.dll rpcrt4.dll sspicli.dll cryptbase.dll dnsapi.dll cfgmgr32.dll user32.dll ws2_32.dll nsi.dll winnsi.dll gdi32.dll dhcpcsvc.dll dhcpcsvc6.dll shell32.dll shlwapi.dll gdi32.dll user32.dll lpk.dll cryptbase.dll System.Transactions.ni.dll ws2_32.dll kernel32.dll usp10.dll ole32.dll imm32.dll msctf.dll kernel.appcore.dll clbcatq.dll apphelp.dll oleaut32.dll cryptsp.dll rsaenh.dll shell32.dll secur32.dll RpcRtRemote.dll wevtapi.dll imm32.dll ntdll.dll sechost.dll kernel32.dll KernelBase.dll gdi32.dll system.enterpriseservices.ni.dll user32.dll lpk.dll usp10.dll usp10.dll msvcrt.dll imm32.dll msctf.dll ole32.dll ole32.dll rpcrt4.dll oleaut32.dll cryptbase.dll clbcatq.dll advapi32.dll wow64cpu.dll sechost.dll ntdll.dll KernelBase.dll ntdll.dll wow64.dll wow64win.dll wow64cpu.dll kernel32.dll kernel32.dll kernel32.dll dwmapi.dll user32.dll ucrtbase.dll GdiPlus.dll rsaenh.dll kernel32.dll smdiagnostics.ni.dll propsys.dll KernelBase.dll advapi32.dll msvcrt.dll rsaenh.dll sechost.dll rpcrt4.dll sspicli.dll msidle.dll shlwapi.dll cryptbase.dll dnsapi.dll ws2_32.dll nsi.dll winnsi.dll dhcpcsvc.dll dhcpcsvc6.dll shell32.dll shlwapi.dll oleaut32.dll gdi32.dll comsnap.dll oleaut32.dll user32.dll lpk.dll usp10.dll microsoft.visualstudio.tools.office.runtime.v10.0.dll ole32.dll imm32.dll msctf.dll oleaut32.dll clbcatq.dll oleaut32.dll cryptsp.dll msvcrt.dll rsaenh.dll StructuredQuery.dll RpcRtRemote.dll wevtapi.dll ntdll.dll ntdll.dll wow64.dll user32.dll wow64win.dll wow64cpu.dll kernel32.dll kernel32.dll kernel32.dll user32.dll kernel32.dll KernelBase.dll msvcrt.dll winbrand.dll userenv.dll user32.dll nsi.dll gdi32.dll lpk.dll usp10.dll advapi32.dll sechost.dll rpcrt4.dll sspicli.dll cryptbase.dll imm32.dll msctf.dll apphelp.dll,normal
 normaliz.dll normaliz.dll System.configuration.dll cfgmgr32.dll sxs.dll oleaut32.dll wtsapi32.dll webio.dll kernel32.dll webio.dll wintrust.dll cryptdlg.dll WinMgmtR.dll cryptnet.dll cryptui.dll osf.dll faultrep.dll osfui.dll osfproxy.dll igd10iumd64.dll igd10iumd64.dll igc64.dll advapi32.dll igc64.dll mssprxy.dll mssprxy.dll igd10iumd64.dll igd10iumd64.dll igc64.dll ntdll.dll igc64.dll edputil.dll igd10iumd64.dll igd10iumd64.dll igc64.dll igc64.dll mssprxy.dll mssprxy.dll igd10iumd64.dll ntdll.dll igd10iumd64.dll igc64.dll igc64.dll mscorlib.ni.dll mssprxy.dll shell32.dll user32.dll powrprof.dll mssprxy.dll igd10iumd64.dll igd10iumd64.dll igc64.dll version.dll igc64.dll igd10iumd64.dll igd10iumd64.dll igc64.dll igc64.dll,normal
 ntdll.dll sensapi.dll ntdll.dll wow64.dll wow64win.dll netprofm.dll kernelbase.dll wow64cpu.dll kernel32.dll kernel32.dll kernelbase.dll kernel32.dll api-ms-win-downlevel-ole32-l1-1-0.dll user32.dll imm32.dll kernel32.dll ole32.dll kernelbase.dll msvcrt.dll winbrand.dll user32.dll gdi32.dll lpk.dll usp10.dll advapi32.dll windows.internal.ui.logon.proxystub.dll sechost.dll rpcrt4.dll uxtheme.dll sspicli.dll cryptbase.dll imm32.dll msctf.dll apphelp.dll rpcrt4.dll,normal
 bcp47langs.dll ntdll.dll ntdll.dll wow64.dll wow64win.dll wow64cpu.dll kernel32.dll kernel32.dll dhcpcsvc6.dll ole32.dll System.Data.Services.Design.ni.dll ole32.dll kernel32.dll user32.dll kernel32.dll avrt.dll KernelBase.dll advapi32.dll msvcrt.dll kernel32.dll sechost.dll rpcrt4.dll sspicli.dll rpcrt4.dll cryptbase.dll dnsapi.dll ws2_32.dll nsi.dll winnsi.dll dhcpcsvc.dll dhcpcsvc6.dll ole32.dll gdi32.dll shell32.dll shlwapi.dll propsys.dll gdi32.dll user32.dll api-ms-win-core-io-l1-1-1.dll lpk.dll usp10.dll ws2_32.dll uiautomationtypes.dll d3d10level9.dll ole32.dll mscoreei.dll imm32.dll cryptbase.dll msctf.dll clbcatq.dll oleaut32.dll cryptsp.dll dhcpcsvc.dll sechost.dll rsaenh.dll RpcRtRemote.dll kernel32.dll wevtapi.dll ntdll.dll netapi32.dll msvcr80.dll kernel32.dll mmcbase.dll KernelBase.dll gdi32.dll user32.dll lpk.dll usp10.dll comctl32.dll msvcrt.dll imm32.dll msctf.dll kernel32.dll ole32.dll rpcrt4.dll oleaut32.dll cryptbase.dll nsi.dll clbcatq.dll advapi32.dll sechost.dll ntdll.dll ucrtbase.dll ntdll.dll System.ni.dll wow64.dll dcntel.dll user32.dll wow64win.dll wow64cpu.dll kernel32.dll kernel32.dll kernel32.dll user32.dll kernel32.dll msvcrt.dll System.dll KernelBase.dll ntdll.dll advapi32.dll msvcrt.dll sechost.dll rpcrt4.dll kernel32.dll msvcrt.dll sspicli.dll msvcp_win.dll userenv.dll cryptbase.dll dnsapi.dll ws2_32.dll nsi.dll wintrust.dll winnsi.dll dhcpcsvc.dll dhcpcsvc6.dll shell32.dll shlwapi.dll dnsapi.dll gdi32.dll user32.dll lpk.dll usp10.dll ole32.dll ntdll.dll wer.dll imm32.dll oleaut32.dll wldap32.dll msctf.dll clbcatq.dll oleaut32.dll cryptsp.dll ehRecObj.ni.dll rsaenh.dll RpcRtRemote.dll wevtapi.dll ntdll.dll ntdll.dll wow64.dll wow64win.dll wow64cpu.dll ntdll.dll kernel32.dll SensApi.dll system.xml.ni.dll kernel32.dll kernel32.dll user32.dll kernel32.dll KernelBase.dll msvcrt.dll winbrand.dll user32.dll gdi32.dll lpk.dll usp10.dll advapi32.dll sechost.dll rpcrt4.dll sspicli.dll cryptbase.dll imm32.dll msctf.dll apphelp.dll,normal
 ntdll.dll msasn1.dll odbcint.dll kernel32.dll kernelbase.dll msvcrt.dll System.Configuration.dll rpcrt4.dll combase.dll mmdevapi.dll devobj.dll sechost.dll cfgmgr32.dll mssvp.dll kernel.appcore.dll cryptbase.dll bcryptprimitives.dll user32.dll gdi32.dll system.web.ni.dll clbcatq.dll cryptsp.dll rpcrt4.dll rsaenh.dll bcrypt.dll kernel32.dll clbcatq.dll audioses.dll oleaut32.dll powrprof.dll avrt.dll audioeng.dll winsta.dll rdpendp.dll advapi32.dll ntdll.dll wow64.dll kernelbase.dll startupscan.dll winmm.dll wldp.dll msacm32.dll mscorjit.dll wtsapi32.dll propsys.dll winmmbase.dll mf.dll ksuser.dll mfcore.dll mfplat.dll ntdll.dll rtworkq.dll mfaacenc.dll,normal
 gdi32.dll clbcatq.dll ntdll.dll kernel32.dll PresentationFramework.dll KernelBase.dll api-ms-win-service-winsvc-l1-1-0.dll msvcrt.dll combase.dll version.dll rpcrt4.dll kernel.appcore.dll cryptbase.dll ehiwmp.ni.dll bcryptprimitives.dll clbcatq.dll user32.dll gdi32.dll imm32.dll msctf.dll sechost.dll cryptsp.dll gdi32.dll rsaenh.dll bcrypt.dll uxtheme.dll userenv.dll profapi.dll ole32.dll IDStore.dll,normal
 ntdll.dll kernel32.dll kernelbase.dll advapi32.dll msvcrt.dll shell32.dll sechost.dll rpcrt4.dll version.dll user32.dll gdi32.dll lpk.dll usp10.dll ole32.dll oleaut32.dll tquery.dll tquery.dll System.Data.dll dnsapi.dll shlwapi.dll imm32.dll msctf.dll kernel32.dll powrprof.dll tquery.dll msshooks.dll sspicli.dll msshooks.dll mscoree.dll rpcrt4.dll kernel32.dll mscoreei.dll cryptbase.dll clbcatq.dll System.dll cryptsp.dll rsaenh.dll rpcrtremote.dll mssprxy.dll sxs.dll,normal
 ntdll.dll familysafetyext.dll ntdll.dll kernel32.dll KernelBase.dll advapi32.dll gdi32.dll user32.dll windows.storage.search.dll lpk.dll usp10.dll gdi32.dll wintrust.dll msvcrt.dll dismprov.dll imm32.dll msctf.dll system.transactions.dll ole32.dll mscoreei.dll rpcrt4.dll oleaut32.dll cryptbase.dll clbcatq.dll advapi32.dll sechost.dll windows.ui.dll ntdll.dll ntdll.dll system.data.dll oleaut32.dll wow64.dll wow64win.dll wow64cpu.dll kernel32.dll kernel32.dll kernel32.dll user32.dll kernel32.dll KernelBase.dll advapi32.dll msvcrt.dll sechost.dll rpcrt4.dll sspicli.dll cryptbase.dll apphelp.dll dnsapi.dll ws2_32.dll ole32.dll api-ms-win-core-synch-l1-2-0.dll nsi.dll winnsi.dll dhcpcsvc.dll ws2_32.dll dhcpcsvc6.dll user32.dll lpk.dll shell32.dll shlwapi.dll gdi32.dll kernel32.dll user32.dll lpk.dll usp10.dll ole32.dll imm32.dll msctf.dll dnsapi.dll clbcatq.dll kernel32.dll mscorsec.dll atl.dll oleaut32.dll cryptsp.dll rsaenh.dll RpcRtRemote.dll wevtapi.dll ntdll.dll kernelbase.dll user32.dll kernel32.dll msimg32.dll KernelBase.dll oleaut32.dll advapi32.dll msvcrt.dll rpcrt4.dll sechost.dll rometadata.dll rpcrt4.dll gdi32.dll user32.dll lpk.dll usp10.dll ole32.dll msimg32.dll wmsgapi.dll wow64.dll wtsapi32.dll winmm.dll userenv.dll profapi.dll kernel32.dll winsta.dll crypt32.dll msasn1.dll MsCtfMonitor.dll ntdll.dll msctf.dll imm32.dll msutb.dll comctl32.dll shlwapi.dll wevtapi.dll secur32.dll dwmapi.dll sspicli.dll shell32.dll usbmon.dll cryptbase.dll wintrust.dll atl.dll cryptsp.dll rsaenh.dll imagehlp.dll bcrypt.dll system.servicemodel.internals.ni.dll propsys.dll user32.dll ntdll.dll PresentationCore.ni.dll bcryptprimitives.dll ncrypt.dll ntdll.dll lpk.dll gpapi.dll cryptnet.dll Wldap32.dll SensApi.dll System.DirectoryServices.dll setupapi.dll cfgmgr32.dll comdlg32.dll oleaut32.dll devobj.dll cabinet.dll devrtl.dll version.dll wow64win.dll clbcatq.dll oleaut32.dll imm32.dll urlmon.dll wininet.dll rpcrt4.dll iertutil.dll ntdll.dll msvcr80.dll mfc42u.dll crypt32.dll ntdll.dll wow64.dll wow64win.dll sechost.dll wow64cpu.dll kernel32.dll kernel32.dll kernel32.dll user32.dll kernel32.dll KernelBase.dll msvcrt.dll winbrand.dll user32.dll gdi32.dll lpk.dll usp10.dll advapi32.dll mapi32.dll sechost.dll rpcrt4.dll sspicli.dll cryptbase.dll imm32.dll msctf.dll apphelp.dll,normal
 ntdll.dll kernel32.dll kernelbase.dll presentationcore.ni.dll shell32.dll advapi32.dll crypt32.dll cryptdll.dll netapi32.dll usp10.dll kernel32.dll ole32.dll rpcrt4.dll setupapi.dll oleaut32.dll rpcrt4.dll shlwapi.dll mscorwks.dll samlib.dll secur32.dll shell32.dll user32.dll userenv.dll userenv.dll version.dll hid.dll setupapi.dll winscard.dll winsta.dll system.core.dll msctf.dll system.design.ni.dll sechost.dll wldap32.dll msasn1.dll msvcrt.dll rpcrt4.dll sechost.dll netutils.dll srvcli.dll wkscli.dll user32.dll combase.dll gdi32.dll sspicli.dll profapi.dll mscorlib.dll cfgmgr32.dll devobj.dll cryptsp.dll cryptbase.dll bcryptprimitives.dll logoncli.dll system.transactions.dll imm32.dll msctf.dll kernel.appcore.dll wow64.dll wow64cpu.dll rsaenh.dll bcrypt.dll wintrust.dll vaultcli.dll shcore.dll,mimikatz
 msvcr80.dll ntdll.dll kernel32.dll KernelBase.dll system.runtime.serialization.dll gdi32.dll user32.dll lpk.dll Mso30win32client.dll usp10.dll cryptbase.dll msvcrt.dll imm32.dll mswsock.dll ondemandconnroutehelper.dll msctf.dll ole32.dll rpcrt4.dll oleaut32.dll cryptbase.dll clbcatq.dll advapi32.dll sechost.dll,normal
 ntdll.dll ntdll.dll wow64.dll wow64win.dll wow64cpu.dll kernel32.dll kernel32.dll advapi32.dll kernel32.dll user32.dll kernel32.dll KernelBase.dll msvcrt.dll crypt32.dll winbrand.dll ExplorerFrame.dll user32.dll rpcrt4.dll gdi32.dll lpk.dll gdi32.dll usp10.dll shlwapi.dll advapi32.dll sechost.dll sechost.dll rpcrt4.dll sspicli.dll imm32.dll cryptbase.dll uiautomationprovider.dll imm32.dll msctf.dll wow64win.dll apphelp.dll,normal
 mscoree.dll shcore.dll sxs.dll kernel32.dll mscoreei.dll clr.dll msvcr120_clr0400.dll ntdll.dll wow64.dll wow64win.dll wow64cpu.dll kernel32.dll kernel32.dll kernelbase.dll oleaut32.dll ole32.dll Microsoft.Management.Infrastructure.CimCmdlets.ni.dll msvcrt.dll gdi32.dll user32.dll smiengine.dll advapi32.dll sechost.dll oleaut32.dll rpcrt4.dll system.transactions.dll user32.dll sspicli.dll cryptbase.dll lpk.dll gdi32.dll userenv.dll usp10.dll actxprxy.dll imm32.dll ntdll.dll srvsvc.dll msctf.dll shlwapi.dll version.dll devobj.dll clbcatq.dll msctf.dll system.core.dll onecoreuapcommonproxystub.dll mscoree.dll lpk.dll mscoreei.dll fusion.dll clr.dll pots.dll WinMgmtR.dll kernel32.dll kernel32.dll clr.dll msvcr120_clr0400.dll ntdll.dll ntdll.dll kernel32.dll kernel32.dll kernel32.dll kernelbase.dll msvcrt.dll advapi32.dll sechost.dll rpcrt4.dll shlwapi.dll oleaut32.dll gdi32.dll user32.dll user32.dll lpk.dll usp10.dll System.configuration.dll imm32.dll cryptbase.dll fusion.dll cryptsp.dll rsaenh.dll mscorsvc.dll taskschd.dll,normal
 ntdll.dll System.ni.dll ntdll.dll wow64.dll wow64win.dll wow64cpu.dll user32.dll rpcrt4.dll lpk.dll kernel32.dll kernel32.dll kernel32.dll rsaenh.dll user32.dll kernel32.dll KernelBase.dll msvcrt.dll ncrypt.dll setupapi.dll winbrand.dll user32.dll gdi32.dll lpk.dll usp10.dll uxtheme.dll advapi32.dll sechost.dll mscorjit.dll rpcrt4.dll system.configuration.install.dll sspicli.dll cryptbase.dll imm32.dll msctf.dll apphelp.dll,normal
 wlidsvc.dll taskschd.dll,normal
 ntdll.dll kernel32.dll KernelBase.dll msvcrt.dll ole32.dll clbcatq.dll gdi32.dll user32.dll ws2_32.dll lpk.dll usp10.dll rpcrt4.dll imm32.dll msctf.dll cryptbase.dll sechost.dll wow64win.dll winnsi.dll clbcatq.dll advapi32.dll sechost.dll oleaut32.dll cryptsp.dll rsaenh.dll RpcRtRemote.dll uxtheme.dll shacct.dll comctl32.dll shlwapi.dll setupapi.dll userenv.dll profapi.dll IDStore.dll advapi32.dll ntdll.dll oleaut32.dll user32.dll cryptsp.dll win32u.dll mscorlib.dll ntdll.dll sspicli.dll ntdll.dll wow64.dll wow64win.dll sspicli.dll wow64cpu.dll kernel32.dll kernel32.dll taskschd.dll kernel32.dll kernel32.dll mscorwks.dll user32.dll kernel32.dll KernelBase.dll advapi32.dll msvcrt.dll sechost.dll rpcrt4.dll win32u.dll sspicli.dll kernel32.dll cryptbase.dll dnsapi.dll ws2_32.dll Accessibility.dll sxsstore.dll nsi.dll user32.dll winnsi.dll system.drawing.design.ni.dll ucrtbase.dll dhcpcsvc.dll dhcpcsvc6.dll shell32.dll wow64win.dll shlwapi.dll gdi32.dll user32.dll cryptsp.dll lpk.dll usp10.dll presentationcffrasterizer.dll ole32.dll imm32.dll msctf.dll clbcatq.dll clbcatq.dll uiautomationcore.dll imm32.dll clbcatq.dll combase.dll oleaut32.dll cryptsp.dll rsaenh.dll RpcRtRemote.dll wevtapi.dll ntdll.dll ntdll.dll kernel32.dll api-ms-win-core-processenvironment-l1-1-0.dll dhcpcsvc6.dll ntdll.dll wow64.dll wow64win.dll advapi32.dll wow64cpu.dll kernel32.dll kernel32.dll CbsCore.dll kernel32.dll dwmapi.dll user32.dll kernel32.dll KernelBase.dll advapi32.dll msvcrt.dll sechost.dll rpcrt4.dll cryptbase.dll sspicli.dll cryptbase.dll dnsapi.dll ws2_32.dll nsi.dll winnsi.dll dhcpcsvc.dll dmcmnutils.dll dhcpcsvc6.dll shell32.dll shlwapi.dll gdi32.dll user32.dll lpk.dll usp10.dll ole32.dll imm32.dll msctf.dll clbcatq.dll oleaut32.dll cryptsp.dll rsaenh.dll RpcRtRemote.dll wevtapi.dll,normal
 uiautomationtypes.ni.dll ntdll.dll kernel32.dll KernelBase.dll usp10.dll gdi32.dll api-ms-win-core-shlwapi-legacy-l1-1-0.dll user32.dll lpk.dll usp10.dll msvcrt.dll imm32.dll ws2_32.dll msctf.dll ole32.dll rpcrt4.dll oleaut32.dll cryptbase.dll clbcatq.dll imagehlp.dll rpcrtremote.dll advapi32.dll sechost.dll ntdll.dll kernel32.dll ntdll.dll wow64.dll wow64win.dll winmm.dll wow64cpu.dll kernel32.dll kernel32.dll ntdll.dll kernel32.dll Microsoft.VisualStudio.Tools.Office.Word.HostAdapter.v10.0.dll gdi32.dll user32.dll kernel32.dll KernelBase.dll wow64.dll msvcrt.dll winbrand.dll user32.dll gdi32.dll lpk.dll bcrypt.dll usp10.dll imm32.dll advapi32.dll profapi.dll sechost.dll rpcrt4.dll lspwaoie.dll sspicli.dll cryptbase.dll imm32.dll msctf.dll apphelp.dll,normal
 ntdll.dll webio.dll oleacc.dll oleaut32.dll cdp.dll kernel32.dll kernelbase.dll advapi32.dll msvcrt.dll sechost.dll rpcrt4.dll ole32.dll gdi32.dll user32.dll clr.dll lpk.dll lpk.dll usp10.dll imm32.dll gdi32.dll kernel32.dll msctf.dll wdscore.dll oleaut32.dll kernel32.dll shell32.dll msvcrt.dll shlwapi.dll dbghelp.dll ntdll.dll bcryptprimitives.dll cryptbase.dll dataexchange.dll System.Drawing.Design.dll rsaenh.dll msvcrt.dll cbscore.dll version.dll crypt32.dll msasn1.dll wintrust.dll userenv.dll uiautomationprovider.ni.dll profapi.dll ktmw32.dll rasapi32.dll dpx.dll dpx.dll authui.dll dpx.dll api-ms-win-downlevel-ole32-l1-1-0.dll wcp.dll imageres.dll drupdate.dll setupapi.dll imm32.dll mscorlib.dll cfgmgr32.dll devobj.dll advapi32.dll mpr.dll wrpint.dll sxsstore.dll ucrtbase.dll sqmapi.dll combase.dll winhttp.dll rpcrtremote.dll webio.dll winhttp.dll webio.dll wow64win.dll sensapi.dll cryptsp.dll rsaenh.dll rpcrtremote.dll clbcatq.dll usp10.dll cbsapi.dll smipi.dll smiengine.dll userenv.dll ntdll.dll ntdll.dll wow64.dll wow64win.dll wow64cpu.dll kernel32.dll cryptbase.dll kernel32.dll kernel32.dll System.dll lpk.dll system.xml.dll user32.dll kernel32.dll wow64.dll ole32.dll kernelbase.dll advapi32.dll imm32.dll msvcrt.dll sechost.dll user32.dll rpcrt4.dll sspicli.dll cryptbase.dll dnsapi.dll ws2_32.dll nsi.dll winnsi.dll clbcatq.dll dhcpcsvc.dll ole32.dll dhcpcsvc6.dll shell32.dll shlwapi.dll gdi32.dll user32.dll lpk.dll kernel32.dll usp10.dll ole32.dll System.Numerics.ni.dll imm32.dll msctf.dll sechost.dll clbcatq.dll oleaut32.dll cryptsp.dll kernel32.dll rsaenh.dll rpcrtremote.dll wevtapi.dll ntdll.dll ntdll.dll wow64.dll wow64win.dll dpx.dll wow64cpu.dll kernel32.dll kernel32.dll kernel32.dll user32.dll kernel32.dll kernelbase.dll msvcrt.dll winbrand.dll user32.dll gdi32.dll lpk.dll usp10.dll advapi32.dll sechost.dll rpcrt4.dll sspicli.dll cryptbase.dll shcore.dll imm32.dll msctf.dll apphelp.dll,normal
 coremessaging.dll api-ms-win-core-processthreads-l1-1-0.dll version.dll execmodelclient.dll twinapi.appcore.dll onecorecommonproxystub.dll system.ni.dll system.web.applicationservices.ni.dll execmodelproxy.dll policymanager.dll msvcp110_win.dll usp10.dll windows.staterepositoryps.dll capauthz.dll wintrust.dll system.windows.forms.dll msasn1.dll crypt32.dll ntmarta.dll capabilityaccessmanagerclient.dll mssvp.dll cryptbase.dll execmodelclient.dll coremessaging.dll elsTrans.dll twinapi.appcore.dll onecorecommonproxystub.dll execmodelproxy.dll usp10.dll system.enterpriseservices.dll policymanager.dll System.dll msvcp110_win.dll kernel32.dll windows.staterepositoryps.dll shlwapi.dll capauthz.dll msasn1.dll crypt32.dll gdi32.dll advapi32.dll ntmarta.dll wintrust.dll capabilityaccessmanagerclient.dll mssvp.dll execmodelclient.dll EhStorShell.dll SensApi.dll coremessaging.dll twinapi.appcore.dll onecorecommonproxystub.dll execmodelproxy.dll policymanager.dll userenv.dll msvcp110_win.dll windows.staterepositoryps.dll capauthz.dll wintrust.dll msasn1.dll crypt32.dll ntmarta.dll capabilityaccessmanagerclient.dll mssvp.dll,normal
 ntdll.dll sechost.dll kernel32.dll KernelBase.dll advapi32.dll msvcrt.dll winhttp.dll sechost.dll rpcrt4.dll ole32.dll gdi32.dll user32.dll lpk.dll usp10.dll version.dll mscorlib.dll webcheck.dll sxsstore.dll usp10.dll imm32.dll wow64.dll msctf.dll cryptbase.dll RpcRtRemote.dll ole32.dll cryptsp.dll rsaenh.dll dnsapi.dll ntdll.dll ws2_32.dll nsi.dll oleaut32.dll els.dll clbcatq.dll sspicli.dll taskschd.dll sppwinob.dll sppwinob.dll sppobjs.dll sppobjs.dll,normal
 apphelp.dll pautoenr.dll Wldap32.dll atl.dll certcli.dll ole32.dll CertEnroll.dll,normal
 ntdll.dll cryptbase.dll kernel32.dll kernelbase.dll advapi32.dll msvcrt.dll sechost.dll rpcrt4.dll msvcp_win.dll ole32.dll gdi32.dll user32.dll lpk.dll usp10.dll api-ms-win-core-file-l1-1-0.dll imm32.dll msctf.dll cryptbase.dll wdscore.dll oleaut32.dll sxs.dll gdi32.dll shell32.dll shlwapi.dll imm32.dll dbghelp.dll cryptbase.dll cbscore.dll version.dll crypt32.dll kernel32.dll KernelBase.dll msasn1.dll wintrust.dll userenv.dll profapi.dll shell32.dll ActionCenter.dll ktmw32.dll certprop.dll dpx.dll dpx.dll dpx.dll kernel32.dll wcp.dll drupdate.dll setupapi.dll cfgmgr32.dll devobj.dll mpr.dll wrpint.dll comctl32.dll ntdll.dll comres.dll sxsstore.dll sqmapi.dll msvcrt.dll usp10.dll winhttp.dll webio.dll oleaut32.dll winhttp.dll msasn1.dll webio.dll sensapi.dll cryptsp.dll rsaenh.dll rpcrtremote.dll clbcatq.dll cbsapi.dll smipi.dll smiengine.dll,normal
 ntdll.dll kernel32.dll ntdll.dll wow64.dll wow64win.dll wow64cpu.dll KernelBase.dll kernel32.dll kernel32.dll nsi.dll kernel32.dll user32.dll kernel32.dll KernelBase.dll oleaut32.dll advapi32.dll oleaut32.dll msvcrt.dll CbsApi.dll sechost.dll ole32.dll KernelBase.dll dmenrollengine.dll rpcrt4.dll sspicli.dll cryptbase.dll dnsapi.dll wuapi.dll ws2_32.dll msctf.dll nsi.dll winnsi.dll dhcpcsvc.dll dhcpcsvc6.dll shell32.dll cryptsp.dll shlwapi.dll oleaut32.dll rpcrt4.dll imm32.dll advapi32.dll cryptbase.dll secur32.dll gdi32.dll user32.dll lpk.dll usp10.dll ole32.dll imm32.dll msctf.dll kernel32.dll clbcatq.dll oleaut32.dll cryptsp.dll rsaenh.dll RpcRtRemote.dll wevtapi.dll ntdll.dll gpapi.dll ntdll.dll wow64.dll clbcatq.dll msvcrt.dll wow64win.dll wow64cpu.dll winnsi.dll kernel32.dll kernel32.dll version.dll kernel32.dll gdi32.dll user32.dll msvcrt.dll kernel32.dll KernelBase.dll msvcrt.dll ole32.dll gdi32.dll user32.dll iertutil.dll advapi32.dll sechost.dll rpcrt4.dll sspicli.dll cryptbase.dll lpk.dll dnsapi.dll usp10.dll imm32.dll msctf.dll ntdll.dll KernelBase.dll clbcatq.dll oleaut32.dll oleaut32.dll cryptsp.dll rsaenh.dll RpcRtRemote.dll shell32.dll shlwapi.dll System.DirectoryServices.dll actxprxy.dll comctl32.dll ntdll.dll kernel32.dll profapi.dll microsoft.visualstudio.tools.office.runtime.v10.0.dll KernelBase.dll gdi32.dll user32.dll api-ms-win-core-timezone-l1-1-0.dll lpk.dll usp10.dll msvcrt.dll imm32.dll imageres.dll msctf.dll ole32.dll rpcrt4.dll oleaut32.dll microsoft.management.infrastructure.native.dll lpk.dll SensApi.dll cryptbase.dll credssp.dll clbcatq.dll advapi32.dll sechost.dll ntdll.dll system.transactions.dll kernel32.dll KernelBase.dll msvcrt.dll system.transactions.ni.dll ole32.dll gdi32.dll ole32.dll user32.dll lpk.dll usp10.dll rpcrt4.dll wintrust.dll imm32.dll msctf.dll cryptbase.dll clbcatq.dll imageres.dll advapi32.dll sechost.dll msctf.dll system.data.dll oleaut32.dll cryptui.dll crypt32.dll msasn1.dll EhStorShell.dll shlwapi.dll uxtheme.dll GdiPlus.dll msctf.dll SndVolSSO.dll hid.dll MMDevAPI.dll setupapi.dll cfgmgr32.dll KernelBase.dll devobj.dll authui.dll comctl32.dll dui70.dll lpk.dll npmproxy.dll duser.dll winbrand.dll RpcRtRemote.dll wtsapi32.dll advapi32.dll VaultCredProvider.dll SmartcardCredentialProvider.dll certCredProvider.dll ntdll.dll rasplap.dll sechost.dll rasapi32.dll api-ms-win-core-synch-l1-2-0.dll rasman.dll rtutils.dll oleaut32.dll UIAutomationCore.dll microsoft.visualbasic.dll user32.dll oleacc.dll propsys.dll psapi.dll nlslexicons0011.dll cryptsp.dll rsaenh.dll shell32.dll dwmapi.dll xmllite.dll powrprof.dll imm32.dll WindowsCodecs.dll winsta.dll ws2_32.dll nsi.dll ole32.dll slc.dll msimg32.dll version.dll imecfm.dll WinSCard.dll imageres.dll sspicli.dll powrprof.dll wintrust.dll crypt32.dll msasn1.dll,normal
 ntdll.dll advapi32.dll cfgmgr32.dll kernel32.dll KernelBase.dll gdi32.dll user32.dll lpk.dll usp10.dll msvcrt.dll imm32.dll msctf.dll ole32.dll System.Drawing.dll msvcrt.dll rpcrt4.dll oleaut32.dll cryptbase.dll clbcatq.dll advapi32.dll kernelbase.dll sechost.dll ntdll.dll ntdll.dll oleaut32.dll msvcr80.dll wow64.dll wow64win.dll wow64cpu.dll kernel32.dll System.Xml.Linq.ni.dll kernel32.dll imageres.dll kernel32.dll user32.dll kernel32.dll KernelBase.dll advapi32.dll secur32.dll msvcrt.dll advapi32.dll sechost.dll kernel32.dll ipnathlp.dll msctf.dll oleacc.dll rpcrt4.dll sspicli.dll cryptbase.dll Accessibility.dll dnsapi.dll ws2_32.dll nsi.dll winnsi.dll dhcpcsvc.dll dhcpcsvc6.dll kernel32.dll system.transactions.dll shell32.dll api-ms-win-downlevel-shlwapi-l2-1-0.dll shlwapi.dll gdi32.dll user32.dll lpk.dll System.Security.dll usp10.dll profapi.dll ole32.dll imm32.dll imm32.dll policymanager.dll msctf.dll clbcatq.dll oleaut32.dll sechost.dll cryptsp.dll rsaenh.dll RpcRtRemote.dll wevtapi.dll ntdll.dll ntdll.dll wow64.dll wow64win.dll wow64cpu.dll api-ms-win-core-privateprofile-l1-1-0.dll lpk.dll kernel32.dll kernel32.dll system.web.regularexpressions.ni.dll kernel32.dll user32.dll kernel32.dll KernelBase.dll msvcrt.dll rpcrt4.dll system.directoryservices.dll winbrand.dll user32.dll gdi32.dll lpk.dll system.design.dll usp10.dll advapi32.dll dwmapi.dll sechost.dll rpcrt4.dll system.web.regularexpressions.dll sspicli.dll cryptbase.dll imm32.dll msctf.dll apphelp.dll,normal
 ntdll.dll kernel32.dll nsi.dll kernelbase.dll msvcrt.dll rpcrtremote.dll WABSyncProvider.dll conhostv2.dll combase.dll ucrtbase.dll rpcrt4.dll bcryptprimitives.dll gdi32.dll gdi32full.dll kernelbase.dll kernel.appcore.dll cryptsp.dll dhcpcsvc.dll user32.dll win32u.dll imm32.dll oleaut32.dll msvcp_win.dll msvcrt.dll propsys.dll sechost.dll shcore.dll shell32.dll ole32.dll mscorlib.dll cfgmgr32.dll gdi32.dll windows.storage.dll powrprof.dll advapi32.dll shlwapi.dll kernel.appcore.dll profapi.dll clbcatq.dll msctf.dll,normal
 ntdll.dll microsoft.powershell.consolehost.ni.dll kernel32.dll kernelbase.dll advapi32.dll kernel32.dll msvcrt.dll kernel32.dll mscorlib.dll adtschema.dll sechost.dll msctf.dll rpcrt4.dll rpcrt4.dll msvcr120_clr0400.dll mscoree.dll ole32.dll gdi32.dll user32.dll System.configuration.dll lpk.dll usp10.dll clr.dll oleaut32.dll imm32.dll msctf.dll lpk.dll cryptbase.dll sechost.dll cryptsp.dll rsaenh.dll rpcrtremote.dll clbcatq.dll sxs.dll mscoreei.dll mscorwks.dll msvcr80.dll shlwapi.dll shell32.dll profapi.dll mscorlib.ni.dll mscorjit.dll mscorlib.dll mscorlib.dll version.dll mscorlib.dll mscorlib.dll gpsvc.dll microsoft.visualstudio.tools.applications.contract.v9.0.ni.dll gdi32.dll mscorsec.dll wintrust.dll crypt32.dll msasn1.dll system.directoryservices.dll comctl32.dll riched20.dll advapi32.dll rpcrt4.dll rpcrtremote.dll ondemandconnroutehelper.dll imagehlp.dll ncrypt.dll cryptsp.dll System.Data.SqlXml.dll api-ms-win-core-processthreads-l1-1-1.dll bcrypt.dll bcryptprimitives.dll userenv.dll spoolss.dll gpapi.dll cryptnet.dll wldap32.dll kernel.appcore.dll wow64win.dll sensapi.dll system.addin.contract.ni.dll oleaut32.dll ntdll.dll kernel32.dll microsoft.visualstudio.tools.applications.runtime.v9.0.dll kernelbase.dll advapi32.dll msvcrt.dll sechost.dll rsaenh.dll rpcrt4.dll System.ni.dll lpk.dll mscoree.dll msvcr120_clr0400.dll mscoree.dll ole32.dll kernelbase.dll gdi32.dll user32.dll lpk.dll usp10.dll oleaut32.dll imm32.dll msctf.dll imagehlp.dll cryptbase.dll msctf.dll RpcRtRemote.dll vbscript.dll cryptsp.dll rsaenh.dll rpcrtremote.dll clbcatq.dll sxs.dll mscoreei.dll clr.dll shlwapi.dll mscorlib.ni.dll clrjit.dll system.ni.dll system.core.ni.dll nsi.dll version.dll microsoft.internal.tasks.dataflow.ni.dll msctf.dll kernel32.dll mscorlib.dll sechost.dll mscorlib.dll certprop.dll sechost.dll cryptsp.dll KernelBase.dll system.xml.ni.dll system.numerics.ni.dll system.security.ni.dll system.configuration.ni.dll accessibility.ni.dll ntdll.dll kernel32.dll kernelbase.dll imm32.dll advapi32.dll rpcrt4.dll msvcrt.dll sechost.dll advapi32.dll rpcrt4.dll msvcr120_clr0400.dll mscoree.dll ole32.dll gdi32.dll user32.dll cryptbase.dll lpk.dll usp10.dll oleaut32.dll imm32.dll secur32.dll msctf.dll cryptbase.dll rsaenh.dll cryptsp.dll rsaenh.dll rpcrtremote.dll clbcatq.dll sxs.dll user32.dll mscoreei.dll clr.dll shlwapi.dll mscorlib.ni.dll clrjit.dll system.ni.dll smdiagnostics.ni.dll version.dll mscorlib.dll mscorlib.dll rpcrt4.dll system.core.ni.dll system.configuration.ni.dll system.servicemodel.internals.ni.dll system.xml.ni.dll ntdll.dll kernel32.dll user32.dll kernelbase.dll KernelBase.dll advapi32.dll msvcrt.dll sechost.dll rpcrt4.dll wow64cpu.dll msvcr120_clr0400.dll mscoree.dll ole32.dll gdi32.dll wsock32.dll user32.dll lpk.dll usp10.dll lpk.dll oleaut32.dll imm32.dll System.Data.SqlXml.dll msctf.dll cryptbase.dll cryptsp.dll rsaenh.dll rpcrtremote.dll mimilib.dll clbcatq.dll sxs.dll windows.networking.hostname.dll kernel32.dll mscoreei.dll clr.dll system.core.dll shlwapi.dll mscorlib.ni.dll clrjit.dll system.ni.dll system.core.ni.dll windowsbase.ni.dll version.dll System.Transactions.dll mscorlib.dll System.Data.SqlXml.dll mscorlib.dll ieshims.dll system.xaml.ni.dll api-ms-win-security-lsalookup-l2-1-1.dll accessibility.ni.dll system.xml.ni.dll system.security.ni.dll system.configuration.ni.dll cryptsp.dll system.numerics.ni.dll ntdll.dll ntdll.dll wow64.dll wow64win.dll wow64cpu.dll kernel32.dll user32.dll kernel32.dll gdi32.dll kernel32.dll user32.dll user32.dll rsaenh.dll kernel32.dll kernelbase.dll cryptbase.dll clr.dll advapi32.dll msvcrt.dll sechost.dll rpcrt4.dll winsta.dll sspicli.dll clbcatq.dll cryptbase.dll msvcr120_clr0400.dll mscoree.dll system.data.dll ole32.dll gdi32.dll user32.dll wow64.dll lpk.dll sspicli.dll ProtectionManagement.dll rpcrt4.dll kernel32.dll usp10.dll oleaut32.dll imm32.dll msctf.dll cryptsp.dll rsaenh.dll kernel32.dll rpcrtremote.dll clbcatq.dll user32.dll cryptsp.dll user32.dll sxs.dll mscoreei.dll sspicli.dll mscorwks.dll msvcr80.dll shlwapi.dll shell32.dll sspicli.dll rpcrt4.dll profapi.dll rpcrt4.dll mscorlib.ni.dll mscorjit.dll mscorlib.dll sechost.dll mscorlib.dll Microsoft.PowerShell.Commands.Utility.ni.dll version.dll mscorlib.dll sensapi.dll mscorlib.dll system.ni.dll system.addin.ni.dll system.addin.dll system.addin.dll system.addin.dll system.addin.dll system.dll system.dll usp10.dll system.dll sechost.dll system.dll system.runtime.remoting.ni.dll system.runtime.remoting.dll system.runtime.remoting.dll system.addin.contract.ni.dll fastprox.dll fusion.dll rpcrtremote.dll system.addin.contract.dll system.addin.contract.dll system.addin.contract.dll davclnt.dll version.dll system.addin.contract.dll wersvc.dll system.web.ni.dll ole32.dll ole32.dll system.web.dll cryptbase.dll system.web.dll system.web.dll system.web.dll system.runtime.serialization.formatters.soap.ni.dll ole32.dll system.runtime.serialization.formatters.soap.dll msimg32.dll system.runtime.serialization.formatters.soap.dll system.xml.ni.dll system.xml.dll dpx.dll system.xml.dll system.xml.dll system.xml.dll system.directoryservices.ni.dll system.directoryservices.dll ondemandconnroutehelper.dll system.directoryservices.dll system.directoryservices.dll dnsapi.dll system.directoryservices.dll system.configuration.ni.dll wow64win.dll system.configuration.dll system.configuration.dll system.configuration.dll system.configuration.dll system.security.ni.dll system.security.dll system.security.dll imm32.dll system.security.dll system.security.dll system.data.sqlxml.ni.dll mswstr10.dll msvcrt.dll System.Data.OracleClient.dll system.data.sqlxml.dll system.data.sqlxml.dll mapi32.dll system.data.sqlxml.dll system.data.sqlxml.dll sechost.dll system.drawing.ni.dll system.drawing.dll wow64.dll system.drawing.dll system.data.ni.dll oleacc.dll system.drawing.dll system.drawing.dll kernel32.dll user32.dll system.data.ni.dll msctf.dll system.data.dll system.data.dll drupdate.dll twinapi.dll system.data.dll version.dll usp10.dll kernel32.dll system.data.dll system.web.regularexpressions.ni.dll system.data.dll ws2_32.dll clbcatq.dll nsi.dll crypt32.dll msasn1.dll system.web.services.ni.dll system.web.services.dll mscoree.dll system.web.services.dll api-ms-win-core-file-l1-2-0.dll system.web.services.dll system.web.services.dll system.directoryservices.protocols.ni.dll system.directoryservices.protocols.dll netapi32.dll microsoft.powershell.workflow.servicecore.ni.dll system.directoryservices.protocols.dll system.directoryservices.protocols.dll lpk.dll system.directoryservices.protocols.dll thumbcache.dll system.enterpriseservices.ni.dll wldap32.dll system.enterpriseservices.dll system.enterpriseservices.dll atl.dll system.design.ni.dll system.design.dll sspicli.dll imm32.dll system.design.dll sechost.dll propsys.dll mscoreei.dll msvcrt.dll system.serviceprocess.ni.dll system.serviceprocess.dll system.serviceprocess.dll system.windows.forms.ni.dll system.windows.forms.dll system.windows.forms.dll system.windows.forms.dll shcore.dll system.windows.forms.dll system.web.regularexpressions.ni.dll system.web.regularexpressions.dll profapi.dll mscorwks.dll system.web.regularexpressions.dll oleaut32.dll system.web.regularexpressions.dll taskschd.dll api-ms-win-crt-stdio-l1-1-0.dll system.web.regularexpressions.dll microsoft.visualc.ni.dll dhcpcsvc6.dll clbcatq.dll system.transactions.ni.dll system.transactions.dll system.transactions.dll system.transactions.dll userenv.dll system.transactions.dll system.transactions.dll system.drawing.design.ni.dll userenv.dll system.drawing.design.dll system.drawing.design.dll apphelp.dll system.data.oracleclient.ni.dll msvcrt.dll appinfo.dll system.data.oracleclient.dll system.data.oracleclient.dll System.ServiceProcess.ni.dll system.data.oracleclient.dll system.data.oracleclient.dll system.data.oracleclient.dll accessibility.ni.dll accessibility.dll accessibility.dll accessibility.dll bcryptprimitives.dll gdi32.dll imm32.dll accessibility.dll dxgi.dll system.deployment.ni.dll system.deployment.dll system.deployment.dll system.deployment.dll nsi.dll system.deployment.dll windows.storage.dll system.configuration.install.ni.dll system.configuration.install.dll system.configuration.install.dll cryptsp.dll shdocvw.dll ntdll.dll combase.dll ntdll.dll wow64.dll wow64win.dll reachframework.dll gdi32.dll wow64cpu.dll kernel32.dll kernel32.dll ntdll.dll kernel32.dll ntdll.dll msvcr80.dll kernel32.dll user32.dll kernel32.dll kernelbase.dll advapi32.dll msvcrt.dll sechost.dll system.servicemodel.ni.dll rpcrt4.dll sspicli.dll cryptbase.dll msvcr120_clr0400.dll mscoree.dll ole32.dll gdi32.dll version.dll user32.dll lpk.dll usp10.dll oleaut32.dll imm32.dll msctf.dll cryptsp.dll devobj.dll rsaenh.dll rpcrtremote.dll clbcatq.dll sxs.dll sspicli.dll mscoreei.dll clr.dll shlwapi.dll mscorlib.ni.dll sspicli.dll clrjit.dll system.ni.dll smdiagnostics.ni.dll version.dll smdiagnostics.dll smdiagnostics.dll rpcrt4.dll mscorlib.dll mscorlib.dll system.dll system.dll system.core.ni.dll wintypes.dll mmcndmgr.dll system.configuration.ni.dll system.configuration.dll system.configuration.dll system.core.dll system.core.dll system.servicemodel.internals.ni.dll system.servicemodel.internals.dll system.servicemodel.internals.dll system.xml.ni.dll ws2_32.dll system.xml.dll system.xml.dll ntdll.dll ntdll.dll wow64.dll wow64win.dll wow64cpu.dll kernel32.dll sechost.dll kernel32.dll kernel32.dll user32.dll kernel32.dll kernelbase.dll advapi32.dll msvcrt.dll sechost.dll imm32.dll rpcrt4.dll sspicli.dll cryptbase.dll msvcr120_clr0400.dll mscoree.dll ole32.dll gdi32.dll user32.dll winbrand.dll lpk.dll usp10.dll oleaut32.dll imm32.dll msctf.dll cryptsp.dll rsaenh.dll rpcrtremote.dll clbcatq.dll sxs.dll mscoreei.dll gdi32.dll clr.dll shlwapi.dll mscorlib.ni.dll clrjit.dll system.ni.dll version.dll mscorlib.dll mscorlib.dll system.dll system.dll system.web.datavisualization.design.ni.dll system.web.datavisualization.ni.dll system.web.datavisualization.dll system.web.datavisualization.dll system.drawing.ni.dll system.drawing.dll system.drawing.dll system.windows.forms.ni.dll system.windows.forms.dll system.windows.forms.dll system.core.ni.dll system.design.ni.dll system.core.dll system.core.dll system.drawing.design.ni.dll system.configuration.ni.dll system.configuration.dll system.configuration.dll system.web.ni.dll system.web.dll system.web.dll system.xml.ni.dll system.xml.dll system.xml.dll,normal
 sensapi.dll,normal
 ntdll.dll kernel32.dll kernelbase.dll kernel32.dll msvcrt.dll,normal
 ntdll.dll kernel32.dll kernelbase.dll comctl32.dll rpcrt4.dll resutils.dll advapi32.dll msvcrt.dll sechost.dll mssvp.dll rpcrt4.dll user32.dll gdi32.dll msjetoledb40.dll lpk.dll usoapi.dll usp10.dll ole32.dll oleaut32.dll gdiplus.dll tquery.dll shlwapi.dll imm32.dll msctf.dll kernelbase.dll msshooks.dll iertutil.dll mscoree.dll mscoree.dll biwinrt.dll kernel32.dll mscoreei.dll cryptbase.dll clbcatq.dll wow64win.dll cryptsp.dll smiengine.dll rsaenh.dll rpcrt4.dll rpcrtremote.dll KernelBase.dll bcryptprimitives.dll windowsbase.dll mssprxy.dll ntdll.dll kernel32.dll ole32.dll cofiredm.dll kernelbase.dll advapi32.dll msvcrt.dll winnsi.dll sechost.dll usp10.dll msvcrt.dll rpcrt4.dll msvcr120_clr0400.dll mscoree.dll ole32.dll gdi32.dll user32.dll lpk.dll gdi32.dll usp10.dll oleaut32.dll imm32.dll msctf.dll cryptbase.dll cryptsp.dll rsaenh.dll rpcrtremote.dll clbcatq.dll sxs.dll mscoreei.dll mscorwks.dll lpk.dll msvcr80.dll shlwapi.dll shell32.dll profapi.dll mscorlib.ni.dll mscorjit.dll mscorlib.dll mscorlib.dll version.dll mscorlib.dll mscorlib.dll ehiwuapi.ni.dll,normal
 ntdll.dll ntdll.dll kernel32.dll wow64.dll wow64win.dll wow64cpu.dll kernel32.dll wow64cpu.dll KernelBase.dll msimg32.dll system.directoryservices.dll kernel32.dll kernel32.dll user32.dll sfc.dll kernel32.dll KernelBase.dll advapi32.dll tabskb.dll sxs.dll msvcrt.dll dwmapi.dll sechost.dll rpcrt4.dll netprofm.dll sspicli.dll msctf.dll cryptbase.dll dhcpcsvc.dll dnsapi.dll ws2_32.dll wow64.dll ws2_32.dll nsi.dll winnsi.dll dhcpcsvc.dll combase.dll lpk.dll dhcpcsvc6.dll wbemcomn.dll shell32.dll shlwapi.dll gdi32.dll user32.dll lpk.dll system.data.oracleclient.ni.dll usp10.dll ole32.dll imm32.dll msctf.dll clbcatq.dll RpcRtRemote.dll oleaut32.dll secur32.dll kernel32.dll gpapi.dll cryptsp.dll msimg32.dll rsaenh.dll RpcRtRemote.dll wevtapi.dll shell32.dll ntdll.dll uxtheme.dll ntdll.dll msvcrt.dll ntdll.dll winbrand.dll wow64.dll wow64win.dll wow64cpu.dll kernel32.dll kernel32.dll kernel32.dll user32.dll kernel32.dll KernelBase.dll advapi32.dll lpk.dll msvcrt.dll sechost.dll rpcrt4.dll sspicli.dll msasn1.dll cryptbase.dll shell32.dll dnsapi.dll ws2_32.dll ole32.dll nsi.dll winnsi.dll dhcpcsvc.dll dhcpcsvc6.dll usp10.dll api-ms-win-core-io-l1-1-1.dll sechost.dll msvcrt.dll cscapi.dll shell32.dll shlwapi.dll gdi32.dll user32.dll npfproxy.dll lpk.dll usp10.dll ole32.dll imm32.dll msctf.dll clbcatq.dll msimg32.dll oleaut32.dll usp10.dll cryptsp.dll system.enterpriseservices.wrapper.dll rsaenh.dll rsaenh.dll RpcRtRemote.dll wevtapi.dll ntdll.dll kernel32.dll KernelBase.dll ntdll.dll gdi32.dll user32.dll winhttp.dll ntdll.dll lpk.dll kernelbase.dll usp10.dll msvcrt.dll authz.dll imm32.dll msctf.dll rsaenh.dll ole32.dll rpcrt4.dll oleaut32.dll ntdll.dll kernel32.dll advapi32.dll KernelBase.dll gdi32.dll user32.dll system.xml.ni.dll wow64cpu.dll lpk.dll usp10.dll msvcrt.dll imm32.dll msctf.dll ole32.dll KernelBase.dll ntdll.dll rpcrt4.dll oleaut32.dll cryptbase.dll api-ms-win-downlevel-advapi32-l1-1-0.dll clbcatq.dll advapi32.dll sechost.dll ntdll.dll kernel32.dll rpcrt4.dll KernelBase.dll advapi32.dll msvcrt.dll sechost.dll rpcrt4.dll crypt32.dll msvcrt.dll msasn1.dll shell32.dll shlwapi.dll gdi32.dll kernel32.dll user32.dll lpk.dll usp10.dll rpcrt4.dll efsadu.dll mfc42u.dll ole32.dll winbrand.dll oleaut32.dll odbc32.dll credui.dll cryptui.dll userenv.dll profapi.dll msobjs.dll Wldap32.dll netapi32.dll devobj.dll sqmapi.dll netutils.dll srvcli.dll wkscli.dll sspicli.dll dsrole.dll wow64.dll logoncli.dll imm32.dll ieframe.dll efsutil.dll msctf.dll usp10.dll odbcint.dll comctl32.dll cryptbase.dll mscoreei.dll ws2_32.dll nsi.dll mswsock.dll CbsCore.dll secur32.dll sspicli.dll cryptsp.dll msv1_0.dll msctf.dll clbcatq.dll dsuiext.dll ntdsapi.dll mpr.dll dssec.dll authz.dll samcli.dll gpapi.dll wtsapi32.dll slc.dll sxs.dll adsldp.dll credssp.dll PwdSSP.dll wship6.dll KernelBase.dll dnsapi.dll winnsi.dll cryptdll.dll gpedit.dll activeds.dll adsldpc.dll atl.dll dfscli.dll framedynos.dll rasadhlp.dll,normal
 msctf.dll olepro32.dll ntdll.dll kernel32.dll kernelbase.dll msvcrt.dll rpcrt4.dll gdi32.dll user32.dll usp10.dll usp10.dll lpk.dll usp10.dll ole32.dll rpcrt4.dll oleaut32.dll imm32.dll ntdll.dll wow64.dll wow64win.dll wow64cpu.dll kernel32.dll kernel32.dll kernel32.dll user32.dll kernel32.dll kernelbase.dll advapi32.dll System.Configuration.dll msvcrt.dll sechost.dll rpcrt4.dll sspicli.dll sechost.dll cryptbase.dll msvcr120_clr0400.dll mscoree.dll api-ms-win-core-localization-l1-2-0.dll ole32.dll gdi32.dll user32.dll lpk.dll System.Numerics.ni.dll ntdll.dll usp10.dll oleaut32.dll cryptbase.dll imm32.dll msctf.dll ntdll.dll cryptsp.dll system.data.ni.dll rsaenh.dll kernel32.dll rpcrtremote.dll clbcatq.dll sxs.dll mscoreei.dll riched20.dll advapi32.dll mscorwks.dll ntdll.dll msvcr80.dll cryptsp.dll shlwapi.dll shell32.dll api-ms-win-downlevel-version-l1-1-0.dll profapi.dll mscorlib.ni.dll mscorjit.dll mscorlib.dll propsys.dll msvcp110_win.dll msvcr120_clr0400.dll mscorlib.dll version.dll msctf.dll mscorlib.dll ws2_32.dll mscorlib.dll msvcrt.dll presentationframework.royale.ni.dll presentationframework.royale.dll kernel32.dll presentationframework.royale.dll presentationframework.royale.dll presentationframework.royale.dll system.ni.dll windowsbase.ni.dll api-ms-win-core-processthreads-l1-1-1.dll presentationcore.ni.dll api-ms-win-core-string-l2-1-0.dll presentationframework.ni.dll presentationframework.dll presentationframework.dll presentationframework.dll sechost.dll presentationframework.dll sensapi.dll system.addin.contract.ni.dll cryptbase.dll windowsbase.dll mscoree.dll windowsbase.dll msvcr120_clr0400.dll windowsbase.dll msvcrt.dll windowsbase.dll system.dll system.dll system.dll system.dll presentationcore.dll presentationcore.dll kernel32.dll presentationcore.dll presentationcore.dll system.xml.ni.dll system.xml.dll system.xml.dll system.web.regularexpressions.ni.dll system.xml.dll system.xml.dll uiautomationprovider.ni.dll uiautomationprovider.dll uiautomationprovider.dll uiautomationprovider.dll uiautomationprovider.dll system.drawing.ni.dll netapi32.dll cryptsp.dll system.drawing.dll system.drawing.dll linkinfo.dll system.drawing.dll system.drawing.dll mscorlib.dll system.deployment.ni.dll System.EnterpriseServices.Wrapper.dll oleaut32.dll system.deployment.dll lpk.dll system.deployment.dll api-ms-win-core-string-l1-1-0.dll user32.dll propsys.dll system.deployment.dll dhcpcsvc6.dll system.deployment.dll presentationui.ni.dll presentationui.dll presentationui.dll system.printing.ni.dll system.printing.dll user32.dll system.printing.dll wow64win.dll system.printing.dll system.printing.dll reachframework.ni.dll reachframework.dll reachframework.dll Microsoft.Office.Tools.Outlook.Implementation.dll uiautomationtypes.ni.dll uiautomationtypes.dll uiautomationtypes.dll uiautomationtypes.dll pnpts.dll uiautomationtypes.dll system.data.ni.dll oleaut32.dll cryptbase.dll system.data.dll system.data.dll system.data.dll system.data.dll system.data.dll ws2_32.dll nsi.dll crypt32.dll msasn1.dll accessibility.ni.dll accessibility.dll accessibility.dll accessibility.dll accessibility.dll system.configuration.ni.dll api-ms-win-base-util-l1-1-0.dll system.configuration.dll system.configuration.dll system.configuration.dll system.configuration.dll mscorlib.dll system.security.ni.dll system.security.dll system.security.dll system.security.dll oleaut32.dll wow64.dll system.security.dll system.data.sqlxml.ni.dll system.data.sqlxml.dll mscorwks.dll system.data.sqlxml.dll system.data.sqlxml.dll system.data.sqlxml.dll microsoft.visualc.ni.dll wininet.dll presentationcffrasterizer.ni.dll mscms.dll lpk.dll vm3dum64.dll winnsi.dll presentationcffrasterizer.dll presentationcffrasterizer.dll sensapi.dll system.windows.forms.ni.dll system.windows.forms.dll d3d10_1core.dll mscorlib.dll system.windows.forms.dll dbghelp.dll msvcrt.dll kernelbase.dll system.windows.forms.dll oleacc.dll system.windows.forms.dll system.runtime.serialization.formatters.soap.ni.dll msctf.dll system.runtime.serialization.formatters.soap.dll system.runtime.serialization.formatters.soap.dll advapi32.dll msctf.dll system.directoryservices.ni.dll system.directoryservices.dll wow64cpu.dll wintrust.dll system.directoryservices.dll system.directoryservices.dll kernel32.dll system.directoryservices.dll system.transactions.ni.dll system.transactions.dll system.transactions.dll system.transactions.dll system.transactions.dll system.transactions.dll apphelp.dll system.enterpriseservices.ni.dll system.enterpriseservices.dll system.enterpriseservices.dll system.runtime.remoting.ni.dll imageres.dll winmmbase.dll system.design.ni.dll xmllite.dll system.runtime.remoting.dll system.runtime.remoting.dll system.web.ni.dll system.web.dll userenv.dll system.web.dll system.web.dll system.web.dll system.web.services.ni.dll shell32.dll system.web.services.dll system.web.services.dll ntdll.dll system.web.services.dll user32.dll system.web.services.dll system.directoryservices.protocols.ni.dll system.directoryservices.protocols.dll system.directoryservices.protocols.dll system.directoryservices.protocols.dll system.directoryservices.protocols.dll system.design.ni.dll system.design.dll system.design.dll winnsi.dll system.serviceprocess.ni.dll gdi32.dll system.serviceprocess.dll system.serviceprocess.dll system.web.regularexpressions.ni.dll system.web.regularexpressions.dll system.web.regularexpressions.dll system.web.regularexpressions.dll system.web.regularexpressions.dll system.drawing.design.ni.dll system.drawing.design.dll system.drawing.design.dll system.data.oracleclient.ni.dll system.data.oracleclient.dll system.data.oracleclient.dll system.data.oracleclient.dll system.data.oracleclient.dll system.data.oracleclient.dll system.configuration.install.ni.dll system.configuration.install.dll system.configuration.install.dll,normal
 ntdll.dll kernel32.dll kernelbase.dll advapi32.dll msvcrt.dll profapi.dll sechost.dll rpcrt4.dll msvcr120_clr0400.dll mscoree.dll imm32.dll ole32.dll gdi32.dll System.Xml.ni.dll user32.dll lpk.dll usp10.dll oleaut32.dll ntdll.dll imm32.dll msctf.dll cryptbase.dll combase.dll cryptsp.dll rsaenh.dll rpcrtremote.dll clbcatq.dll gdi32.dll rsaenh.dll sxs.dll mscoreei.dll mscorwks.dll msvcr80.dll advapi32.dll shlwapi.dll shell32.dll system.deployment.ni.dll profapi.dll mscorlib.ni.dll mscorjit.dll mscorlib.dll mscorlib.dll oleaut32.dll version.dll fastprox.dll mscorlib.dll mscorlib.dll mscorsec.dll wintrust.dll crypt32.dll msasn1.dll comctl32.dll riched20.dll imagehlp.dll ncrypt.dll bcrypt.dll bcryptprimitives.dll userenv.dll gpapi.dll cryptnet.dll wldap32.dll sensapi.dll system.addin.contract.ni.dll microsoft.visualstudio.tools.applications.contract.v9.0.dll microsoft.visualstudio.tools.applications.contract.v9.0.ni.dll mscoreei.dll microsoft.visualstudio.tools.applications.contract.v9.0.ni.dll kernel32.dll microsoft.visualstudio.tools.applications.contract.v9.0.ni.dll microsoft.visualstudio.tools.applications.contract.v9.0.dll ntdll.dll msshooks.dll kernel32.dll sechost.dll kernelbase.dll mscoree.dll advapi32.dll msvcrt.dll clbcatq.dll sechost.dll rpcrt4.dll msvcr120_clr0400.dll mscoree.dll RpcRtRemote.dll ole32.dll gdi32.dll user32.dll kernelbase.dll lpk.dll msctfmonitor.dll usp10.dll oleaut32.dll imm32.dll msctf.dll wevtapi.dll cryptbase.dll ieframe.dll cryptsp.dll system.configuration.dll rsaenh.dll api-ms-win-security-provider-l1-1-0.dll d3d10_1core.dll mscoree.dll rpcrtremote.dll clbcatq.dll sxs.dll cryptsp.dll mscoreei.dll mscorwks.dll msvcr80.dll shlwapi.dll shell32.dll profapi.dll mscorlib.ni.dll rsaenh.dll system.data.oracleclient.ni.dll kernel.appcore.dll mscorjit.dll url.dll msimtf.dll mscorlib.dll mscorlib.dll sspicli.dll icaapi.dll version.dll mscorlib.dll mscorlib.dll system.ni.dll microsoft.mediacenter.bml.ni.dll system.xml.ni.dll ehiitv.ni.dll shell32.dll ehibmldatacarousel.ni.dll cryptbase.dll msswch.dll KernelBase.dll microsoft.mediacenter.ni.dll system.drawing.ni.dll system.windows.forms.ni.dll kernelbase.dll ehiactivscp.ni.dll microsoft.mediacenter.ui.ni.dll microsoft.mediacenter.itv.hosting.ni.dll system.web.ni.dll system.web.dll system.web.dll ntdll.dll system.web.dll system.web.dll wldap32.dll system.configuration.ni.dll system.data.sqlxml.ni.dll oleaut32.dll system.security.ni.dll bdatunepia.ni.dll bdatunepia.dll bdatunepia.dll bdatunepia.dll dnsapi.dll microsoft.visualc.ni.dll profapi.dll system.runtime.remoting.ni.dll idstore.dll kernel32.dll ehrecobj.ni.dll imageres.dll ehiuserxp.ni.dll kernel32.dll system.web.services.ni.dll system.data.ni.dll system.data.dll system.data.dll system.data.dll lpk.dll rpcrtremote.dll system.data.dll system.data.dll ws2_32.dll nsi.dll crypt32.dll user32.dll KernelBase.dll msasn1.dll uxtheme.dll system.directoryservices.ni.dll system.directoryservices.protocols.ni.dll system.enterpriseservices.ni.dll system.enterpriseservices.dll system.enterpriseservices.dll system.design.ni.dll secur32.dll system.serviceprocess.ni.dll system.web.regularexpressions.ni.dll rpcrt4.dll clbcatq.dll wow64cpu.dll certadm.dll system.transactions.ni.dll system.transactions.dll system.transactions.dll system.transactions.dll shell32.dll system.transactions.dll system.transactions.dll clbcatq.dll system.runtime.serialization.formatters.soap.ni.dll system.drawing.design.ni.dll system.data.oracleclient.ni.dll system.data.oracleclient.dll kernel32.dll system.data.oracleclient.dll system.data.oracleclient.dll system.data.oracleclient.dll kernel32.dll system.data.oracleclient.dll kernel32.dll rsaenh.dll accessibility.ni.dll system.deployment.ni.dll system.configuration.install.ni.dll user32.dll ehiproxy.ni.dll msvcrt.dll mcepg.ni.dll dhcpcsvc.dll ieframe.dll RpcRtRemote.dll rsaenh.dll mcstore.ni.dll ehividctl.ni.dll mcstoredb.ni.dll mcstoredb.dll mcstoredb.dll mcstoredb.dll rasapi32.dll rasman.dll stdole.ni.dll ntdll.dll mscorsec.dll wintrust.dll comctl32.dll gdiplus.dll kernel32.dll riched20.dll imagehlp.dll ncrypt.dll bcrypt.dll bcryptprimitives.dll ntdll.dll userenv.dll gpapi.dll cryptnet.dll wldap32.dll sensapi.dll usp10.dll ntdll.dll system.xml.dll clrjit.dll mscorwks.dll ntdll.dll system.management.ni.dll wow64.dll user32.dll wow64win.dll wow64cpu.dll kernel32.dll kernel32.dll spp.dll gdi32.dll msctf.dll kernel32.dll user32.dll kernel32.dll kernelbase.dll ole32.dll advapi32.dll ntdll.dll msvcrt.dll sechost.dll rpcrt4.dll sspicli.dll cryptbase.dll msi.dll mscorsvc.dll msvcr120_clr0400.dll mscoree.dll ole32.dll gdi32.dll user32.dll user32.dll wmsgapi.dll ole32.dll Microsoft.VisualStudio.Tools.Applications.Contract.v9.0.ni.dll lpk.dll usp10.dll oleaut32.dll dhcpcsvc6.dll ws2_32.dll rpcrt4.dll imm32.dll lpk.dll kernel32.dll sppc.dll msctf.dll cryptsp.dll netprofm.dll rsaenh.dll devobj.dll shell32.dll gdiplus.dll rpcrtremote.dll clbcatq.dll sxs.dll mscoreei.dll cryptbase.dll mscorwks.dll msvcr80.dll shlwapi.dll shell32.dll ntdll.dll dnsapi.dll profapi.dll user32.dll mscorlib.ni.dll System.Design.dll user32.dll mscorjit.dll mscorlib.dll msctf.dll mscorlib.dll version.dll mscorlib.dll mscorlib.dll system.ni.dll windowsbase.ni.dll presentationcore.ni.dll presentationcore.dll presentationcore.dll actxprxy.dll presentationcore.dll presentationcore.dll windowsbase.dll windowsbase.dll uxtheme.dll windowsbase.dll kernel32.dll windowsbase.dll system.dll system.dll System.dll system.dll system.dll System.Data.dll microsoft.visualc.ni.dll uiautomationprovider.ni.dll uiautomationprovider.dll gdi32.dll uiautomationprovider.dll uiautomationprovider.dll uiautomationprovider.dll cryptsp.dll uiautomationtypes.ni.dll uiautomationtypes.dll uiautomationtypes.dll uiautomationtypes.dll uiautomationtypes.dll system.xml.ni.dll system.xml.dll usp10.dll system.xml.dll system.xml.dll system.xml.dll system.deployment.ni.dll system.deployment.dll system.deployment.dll system.deployment.dll system.deployment.dll presentationcffrasterizer.ni.dll presentationcffrasterizer.dll presentationcffrasterizer.dll system.drawing.ni.dll system.drawing.dll system.drawing.dll system.drawing.dll system.drawing.dll api-ms-win-downlevel-ole32-l1-1-0.dll system.configuration.ni.dll system.configuration.dll system.configuration.dll system.configuration.dll system.configuration.dll system.security.ni.dll system.security.dll system.security.dll system.security.dll system.security.dll system.data.sqlxml.ni.dll system.data.sqlxml.dll system.data.sqlxml.dll system.data.sqlxml.dll system.data.sqlxml.dll accessibility.ni.dll accessibility.dll accessibility.dll accessibility.dll advapi32.dll accessibility.dll system.windows.forms.ni.dll system.windows.forms.dll system.windows.forms.dll system.windows.forms.dll system.windows.forms.dll system.runtime.serialization.formatters.soap.ni.dll system.runtime.serialization.formatters.soap.dll system.runtime.serialization.formatters.soap.dll,normal
 microsoft.office.tools.word.implementation.dll sensapi.dll ntdll.dll ntdll.dll wow64.dll wow64win.dll wow64cpu.dll cryptsp.dll mscoreei.dll kernel32.dll kernel32.dll kernel32.dll user32.dll api-ms-win-core-processthreads-l1-1-0.dll kernel32.dll KernelBase.dll msvcrt.dll winbrand.dll dhcpcsvc.dll bcrypt.dll api-ms-win-core-processthreads-l1-1-0.dll SensApi.dll user32.dll gdi32.dll lpk.dll usp10.dll advapi32.dll sechost.dll rpcrt4.dll sspicli.dll usp10.dll cryptbase.dll imm32.dll msctf.dll apphelp.dll,normal
 System.DirectoryServices.Protocols.ni.dll ntdll.dll kernel32.dll kernelbase.dll,normal
 microsoft-windows-kernel-power-events.dll System.Configuration.dll ntdll.dll kernel32.dll kernelbase.dll msvcrt.dll msctf.dll winbrand.dll user32.dll gdi32.dll lpk.dll usp10.dll shlwapi.dll imm32.dll usp10.dll msctf.dll advapi32.dll sechost.dll rpcrt4.dll comctl32.dll apphelp.dll,normal
 ntdll.dll kernel32.dll KernelBase.dll advapi32.dll advapi32.dll msvcrt.dll sechost.dll rpcrt4.dll RpcRtRemote.dll ntdll.dll user32.dll gdi32.dll System.Transactions.dll lpk.dll usp10.dll System.Configuration.dll comctl32.dll shlwapi.dll imm32.dll cfgmgr32.dll SensApi.dll msctf.dll ole32.dll combase.dll syncui.dll windows.ui.dll oleaut32.dll shell32.dll winbrand.dll slc.dll cryptbase.dll user32.dll clbcatq.dll cryptsp.dll devobj.dll System.Web.ni.dll advapi32.dll rsaenh.dll bcrypt.dll RpcRtRemote.dll sppcommdlg.dll sppc.dll sppcomapi.dll crypt32.dll msasn1.dll WinSCard.dll winhttp.dll webio.dll rasapi32.dll rasman.dll imm32.dll ws2_32.dll nsi.dll wdscore.dll setupapi.dll cfgmgr32.dll system.drawing.design.dll devobj.dll sppcext.dll tapi32.dll wtsapi32.dll cryptui.dll msi.dll sxs.dll slwga.dll,normal
 msftedit.dll ntshrui.dll cscapi.dll ws2_32.dll ImeBrokerps.dll advapi32.dll MTF.dll CoreMessaging.dll,normal
 ntdll.dll ntdll.dll wow64.dll wow64win.dll wow64cpu.dll winbrand.dll UIAutomationCore.dll kernel32.dll kernel32.dll kernel32.dll kernel32.dll dwmapi.dll microsoft.powershell.commands.diagnostics.ni.dll user32.dll kernel32.dll KernelBase.dll msvcrt.dll winbrand.dll user32.dll microsoft.windows.diagnosis.sdengine.dll gdi32.dll ntdll.dll lpk.dll devobj.dll usp10.dll advapi32.dll sechost.dll imm32.dll ntdll.dll rpcrt4.dll sspicli.dll cryptbase.dll imm32.dll msctf.dll apphelp.dll,normal
 oleaut32.dll ntdll.dll kernel32.dll vcruntime140.dll kernelbase.dll imecfm.dll advapi32.dll msvcrt.dll sechost.dll rpcrt4.dll gdi32.dll wow64cpu.dll user32.dll lpk.dll usp10.dll nsi.dll winnsi.dll comctl32.dll shlwapi.dll pcwum.dll shell32.dll secur32.dll sspicli.dll kernel32.dll uxtheme.dll wevtapi.dll clbcatq.dll credui.dll vdmdbg.dll imm32.dll msctf.dll netprofm.dll ws2_32.dll mscorjit.dll msctf.dll pautoenr.dll wcp.dll slc.dll dwmapi.dll ole32.dll avrt.dll msvcr120_clr0400.dll ole32.dll SensApi.dll ntdll.dll cryptbase.dll system.management.dll clbcatq.dll oleaut32.dll oleacc.dll imecfm.dll version.dll winsta.dll utildll.dll setupapi.dll cfgmgr32.dll devobj.dll rpcrt4.dll netapi32.dll advapi32.dll netutils.dll srvcli.dll wkscli.dll logoncli.dll browcli.dll samcli.dll propsys.dll dhcpcsvc6.dll ws2_32.dll dhcpcsvc.dll wtsapi32.dll,normal
 comctl32.dll oleaut32.dll clbcatq.dll propsys.dll KernelBase.dll kernel32.dll ntmarta.dll wldap32.dll profapi.dll ole32.dll setupapi.dll cfgmgr32.dll gdi32.dll devobj.dll dwrite.dll,normal
 ntdll.dll system.core.ni.dll kernel32.dll shlwapi.dll msctf.dll System.Xml.ni.dll KernelBase.dll gdi32.dll user32.dll lpk.dll usp10.dll msvcrt.dll ntdll.dll imm32.dll msctf.dll ole32.dll rpcrt4.dll oleaut32.dll sechost.dll cryptbase.dll clbcatq.dll advapi32.dll Microsoft.MediaCenter.UI.ni.dll sechost.dll ntdll.dll clbcatq.dll api-ms-win-downlevel-normaliz-l1-1-0.dll msvcr80.dll msls31.dll ntdll.dll sensapi.dll wow64.dll wow64win.dll advapi32.dll wow64cpu.dll kernel32.dll clbcatq.dll system.xml.ni.dll kernel32.dll kernel32.dll user32.dll kernel32.dll KernelBase.dll advapi32.dll msvcrt.dll sechost.dll rpcrt4.dll sspicli.dll cryptbase.dll msvcr120_clr0400.dll mscoreei.dll mscoree.dll ole32.dll ntdll.dll gdi32.dll ntdsapi.dll user32.dll shlwapi.dll mscorsec.dll lpk.dll usp10.dll oleaut32.dll msvcrt.dll KernelBase.dll imm32.dll msctf.dll cryptsp.dll rsaenh.dll RpcRtRemote.dll system.configuration.dll clbcatq.dll sxs.dll mscoreei.dll clr.dll wininet.dll d3d11.dll shlwapi.dll devicecenter.dll mscorlib.ni.dll clrjit.dll System.ni.dll System.Security.ni.dll version.dll System.Security.dll kernel32.dll System.Security.dll mscorlib.dll mscorlib.dll System.dll System.dll shacct.dll System.Xml.ni.dll System.Xml.dll System.Xml.dll System.Core.ni.dll System.Configuration.ni.dll System.Configuration.dll System.Configuration.dll System.Core.dll System.Core.dll,normal
 ntdll.dll kernel32.dll KernelBase.dll sspicli.dll gdi32.dll gdi32.dll version.dll user32.dll lpk.dll usp10.dll msvcrt.dll ole32.dll imm32.dll msvcrt.dll msctf.dll ole32.dll rpcrt4.dll oleaut32.dll,normal
 ntdll.dll sensapi.dll ntdll.dll System.DirectoryServices.AccountManagement.ni.dll wow64.dll wow64win.dll kernel32.dll kernelbase.dll wow64cpu.dll kernel32.dll kernel32.dll kernel32.dll user32.dll kernel32.dll kernelbase.dll kernelbase.dll imageres.dll msvcrt.dll winbrand.dll user32.dll gdi32.dll tquery.dll lpk.dll usp10.dll advapi32.dll System.Configuration.dll sechost.dll setupapi.dll rpcrt4.dll sspicli.dll urlmon.dll cryptbase.dll imm32.dll msctf.dll apphelp.dll,normal
 ntdll.dll kernel32.dll kernelbase.dll advapi32.dll msvcrt.dll version.dll sechost.dll rpcrt4.dll System.Core.dll ole32.dll gdi32.dll user32.dll lpk.dll system.web.regularexpressions.dll usp10.dll System.Core.dll oleaut32.dll shlwapi.dll samlib.dll secur32.dll sspicli.dll msvcrt.dll System.Security.dll shell32.dll user32.dll profapi.dll setupapi.dll pcwum.dll cfgmgr32.dll devobj.dll winsta.dll wldap32.dll ole32.dll shlwapi.dll imm32.dll ws2_32.dll msctf.dll cryptbase.dll WindowsCodecs.dll rsaenh.dll crypt32.dll wintrust.dll system.transactions.dll system.xml.dll msasn1.dll usp10.dll winmm.dll cryptdll.dll msasn1.dll netapi32.dll netutils.dll rpcrt4.dll srvcli.dll wkscli.dll logoncli.dll userenv.dll version.dll hid.dll winscard.dll vaultcli.dll cryptsp.dll bcrypt.dll bcryptprimitives.dll,mimikatz
 gdi32.dll KernelBase.dll ntdll.dll ntdll.dll cryptsp.dll wow64.dll wow64win.dll wow64cpu.dll kernel32.dll kernel32.dll kernel32.dll user32.dll wintypes.dll imageres.dll kernel32.dll kernelbase.dll lpk.dll msvcrt.dll advapi32.dll oleaut32.dll ole32.dll gdi32.dll user32.dll msvcrt.dll ole32.dll advapi32.dll wow64.dll sechost.dll rpcrt4.dll sspicli.dll cryptbase.dll api-ms-win-downlevel-version-l1-1-0.dll lpk.dll usp10.dll version.dll imm32.dll system.xml.dll rpcrt4.dll msctf.dll sxs.dll clbcatq.dll cryptbase.dll vbscript.dll msvcrt.dll msvcp110_win.dll advapi32.dll wintrust.dll crypt32.dll msasn1.dll sechost.dll kernel32.dll cryptsp.dll shell32.dll rsaenh.dll msisip.dll wshext.dll comctl32.dll clbcatq.dll shell32.dll shlwapi.dll npmproxy.dll logoncli.dll scrobj.dll msi.dll scrrun.dll ntdll.dll kernel32.dll kernelbase.dll usp10.dll gdi32.dll user32.dll lpk.dll usp10.dll msvcrt.dll msctf.dll imm32.dll msctf.dll ole32.dll rpcrt4.dll ntdll.dll oleaut32.dll cryptbase.dll clbcatq.dll System.Core.ni.dll advapi32.dll imageres.dll sechost.dll msctfp.dll ntdll.dll kernel32.dll kernelbase.dll mfc42u.dll advapi32.dll msvcrt.dll kernel32.dll sechost.dll sensapi.dll rpcrt4.dll msvcr120_clr0400.dll kernel32.dll mscoree.dll ole32.dll version.dll msctf.dll gdi32.dll cryptsp.dll ntdll.dll user32.dll lpk.dll secur32.dll usp10.dll kernel32.dll system.deployment.ni.dll oleaut32.dll imm32.dll msctf.dll cryptbase.dll cryptsp.dll rsaenh.dll system.design.ni.dll rpcrtremote.dll propsys.dll mscms.dll ws2_32.dll netutils.dll clbcatq.dll sxs.dll mscoreei.dll mscorwks.dll sspicli.dll msvcr80.dll wtsapi32.dll System.Xml.dll shlwapi.dll shell32.dll profapi.dll mscorlib.ni.dll cfgmgr32.dll mscorjit.dll advapi32.dll gpapi.dll PresentationFramework.dll mscorlib.dll mscorlib.dll version.dll mscorlib.dll mscorlib.dll custommarshalers.ni.dll custommarshalers.dll setupapi.dll custommarshalers.dll devicecenter.dll cryptbase.dll custommarshalers.dll microsoft.visualc.ni.dll wmiutils.dll ntdll.dll lpk.dll kernel32.dll kernelbase.dll advapi32.dll msvcrt.dll sechost.dll wow64.dll rpcrt4.dll msvcr120_clr0400.dll mscoree.dll windowsbase.ni.dll comctl32.dll ole32.dll gdi32.dll user32.dll lpk.dll wsock32.dll usp10.dll oleaut32.dll imm32.dll msctf.dll WABSyncProvider.dll cryptbase.dll cryptsp.dll rsaenh.dll imagehlp.dll msvcr120_clr0400.dll rpcrtremote.dll d3d11.dll npmproxy.dll clbcatq.dll sxs.dll mscoreei.dll shlwapi.dll mscorwks.dll msvcr80.dll mlang.dll dbghelp.dll shlwapi.dll shell32.dll profapi.dll mscorlib.ni.dll mscorjit.dll mscorlib.dll mscorlib.dll version.dll mscorlib.dll cryptbase.dll mscorlib.dll ntdll.dll mscorsec.dll profapi.dll shlwapi.dll wintrust.dll crypt32.dll msasn1.dll shell32.dll comctl32.dll riched20.dll imagehlp.dll certCredProvider.dll ncrypt.dll clbcatq.dll bcrypt.dll bcryptprimitives.dll lpk.dll userenv.dll gpapi.dll amsi.dll cryptnet.dll wldap32.dll sensapi.dll system.ni.dll user32.dll system.addin.ni.dll microsoft.visualstudio.tools.applications.runtime.v9.0.ni.dll system.xml.ni.dll system.data.ni.dll system.data.dll system.data.dll system.data.dll system.data.dll system.data.dll ws2_32.dll System.Data.dll nsi.dll wshqos.dll windowsbase.ni.dll system.configuration.ni.dll ntdll.dll kernel32.dll ntdll.dll user32.dll kernelbase.dll devobj.dll advapi32.dll user32.dll msvcrt.dll sechost.dll rpcrt4.dll msvcr120_clr0400.dll aeevts.dll mscoree.dll ole32.dll rsaenh.dll gdi32.dll user32.dll lpk.dll usp10.dll oleaut32.dll imm32.dll msctf.dll cryptbase.dll cryptsp.dll system.runtime.remoting.dll shell32.dll rsaenh.dll rpcrtremote.dll winhttp.dll clbcatq.dll sxs.dll bcrypt.dll mscoreei.dll clr.dll shlwapi.dll mscorlib.ni.dll clrjit.dll system.ni.dll system.core.ni.dll version.dll dwrite.dll mscorlib.dll dui70.dll mscorlib.dll rpcrt4.dll system.configuration.ni.dll system.componentmodel.dataannotations.ni.dll user32.dll system.xml.ni.dll system.numerics.ni.dll system.security.ni.dll ntdll.dll ntdll.dll wow64.dll wow64win.dll wow64cpu.dll kernel32.dll kernel32.dll kernel32.dll user32.dll kernel32.dll kernelbase.dll advapi32.dll msvcrt.dll sechost.dll crypt32.dll rpcrt4.dll sspicli.dll cryptbase.dll msvcr120_clr0400.dll mscoree.dll ole32.dll api-ms-win-downlevel-ole32-l1-1-0.dll gdi32.dll user32.dll lpk.dll usp10.dll oleaut32.dll imm32.dll msctf.dll cryptsp.dll rsaenh.dll rpcrtremote.dll powrprof.dll clbcatq.dll api-ms-win-downlevel-shell32-l1-1-0.dll sxs.dll mscoreei.dll clr.dll shlwapi.dll mscorlib.ni.dll clrjit.dll system.addin.contract.ni.dll version.dll system.addin.contract.dll system.addin.contract.dll mscorlib.dll mscorlib.dll,normal
 ntdll.dll gdi32.dll ntdll.dll ntdll.dll wow64.dll wow64win.dll wow64cpu.dll win32u.dll dtsh.dll sspicli.dll kernel32.dll system.ni.dll shlwapi.dll kernel32.dll kernel32.dll user32.dll kernel32.dll msswch.dll kernelbase.dll dnsapi.dll ws2_32.dll nsi.dll user32.dll winnsi.dll dhcpcsvc.dll dhcpcsvc6.dll user32.dll shlwapi.dll System.Transactions.ni.dll rpcrtremote.dll wevtapi.dll mscorlib.dll msvcrt.dll user32.dll gdi32.dll system.drawing.dll msvcrt.dll lpk.dll usp10.dll advapi32.dll sechost.dll rpcrt4.dll sspicli.dll cryptbase.dll imm32.dll msctf.dll lpk.dll shell32.dll ole32.dll clbcatq.dll oleaut32.dll cryptsp.dll rsaenh.dll,normal
 ntdll.dll rpcrt4.dll rpcrt4.dll wship6.dll kernel32.dll KernelBase.dll cryptsp.dll SensApi.dll gdi32.dll user32.dll system.data.dll lpk.dll NaturalLanguage6.dll imm32.dll imm32.dll usp10.dll rsaenh.dll clr.dll msvcrt.dll imm32.dll srvcli.dll msctf.dll ole32.dll gdi32.dll smiengine.dll iertutil.dll rpcrt4.dll oleaut32.dll ntdll.dll kernel32.dll KernelBase.dll clr.dll advapi32.dll msvcrt.dll sechost.dll system.windows.controls.ribbon.ni.dll rpcrt4.dll shell32.dll ole32.dll gdi32.dll user32.dll lpk.dll usp10.dll imm32.dll msctf.dll apphelp.dll wdscore.dll oleaut32.dll shell32.dll shlwapi.dll dbghelp.dll wow64win.dll cryptbase.dll CbsCore.dll version.dll crypt32.dll msasn1.dll wintrust.dll userenv.dll cryptsp.dll profapi.dll ktmw32.dll KernelBase.dll dpx.dll dpx.dll dpx.dll wcp.dll DrUpdate.dll setupapi.dll cfgmgr32.dll devobj.dll mpr.dll wrpint.dll rpcrt4.dll mssprxy.dll version.dll sxsstore.dll DrUpdate.dll sqmapi.dll winhttp.dll UIAnimation.dll oleaut32.dll webio.dll winsta.dll cfgmgr32.dll KernelBase.dll winhttp.dll rpcrt4.dll ntdsapi.dll webio.dll SensApi.dll cryptsp.dll rsaenh.dll RpcRtRemote.dll clbcatq.dll CbsApi.dll smipi.dll ntdll.dll smiengine.dll ntdll.dll ntdll.dll wow64.dll wow64win.dll wow64cpu.dll ws2_32.dll kernelbase.dll kernel32.dll kernel32.dll kernel32.dll user32.dll kernel32.dll KernelBase.dll msvcrt.dll winbrand.dll user32.dll gdi32.dll lpk.dll usp10.dll advapi32.dll sechost.dll rpcrt4.dll sspicli.dll cryptbase.dll imm32.dll msctf.dll apphelp.dll,normal
 ntdll.dll PresentationFramework.ni.dll kernel32.dll KernelBase.dll advapi32.dll msimg32.dll msvcrt.dll imageres.dll sechost.dll rpcrt4.dll user32.dll System.Drawing.dll wow64cpu.dll win32u.dll gdi32.dll gdi32full.dll shcore.dll msvcp_win.dll ucrtbase.dll gdi32.dll shell32.dll cfgmgr32.dll SHCore.dll sspicli.dll combase.dll bcryptprimitives.dll kbd101.dll windows.storage.dll shlwapi.dll kernel.appcore.dll powrprof.dll profapi.dll uxtheme.dll imm32.dll msvcrt.dll,normal
 ntdll.dll kernel32.dll kernelbase.dll gdi32.dll user32.dll rpcrt4.dll lpk.dll usp10.dll msvcrt.dll imm32.dll wu.upgrade.ps.dll msvcrt.dll cscapi.dll msctf.dll idstore.dll ktmw32.dll ole32.dll rpcrt4.dll oleaut32.dll cryptbase.dll clbcatq.dll advapi32.dll sechost.dll,normal
 ntdll.dll ntdll.dll wow64.dll wow64win.dll cryptsp.dll wow64cpu.dll kernel32.dll kernel32.dll kernel32.dll user32.dll kernel32.dll kernelbase.dll advapi32.dll user32.dll msvcrt.dll sechost.dll rpcrt4.dll sspicli.dll cryptbase.dll mintdh.dll msvcrt.dll dnsapi.dll ws2_32.dll spoolss.dll nsi.dll msointl30.dll sechost.dll winnsi.dll cryptext.dll dhcpcsvc.dll dhcpcsvc6.dll winsta.dll shell32.dll shlwapi.dll gdi32.dll user32.dll lpk.dll mscoree.dll advapi32.dll usp10.dll api-ms-win-core-registry-l1-1-0.dll ole32.dll nsi.dll mscorlib.dll sechost.dll imm32.dll msctf.dll clbcatq.dll oleaut32.dll cryptsp.dll sspicli.dll rsaenh.dll rpcrtremote.dll wevtapi.dll ntdll.dll msasn1.dll ntdll.dll comctl32.dll wow64.dll wow64win.dll wow64cpu.dll kernel32.dll kernel32.dll kernel32.dll user32.dll System.Xml.dll stobject.dll kernel32.dll sxsstore.dll ucrtbase.dll kernelbase.dll user32.dll msvcrt.dll winbrand.dll rpcrt4.dll user32.dll gdi32.dll lpk.dll api-ms-win-downlevel-version-l1-1-0.dll usp10.dll advapi32.dll sechost.dll rpcrt4.dll sspicli.dll cryptbase.dll imm32.dll msctf.dll apphelp.dll,normal
 ntdll.dll kernel32.dll winnsi.dll wintrust.dll user32.dll KernelBase.dll gdi32.dll user32.dll lpk.dll usp10.dll msvcrt.dll imm32.dll msctf.dll kernel32.dll ole32.dll rpcrt4.dll mscorlib.ni.dll oleaut32.dll,normal
 sspicli.dll ntdll.dll ntdll.dll wow64.dll wow64win.dll wow64cpu.dll kernel32.dll kernel32.dll KernelBase.dll kernel32.dll sechost.dll user32.dll kernel32.dll KernelBase.dll msvcrt.dll winbrand.dll user32.dll gdi32.dll lpk.dll usp10.dll gdi32.dll advapi32.dll sechost.dll rpcrt4.dll CertEnroll.dll sspicli.dll cryptbase.dll imm32.dll webio.dll wow64.dll msctf.dll RpcRtRemote.dll sechost.dll apphelp.dll ntdll.dll ntdll.dll wow64.dll profapi.dll wow64win.dll winrnr.dll wow64win.dll wow64cpu.dll user32.dll gdi32.dll sfc.dll kernel32.dll rpcrt4.dll kernel32.dll kernel32.dll user32.dll mscorlib.ni.dll kernel32.dll KernelBase.dll advapi32.dll userenv.dll msvcrt.dll usp10.dll sechost.dll wpdshext.dll rpcrt4.dll dsrole.dll shell32.dll sspicli.dll cryptbase.dll dnsapi.dll ws2_32.dll nsi.dll winnsi.dll dhcpcsvc.dll dhcpcsvc6.dll shell32.dll shlwapi.dll spoolss.dll gdi32.dll user32.dll lpk.dll usp10.dll ole32.dll imm32.dll msctf.dll winbrand.dll clbcatq.dll oleaut32.dll cryptsp.dll skydriveshell.dll rsaenh.dll RpcRtRemote.dll wevtapi.dll,normal
 windows.ui.creddialogcontroller.dll ntdll.dll kernel32.dll sechost.dll kernelbase.dll advapi32.dll advapi32.dll sxs.dll profapi.dll gdi32.dll msvcrt.dll sechost.dll rpcrt4.dll kernel32.dll msvcr120_clr0400.dll wmsgapi.dll mscoree.dll mscoreei.dll ole32.dll wintrust.dll shlwapi.dll gdi32.dll system.xml.ni.dll kernel32.dll user32.dll lpk.dll usp10.dll oleaut32.dll imm32.dll msctf.dll cryptbase.dll msvcrt.dll msctf.dll cryptsp.dll rsaenh.dll normaliz.dll rpcrtremote.dll clbcatq.dll sxs.dll mscoreei.dll mscorwks.dll usp10.dll gdi32.dll msvcr80.dll shlwapi.dll Microsoft.WSMan.Management.ni.dll shell32.dll profapi.dll mscorlib.ni.dll mscorjit.dll mscorlib.dll mscorlib.dll spoolss.dll version.dll mscorlib.dll mscorlib.dll mscorsec.dll wintrust.dll user32.dll crypt32.dll msasn1.dll comctl32.dll riched20.dll imagehlp.dll advapi32.dll shlwapi.dll system.xml.ni.dll ncrypt.dll bcrypt.dll rpcrt4.dll bcryptprimitives.dll userenv.dll secur32.dll msvcrt.dll twinapi.appcore.dll sechost.dll gpapi.dll cryptnet.dll system.xml.dll wldap32.dll sensapi.dll sensapi.dll system.addin.contract.ni.dll ntdll.dll kernel32.dll shlwapi.dll kernelbase.dll advapi32.dll gdi32.dll msvcrt.dll sechost.dll rpcrt4.dll msvcr120_clr0400.dll mscoree.dll clrjit.dll ole32.dll gdi32.dll sechost.dll user32.dll lpk.dll usp10.dll oleaut32.dll lpk.dll imm32.dll msctf.dll cryptbase.dll cryptsp.dll rsaenh.dll rpcrtremote.dll clbcatq.dll kernelbase.dll sxs.dll mscoreei.dll mscorwks.dll dpx.dll kernel32.dll msvcr80.dll shlwapi.dll shell32.dll profapi.dll mscorlib.ni.dll mscorjit.dll mscorlib.dll mscorlib.dll msshooks.dll version.dll mscorlib.dll mscorlib.dll system.ni.dll documentperformanceevents.dll system.core.ni.dll system.addin.ni.dll msvcrt.dll sspicli.dll ncrypt.dll microsoft.visualstudio.tools.office.excel.hostadapter.v10.0.ni.dll mscorsec.dll kernel32.dll wintrust.dll crypt32.dll msasn1.dll comctl32.dll riched20.dll imagehlp.dll ncrypt.dll bcrypt.dll bcryptprimitives.dll userenv.dll gpapi.dll cryptnet.dll wldap32.dll netutils.dll chrome.dll sensapi.dll kernel32.dll microsoft.visualstudio.tools.office.hostadapter.v10.0.ni.dll msvcrt.dll system.addin.contract.ni.dll microsoft.visualstudio.tools.applications.adapter.v9.0.ni.dll microsoft.visualstudio.tools.office.contract.v9.0.ni.dll microsoft.visualstudio.tools.applications.contract.v9.0.ni.dll microsoft.visualstudio.tools.applications.runtime.v9.0.ni.dll system.runtime.remoting.ni.dll system.configuration.ni.dll system.xml.ni.dll system.data.oracleclient.dll system.security.ni.dll ntdll.dll kernel32.dll wkscli.dll kernelbase.dll advapi32.dll textinputframework.dll kernel32.dll msvcrt.dll sechost.dll rpcrt4.dll rpcrt4.dll user32.dll msvcr120_clr0400.dll mscoree.dll winnsi.dll ole32.dll gdi32.dll user32.dll lpk.dll msvcp_win.dll msasn1.dll usp10.dll cryptbase.dll oleaut32.dll imm32.dll gdi32.dll msctf.dll cryptbase.dll ntdll.dll System.ServiceModel.Internals.dll cryptsp.dll UIAutomationProvider.dll wow64cpu.dll system.transactions.dll rsaenh.dll msvcr120_clr0400.dll rpcrtremote.dll grooveintlresource.dll clbcatq.dll sxs.dll clbcatq.dll mscoreei.dll dbghelp.dll gdi32.dll crypt32.dll mscoree.dll mscorwks.dll msvcr80.dll shlwapi.dll shell32.dll profapi.dll version.dll mscorlib.ni.dll mscorjit.dll mscorlib.dll mscorlib.dll version.dll gdi32full.dll eappcfg.dll version.dll kernel32.dll mscorlib.dll user32.dll mscorlib.dll system.ni.dll system.management.automation.ni.dll system.configuration.install.ni.dll msvcr120_clr0400.dll msctf.dll system.transactions.ni.dll winhttp.dll lpk.dll system.transactions.dll system.transactions.dll system.transactions.dll system.transactions.dll system.transactions.dll system.xml.ni.dll system.management.ni.dll system.directoryservices.ni.dll system.data.ni.dll system.data.dll devobj.dll staterepository.core.dll system.data.dll system.data.dll system.data.dll system.data.dll system.windows.forms.ni.dll sspicli.dll ws2_32.dll wow64win.dll nsi.dll crypt32.dll imagehlp.dll shell32.dll msasn1.dll system.configuration.ni.dll kernel32.dll system.security.ni.dll system.data.sqlxml.ni.dll system.runtime.serialization.formatters.soap.ni.dll system.drawing.ni.dll system.windows.forms.ni.dll certenroll.dll accessibility.ni.dll system.deployment.ni.dll nsi.dll ole32.dll system.enterpriseservices.ni.dll system.enterpriseservices.dll system.enterpriseservices.dll system.runtime.remoting.ni.dll microsoft.visualc.ni.dll system.web.ni.dll system.web.dll system.web.dll davhlpr.dll system.web.dll gdi32.dll system.web.dll system.web.services.ni.dll msvcrt.dll system.directoryservices.protocols.ni.dll system.design.ni.dll system.serviceprocess.ni.dll winbrand.dll system.web.regularexpressions.ni.dll system.drawing.design.ni.dll advapi32.dll system.data.oracleclient.ni.dll system.data.oracleclient.dll system.data.oracleclient.dll system.data.oracleclient.dll wow64win.dll system.data.oracleclient.dll system.configuration.ni.dll system.data.oracleclient.dll microsoft.jscript.ni.dll microsoft.vsa.ni.dll ntdll.dll imm32.dll kernel32.dll kernelbase.dll advapi32.dll system.drawing.ni.dll msvcrt.dll ncrypt.dll sechost.dll rpcrt4.dll rsaenh.dll msvcr120_clr0400.dll mscoree.dll mscorsec.dll ole32.dll vcruntime140.dll msctf.dll gdi32.dll KernelBase.dll user32.dll lpk.dll kernel32.dll usp10.dll system.directoryservices.ni.dll oleaut32.dll imm32.dll imm32.dll msctf.dll cryptbase.dll cryptsp.dll sechost.dll rsaenh.dll rpcrtremote.dll imm32.dll clbcatq.dll rpcrtremote.dll secur32.dll sxs.dll mscoreei.dll clr.dll user32.dll shlwapi.dll mscorlib.ni.dll clrjit.dll ws2_32.dll version.dll System.Deployment.dll mscorlib.dll kernelbase.dll mscorlib.dll system.ni.dll system.drawing.ni.dll gdi32.dll system.windows.forms.ni.dll microsoft.office.tools.common.ni.dll rsaenh.dll microsoft.office.tools.ni.dll system.xml.ni.dll system.core.ni.dll windowsbase.ni.dll System.Transactions.dll presentationcore.ni.dll presentationframework.ni.dll presentationcore.dll presentationcore.dll system.configuration.ni.dll wow64.dll system.numerics.ni.dll rsaenh.dll system.security.ni.dll dui70.dll uxtheme.dll ntdll.dll ntdll.dll wow64.dll samlib.dll wow64win.dll wow64cpu.dll kernel32.dll advapi32.dll cryptbase.dll kernel32.dll System.Data.dll kernel32.dll user32.dll kernel32.dll kernelbase.dll advapi32.dll msvcrt.dll sspicli.dll sechost.dll Microsoft.Office.Interop.Excel.dll rpcrt4.dll sspicli.dll cryptbase.dll msvcr120_clr0400.dll wbemsvc.dll wevtapi.dll mscoree.dll ole32.dll gdi32.dll user32.dll lpk.dll usp10.dll oleaut32.dll imm32.dll msctf.dll cryptsp.dll rsaenh.dll rpcrtremote.dll clbcatq.dll sxs.dll mscoreei.dll mscorwks.dll msi.dll msvcr80.dll shlwapi.dll shell32.dll profapi.dll mscorlib.ni.dll mscorjit.dll mscorlib.dll mscorlib.dll version.dll mscorlib.dll mscorlib.dll system.ni.dll system.configuration.install.ni.dll system.configuration.install.dll system.configuration.install.dll system.dll sensapi.dll system.dll system.dll wow64win.dll system.dll system.runtime.serialization.formatters.soap.ni.dll system.runtime.serialization.formatters.soap.dll system.runtime.serialization.formatters.soap.dll system.drawing.ni.dll system.windows.forms.ni.dll system.windows.forms.dll system.windows.forms.dll system.windows.forms.dll system.windows.forms.dll system.drawing.dll system.drawing.dll system.drawing.dll system.drawing.dll system.configuration.ni.dll kernel32.dll system.configuration.dll ole32.dll system.configuration.dll system.configuration.dll system.configuration.dll system.xml.ni.dll system.xml.dll system.xml.dll system.xml.dll system.xml.dll system.security.ni.dll system.security.dll system.security.dll system.security.dll system.security.dll system.data.sqlxml.ni.dll system.data.sqlxml.dll system.data.sqlxml.dll system.data.sqlxml.dll system.data.sqlxml.dll accessibility.ni.dll accessibility.dll accessibility.dll accessibility.dll accessibility.dll system.deployment.ni.dll system.deployment.dll system.deployment.dll system.deployment.dll system.deployment.dll,normal
 ntdll.dll wldp.dll kernel32.dll kernelbase.dll rpcrt4.dll msvcrt.dll advapi32.dll rpcrt4.dll MsCtfMonitor.dll msvcrt.dll rpcrt4.dll sechost.dll lpk.dll rpcrt4.dll gdi32.dll ntdll.dll slc.dll user32.dll user32.dll mssprxy.dll wow64cpu.dll lpk.dll usp10.dll ole32.dll msimg32.dll wmsgapi.dll wtsapi32.dll winmm.dll userenv.dll profapi.dll winsta.dll crypt32.dll lpk.dll msasn1.dll msctfmonitor.dll msctf.dll schannel.dll user32.dll imm32.dll msutb.dll comctl32.dll shlwapi.dll msvcr120_clr0400.dll secur32.dll sspicli.dll shell32.dll msvcr80.dll cryptbase.dll wintrust.dll usp10.dll cryptsp.dll dhcpcsvc6.dll cryptsp.dll rsaenh.dll cryptbase.dll imagehlp.dll mscorlib.dll bcrypt.dll ntdll.dll bcryptprimitives.dll advapi32.dll sensapi.dll ncrypt.dll gpapi.dll cryptnet.dll wldap32.dll sensapi.dll setupapi.dll wow64win.dll cfgmgr32.dll oleaut32.dll kernelbase.dll devobj.dll rsaenh.dll cabinet.dll devrtl.dll version.dll clbcatq.dll oleaut32.dll KernelBase.dll urlmon.dll system.xml.ni.dll wininet.dll iertutil.dll kernelbase.dll ntdll.dll rpcrtremote.dll kernel32.dll kernelbase.dll user32.dll gdi32.dll lpk.dll usp10.dll msvcrt.dll rpcrt4.dll imm32.dll msctf.dll usp10.dll comctl32.dll dsrole.dll samcli.dll samlib.dll netutils.dll oleaut32.dll shlwapi.dll imecfm.dll netplwiz.dll shell32.dll ole32.dll mpr.dll advapi32.dll sechost.dll cryptbase.dll uxtheme.dll clbcatq.dll oleacc.dll version.dll,normal
 ntdll.dll rpcrt4.dll ntdll.dll api-ms-win-crt-stdio-l1-1-0.dll msshooks.dll wow64.dll wow64win.dll KernelBase.dll wow64cpu.dll kernel32.dll kernel32.dll wow64win.dll kernel32.dll vbscript.dll user32.dll kernel32.dll KernelBase.dll advapi32.dll msvcrt.dll sechost.dll wow64win.dll rpcrt4.dll sspicli.dll cryptbase.dll msvcr80.dll RpcRtRemote.dll dnsapi.dll rpcrtremote.dll ws2_32.dll nsi.dll shcore.dll winnsi.dll dhcpcsvc.dll dhcpcsvc6.dll shell32.dll shlwapi.dll sensorsutilsv2.dll system.data.dll gdi32.dll user32.dll lpk.dll usp10.dll rpcrt4.dll ole32.dll imm32.dll cryptbase.dll msctf.dll clbcatq.dll oleaut32.dll cryptsp.dll rsaenh.dll RpcRtRemote.dll wevtapi.dll,normal
 ntdll.dll ntdll.dll ntdll.dll System.Configuration.ni.dll wow64.dll sqmapi.dll wow64win.dll wow64cpu.dll windows.storage.dll kernel32.dll kernel32.dll kernel32.dll user32.dll imm32.dll uiautomationtypes.dll kernel32.dll kernelbase.dll wminet_utils.dll advapi32.dll msvcrt.dll devobj.dll sechost.dll rpcrt4.dll sspicli.dll cryptbase.dll WsmRes.dll dnsapi.dll sensapi.dll ws2_32.dll nsi.dll winnsi.dll dhcpcsvc.dll dhcpcsvc6.dll shell32.dll shell32.dll mscoree.dll shlwapi.dll gdi32.dll user32.dll lpk.dll networkexplorer.dll system.security.dll usp10.dll ole32.dll imm32.dll msctf.dll system.configuration.ni.dll RpcRtRemote.dll clbcatq.dll oleaut32.dll cryptsp.dll rsaenh.dll rpcrtremote.dll wevtapi.dll ntdll.dll ntdll.dll wow64.dll wow64win.dll wow64cpu.dll kernel32.dll usp10.dll kernel32.dll ntdll.dll kernel32.dll user32.dll kernel32.dll kernelbase.dll advapi32.dll msvcrt.dll sechost.dll rpcrt4.dll sspicli.dll cryptbase.dll msvcrt.dll mscorwks.dll System.DirectoryServices.Protocols.ni.dll dnsapi.dll wbemcomn.dll ws2_32.dll secur32.dll nsi.dll winnsi.dll dhcpcsvc.dll cbsapi.dll dhcpcsvc6.dll shell32.dll shlwapi.dll gdi32.dll user32.dll user32.dll lpk.dll mscoreei.dll ntdsapi.dll usp10.dll ole32.dll amsiproxy.dll imm32.dll msctf.dll clbcatq.dll perfproc.dll sechost.dll version.dll oleaut32.dll cryptsp.dll auditcse.dll rsaenh.dll rpcrtremote.dll wevtapi.dll bcrypt.dll ntdll.dll kernel32.dll kernelbase.dll gdi32.dll user32.dll user32.dll cryptbase.dll wow64cpu.dll lpk.dll usp10.dll msvcrt.dll imm32.dll uxtheme.dll msctf.dll ole32.dll spoolss.dll rpcrt4.dll system.dll oleaut32.dll ntdll.dll accessibility.ni.dll ntdll.dll shlwapi.dll rmclient.dll wow64.dll wow64win.dll wow64cpu.dll kernel32.dll kernel32.dll lpk.dll kernel32.dll system.deployment.dll user32.dll kernel32.dll kernelbase.dll msvcrt.dll oleaut32.dll ole32.dll mscorlib.ni.dll gdi32.dll user32.dll advapi32.dll rpcrtremote.dll sechost.dll oleaut32.dll rpcrt4.dll user32.dll dnsapi.dll sspicli.dll cryptbase.dll lpk.dll ntdll.dll kernel32.dll version.dll cfgmgr32.dll usp10.dll version.dll imm32.dll msctf.dll shell32.dll api-ms-win-service-winsvc-l1-1-0.dll sxs.dll clbcatq.dll framedyn.dll vbscript.dll microsoft.visualc.ni.dll advapi32.dll wintrust.dll crypt32.dll msasn1.dll cryptsp.dll rsaenh.dll api-ms-win-eventing-provider-l1-1-0.dll wintrust.dll msisip.dll wshext.dll comctl32.dll dhcpcsvc6.dll shell32.dll shlwapi.dll scrobj.dll msi.dll scrrun.dll ntdll.dll ntdll.dll wow64.dll wow64win.dll oleaut32.dll wow64cpu.dll wshbth.dll kernel32.dll kernel32.dll kernel32.dll user32.dll kernel32.dll kernelbase.dll msvcrt.dll winbrand.dll user32.dll gdi32.dll lpk.dll usp10.dll advapi32.dll sechost.dll rpcrt4.dll sspicli.dll cryptbase.dll imm32.dll msctf.dll apphelp.dll,normal
 ntdll.dll lpk.dll ntdll.dll wow64.dll wow64win.dll kernel32.dll kernel32.dll kernel32.dll dmdskres2.dll psapi.dll user32.dll wow64cpu.dll kernel32.dll kernelbase.dll advapi32.dll msvcrt.dll sechost.dll rpcrt4.dll cryptsp.dll sspicli.dll cryptbase.dll sxsstore.dll system.configuration.ni.dll bcryptprimitives.dll shlwapi.dll combase.dll ucrtbase.dll user32.dll sspicli.dll gdi32.dll wintrust.dll System.Xml.dll gdi32full.dll user32.dll win32u.dll kernel.appcore.dll mscoree.dll mscoreei.dll version.dll ole32.dll oleaut32.dll kernel32.dll msvcp_win.dll clr.dll System.Transactions.dll user32.dll System.ni.dll msvcr120_clr0400.dll msvcrt.dll mscorlib.ni.dll clrjit.dll system.ni.dll mscorsvc.dll fusion.dll shlwapi.dll system.core.ni.dll system.management.ni.dll,normal
 kernel32.dll kernelbase.dll sechost.dll rpcrt4.dll winnsi.dll ucrtbase.dll setupapi.dll sechost.dll combase.dll microsoft.build.framework.dll bcryptprimitives.dll kernel.appcore.dll prnfldr.dll msvcrt.dll user32.dll win32u.dll gdi32.dll mscoree.dll gdi32full.dll system.core.dll winmm.dll msvcp_win.dll umb.dll combase.dll ntdll.dll capabilityaccessmanager.dll wldp.dll crypt32.dll msasn1.dll wintrust.dll advapi32.dll clbcatq.dll capabilityaccessmanagerclient.dll policymanager.dll ktmw32.dll msvcp110_win.dll oleaut32.dll xmllite.dll usermgrcli.dll bcrypt.dll deviceaccess.dll capabilityaccesshandlers.dll,normal
 ntdll.dll kernel32.dll ucrtbase.dll kernelbase.dll msvcrt.dll rpcrt4.dll sechost.dll user32.dll gdi32.dll lpk.dll usp10.dll propsys.dll ole32.dll oleaut32.dll imm32.dll esent.dll msctf.dll devobj.dll advapi32.dll msvcrt.dll cryptbase.dll rpcrtremote.dll ntmarta.dll ntdll.dll dhcpcsvc6.dll rpcrt4.dll diagcpl.dll wldap32.dll lpk.dll clbcatq.dll cryptsp.dll rsaenh.dll rsaenh.dll user32.dll mmdevapi.dll mscorlib.dll audioeng.dll usp10.dll shlwapi.dll setupapi.dll cfgmgr32.dll devobj.dll audiokse.dll shlwapi.dll wmalfxgfxdsp.dll mfplat.dll dui70.dll ws2_32.dll nsi.dll audioses.dll avrt.dll crypt32.dll msasn1.dll wintrust.dll sspicli.dll ksuser.dll,normal
 aepic.dll flightsettings.dll bcd.dll wintrust.dll onecorecommonproxystub.dll,normal
 ntdll.dll comctl32.dll credssp.dll ntdll.dll nsi.dll wow64.dll wow64win.dll user32.dll wow64cpu.dll kernel32.dll kernel32.dll kernel32.dll twinapi.dll usp10.dll user32.dll kernel32.dll kernel32.dll kernelbase.dll advapi32.dll msvcrt.dll sechost.dll rpcrt4.dll sspicli.dll kernelbase.dll cryptbase.dll dnsapi.dll ws2_32.dll tlscsp.dll mscoree.dll languageoverlayutil.dll nsi.dll winnsi.dll dhcpcsvc.dll dhcpcsvc6.dll kernel32.dll shell32.dll shlwapi.dll gdi32.dll user32.dll lpk.dll cryptsp.dll usp10.dll System.Xml.dll ole32.dll imm32.dll msctf.dll clbcatq.dll oleaut32.dll system.data.services.design.ni.dll cryptsp.dll msasn1.dll rsaenh.dll rpcrtremote.dll wevtapi.dll ntdll.dll ntdll.dll wow64.dll wow64win.dll wow64cpu.dll kernel32.dll imageres.dll kernel32.dll kernel32.dll user32.dll kernel32.dll kernelbase.dll advapi32.dll msvcrt.dll sechost.dll rpcrt4.dll ntdll.dll sspicli.dll system.web.dll cryptbase.dll dnsapi.dll ws2_32.dll System.ServiceProcess.dll nsi.dll winnsi.dll setupapi.dll api-ms-win-core-file-l1-2-0.dll msasn1.dll dhcpcsvc.dll dhcpcsvc6.dll shell32.dll dbghelp.dll shlwapi.dll system.dll gdi32.dll user32.dll lpk.dll kernel.appcore.dll usp10.dll printisolationproxy.dll ole32.dll user32.dll api-ms-win-crt-heap-l1-1-0.dll SensApi.dll imm32.dll oleaut32.dll msctf.dll System.ni.dll imm32.dll msvcp_win.dll clbcatq.dll oleaut32.dll cryptsp.dll rsaenh.dll sechost.dll system.transactions.dll rpcrtremote.dll wevtapi.dll ntdll.dll RpcRtRemote.dll ntdll.dll wow64.dll wow64win.dll wow64cpu.dll kernel32.dll kernel32.dll kernel32.dll user32.dll kernel32.dll msjint40.dll windowsbase.dll kernelbase.dll adtschema.dll msvcrt.dll winbrand.dll user32.dll gdi32.dll lpk.dll usp10.dll advapi32.dll sechost.dll rpcrt4.dll sspicli.dll cryptbase.dll imm32.dll msctf.dll apphelp.dll,normal
 ntdll.dll advapi32.dll wow64.dll advapi32.dll wow64win.dll wow64cpu.dll kernel32.dll wbemsvc.dll kernel32.dll KernelBase.dll oleaut32.dll ole32.dll crypt32.dll System.ni.dll msvcrt.dll gdi32.dll ntdll.dll user32.dll advapi32.dll System.Transactions.dll sechost.dll rpcrt4.dll rpcrt4.dll sspicli.dll cryptbase.dll lpk.dll usp10.dll imm32.dll msctf.dll shlwapi.dll RpcRtRemote.dll version.dll clbcatq.dll mscoree.dll mscoreei.dll fusion.dll ntdll.dll clr.dll clr.dll system.servicemodel.ni.dll msvcr120_clr0400.dll atl.dll ntdll.dll kernel32.dll wow64cpu.dll kernel32.dll user32.dll System.AddIn.ni.dll mscorsvc.dll taskschd.dll ntdll.dll gdi32.dll ntdll.dll kernel32.dll gpsvc.dll KernelBase.dll gdi32.dll user32.dll lpk.dll usp10.dll imm32.dll msvcrt.dll uxtheme.dll imm32.dll msctf.dll advapi32.dll system.web.dll sechost.dll rpcrt4.dll mscorlib.dll WindowsCodecs.dll ole32.dll version.dll psapi.dll dwmapi.dll powrprof.dll imm32.dll setupapi.dll firewallapi.dll user32.dll cfgmgr32.dll oleaut32.dll devobj.dll powrprof.dll setupapi.dll System.Runtime.Remoting.dll slc.dll crypt32.dll cfgmgr32.dll oleaut32.dll kbd106.dll kernelbase.dll shlwapi.dll devobj.dll setupapi.dll rpcrtremote.dll cfgmgr32.dll oleaut32.dll propsys.dll devobj.dll wintrust.dll System.ni.dll crypt32.dll msasn1.dll winmm.dll dbghelp.dll dbghelp.dll dbghelp.dll dbghelp.dll dwmredir.dll ntdll.dll dwmcore.dll d3d10_1.dll d3d10_1core.dll dxgi.dll d3d11.dll vm3dum64_10.dll vm3dum64_10.dll vm3dum64_10.dll vm3dum64.dll vm3dum64.dll user32.dll vm3dum64.dll clbcatq.dll d3d10level9.dll d3d10level9.dll d3d10level9.dll,normal
 rpcrtremote.dll ntdll.dll gdi32.dll kernel32.dll kernelbase.dll msctfp.dll user32.dll msvcrt.dll gdi32.dll imm32.dll msctf.dll combase.dll kernel32.dll rpcrt4.dll kernel.appcore.dll cryptbase.dll dnsapi.dll bcryptprimitives.dll sechost.dll cryptsp.dll rpcrt4.dll system.web.dll uxtheme.dll cryptsp.dll ucrtbase.dll rsaenh.dll bcrypt.dll clbcatq.dll ole32.dll bcp47langs.dll winsta.dll dui70.dll kernel.appcore.dll shell32.dll schannel.dll System.Management.Automation.ni.dll ntdll.dll oleaut32.dll shcore.dll dwmapi.dll shell32.dll shlwapi.dll userenv.dll profapi.dll System.Security.dll comctl32.dll duser.dll oleacc.dll tipskins.dll twinapi.dll gpapi.dll tipres.dll ntdll.dll gdiplus.dll windows.ui.dll ninput.dll tiptsf.dll,normal
 ntdll.dll kernel32.dll kernelbase.dll msvcrt.dll rpcrt4.dll combase.dll kernel32.dll user32.dll ucrtbase.dll rsaenh.dll bcryptprimitives.dll shlwapi.dll sensapi.dll oleaut32.dll msvcp_win.dll imm32.dll user32.dll win32u.dll sspicli.dll System.ServiceModel.Internals.dll gdi32.dll gdi32full.dll kernel.appcore.dll sechost.dll advapi32.dll dwmapi.dll clbcatq.dll uxtheme.dll wuautoappupdate.dll credssp.dll msctf.dll cryptsp.dll storeagent.dll twinapi.appcore.dll bcrypt.dll wintypes.dll shcore.dll,normal
 ntdll.dll shcore.dll kernel32.dll oleaut32.dll iertutil.dll lpk.dll ntdll.dll bcryptprimitives.dll imm32.dll rtutils.dll ole32.dll ws2_32.dll imm32.dll sechost.dll kernel32.dll usp10.dll clbcatq.dll System.Drawing.Design.dll system.drawing.ni.dll nsi.dll user32.dll setupapi.dll msvcrt.dll win32u.dll KernelBase.dll advapi32.dll gdi32.dll msctf.dll gdi32.dll gdi32.dll usp10.dll wldap32.dll rpcrt4.dll devobj.dll cfgmgr32.dll msvcr120_clr0400.dll userenv.dll cryptdll.dll kernelbase.dll crypt32.dll wintrust.dll profapi.dll wmiutils.dll api-ms-win-downlevel-advapi32-l2-1-0.dll rmclient.dll msasn1.dll rpcrtremote.dll winsta.dll msvcrt.dll cryptbase.dll apphelp.dll sspicli.dll bcrypt.dll cryptsp.dll atl.dll cryptsp.dll rsaenh.dll credssp.dll gpapi.dll wrpint.dll umpnpmgr.dll umpo.dll spinf.dll devrtl.dll pcwum.dll powrprof.dll powrprof.dll powrprof.dll winbrand.dll lpk.dll shell32.dll powrprof.dll powrprof.dll powrprof.dll powrprof.dll powrprof.dll powrprof.dll powrprof.dll powrprof.dll ntmarta.dll rpcss.dll ntdsapi.dll wbemprox.dll wbemcomn2.dll wmidcprv.dll fastprox.dll wbemsvc.dll wmiutils.dll wtsapi32.dll,normal
 msctf.dll imm32.dll msctf.dll ntdll.dll usp10.dll kernel32.dll kernelbase.dll msvcrt.dll rpcrt4.dll gdi32.dll user32.dll version.dll lpk.dll usp10.dll lpk.dll ole32.dll oleaut32.dll imm32.dll,normal
 msftedit.dll,normal
 uxtheme.dll WindowsBase.dll ntdll.dll ntdll.dll kernel32.dll kernelbase.dll msvcrt.dll ole32.dll gdi32.dll user32.dll lpk.dll oleaut32.dll usp10.dll KernelBase.dll rpcrt4.dll imm32.dll msctf.dll cryptbase.dll sensapi.dll api-ms-win-downlevel-shlwapi-l1-1-0.dll api-ms-win-core-version-l1-1-0.dll wmsgapi.dll clbcatq.dll advapi32.dll sechost.dll oleaut32.dll cryptsp.dll rsaenh.dll rpcrtremote.dll shacct.dll comctl32.dll shlwapi.dll ole32.dll userenv.dll profapi.dll idstore.dll,normal
 imageres.dll setupapi.dll system.runtime.serialization.formatters.soap.dll sspicli.dll imageres.dll imageres.dll gdi32.dll imageres.dll imageres.dll imageres.dll imageres.dll msftedit.dll imageres.dll imageres.dll imageres.dll crypt32.dll imageres.dll comctl32.dll imageres.dll profapi.dll imageres.dll ntdll.dll imageres.dll imageres.dll imageres.dll imageres.dll DeviceCenter.dll wsecedit.dll,normal
 ssdpsrv.dll ws2_32.dll nsi.dll oleaut32.dll firewallapi.dll version.dll winnsi.dll dhcpcsvc6.dll cryptsp.dll rsaenh.dll wintypes.dll dhcpcsvc.dll rpcrt4.dll microsoft.windows.diagnosis.commands.updatediagreport.dll mswsock.dll imm32.dll wship6.dll secur32.dll rpcrtremote.dll sspicli.dll credssp.dll httpapi.dll imm32.dll msls31.dll pcwum.dll shlwapi.dll dhcpcsvc6.dll winhttp.dll webio.dll dnsapi.dll,normal
 msftedit.dll mssvp.dll mapi32.dll system.directoryservices.protocols.ni.dll mssvp.dll msvcrt.dll mapi32.dll,normal
 ole32.dll ntdll.dll ntdll.dll sendmail.dll wow64.dll wow64win.dll usp10.dll ntdll.dll bcrypt.dll wow64cpu.dll kernel32.dll kernel32.dll msi.dll kernel32.dll user32.dll kernel32.dll kernelbase.dll msvcrt.dll winbrand.dll shlwapi.dll user32.dll npmproxy.dll msxml6.dll gdi32.dll lpk.dll usp10.dll advapi32.dll sechost.dll rpcrt4.dll sspicli.dll cryptbase.dll imm32.dll msctf.dll apphelp.dll PresentationBuildTasks.ni.dll,normal
 mscorlib.dll advapi32.dll ntdll.dll xolehlp.dll kernel32.dll rpcrt4.dll KernelBase.dll gdi32.dll user32.dll lpk.dll usp10.dll msvcrt.dll imm32.dll ieframe.dll msctf.dll ole32.dll rpcrt4.dll oleaut32.dll ntdll.dll ntdll.dll wow64.dll pnrpnsp.dll msctf.dll lpk.dll wow64win.dll wow64cpu.dll kernel32.dll kernel32.dll kernel32.dll profapi.dll System.Deployment.ni.dll user32.dll shlwapi.dll kernel32.dll KernelBase.dll msvcrt.dll ntdll.dll winbrand.dll user32.dll System.Xml.dll gdi32.dll lpk.dll sspicli.dll gdi32.dll usp10.dll advapi32.dll sechost.dll rpcrt4.dll sspicli.dll cryptbase.dll imm32.dll msctf.dll apphelp.dll,normal
 ntdll.dll kernel32.dll dpx.dll KernelBase.dll advapi32.dll gdi32.dll user32.dll lpk.dll usp10.dll imm32.dll msvcrt.dll user32.dll imm32.dll msctf.dll ole32.dll api-ms-win-crt-math-l1-1-0.dll rpcrt4.dll oleaut32.dll ntdll.dll profapi.dll kernel32.dll KernelBase.dll gdi32.dll user32.dll lpk.dll usp10.dll uxtheme.dll msvcrt.dll imm32.dll msctf.dll ole32.dll msvcrt.dll kernel32.dll cryptbase.dll rpcrt4.dll gdi32.dll ws2_32.dll oleaut32.dll cryptbase.dll clbcatq.dll advapi32.dll oleaut32.dll sechost.dll ntdll.dll kernel32.dll KernelBase.dll secur32.dll kernel32.dll user32.dll winsta.dll msvcr80.dll msasn1.dll Microsoft.VisualStudio.Tools.Office.Contract.v9.0.ni.dll system.transactions.ni.dll RpcRtRemote.dll kbd101.dll kbd106.dll sechost.dll kbdnec.dll kbd106.dll gdi32.dll KernelBase.dll lpk.dll kbd101.dll kbd106.dll kbdnec.dll kbd106.dll apphelp.dll usp10.dll msvcrt.dll shell32.dll rpcrt4.dll imm32.dll msctf.dll profapi.dll sechost.dll advapi32.dll UXInit.dll sspicli.dll,normal
 ntdll.dll kernelbase.dll wow64cpu.dll kernel32.dll ntdll.dll KernelBase.dll gdi32.dll user32.dll dui70.dll lpk.dll usp10.dll msvcrt.dll kernel32.dll imm32.dll profapi.dll msctf.dll ole32.dll rpcrt4.dll oleaut32.dll cryptbase.dll gpapi.dll clbcatq.dll uiautomationtypes.dll advapi32.dll ws2_32.dll sechost.dll ntdll.dll user32.dll kernel32.dll KernelBase.dll npmproxy.dll advapi32.dll msvcrt.dll system.deployment.dll sechost.dll rpcrt4.dll user32.dll ncrypt.dll gdi32.dll lpk.dll kernel32.dll usp10.dll advapi32.dll ole32.dll SensApi.dll comctl32.dll shlwapi.dll shell32.dll dui70.dll imm32.dll dpx.dll d3d8thk.dll system.windows.forms.dll msctf.dll user32.dll cryptbase.dll propsys.dll oleaut32.dll clbcatq.dll profapi.dll urlmon.dll wininet.dll iertutil.dll crypt32.dll msasn1.dll user32.dll ntmarta.dll Wldap32.dll version.dll sspicli.dll setupapi.dll cfgmgr32.dll devobj.dll mpr.dll,normal
 ntdll.dll kernel32.dll KernelBase.dll advapi32.dll msvcrt.dll advapi32.dll gpapi.dll sechost.dll rpcrt4.dll gdi32.dll user32.dll lpk.dll wbemcomn2.dll System.Transactions.ni.dll usp10.dll ole32.dll kernel.appcore.dll msimg32.dll cryptsp.dll mscoreei.dll wmsgapi.dll wtsapi32.dll winmm.dll profapi.dll gdi32.dll winsta.dll wow64.dll crypt32.dll msasn1.dll MsCtfMonitor.dll msctf.dll vcruntime140.dll ole32.dll imm32.dll msutb.dll comctl32.dll shlwapi.dll secur32.dll user32.dll sspicli.dll oleacc.dll shell32.dll cryptbase.dll cryptsp.dll uxtheme.dll rsaenh.dll system.configuration.dll imagehlp.dll userenv.dll bcrypt.dll bcryptprimitives.dll ncrypt.dll nsi.dll gpapi.dll wintrust.dll cryptnet.dll Wldap32.dll SensApi.dll setupapi.dll lpk.dll cfgmgr32.dll setupapi.dll sppc.dll uxtheme.dll oleaut32.dll winnsi.dll devobj.dll user32.dll wer.dll ntdll.dll cabinet.dll devrtl.dll version.dll clbcatq.dll oleaut32.dll urlmon.dll System.Runtime.Remoting.dll wininet.dll ucrtbase.dll iertutil.dll ntdll.dll ntdll.dll NlsData0011.dll ole32.dll wow64.dll wow64win.dll wow64cpu.dll sxs.dll bcrypt.dll kernel32.dll kernel32.dll kernel32.dll user32.dll cmisetup.dll kernel32.dll apphelp.dll KernelBase.dll advapi32.dll msvcrt.dll sechost.dll rpcrt4.dll rpcrt4.dll sspicli.dll cryptbase.dll KernelBase.dll dnsapi.dll ws2_32.dll api-ms-win-crt-multibyte-l1-1-0.dll nsi.dll winnsi.dll dhcpcsvc.dll dhcpcsvc6.dll system.servicemodel.ni.dll shell32.dll shlwapi.dll gdi32.dll user32.dll lpk.dll usp10.dll ole32.dll imm32.dll msctf.dll clbcatq.dll oleaut32.dll cryptsp.dll rsaenh.dll RpcRtRemote.dll wevtapi.dll,normal
 ntdll.dll kernel32.dll KernelBase.dll advapi32.dll msvcrt.dll System.dll Microsoft.Management.Infrastructure.dll sechost.dll rpcrt4.dll shlwapi.dll rpcrt4.dll msvcr120_clr0400.dll mscoree.dll ole32.dll gdi32.dll user32.dll lpk.dll usp10.dll oleaut32.dll imm32.dll msctf.dll cryptbase.dll cryptsp.dll mscorwks.dll vbscript.dll npmproxy.dll rsaenh.dll RpcRtRemote.dll clbcatq.dll sxs.dll msvcr80.dll mscoreei.dll mscorwks.dll msvcr80.dll shlwapi.dll shell32.dll profapi.dll mscorlib.ni.dll clbcatq.dll user32.dll ntdll.dll mscorjit.dll mscorlib.dll setupapi.dll KernelBase.dll mscorlib.dll version.dll mscorlib.dll mscorlib.dll System.ni.dll lpk.dll System.Core.ni.dll devicecenter.dll System.ComponentModel.DataAnnotations.ni.dll System.Web.ni.dll comdlg32.dll System.Web.Abstractions.ni.dll System.Web.Extensions.ni.dll devobj.dll api-ms-win-downlevel-shell32-l1-1-0.dll system.data.sqlxml.ni.dll system.windows.forms.dll System.Web.Routing.ni.dll System.Web.DynamicData.ni.dll System.Web.dll urlmon.dll winmm.dll System.Web.dll System.Web.dll rasadhlp.dll System.Web.dll mscorwks.dll setupapi.dll System.Data.Linq.ni.dll System.Data.Entity.ni.dll System.Data.ni.dll System.Data.dll System.Data.dll System.Data.dll System.Data.dll System.Data.dll ws2_32.dll imageres.dll nsi.dll csgsuggestlib.dll crypt32.dll pnpts.dll msasn1.dll System.Drawing.ni.dll System.Xml.Linq.ni.dll iertutil.dll System.Xml.ni.dll comctl32.dll clbcatq.dll System.Configuration.ni.dll System.Security.ni.dll System.Data.SqlXml.ni.dll System.Web.Services.ni.dll PresentationFramework.Luna.dll rpcrt4.dll System.DirectoryServices.ni.dll System.DirectoryServices.Protocols.ni.dll System.EnterpriseServices.ni.dll System.EnterpriseServices.dll System.EnterpriseServices.dll System.Design.ni.dll profapi.dll System.ServiceProcess.ni.dll System.Windows.Forms.ni.dll System.Web.RegularExpressions.ni.dll usp10.dll Microsoft.VisualC.ni.dll gdi32.dll System.Transactions.ni.dll kernel32.dll System.Transactions.dll ntdll.dll System.Transactions.dll oleaut32.dll System.Transactions.dll System.Transactions.dll System.Transactions.dll System.Runtime.Remoting.ni.dll ntdll.dll System.Runtime.Serialization.Formatters.Soap.ni.dll System.Drawing.Design.ni.dll kernel32.dll System.Data.OracleClient.ni.dll system.transactions.dll System.Data.OracleClient.dll System.Data.OracleClient.dll System.Data.OracleClient.dll System.Data.OracleClient.dll System.Data.OracleClient.dll Accessibility.ni.dll System.Deployment.ni.dll System.Configuration.Install.ni.dll System.ServiceModel.ni.dll System.Runtime.Serialization.ni.dll System.ServiceModel.Web.ni.dll System.Data.Services.Client.ni.dll System.Data.Services.Design.ni.dll SMDiagnostics.ni.dll System.IdentityModel.ni.dll System.Messaging.ni.dll System.IdentityModel.Selectors.ni.dll Microsoft.Transactions.Bridge.ni.dll WindowsBase.ni.dll,normal
 system.configuration.dll msctf.dll eventlogmessages.dll kernel32.dll eventlogmessages.dll adtschema.dll adtschema.dll msobjs.dll eventlogmessages.dll adtschema.dll msobjs.dll usp10.dll eventlogmessages.dll schedsvc.dll msswch.dll adtschema.dll ntdll.dll msobjs.dll cscsvc.dll msvcr120_clr0400.dll eventlogmessages.dll ntdll.dll rpcrt4.dll adtschema.dll msobjs.dll netevent.dll schedsvc.dll kernel32.dll adtschema.dll adtschema.dll imm32.dll msobjs.dll usp10.dll adtschema.dll dot3api.dll msobjs.dll gpsvc.dll adtschema.dll msobjs.dll shell32.dll Microsoft.Windows.Diagnosis.Commands.UpdateDiagRootcause.ni.dll eventlogmessages.dll adtschema.dll msobjs.dll adtschema.dll msobjs.dll eventlogmessages.dll adtschema.dll adtschema.dll msobjs.dll gpsvc.dll adtschema.dll msobjs.dll,normal
 ntdll.dll ws2_32.dll version.dll kernel32.dll kernel32.dll ntdll.dll sspicli.dll mscoree.dll ReachFramework.ni.dll wow64.dll wow64win.dll wow64cpu.dll kernel32.dll kernel32.dll comctl32.dll kernel32.dll profapi.dll user32.dll taskschd.dll kernel32.dll gdi32.dll KernelBase.dll advapi32.dll imm32.dll msvcrt.dll userenv.dll sechost.dll advapi32.dll rpcrt4.dll coreuicomponents.dll sspicli.dll cryptbase.dll dnsapi.dll ws2_32.dll comctl32.dll nsi.dll winnsi.dll dhcpcsvc.dll propsys.dll dhcpcsvc6.dll api-ms-win-core-processthreads-l1-1-1.dll cryptsp.dll shell32.dll shlwapi.dll gdi32.dll user32.dll lpk.dll usp10.dll ole32.dll imm32.dll msvcr120_clr0400.dll msctf.dll comctl32.dll System.Deployment.dll clbcatq.dll oleaut32.dll cryptsp.dll rsaenh.dll bcp47mrm.dll RpcRtRemote.dll bcrypt.dll Microsoft.VisualStudio.Tools.Applications.Contract.v9.0.dll ssshim.dll wevtapi.dll ntdll.dll fdwnet.dll ntdll.dll wow64.dll wow64win.dll rpcrt4.dll wow64cpu.dll kernel32.dll kernel32.dll sxs.dll kernel32.dll kernel32.dll user32.dll sechost.dll kernel32.dll KernelBase.dll oleaut32.dll ole32.dll msvcrt.dll gdi32.dll user32.dll accessibility.dll advapi32.dll sechost.dll rpcrt4.dll sspicli.dll cryptbase.dll lpk.dll ole32.dll d3d10_1.dll usp10.dll cryptsp.dll msimg32.dll cryptbase.dll version.dll mpr.dll olepro32.dll comctl32.dll System.Core.ni.dll rpcrt4.dll riched20.dll shlwapi.dll shell32.dll wsock32.dll ws2_32.dll shell32.dll api-ms-win-core-processtopology-obsolete-l1-1-0.dll rsaenh.dll system.data.dll nsi.dll netapi32.dll bcrypt.dll wow64.dll netutils.dll srvcli.dll wkscli.dll GdiPlus.dll imm32.dll msctf.dll uxtheme.dll setupapi.dll system.deployment.ni.dll cfgmgr32.dll devobj.dll clbcatq.dll ntdll.dll api-ms-win-downlevel-shlwapi-l1-1-0.dll propsys.dll profapi.dll WindowsCodecs.dll apphelp.dll EhStorShell.dll EhStorShell.dll EhStorShell.dll EhStorShell.dll ntshrui.dll ntshrui.dll ntshrui.dll ntshrui.dll userenv.dll cscapi.dll advapi32.dll slc.dll imageres.dll crypt32.dll imageres.dll kernelbase.dll imageres.dll kernel32.dll imageres.dll imageres.dll imageres.dll imageres.dll imageres.dll imageres.dll imageres.dll msvcrt.dll shdocvw.dll mscorlib.dll imageres.dll imageres.dll wtsapi32.dll winsta.dll ntdll.dll kernel32.dll KernelBase.dll ole32.dll gdi32.dll microsoft-windows-hal-events.dll user32.dll imm32.dll lpk.dll comctl32.dll user32.dll usp10.dll tbssvc.dll msvcrt.dll imm32.dll msctf.dll ole32.dll clbcatq.dll rpcrt4.dll oleaut32.dll netutils.dll cryptbase.dll clbcatq.dll advapi32.dll sechost.dll ntdll.dll ntdll.dll uxtheme.dll wow64.dll wow64win.dll wow64cpu.dll msctf.dll kernel32.dll usp10.dll kernel32.dll kernel32.dll rsaenh.dll user32.dll system.enterpriseservices.dll kernel32.dll KernelBase.dll advapi32.dll msvcrt.dll npmproxy.dll sechost.dll clbcatq.dll rsaenh.dll rpcrt4.dll sspicli.dll api-ms-win-core-delayload-l1-1-0.dll cryptbase.dll ntdll.dll dnsapi.dll ws2_32.dll ole32.dll nsi.dll winnsi.dll ntmarta.dll ntdsapi.dll System.Management.Automation.dll dhcpcsvc.dll dhcpcsvc6.dll sspicli.dll wow64cpu.dll shell32.dll shlwapi.dll kernel32.dll gdi32.dll user32.dll lpk.dll usp10.dll ole32.dll imm32.dll msctf.dll clbcatq.dll oleaut32.dll cryptsp.dll rsaenh.dll rpcrt4.dll RpcRtRemote.dll wevtapi.dll ntdll.dll System.Xml.ni.dll kernel32.dll KernelBase.dll advapi32.dll msvcrt.dll sechost.dll rpcrt4.dll wow64.dll ole32.dll gdi32.dll mscorlib.ni.dll user32.dll lpk.dll usp10.dll imm32.dll msctf.dll imm32.dll wdscore.dll oleaut32.dll shell32.dll shlwapi.dll dbghelp.dll cryptbase.dll sechost.dll CbsCore.dll version.dll msvcrt.dll shacct.dll winbrand.dll crypt32.dll rpcrt4.dll msasn1.dll wintrust.dll userenv.dll profapi.dll advapi32.dll ktmw32.dll dpx.dll shell32.dll dpx.dll sechost.dll dpx.dll wcp.dll usp10.dll system.transactions.ni.dll normaliz.dll DrUpdate.dll setupapi.dll normaliz.dll cfgmgr32.dll devobj.dll mpr.dll kernel32.dll wrpint.dll sxsstore.dll system.directoryservices.protocols.dll System.Data.dll sqmapi.dll cryptsp.dll wldap32.dll rsaenh.dll RpcRtRemote.dll mscoreei.dll clbcatq.dll winhttp.dll system.core.ni.dll winhttp.dll lpk.dll msvcr120_clr0400.dll imm32.dll CbsApi.dll webio.dll webio.dll SensApi.dll smipi.dll smiengine.dll user32.dll ntdll.dll rpcrt4.dll kernel32.dll KernelBase.dll advapi32.dll msvcrt.dll system.data.entity.ni.dll sechost.dll rpcrt4.dll user32.dll gdi32.dll lpk.dll oleaut32.dll usp10.dll wbemcomn.dll oleaut32.dll ole32.dll ws2_32.dll SensApi.dll nsi.dll fastprox.dll ntdsapi.dll imm32.dll msctf.dll cryptbase.dll ntmarta.dll wmiapres.dll Wldap32.dll clbcatq.dll wbemprox.dll kernel32.dll cryptsp.dll rsaenh.dll RpcRtRemote.dll wbemsvc.dll ncobjapi.dll wmiutils.dll userenv.dll profapi.dll stdprov.dll esscli.dll ntdll.dll uxtheme.dll kernel32.dll KernelBase.dll advapi32.dll msvcrt.dll sechost.dll rpcrt4.dll gdi32.dll cfgmgr32.dll user32.dll lpk.dll usp10.dll msswch.dll winmm.dll dwmapi.dll GdiPlus.dll ole32.dll oleacc.dll oleaut32.dll shlwapi.dll wmsgapi.dll duser.dll uxtheme.dll imm32.dll msctf.dll cryptbase.dll dui70.dll comctl32.dll xmllite.dll clbcatq.dll tabskb.dll cryptsp.dll rsaenh.dll RpcRtRemote.dll cfgmgr32.dll WindowsCodecs.dll MMDevAPI.dll propsys.dll,normal
 rpcrt4.dll ntdll.dll kernel32.dll kernelbase.dll KernelBase.dll msvcrt.dll userenv.dll advapi32.dll msvcrt.dll sspicli.dll System.Data.dll sechost.dll rpcrt4.dll wow64cpu.dll user32.dll gdi32.dll lpk.dll usp10.dll imm32.dll msctf.dll ole32.dll dhcpcsvc.dll oleaut32.dll sppcommdlg.dll cryptbase.dll kernel32.dll msasn1.dll comctl32.dll clbcatq.dll shlwapi.dll ws2_32.dll shell32.dll winbrand.dll slc.dll sppc.dll cryptsp.dll rsaenh.dll cryptbase.dll RpcRtRemote.dll system.windows.forms.dll dbghelp.dll msswch.dll api-ms-win-downlevel-ole32-l1-1-0.dll sppcomapi.dll sppcext.dll crypt32.dll msasn1.dll WinSCard.dll msctf.dll winhttp.dll webio.dll rasapi32.dll rasman.dll ws2_32.dll nsi.dll setupapi.dll cfgmgr32.dll sechost.dll ole32.dll kernel32.dll devobj.dll tapi32.dll msi.dll slwga.dll wtsapi32.dll wow64win.dll rsaenh.dll cryptui.dll sxs.dll uxtheme.dll dwmapi.dll winmm.dll duser.dll xmllite.dll oleacc.dll version.dll wow64.dll imecfm.dll,normal
 ntdll.dll kernel32.dll kernelbase.dll gdi32.dll cryptbase.dll bcryptprimitives.dll provthrd.dll user32.dll System.AddIn.ni.dll lpk.dll usp10.dll msvcrt.dll system.runtime.remoting.dll msctf.dll sxs.dll cryptbase.dll imm32.dll msctf.dll wevtapi.dll ole32.dll ntdll.dll lpk.dll profapi.dll rpcrt4.dll oleaut32.dll kernel32.dll ntdll.dll msvcrt.dll kernel32.dll profapi.dll gdi32.dll kernelbase.dll advapi32.dll msvcrt.dll adwsres.dll msctf.dll mscorlib.dll sechost.dll rpcrt4.dll ole32.dll gdi32.dll user32.dll lpk.dll usp10.dll imm32.dll usp10.dll msctf.dll wdscore.dll oleaut32.dll shell32.dll shlwapi.dll shell32.dll dbghelp.dll cryptbase.dll cbscore.dll dnsapi.dll version.dll msvcrt.dll crypt32.dll msasn1.dll wintrust.dll userenv.dll msvcr80.dll profapi.dll ktmw32.dll wow64cpu.dll dpx.dll dpx.dll sechost.dll dpx.dll wcp.dll drupdate.dll setupapi.dll cfgmgr32.dll sechost.dll devobj.dll mpr.dll wrpint.dll sxsstore.dll sqmapi.dll winhttp.dll KernelBase.dll dwmapi.dll d3d10warp.dll webio.dll winhttp.dll webio.dll sensapi.dll cryptsp.dll rsaenh.dll imm32.dll system.data.dll rpcrtremote.dll clbcatq.dll cbsapi.dll smipi.dll winmmbase.dll smiengine.dll profapi.dll ntdll.dll ntdll.dll wow64.dll wow64win.dll crypt32.dll wow64cpu.dll kernel32.dll kernel32.dll kernel32.dll gdi32.dll user32.dll kernel32.dll kernelbase.dll msvcrt.dll lpk.dll gdi32.dll user32.dll lpk.dll ole32.dll advapi32.dll gdi32full.dll sechost.dll comctl32.dll rpcrt4.dll sspicli.dll cryptbase.dll shell32.dll usp10.dll imm32.dll msctf.dll clbcatq.dll oleaut32.dll cryptsp.dll rsaenh.dll rpcrtremote.dll shell32.dll shlwapi.dll actxprxy.dll,normal
 ntdll.dll kernel32.dll kernelbase.dll advapi32.dll msvcrt.dll system.deployment.dll sechost.dll rpcrt4.dll ole32.dll gdi32.dll user32.dll lpk.dll imm32.dll usp10.dll netutils.dll oleaut32.dll rsaenh.dll clbcatq.dll ntdll.dll slc.dll ntdll.dll xmllite.dll wintrust.dll pdh.dll shlwapi.dll dsrole.dll bcrypt.dll imm32.dll lpk.dll msctf.dll cryptbase.dll clbcatq.dll taskschd.dll sspicli.dll xmllite.dll windows.globalization.dll system.runtime.remoting.dll ceiprole.dll netapi32.dll srvcli.dll wkscli.dll wevtapi.dll,normal
 ntdll.dll kernel32.dll kernelbase.dll advapi32.dll sechost.dll msvcrt.dll sechost.dll rpcrt4.dll msvcr120_clr0400.dll mscoree.dll accessibility.dll ole32.dll mpssvc.dll gdi32.dll user32.dll lpk.dll usp10.dll devicecenter.dll oleaut32.dll imm32.dll wow64cpu.dll msctf.dll cryptbase.dll cryptsp.dll kernel32.dll System.ServiceModel.dll rsaenh.dll rpcrtremote.dll clbcatq.dll sxs.dll mscoreei.dll mscorwks.dll msvcr80.dll shlwapi.dll vm3dum64_10.dll shell32.dll profapi.dll mscorlib.ni.dll mscorjit.dll mscorlib.dll sechost.dll mscorlib.dll version.dll mscorlib.dll mscorlib.dll system.ni.dll user32.dll msvcp_win.dll system.core.ni.dll system.management.automation.ni.dll microsoft.security.applicationid.policymanagement.cmdlets.ni.dll microsoft.security.applicationid.policymanagement.policymanager.ni.dll dnsapi.dll cscapi.dll kernel32.dll ntmarta.dll microsoft.security.applicationid.policymanagement.policymodel.ni.dll sechost.dll system.xml.ni.dll shlwapi.dll system.configuration.install.ni.dll system.transactions.ni.dll system.transactions.dll system.transactions.dll system.transactions.dll system.transactions.dll system.transactions.dll system.drawing.ni.dll system.management.ni.dll system.directoryservices.ni.dll system.data.ni.dll system.data.dll system.data.dll system.data.dll system.data.dll system.data.dll system.data.dll user32.dll ws2_32.dll nsi.dll crypt32.dll msasn1.dll system.design.ni.dll system.configuration.ni.dll system.security.ni.dll system.data.sqlxml.ni.dll system.runtime.serialization.formatters.soap.ni.dll system.drawing.ni.dll system.windows.forms.ni.dll KernelBase.dll accessibility.ni.dll KernelBase.dll imageres.dll system.deployment.ni.dll system.enterpriseservices.ni.dll gdi32.dll system.enterpriseservices.dll system.enterpriseservices.dll system.runtime.remoting.ni.dll wintrust.dll microsoft.visualc.ni.dll system.web.ni.dll presentationcore.dll System.Core.ni.dll system.web.dll system.web.dll system.web.dll system.web.dll system.web.services.ni.dll profapi.dll RpcRtRemote.dll system.directoryservices.protocols.ni.dll system.design.ni.dll system.serviceprocess.ni.dll dmdskmgr.dll system.web.regularexpressions.ni.dll system.drawing.design.ni.dll system.data.oracleclient.ni.dll system.data.oracleclient.dll system.data.oracleclient.dll cryptsp.dll system.data.oracleclient.dll system.data.oracleclient.dll shell32.dll api-ms-win-downlevel-shlwapi-l1-1-0.dll system.data.oracleclient.dll kernel32.dll microsoft.jscript.ni.dll microsoft.vsa.ni.dll usp10.dll microsoft.security.applicationid.policymanagement.policyengineapi.interop.ni.dll gdi32.dll lpk.dll cmdext.dll microsoft.security.applicationid.policymanagement.policyengineapi.interop.dll msvcrt.dll System.Security.ni.dll microsoft.security.applicationid.policymanagement.policyengineapi.interop.dll microsoft.security.applicationid.policymanagement.xmlhelper.ni.dll ntdll.dll kernel32.dll kernelbase.dll advapi32.dll msvcrt.dll sechost.dll rpcrt4.dll msvcr120_clr0400.dll clrjit.dll lpk.dll windows.storage.dll kernel32.dll ntdll.dll oleaut32.dll mscoree.dll api-ms-win-downlevel-version-l1-1-0.dll ole32.dll gdi32.dll user32.dll lpk.dll usp10.dll oleaut32.dll imm32.dll shlwapi.dll msctf.dll cryptbase.dll cryptsp.dll rsaenh.dll ole32.dll wow64cpu.dll rpcrtremote.dll clbcatq.dll sxs.dll fontglyphanimator.dll mscoreei.dll mscorwks.dll ntdll.dll msvcr80.dll system.web.regularexpressions.ni.dll shlwapi.dll shell32.dll profapi.dll setupapi.dll mscorlib.ni.dll mscorjit.dll mscorlib.dll mscorlib.dll kernel32.dll mscoreei.dll combase.dll version.dll lpk.dll mscorlib.dll mscorlib.dll bcryptprimitives.dll microsoft.visualstudio.tools.office.contract.v9.0.ni.dll mscorsec.dll wintrust.dll crypt32.dll msasn1.dll comctl32.dll riched20.dll imagehlp.dll ncrypt.dll bcrypt.dll bcryptprimitives.dll userenv.dll gpapi.dll cryptnet.dll wldap32.dll sensapi.dll system.addin.contract.ni.dll microsoft.visualstudio.tools.applications.contract.v9.0.ni.dll,normal
 msvcr80.dll sspicli.dll nsi.dll ntdll.dll kernel32.dll npfproxy.dll kernelbase.dll advapi32.dll winmm.dll msvcrt.dll sechost.dll storeagent.dll cfgmgr32.dll rpcrt4.dll ole32.dll gdi32.dll user32.dll lpk.dll usp10.dll mswsock.dll rsaenh.dll msctf.dll imm32.dll msctf.dll wdscore.dll oleaut32.dll shell32.dll shlwapi.dll mscorlib.dll dbghelp.dll cryptbase.dll cbscore.dll version.dll crypt32.dll msasn1.dll wintrust.dll userenv.dll gdi32full.dll wow64cpu.dll msctf.dll profapi.dll ntdll.dll kernel32.dll ktmw32.dll dpx.dll dpx.dll dpx.dll nsi.dll wcp.dll drupdate.dll msdadiag.dll setupapi.dll cfgmgr32.dll devobj.dll mpr.dll api-ms-win-core-file-l1-2-0.dll wrpint.dll ole32.dll sensapi.dll sspicli.dll sxsstore.dll sqmapi.dll winhttp.dll webio.dll dhcpcsvc.dll winhttp.dll user32.dll ws2_32.dll webio.dll sensapi.dll cryptsp.dll rsaenh.dll ncrypt.dll rpcrtremote.dll clbcatq.dll shlwapi.dll cbsapi.dll ntdll.dll smipi.dll smiengine.dll ntdll.dll ntdll.dll wow64.dll wow64win.dll wow64cpu.dll kernel32.dll kernel32.dll kernel32.dll user32.dll kernel32.dll msutb.dll kernelbase.dll msvcrt.dll winbrand.dll msvcrt.dll user32.dll gdi32.dll lpk.dll usp10.dll advapi32.dll sechost.dll rpcrt4.dll sspicli.dll cryptbase.dll imm32.dll msctf.dll apphelp.dll,normal
 ntdll.dll ntdll.dll imm32.dll ole32.dll kernel32.dll kernelbase.dll wow64.dll kernelbase.dll apphelp.dll rpcrtremote.dll msvcrt.dll msvcrt.dll shcore.dll shcore.dll rpcrt4.dll rpcrt4.dll combase.dll ucrtbase.dll ucrtbase.dll msvcp110_win.dll msvcp110_win.dll bcryptprimitives.dll bcryptprimitives.dll System.ComponentModel.DataAnnotations.dll oleaut32.dll msvcp_win.dll shlwapi.dll msvcp_win.dll powrprof.dll sechost.dll sechost.dll advapi32.dll gpsvc.dll advapi32.dll crypt32.dll msasn1.dll msasn1.dll bcrypt.dll imm32.dll bcrypt.dll dmcmnutils.dll dmcmnutils.dll msvcrt.dll usocore.dll usocore.dll wintrust.dll CbsCore.dll urlmon.dll winhttp.dll user32.dll clbcatq.dll winhttp.dll clbcatq.dll filemgmt.dll xmllite.dll xmllite.dll updatepolicy.dll updatepolicy.dll xmllite.dll system.enterpriseservices.ni.dll xmllite.dll dpapi.dll mscorlib.dll dpapi.dll windows.storage.dll windows.storage.dll shlwapi.dll imm32.dll gdi32.dll gdi32full.dll kernel32.dll user32.dll win32u.dll kernel.appcore.dll apphelp.dll kernel.appcore.dll profapi.dll kernelbase.dll filterlib.dll fltlib.dll propsys.dll kernel32.dll mrmcorer.dll msvcrt.dll imm32.dll usoapi.dll usoapi.dll clbcatq.dll rpcrt4.dll onecoreuapcommonproxystub.dll onecoreuapcommonproxystub.dll cryptbase.dll cryptbase.dll onecorecommonproxystub.dll onecorecommonproxystub.dll usp10.dll imm32.dll cryptsp.dll mssvp.dll cryptsp.dll rsaenh.dll rsaenh.dll imagehlp.dll accessibility.ni.dll rpcrt4.dll ntdll.dll wininet.dll cryptbase.dll gpapi.dll gpapi.dll shell32.dll cfgmgr32.dll setupapi.dll winhttp.dll netapi32.dll updatenotificationhelpers.dll updatenotificationhelpers.dll ole32.dll wkscli.dll netutils.dll userenv.dll userenv.dll unpshared.dll unpshared.dll dsreg.dll dsreg.dll policymanager.dll policymanager.dll,normal
 mscoree.dll system.directoryservices.ni.dll wmiclnt.dll mscoreei.dll gdi32full.dll clr.dll msvcr120_clr0400.dll msctf.dll ntdll.dll kernelbase.dll kernel32.dll kernelbase.dll advapi32.dll msvcrt.dll advapi32.dll sechost.dll rpcrt4.dll shlwapi.dll cryptbase.dll gdi32.dll user32.dll version.dll lpk.dll kernelbase.dll usp10.dll imm32.dll cryptbase.dll fusion.dll cryptsp.dll rsaenh.dll,normal
 ntdll.dll imagehlp.dll ubpm.dll scesrv.dll ntdll.dll msasn1.dll advapi32.dll wow64.dll wow64win.dll GdiPlus.dll wow64cpu.dll winsta.dll ole32.dll kernel32.dll kernel32.dll cryptsp.dll kernel32.dll shacct.dll user32.dll kernel32.dll oleaut32.dll sxs.dll kernelbase.dll advapi32.dll sechost.dll msvcrt.dll sechost.dll msvcrt.dll rpcrt4.dll comctl32.dll advapi32.dll vm3dum.dll sspicli.dll cryptbase.dll dnsapi.dll ws2_32.dll nsi.dll msvcr120_clr0400.dll winnsi.dll pnrpnsp.dll dhcpcsvc.dll dhcpcsvc6.dll shell32.dll shlwapi.dll KernelBase.dll gdi32.dll profapi.dll user32.dll lpk.dll user32.dll advapi32.dll secur32.dll usp10.dll ole32.dll imm32.dll msctf.dll ole32.dll clbcatq.dll oleaut32.dll cryptsp.dll rsaenh.dll rpcrtremote.dll wevtapi.dll ntdll.dll kernel32.dll kernelbase.dll oleaut32.dll gdi32.dll user32.dll lpk.dll usp10.dll msvcrt.dll profapi.dll imm32.dll winbrand.dll msctf.dll shlwapi.dll mscorwks.dll System.Security.dll ole32.dll rpcrt4.dll oleaut32.dll cryptbase.dll clbcatq.dll advapi32.dll winsta.dll sechost.dll ntdll.dll ntdll.dll wow64.dll wow64win.dll wow64cpu.dll comctl32.dll kernel32.dll ntdll.dll kernel32.dll crypt32.dll system.runtime.serialization.formatters.soap.dll kernel32.dll user32.dll lpk.dll rsaenh.dll shcore.dll kernel32.dll kernelbase.dll msvcrt.dll ntdll.dll oleaut32.dll ole32.dll gdi32.dll user32.dll msctf.dll advapi32.dll sechost.dll rpcrt4.dll rpcrt4.dll sspicli.dll clbcatq.dll cryptbase.dll system.directoryservices.ni.dll lpk.dll gdi32.dll usp10.dll kernelbase.dll version.dll imm32.dll msctf.dll rpcrt4.dll sxs.dll clbcatq.dll system.xml.ni.dll vbscript.dll advapi32.dll wintrust.dll crypt32.dll ole32.dll msasn1.dll cryptbase.dll cryptsp.dll rsaenh.dll version.dll msisip.dll wshext.dll comctl32.dll clbcatq.dll system.printing.ni.dll oleaut32.dll kernel32.dll msctf.dll userenv.dll shell32.dll shlwapi.dll scrobj.dll dnsapi.dll msi.dll system.xml.dll profext.dll scrrun.dll ntdll.dll kernel32.dll kernelbase.dll advapi32.dll msvcrt.dll sechost.dll bcrypt.dll rpcrt4.dll ole32.dll gdi32.dll user32.dll lpk.dll usp10.dll ReachFramework.ni.dll imm32.dll msctf.dll kernel32.dll system.web.extensions.ni.dll wdscore.dll msvcrt.dll oleaut32.dll shell32.dll shlwapi.dll dbghelp.dll cryptbase.dll cbscore.dll System.Configuration.ni.dll kernel32.dll version.dll crypt32.dll msasn1.dll wintrust.dll userenv.dll profapi.dll ktmw32.dll dpx.dll dpx.dll dpx.dll msvcp_win.dll wcp.dll drupdate.dll setupapi.dll cfgmgr32.dll devobj.dll mpr.dll lpk.dll wrpint.dll sxsstore.dll sensapi.dll sqmapi.dll winhttp.dll microsoft.powershell.scheduledjob.dll webio.dll wrpint.dll shlwapi.dll shell32.dll winhttp.dll webio.dll clbcatq.dll sensapi.dll cryptsp.dll rsaenh.dll rpcrtremote.dll clbcatq.dll cbsapi.dll smipi.dll smiengine.dll kernel32.dll ntdll.dll kernel32.dll kernelbase.dll gdi32.dll user32.dll lpk.dll usp10.dll msvcrt.dll imm32.dll msctf.dll ole32.dll rpcrt4.dll oleaut32.dll cryptbase.dll clbcatq.dll advapi32.dll sechost.dll ntdll.dll ntdll.dll wow64.dll wow64win.dll wow64cpu.dll kernel32.dll kernel32.dll kernel32.dll user32.dll kernel32.dll kernelbase.dll msvcrt.dll winbrand.dll user32.dll gdi32.dll lpk.dll usp10.dll advapi32.dll sechost.dll rpcrt4.dll sspicli.dll cryptbase.dll imm32.dll msctf.dll apphelp.dll,normal
 mscoree.dll mscoreei.dll accessibility.dll clr.dll api-ms-win-core-kernel32-legacy-l1-1-1.dll msvcr120_clr0400.dll ntdll.dll wow64.dll wow64win.dll cryptsp.dll wow64cpu.dll kernel32.dll winbrand.dll shlwapi.dll kernel32.dll kernelbase.dll oleaut32.dll ws2_32.dll ole32.dll msvcrt.dll msobjs.dll imm32.dll imm32.dll gdi32.dll wow64cpu.dll user32.dll shcore.dll sechost.dll advapi32.dll KernelBase.dll sechost.dll rpcrt4.dll sspicli.dll cryptbase.dll lpk.dll usp10.dll imm32.dll msctf.dll shlwapi.dll version.dll uxtheme.dll clbcatq.dll imm32.dll cryptbase.dll msctf.dll mscoree.dll mscoreei.dll system.configuration.dll fusion.dll clr.dll clr.dll msvcr120_clr0400.dll ntdll.dll ntdll.dll kernel32.dll kernel32.dll kernel32.dll profapi.dll kernelbase.dll msvcrt.dll advapi32.dll clbcatq.dll rpcrtremote.dll user32.dll kernelbase.dll sspicli.dll sechost.dll rpcrt4.dll shlwapi.dll gdi32.dll user32.dll profapi.dll wrpint.dll srvcli.dll user32.dll lpk.dll usp10.dll imm32.dll cryptbase.dll fusion.dll cryptsp.dll rsaenh.dll mscorsvc.dll taskschd.dll ntdll.dll kernel32.dll System.Data.OracleClient.dll adwsres.dll usp10.dll kernelbase.dll advapi32.dll imm32.dll msvcrt.dll ntdll.dll winmm.dll sechost.dll rpcrt4.dll msvcr120_clr0400.dll mscoree.dll ole32.dll gdi32.dll user32.dll lpk.dll usp10.dll oleaut32.dll cryptbase.dll imm32.dll msctf.dll cryptbase.dll cryptsp.dll usp10.dll rsaenh.dll rpcrtremote.dll clbcatq.dll wow64cpu.dll sxs.dll sechost.dll mscoreei.dll clr.dll shlwapi.dll mscorlib.ni.dll dhcpcsvc.dll clrjit.dll version.dll mscorlib.dll mscorlib.dll system.ni.dll system.core.ni.dll system.data.oracleclient.dll system.web.ni.dll system.web.extensions.ni.dll system.configuration.install.ni.dll system.xml.linq.ni.dll winnsi.dll system.xml.ni.dll system.drawing.ni.dll system.numerics.ni.dll system.web.dll bcrypt.dll system.web.dll rpcrtremote.dll wow64.dll system.web.dll system.web.dll system.web.dll system.web.dll system.runtime.serialization.ni.dll microsoft.management.infrastructure.ni.dll SensApi.dll api-ms-win-core-xstate-l2-1-0.dll bcrypt.dll bcryptprimitives.dll shlwapi.dll sscore.dll microsoft.powershell.commands.utility.ni.dll ntdll.dll kernel32.dll ntdll.dll kernelbase.dll msvcrt.dll ole32.dll rsaenh.dll gdi32.dll user32.dll sechost.dll lpk.dll cryptsp.dll usp10.dll rpcrt4.dll oleaut32.dll imm32.dll imm32.dll msctf.dll ole32.dll rpcrtremote.dll cryptbase.dll system.data.dll rpcrt4.dll msvcr120_clr0400.dll sechost.dll msctf.dll advapi32.dll uxtheme.dll dwmapi.dll sqmapi.dll msvcrt.dll sspicli.dll clbcatq.dll winsta.dll wtsapi32.dll wininet.dll api-ms-win-downlevel-user32-l1-1-0.dll msidle.dll api-ms-win-downlevel-shlwapi-l1-1-0.dll shlwapi.dll api-ms-win-downlevel-version-l1-1-0.dll version.dll api-ms-win-downlevel-normaliz-l1-1-0.dll normaliz.dll user32.dll iertutil.dll System.Data.dll clbcatq.dll api-ms-win-downlevel-advapi32-l1-1-0.dll userenv.dll profapi.dll api-ms-win-downlevel-ole32-l1-1-0.dll httpapi.dll system.xml.dll rpcrtremote.dll taskschd.dll usp10.dll sspicli.dll rsaenh.dll msctfmonitor.dll msvcrt.dll msutb.dll hotstartuseragent.dll shell32.dll w32time.dll vm3dum64_10.dll slc.dll inputswitch.dll psapi.dll shell32.dll playsndsrv.dll user32.dll nsi.dll cryptsp.dll api-ms-win-downlevel-advapi32-l2-1-0.dll rsaenh.dll dimsjob.dll adtschema.dll esent.dll system.xml.dll wldap32.dll crypt32.dll cryptbase.dll msasn1.dll netprofm.dll nlaapi.dll msctf.dll version.dll winmm.dll msvcrt.dll dhcpcsvc.dll certenroll.dll npmproxy.dll pautoenr.dll certcli.dll atl.dll dsrole.dll sqmapi.dll mmdevapi.dll propsys.dll sqmapi.dll wldap32.dll atl.dll pautoenr.dll certcli.dll certenroll.dll comctl32.dll cryptbase.dll oleacc.dll ole32.dll imecfm.dll ntdll.dll kernel32.dll kernel32.dll user32.dll ntdll.dll wow64.dll wow64win.dll wow64cpu.dll kernel32.dll kernel32.dll kernelbase.dll msvcrt.dll gdi32.dll user32.dll advapi32.dll sechost.dll rpcrt4.dll idstore.dll sspicli.dll cryptbase.dll lpk.dll usp10.dll imm32.dll msctf.dll apphelp.dll winbrand.dll,normal
 ntdll.dll ntdll.dll wow64.dll user32.dll wow64win.dll wow64cpu.dll kernel32.dll kernel32.dll KernelBase.dll kernel32.dll user32.dll kernel32.dll usp10.dll KernelBase.dll advapi32.dll msvcrt.dll sechost.dll rpcrt4.dll mscorwks.dll sspicli.dll cryptbase.dll dnsapi.dll ws2_32.dll sndvolsso.dll nsi.dll system.core.ni.dll uiautomationcore.dll imm32.dll msvcrt.dll winnsi.dll dhcpcsvc.dll dhcpcsvc6.dll shell32.dll shlwapi.dll gdi32.dll crypt32.dll ole32.dll system.windows.forms.dll user32.dll lpk.dll lpk.dll wintrust.dll usp10.dll ole32.dll imm32.dll msctf.dll ole32.dll efssvc.dll wldap32.dll gpapi.dll clbcatq.dll oleaut32.dll cryptsp.dll rsaenh.dll mscorwks.dll RpcRtRemote.dll wevtapi.dll ntdll.dll ntdll.dll wow64.dll ntdll.dll wow64win.dll wow64cpu.dll kernel32.dll kernel32.dll sechost.dll kernel32.dll user32.dll wow64.dll System.configuration.dll oleaut32.dll kernel32.dll KernelBase.dll msvcrt.dll winbrand.dll user32.dll gdi32.dll lpk.dll usp10.dll windowsbase.dll advapi32.dll sechost.dll rpcrt4.dll sspicli.dll cryptbase.dll imm32.dll msctf.dll apphelp.dll,normal
 ntdll.dll kernel32.dll psapi.dll kernelbase.dll msvcrt.dll advapi32.dll sechost.dll rpcrt4.dll imageres.dll cmdext.dll msvcrt.dll,normal
 ntdll.dll usp10.dll windows.security.authentication.web.core.dll kernel32.dll kernelbase.dll advapi32.dll profapi.dll mydocs.dll ntdll.dll gdi32.dll cryptsp.dll wkscli.dll user32.dll msvcrt.dll System.Numerics.ni.dll sspicli.dll system.configuration.ni.dll WindowsCodecs.dll combase.dll crypt32.dll version.dll userenv.dll msimg32.dll wmsgapi.dll wtsapi32.dll shlwapi.dll winmm.dll kernelbase.dll winsta.dll msctfmonitor.dll comctl32.dll sechost.dll user32.dll rpcrt4.dll mscorlib.dll dwmcore.dll msasn1.dll profapi.dll winmmbase.dll msctf.dll msutb.dll imageres.dll msctf.dll imm32.dll cfgmgr32.dll kernel32.dll devobj.dll cryptsp.dll csrsrv.dll shell32.dll KernelBase.dll shlwapi.dll shcore.dll kernel.appcore.dll cryptbase.dll policymanager.dll bcryptprimitives.dll uxtheme.dll rasapi32.dll wintrust.dll cryptsp.dll rsaenh.dll bcrypt.dll imagehlp.dll clbcatq.dll urlmon.dll ole32.dll iertutil.dll wininet.dll dwmapi.dll RpcRtRemote.dll crypt32.dll kbd101.dll credui.dll authui.dll dui70.dll rasman.dll powrprof.dll duser.dll userenv.dll mmdevapi.dll rdpendp.dll msacm32.dll propsys.dll oleaut32.dll ksuser.dll avrt.dll audioses.dll msctfp.dll ntmarta.dll user32.dll version.dll oleacc.dll ntmarta.dll imecfm.dll wer.dll inputswitch.dll bcp47langs.dll xmllite.dll dwrite.dll uianimation.dll d3d11.dll clbcatq.dll dxgi.dll d3d10warp.dll dcomp.dll imecfm.dll wer.dll tiptsf.dll,normal
 api-ms-win-core-file-l2-1-1.dll ntdll.dll kernel32.dll wow64cpu.dll KernelBase.dll gdi32.dll user32.dll lpk.dll usp10.dll msvcrt.dll imm32.dll msctf.dll ole32.dll rpcrt4.dll oleaut32.dll ninput.dll cryptbase.dll cryptbase.dll clbcatq.dll usp10.dll advapi32.dll advapi32.dll sechost.dll,normal
 ntdll.dll,normal
 ntdll.dll advapi32.dll kernel32.dll kernelbase.dll advapi32.dll dxgi.dll shsvcs.dll msvcrt.dll sechost.dll rpcrt4.dll gdi32.dll SensApi.dll user32.dll lpk.dll usp10.dll ole32.dll gdi32.dll msimg32.dll advapi32.dll wmsgapi.dll wtsapi32.dll system.drawing.dll winmm.dll userenv.dll profapi.dll winsta.dll KernelBase.dll sspicli.dll crypt32.dll accessibility.dll msasn1.dll msctfmonitor.dll msctf.dll imm32.dll msutb.dll comctl32.dll shlwapi.dll sxs.dll ntmarta.dll secur32.dll winnsi.dll sspicli.dll api-ms-win-crt-time-l1-1-0.dll ntdll.dll shell32.dll cryptbase.dll ole32.dll uxtheme.dll shlwapi.dll wintrust.dll cryptsp.dll rsaenh.dll imagehlp.dll msctf.dll bcrypt.dll bcryptprimitives.dll ncrypt.dll KernelBase.dll RpcRtRemote.dll dnsapi.dll gpapi.dll cryptnet.dll wldap32.dll sensapi.dll bcryptprimitives.dll DeviceUxRes.dll version.dll clbcatq.dll oleaut32.dll urlmon.dll api-ms-win-downlevel-ole32-l1-1-0.dll lpk.dll api-ms-win-downlevel-shlwapi-l1-1-0.dll api-ms-win-downlevel-advapi32-l1-1-0.dll api-ms-win-downlevel-user32-l1-1-0.dll wow64cpu.dll msswch.dll msvcrt.dll wdscore.dll api-ms-win-downlevel-version-l1-1-0.dll msvcrt.dll uiautomationtypes.dll api-ms-win-downlevel-normaliz-l1-1-0.dll normaliz.dll iertutil.dll wininet.dll ntdll.dll ntdll.dll wow64.dll wow64win.dll wow64cpu.dll kernel32.dll kernel32.dll kernel32.dll user32.dll kernel32.dll kernelbase.dll msvcrt.dll winbrand.dll user32.dll gdi32.dll lpk.dll kernel32.dll usp10.dll advapi32.dll sechost.dll rpcrt4.dll sspicli.dll System.Xml.ni.dll cryptbase.dll imm32.dll msctf.dll apphelp.dll,normal
 ntdll.dll kernel32.dll rpcrt4.dll kernelbase.dll msvcrt.dll combase.dll windows.globalization.fontgroups.dll Microsoft.VisualStudio.Tools.Applications.Adapter.v9.0.ni.dll accessibility.ni.dll rpcrt4.dll kernel.appcore.dll wininet.dll bcryptprimitives.dll cryptsp.dll RpcRtRemote.dll bcrypt.dll rsaenh.dll kernel32.dll twinapi.appcore.dll sechost.dll userenv.dll profapi.dll cryptbase.dll wintypes.dll user32.dll system.data.dll system.serviceprocess.ni.dll gdi32.dll imm32.dll msctf.dll kernel32.dll shcore.dll oleaut32.dll mrmcorer.dll windows.ui.dll mscoreei.dll ninput.dll oleaut32.dll actxprxy.dll bcp47langs.dll uxtheme.dll biwinrt.dll gdi32.dll win32u.dll cortana.backgroundtask.dll userenv.dll wincorlib.dll threadpoolwinrt.dll comctl32.dll cryptbase.dll cortana.core.dll aistokenmanager.dll bingconfigurationclient.dll urlmon.dll windows.applicationmodel.background.systemeventsbroker.dll sechost.dll srclient.dll onlineservices.dll advapi32.dll iertutil.dll shlwapi.dll imm32.dll windows.storage.applicationdata.dll systemeventsbrokerclient.dll logoncli.dll api-ms-win-core-kernel32-legacy-l1-1-1.dll windows.cortana.pal.desktop.dll windows.globalization.dll veeventdispatcher.dll windows.storage.dll powrprof.dll windows.staterepository.dll staterepository.core.dll windows.cortana.proxystub.dll,normal
 ntdll.dll kernel32.dll kernelbase.dll advapi32.dll msvcrt.dll lpk.dll ntmarta.dll sechost.dll rpcrt4.dll user32.dll gdi32.dll lpk.dll usp10.dll ole32.dll ole32.dll oleaut32.dll shlwapi.dll system.web.regularexpressions.ni.dll mssrch.dll mssrch.dll esent.dll imm32.dll ntmarta.dll wbemcomn.dll credssp.dll imecfm.dll msctf.dll shell32.dll profapi.dll cryptbase.dll tquery.dll tquery.dll psapi.dll mscorwks.dll cryptsp.dll System.Activities.ni.dll secur32.dll sspicli.dll credssp.dll advapi32.dll System.Core.dll clbcatq.dll msvcr120_clr0400.dll msctf.dll msctf.dll wmsgapi.dll kernelbase.dll setupapi.dll cfgmgr32.dll devobj.dll cryptsp.dll rsaenh.dll msvcrt.dll rpcrtremote.dll msidle.dll powrprof.dll propsys.dll msvcrt.dll tquery.dll mssprxy.dll mscorsvc.dll msvcrt.dll ntmarta.dll wldap32.dll wbemsvc.dll sspicli.dll cfgmgr32.dll cfgmgr32.dll vssapi.dll atl.dll vsstrace.dll mscoreei.dll samcli.dll oleaut32.dll samlib.dll ntdll.dll netutils.dll es.dll wtsapi32.dll system.data.oracleclient.dll winsta.dll userenv.dll sxs.dll apphelp.dll ntasn1.dll crypt32.dll advapi32.dll msasn1.dll naturallanguage6.dll comctl32.dll setupapi.dll devobj.dll nlsdata0009.dll nlslexicons0009.dll elscore.dll elstrans.dll elslad.dll nlsdata0009.dll nlslexicons0009.dll nlsdata000c.dll nlslexicons000c.dll nlsdata0009.dll nlslexicons0009.dll nlsdata0009.dll nlslexicons0009.dll nlsdata000c.dll nlslexicons000c.dll nlsdata0009.dll nlslexicons0009.dll rsaenh.dll ipnathlp.dll nlsdata000c.dll nlslexicons000c.dll,normal
 ntdll.dll ntdll.dll kernel32.dll KernelBase.dll advapi32.dll msvcrt.dll sechost.dll rpcrt4.dll gdi32.dll user32.dll wow64cpu.dll lpk.dll usp10.dll System.DirectoryServices.Protocols.dll msswch.dll winmm.dll ole32.dll dwmapi.dll GdiPlus.dll secur32.dll ole32.dll oleacc.dll oleaut32.dll smdiagnostics.ni.dll oleaut32.dll shlwapi.dll wmsgapi.dll propsys.dll duser.dll uxtheme.dll clbcatq.dll imm32.dll version.dll msctf.dll cryptbase.dll iertutil.dll clbcatq.dll dui70.dll comctl32.dll xmllite.dll clbcatq.dll tabskb.dll lpk.dll cryptsp.dll msvcrt.dll rsaenh.dll usp10.dll RpcRtRemote.dll KernelBase.dll InkObj.dll atl.dll cfgmgr32.dll WindowsCodecs.dll,normal
 ntdll.dll ntdll.dll wow64.dll wow64win.dll wow64cpu.dll wow64cpu.dll usp10.dll KernelBase.dll kernel32.dll kernel32.dll kernel32.dll user32.dll ws2_32.dll kernel32.dll KernelBase.dll advapi32.dll msvcrt.dll sechost.dll rpcrt4.dll sspicli.dll cryptbase.dll dnsapi.dll ws2_32.dll nsi.dll rpcrt4.dll winnsi.dll SensApi.dll dhcpcsvc.dll dhcpcsvc6.dll api-ms-win-security-lsalookup-l2-1-1.dll system.directoryservices.dll shell32.dll shlwapi.dll gdi32.dll user32.dll kernel32.dll msctf.dll secur32.dll user32.dll lpk.dll user32.dll sppc.dll System.XML.dll usp10.dll ole32.dll imm32.dll devobj.dll System.Deployment.dll system.xml.dll msctf.dll clbcatq.dll oleaut32.dll shcore.dll cryptsp.dll rsaenh.dll eappcfg.dll mssvp.dll presentationcore.dll RpcRtRemote.dll wevtapi.dll ntdll.dll kernel32.dll KernelBase.dll gdi32.dll sqmapi.dll user32.dll lpk.dll ws2_32.dll imageres.dll WinMgmtR.dll usp10.dll system.dll cryptdll.dll msvcrt.dll imm32.dll msctf.dll KernelBase.dll ole32.dll rpcrt4.dll oleaut32.dll cryptbase.dll RpcRtRemote.dll clbcatq.dll advapi32.dll sechost.dll ntdll.dll normaliz.dll ntdll.dll wow64.dll kernel.appcore.dll wow64win.dll wow64cpu.dll setupapi.dll rpcrtremote.dll kernel32.dll kernel32.dll mscoree.dll dwmapi.dll kernel32.dll user32.dll kernel32.dll KernelBase.dll advapi32.dll lpk.dll wcp.dll msvcrt.dll sechost.dll lpk.dll cryptsp.dll rpcrt4.dll shell32.dll sspicli.dll kernel32.dll cryptbase.dll dnsapi.dll dnsapi.dll ws2_32.dll nsi.dll ole32.dll winnsi.dll iphlpapi.dll msvcrt.dll dhcpcsvc.dll System.IdentityModel.Selectors.dll dhcpcsvc6.dll shell32.dll shell32.dll shlwapi.dll gdi32.dll user32.dll lpk.dll usp10.dll msvcrt.dll ole32.dll imm32.dll msctf.dll clbcatq.dll kernel32.dll ntdll.dll oleaut32.dll mscoreei.dll cryptsp.dll msvcrt.dll rsaenh.dll RpcRtRemote.dll wevtapi.dll ntdll.dll kernel32.dll KernelBase.dll advapi32.dll msvcrt.dll sechost.dll dhcpcsvc.dll KernelBase.dll rpcrt4.dll ole32.dll gdi32.dll user32.dll kernel32.dll lpk.dll usp10.dll imm32.dll msctf.dll wdscore.dll oleaut32.dll oleaut32.dll shell32.dll shlwapi.dll dbghelp.dll msxml3.dll cryptbase.dll CbsCore.dll version.dll crypt32.dll msasn1.dll wintrust.dll userenv.dll profapi.dll ktmw32.dll dpx.dll dpx.dll dpx.dll ole32.dll wcp.dll gdi32.dll DrUpdate.dll setupapi.dll cfgmgr32.dll adsldpc.dll imm32.dll devobj.dll mpr.dll wrpint.dll sxsstore.dll sqmapi.dll winhttp.dll webio.dll winhttp.dll webio.dll SensApi.dll user32.dll cryptsp.dll rsaenh.dll System.Xml.ni.dll RpcRtRemote.dll clbcatq.dll CbsApi.dll smipi.dll smiengine.dll ntdll.dll kernel32.dll KernelBase.dll gdi32.dll user32.dll lpk.dll usp10.dll msvcrt.dll imm32.dll msctf.dll ole32.dll rpcrt4.dll oleaut32.dll cryptbase.dll clbcatq.dll advapi32.dll sechost.dll,normal
 ntdll.dll ntdll.dll rsaenh.dll ntdll.dll wow64.dll wow64win.dll wow64cpu.dll rpcrt4.dll kernel32.dll wshqos.dll user32.dll kernel32.dll kernel32.dll user32.dll kernel32.dll kernelbase.dll advapi32.dll System.Core.ni.dll msvcrt.dll wow64win.dll sechost.dll rpcrt4.dll sspicli.dll SensApi.dll RacEngn.dll cryptbase.dll mswsock.dll dnsapi.dll ws2_32.dll nsi.dll winnsi.dll dhcpcsvc.dll winsta.dll dhcpcsvc6.dll shell32.dll advapi32.dll shlwapi.dll gdi32.dll user32.dll kernel32.dll lpk.dll System.Core.dll usp10.dll ole32.dll imm32.dll msctf.dll sechost.dll clbcatq.dll oleaut32.dll cryptsp.dll rsaenh.dll rpcrtremote.dll wevtapi.dll,normal
 ntdll.dll shell32.dll kernel32.dll kernelbase.dll msvcrt.dll rpcrt4.dll imm32.dll combase.dll oleaut32.dll advapi32.dll apphelp.dll microsoft.windows.diagnosis.sdengine.ni.dll kernel.appcore.dll bcryptprimitives.dll uiautomationcore.dll kernel32.dll sechost.dll wmsgapi.dll user32.dll gdi32.dll imm32.dll msctf.dll msswch.dll uxtheme.dll dwmapi.dll clbcatq.dll bcp47langs.dll languagecomponentsinstaller.dll cryptsp.dll bcrypt.dll rsaenh.dll cryptbase.dll cbsapi.dll winhttp.dll taskschd.dll sspicli.dll,normal
 ntdll.dll ntdll.dll wow64.dll imm32.dll ntdll.dll shell32.dll sensapi.dll wow64win.dll wow64cpu.dll kernel32.dll lsmproxy.dll ntdll.dll kernel32.dll kernel32.dll user32.dll kernel32.dll kernelbase.dll advapi32.dll msvcrt.dll wcp.dll sechost.dll rpcrt4.dll user32.dll sspicli.dll cryptbase.dll dnsapi.dll ws2_32.dll mscorlib.ni.dll nsi.dll user32.dll user32.dll winnsi.dll dhcpcsvc.dll dhcpcsvc6.dll shell32.dll shlwapi.dll gdi32.dll user32.dll lpk.dll usp10.dll imm32.dll cryptsp.dll ole32.dll imm32.dll msctf.dll advapi32.dll clbcatq.dll advapi32.dll dpx.dll oleaut32.dll cryptsp.dll Wldap32.dll rsaenh.dll rpcrtremote.dll wevtapi.dll kernel32.dll ntdll.dll ntdll.dll dwmapi.dll wow64.dll SensApi.dll wow64win.dll wow64win.dll kernel32.dll gdi32.dll wow64cpu.dll kernel32.dll kernel32.dll kernel32.dll user32.dll kernel32.dll kernelbase.dll msvcrt.dll winbrand.dll user32.dll gdi32.dll lpk.dll usp10.dll user32.dll advapi32.dll sechost.dll rpcrt4.dll usp10.dll sspicli.dll cryptbase.dll msctf.dll apphelp.dll imm32.dll,normal
 ntdll.dll kernel32.dll kernelbase.dll wow64win.dll gdi32.dll clrjit.dll user32.dll lpk.dll usp10.dll msvcrt.dll imm32.dll msoobeui.dll msctf.dll ole32.dll api-ms-win-core-memory-l1-1-2.dll rsaenh.dll rpcrt4.dll oleaut32.dll wow64.dll cryptbase.dll clbcatq.dll msctf.dll msctf.dll advapi32.dll sechost.dll ntdll.dll ntdll.dll wow64.dll wow64.dll dnsapi.dll wow64win.dll wow64cpu.dll kernel32.dll advapi32.dll kernel32.dll kernel32.dll user32.dll cryptsp.dll kernel32.dll kernelbase.dll advapi32.dll wow64.dll msvcrt.dll wuaueng.dll shell32.dll sechost.dll rpcrt4.dll sspicli.dll cryptbase.dll dnsapi.dll ws2_32.dll System.ServiceProcess.ni.dll rsaenh.dll nsi.dll msasn1.dll winnsi.dll dhcpcsvc.dll dhcpcsvc6.dll shell32.dll dui70.dll shlwapi.dll gdi32.dll nsi.dll user32.dll lpk.dll usp10.dll ole32.dll imm32.dll msctf.dll clbcatq.dll secur32.dll oleaut32.dll cryptsp.dll rsaenh.dll rpcrtremote.dll wevtapi.dll ntdll.dll cryptbase.dll ntdll.dll wow64.dll wow64win.dll wow64cpu.dll wow64.dll kernel32.dll ole32.dll gdi32.dll kernel32.dll sspicli.dll rpcrt4.dll kernel32.dll user32.dll kernel32.dll kernelbase.dll advapi32.dll msvcrt.dll sechost.dll rpcrt4.dll sspicli.dll cryptbase.dll kernel32.dll dnsapi.dll ws2_32.dll nsi.dll winnsi.dll system.transactions.dll sspicli.dll dhcpcsvc.dll usp10.dll dhcpcsvc6.dll version.dll shell32.dll shlwapi.dll wbemprox.dll gdi32.dll ntdll.dll uiautomationprovider.dll winnsi.dll webservices.dll gdi32.dll user32.dll lpk.dll System.Xaml.dll usp10.dll cryptbase.dll imagehlp.dll ole32.dll imm32.dll rpcrt4.dll msvcrt.dll msctf.dll clbcatq.dll dsrole.dll oleaut32.dll cryptsp.dll imm32.dll rsaenh.dll rpcrt4.dll rpcrtremote.dll wevtapi.dll profapi.dll ntdll.dll kernel32.dll kernelbase.dll msimg32.dll advapi32.dll msvcrt.dll sechost.dll rpcrt4.dll ole32.dll gdi32.dll user32.dll lpk.dll usp10.dll msctf.dll imm32.dll System.Workflow.Runtime.ni.dll api-ms-win-core-sysinfo-l1-2-1.dll msctf.dll msvcrt.dll wdscore.dll cryptbase.dll oleaut32.dll shell32.dll shlwapi.dll ntdll.dll dbghelp.dll cryptbase.dll system.drawing.dll cbscore.dll version.dll ws2_32.dll oleaut32.dll profapi.dll crypt32.dll msasn1.dll cryptbase.dll wintrust.dll usp10.dll userenv.dll profapi.dll ktmw32.dll eqossnap.dll dpx.dll dpx.dll dpx.dll wcp.dll clr.dll drupdate.dll msvcrt.dll setupapi.dll cfgmgr32.dll devobj.dll mpr.dll wrpint.dll sxsstore.dll sqmapi.dll winhttp.dll webio.dll winhttp.dll webio.dll sensapi.dll cryptsp.dll rsaenh.dll rpcrtremote.dll clbcatq.dll cbsapi.dll smipi.dll smiengine.dll ntdll.dll ntdll.dll wow64.dll wow64win.dll wow64cpu.dll kernel32.dll kernel32.dll kernel32.dll sspicli.dll mssprxy.dll usp10.dll user32.dll kernel32.dll kernelbase.dll msvcrt.dll msctf.dll winbrand.dll user32.dll gdi32.dll lpk.dll usp10.dll advapi32.dll sechost.dll rpcrt4.dll wbemcomn2.dll sspicli.dll cryptbase.dll imm32.dll msctf.dll apphelp.dll,normal
 ntdll.dll kernel32.dll KernelBase.dll ucrtbase.dll combase.dll rpcrt4.dll bcryptprimitives.dll kernel.appcore.dll msvcrt.dll clbcatq.dll user32.dll advapi32.dll win32u.dll kernel32.dll netprofm.dll gdi32.dll gdi32full.dll comctl32.dll msvcp_win.dll ntdll.dll kernel.appcore.dll winhttp.dll oleaut32.dll sechost.dll IDStore.dll bcrypt.dll userenv.dll profapi.dll,normal
 ntdll.dll ntdll.dll kernel32.dll kernelbase.dll kernelbase.dll msvcrt.dll clbcatq.dll msvcrt.dll oleaut32.dll tquery.dll tquery.dll mscorlib.ni.dll msvcp_win.dll advapi32.dll ole32.dll msvcp_win.dll combase.dll cryptbase.dll ucrtbase.dll oleaut32.dll ucrtbase.dll ucrtbase.dll ucrtbase.dll rpcrt4.dll winbrand.dll rpcrt4.dll advapi32.dll advapi32.dll bcryptprimitives.dll System.ComponentModel.DataAnnotations.dll bcryptprimitives.dll kernelbase.dll sechost.dll sechost.dll windows.storage.dll usp10.dll nlsdata0009.dll windows.storage.dll shlwapi.dll cryptdll.dll cryptdll.dll gdi32.dll System.Xml.ni.dll cdp.dll gdi32full.dll user32.dll win32u.dll mscorwks.dll kernel.appcore.dll msasn1.dll kernel.appcore.dll shcore.dll shcore.dll profapi.dll rpcrt4.dll powrprof.dll filterlib.dll fltlib.dll msctf.dll cryptsp.dll imm32.dll msidle.dll clbcatq.dll ole32.dll mssprxy.dll mssprxy.dll ntmarta.dll ntmarta.dll oleaut32.dll ntshrui.dll sechost.dll oleaut32.dll msctf.dll psapi.dll propsys.dll propsys.dll rsaenh.dll mssph.dll mssph.dll windows.staterepositoryps.dll windows.staterepositoryps.dll authz.dll drupdate.dll ntdll.dll authz.dll shell32.dll ntdll.dll cfgmgr32.dll advapi32.dll cldapi.dll advapi32.dll cldapi.dll edputil.dll kernel32.dll imm32.dll ntdll.dll ntdll.dll sensapi.dll kernel32.dll system.activities.ni.dll kernelbase.dll kernelbase.dll msvcrt.dll msvcrt.dll oleaut32.dll msvcp_win.dll msvcp_win.dll rsaenh.dll ucrtbase.dll ucrtbase.dll combase.dll system.runtime.serialization.ni.dll rpcrt4.dll rpcrt4.dll bcryptprimitives.dll advapi32.dll bcryptprimitives.dll advapi32.dll advapi32.dll sechost.dll sechost.dll tquery.dll tquery.dll msftedit.dll cryptdll.dll rasuser.dll cryptdll.dll imm32.dll user32.dll win32u.dll gdi32.dll gdi32full.dll kernel.appcore.dll kernel.appcore.dll clbcatq.dll mssprxy.dll mssprxy.dll,normal
 ntdll.dll ntdll.dll shell32.dll wow64.dll wow64win.dll setupapi.dll bcrypt.dll wow64cpu.dll kernel32.dll kernel32.dll kernel32.dll user32.dll kernel32.dll kernelbase.dll user32.dll advapi32.dll System.Transactions.dll clbcatq.dll ehstorshell.dll dbghelp.dll msvcrt.dll usp10.dll winbrand.dll user32.dll gdi32.dll lpk.dll usp10.dll advapi32.dll sechost.dll imm32.dll usp10.dll CbsMsg.dll rpcrt4.dll sspicli.dll netlogon.dll cryptbase.dll imm32.dll System.Configuration.dll ntdll.dll wow64.dll sxs.dll system.enterpriseservices.ni.dll msctf.dll apphelp.dll oleaut32.dll ntdll.dll ntdll.dll wow64.dll shlwapi.dll wtsapi32.dll wow64win.dll wow64cpu.dll kernel32.dll kernel32.dll kernel32.dll user32.dll kernel32.dll kernelbase.dll advapi32.dll msvcrt.dll mmcfxcommon.dll sechost.dll rpcrt4.dll sspicli.dll cryptbase.dll dnsapi.dll wrpint.dll ws2_32.dll nsi.dll winnsi.dll dhcpcsvc.dll dhcpcsvc6.dll shell32.dll version.dll shlwapi.dll gdi32.dll user32.dll lpk.dll usp10.dll ole32.dll imm32.dll msctf.dll clbcatq.dll oleaut32.dll cryptsp.dll rsaenh.dll rpcrtremote.dll wevtapi.dll,normal
 ntdll.dll ncrypt.dll kernel32.dll kernelbase.dll advapi32.dll msvcrt.dll wintrust.dll secur32.dll mintdh.dll sechost.dll ServiceModelEvents.dll rpcrt4.dll oleaut32.dll sfc.dll msvcp_win.dll ucrtbase.dll combase.dll bcryptprimitives.dll ole32.dll cscapi.dll gdi32.dll gdi32full.dll kernel32.dll cryptnet.dll user32.dll win32u.dll crypt32.dll system.dll system.drawing.ni.dll dpx.dll msasn1.dll wintrust.dll secur32.dll bcrypt.dll sspicli.dll version.dll mpclient.dll slc.dll sppc.dll userenv.dll profapi.dll gpapi.dll,normal
 ntdll.dll ntdll.dll oleaut32.dll wow64.dll ole32.dll wer.dll mscoreei.dll wow64win.dll wow64cpu.dll oledb32.dll gdi32.dll lpk.dll mpr.dll kernel32.dll kernel32.dll kernel32.dll user32.dll kernel32.dll kernelbase.dll msvcrt.dll winbrand.dll user32.dll gdi32.dll lpk.dll usp10.dll advapi32.dll profapi.dll sechost.dll rpcrt4.dll sspicli.dll imm32.dll cryptbase.dll imm32.dll msctf.dll apphelp.dll,normal
 ntdll.dll ntdll.dll wow64.dll wow64win.dll user32.dll kernel32.dll kernel32.dll system.runtime.remoting.dll kernel32.dll kernel32.dll user32.dll wow64cpu.dll oleaut32.dll msvcrt.dll cfgmgr32.dll kernel32.dll kernelbase.dll advapi32.dll gdi32.dll ntdll.dll msvcrt.dll imm32.dll sechost.dll rpcrt4.dll sechost.dll wevtapi.dll sspicli.dll cryptbase.dll bcryptprimitives.dll cryptbase.dll lpk.dll gdi32.dll user32.dll ole32.dll combase.dll sxs.dll oleaut32.dll shell32.dll windows.storage.dll shlwapi.dll kernel.appcore.dll shcore.dll DeviceCenter.dll powrprof.dll profapi.dll idstore.dll ws2_32.dll nsi.dll comctl32.dll mfc42u.dll wininet.dll winmm.dll odbc32.dll winmmbase.dll cfgmgr32.dll sechost.dll dpapi.dll devobj.dll imm32.dll msctf.dll,caidao
 rpcrt4.dll combase.dll ntdll.dll kernel32.dll KernelBase.dll gdi32.dll user32.dll cryptbase.dll lpk.dll usp10.dll msvcrt.dll imm32.dll msctf.dll ole32.dll rpcrt4.dll oleaut32.dll cryptbase.dll rpcrt4.dll version.dll cryptbase.dll d3d10warp.dll api-ms-win-core-file-l2-1-0.dll msctf.dll clbcatq.dll advapi32.dll sechost.dll ntdll.dll ntdll.dll cryptsp.dll spp.dll wow64.dll user32.dll ole32.dll wow64win.dll wow64cpu.dll kernel32.dll lpk.dll oleaut32.dll rsaenh.dll System.dll kernel32.dll wow64win.dll ntdll.dll kernel32.dll user32.dll kernel32.dll KernelBase.dll advapi32.dll msvcrt.dll sechost.dll rpcrt4.dll sspicli.dll system.configuration.ni.dll kernelbase.dll cryptbase.dll wow64.dll dnsapi.dll ws2_32.dll nsi.dll winnsi.dll dhcpcsvc.dll dhcpcsvc6.dll shell32.dll shlwapi.dll gdi32.dll user32.dll lpk.dll usp10.dll ole32.dll imm32.dll msctf.dll clbcatq.dll oleaut32.dll cryptsp.dll rsaenh.dll RpcRtRemote.dll wevtapi.dll,normal
 locationframeworkps.dll secur32.dll deviceaccess.dll system.xml.ni.dll taskschd.dll secur32.dll usp10.dll usoapi.dll wups.dll netsetupengine.dll implatsetup.dll netsetupengine.dll implatsetup.dll netsetupengine.dll implatsetup.dll,normal
 system.data.dll kernelbase.dll user32.dll cryptbase.dll cryptbase.dll msvcr120_clr0400.dll netapi32.dll ntdll.dll ntdll.dll wow64.dll wow64win.dll wow64cpu.dll kernel32.dll kernel32.dll kernel32.dll user32.dll msctf.dll kernel32.dll kernelbase.dll advapi32.dll msvcrt.dll wlanutil.dll sechost.dll sensapi.dll rpcrt4.dll sspicli.dll cryptbase.dll ntdll.dll dnsapi.dll SensApi.dll user32.dll ws2_32.dll mshtml.dll nsi.dll ninput.dll winnsi.dll dhcpcsvc.dll msvcrt.dll dhcpcsvc6.dll shell32.dll shlwapi.dll gdi32.dll user32.dll PresentationCore.dll mscorlib.dll lpk.dll usp10.dll ole32.dll msvcrt.dll imm32.dll nlaapi.dll msctf.dll clbcatq.dll oleaut32.dll rpcrtremote.dll rpcrt4.dll cryptsp.dll rsaenh.dll rpcrtremote.dll wevtapi.dll ntdll.dll coreuicomponents.dll wow64cpu.dll wow64win.dll lpk.dll ntdll.dll wow64.dll wow64win.dll spp.dll wow64cpu.dll UIAutomationTypes.dll kernel32.dll kernel32.dll kernel32.dll ntdll.dll user32.dll system.xml.ni.dll advapi32.dll kernel32.dll ole32.dll kernelbase.dll advapi32.dll cryptsp.dll msvcrt.dll sechost.dll wow64win.dll rpcrt4.dll sspicli.dll cryptbase.dll secur32.dll dnsapi.dll ws2_32.dll rpcrt4.dll nsi.dll winnsi.dll dhcpcsvc.dll iertutil.dll dhcpcsvc6.dll sspicli.dll shell32.dll shlwapi.dll gdi32.dll user32.dll lpk.dll system.data.services.client.dll propsys.dll usp10.dll ole32.dll rsaenh.dll ole32.dll imm32.dll msctf.dll clbcatq.dll kernel32.dll oleaut32.dll cryptsp.dll imm32.dll rsaenh.dll rpcrtremote.dll wevtapi.dll system.configuration.dll msasn1.dll ntdll.dll kernel32.dll kernelbase.dll gdi32.dll user32.dll lpk.dll sechost.dll sechost.dll usp10.dll cryptsp.dll msvcrt.dll mfc42u.dll system.xml.ni.dll ole32.dll rpcrt4.dll kernel32.dll oleaut32.dll odbc32.dll advapi32.dll sechost.dll mmcbase.dll shlwapi.dll uxtheme.dll duser.dll ole32.dll crypt32.dll imm32.dll msctf.dll odbcint.dll dui70.dll comctl32.dll ws2_32.dll shell32.dll ntdll.dll system.web.services.ni.dll userenv.dll cryptbase.dll mscoreei.dll urlmon.dll wininet.dll iertutil.dll mssprxy.dll crypt32.dll msasn1.dll clbcatq.dll mmcndmgr.dll racengn.dll msxml3.dll profapi.dll wmsgapi.dll apphelp.dll wintrust.dll tsuserex.dll atl.dll ntdsapi.dll ws2_32.dll msvcrt.dll gdi32.dll nsi.dll activeds.dll odbc32.dll adsldpc.dll mscorlib.dll wldap32.dll netutils.dll mscoreei.dll usp10.dll msvcp110_win.dll logoncli.dll srvcli.dll wkscli.dll crypt32.dll dsrole.dll secur32.dll winsta.dll winsta.dll samlib.dll dnsapi.dll els.dll user32.dll ntdll.dll version.dll mpr.dll riched32.dll system.windows.forms.dll riched20.dll elsext.dll mycomput.dll msvcrt.dll filemgmt.dll System.Core.dll cfgmgr32.dll normaliz.dll wbemcntl.dll vm3dum64.dll mmfutil.dll localsec.dll wdc.dll user32.dll wcp.dll shlwapi.dll pdh.dll devobj.dll pdhui.dll comdlg32.dll sspicli.dll credui.dll wow64cpu.dll system.web.dll wevtapi.dll pla.dll tdh.dll sspicli.dll winnsi.dll utildll.dll api-ms-win-downlevel-version-l1-1-0.dll setupapi.dll devobj.dll advapi32.dll msvcr80.dll netapi32.dll samcli.dll browcli.dll wtsapi32.dll dmdskmgr.dll dmutil.dll imageres.dll System.AddIn.Contract.dll sspicli.dll dmdskres.dll dmdskres2.dll kernel32.dll devmgr.dll System.Transactions.dll devrtl.dll newdev.dll rasuser.dll comctl32.dll dsprop.dll dsuiext.dll lpk.dll shcore.dll mprsnap.dll uxtheme.dll rtrfiltr.dll mprapi.dll rpcrt4.dll rasman.dll cryptui.dll api-ms-win-eventing-classicprovider-l1-1-0.dll slc.dll rtutils.dll servdeps.dll riched32.dll riched20.dll elsext.dll oleacc.dll cryptsp.dll rsaenh.dll rpcrtremote.dll propsys.dll mlang.dll dwmapi.dll xmllite.dll mscoree.dll mscorwks.dll ntdll.dll msvcr80.dll mscorlib.ni.dll wow64.dll sxs.dll msctf.dll system.ni.dll cryptsp.dll mmcex.ni.dll KernelBase.dll mmcfxcommon.ni.dll system.configuration.ni.dll system.xml.ni.dll system.drawing.ni.dll system.windows.forms.ni.dll KernelBase.dll culture.dll diasymreader.dll gdiplus.dll microsoft.managementconsole.ni.dll eventviewer.ni.dll miguicontrols.ni.dll msctf.dll System.ni.dll windowscodecs.dll shfolder.dll userenv.dll system.serviceprocess.ni.dll taskscheduler.ni.dll adsnt.dll cscapi.dll System.Configuration.ni.dll usp10.dll imecfm.dll imagehlp.dll sxs.dll dmdlgs.dll wintrust.dll vds_ps.dll usp10.dll sensapi.dll cryptsp.dll dmvdsitf.dll dmocx.dll imageres.dll kernel32.dll imageres.dll imageres.dll taskschd.dll imageres.dll clr.dll imageres.dll cryptsp.dll imageres.dll kernel32.dll imageres.dll imageres.dll dhcpcsvc.dll imageres.dll mcxdriv.dll mdminst.dll sysclass.dll user32.dll netcfgx.dll sti_ci.dll batt.dll sccls.dll rpcrt4.dll imm32.dll auxiliarydisplayclassinstaller.dll bthci.dll cryptbase.dll imageres.dll batt.dll cryptbase.dll imageres.dll rpcrt4.dll imageres.dll batt.dll imageres.dll psapi.dll ntmarta.dll ieframe.dll mshtml.dll ntmarta.dll winmm.dll profapi.dll msls31.dll mmdevapi.dll msimtf.dll vbscript.dll corperfmonext.dll rasctrs.dll tapiperf.dll cryptbase.dll setupapi.dll usbperf.dll pcwum.dll perfos.dll lpk.dll clbcatq.dll perfdisk.dll perfctrs.dll sechost.dll dxtrans.dll ddrawex.dll ddraw.dll dciman32.dll dxtmsft.dll msimg32.dll wvc.dll ntdll.dll ntdll.dll wow64.dll profapi.dll wow64win.dll wow64cpu.dll user32.dll kernel32.dll kernel32.dll kernel32.dll iertutil.dll user32.dll kernel32.dll kernelbase.dll rpcrt4.dll advapi32.dll msvcrt.dll sechost.dll api-ms-win-core-timezone-l1-1-0.dll rpcrt4.dll certcli.dll sspicli.dll cryptbase.dll dnsapi.dll ws2_32.dll nsi.dll mscorwks.dll winnsi.dll dhcpcsvc.dll system.dll dhcpcsvc6.dll Accessibility.dll shell32.dll shlwapi.dll gdi32.dll vm3dum64_10.dll user32.dll lpk.dll usp10.dll bcp47mrm.dll ole32.dll system.data.dll imm32.dll msctf.dll clbcatq.dll oleaut32.dll dnsapi.dll cryptbase.dll cryptsp.dll webservices.dll rsaenh.dll rpcrtremote.dll wevtapi.dll ntdll.dll rsaenh.dll basesrv.dll user32.dll gdi32.dll kernel32.dll kernelbase.dll lpk.dll usp10.dll usp10.dll msvcrt.dll sxssrv.dll csrsrv.dll winsrv.dll sxs.dll rpcrt4.dll cryptbase.dll ntdll.dll kernel32.dll kernelbase.dll gdi32.dll user32.dll lpk.dll usp10.dll msvcrt.dll imm32.dll msctf.dll msvcrt.dll ole32.dll rpcrt4.dll oleaut32.dll cryptbase.dll ole32.dll clbcatq.dll advapi32.dll sechost.dll ntdll.dll ntdll.dll wow64.dll wow64win.dll wow64cpu.dll kernel32.dll kernel32.dll usp10.dll kernel32.dll user32.dll kernel32.dll kernelbase.dll advapi32.dll msvcrt.dll sechost.dll rpcrt4.dll sspicli.dll cryptbase.dll dnsapi.dll profapi.dll ws2_32.dll nsi.dll winnsi.dll dhcpcsvc.dll dhcpcsvc6.dll shell32.dll shlwapi.dll gdi32.dll user32.dll System.Net.Http.ni.dll lpk.dll usp10.dll ole32.dll imm32.dll msctf.dll clbcatq.dll oleaut32.dll cryptsp.dll rsaenh.dll system.web.dll rpcrtremote.dll wevtapi.dll ntdll.dll kernel32.dll kernelbase.dll gdi32.dll nsi.dll user32.dll lpk.dll usp10.dll msvcrt.dll imm32.dll msctf.dll ole32.dll rpcrt4.dll oleaut32.dll cryptbase.dll clbcatq.dll advapi32.dll sechost.dll,normal
 ntdll.dll kernel32.dll kernelbase.dll advapi32.dll msvcrt.dll sechost.dll mscorlib.dll rpcrt4.dll user32.dll win32u.dll gdi32.dll gdi32full.dll msvcp_win.dll ucrtbase.dll ole32.dll combase.dll rsaenh.dll shell32.dll shlwapi.dll winnsi.dll schannel.dll KernelBase.dll profapi.dll imm32.dll bcryptprimitives.dll oleaut32.dll shell32.dll shcore.dll cfgmgr32.dll profsvc.dll shcore.dll windows.storage.dll system.data.sqlxml.dll shlwapi.dll kernel.appcore.dll powrprof.dll profapi.dll playsndsrv.dll oleacc.dll uxtheme.dll dui70.dll imm32.dll,normal
 ntdll.dll api-ms-win-downlevel-shell32-l1-1-0.dll kernel32.dll user32.dll KernelBase.dll advapi32.dll msvcrt.dll profapi.dll sechost.dll rpcrt4.dll crypt32.dll gdi32.dll user32.dll lpk.dll usp10.dll sensapi.dll cryptnet.dll msswch.dll winmm.dll dwmapi.dll GdiPlus.dll ole32.dll setupapi.dll system.configuration.ni.dll oleacc.dll oleaut32.dll mrmcorer.dll shlwapi.dll wmsgapi.dll duser.dll uxtheme.dll imm32.dll msctf.dll,normal
 ntdll.dll ntdll.dll wow64.dll wow64win.dll wow64cpu.dll kernel32.dll kernel32.dll SensApi.dll kernel32.dll user32.dll kernel32.dll kernelbase.dll cryptsp.dll advapi32.dll msvcrt.dll msvcrt.dll sechost.dll system.data.dll api-ms-win-downlevel-shlwapi-l1-1-0.dll rpcrt4.dll sspicli.dll cryptbase.dll Microsoft.VisualStudio.Tools.Office.AddInAdapter.v9.0.dll dnsapi.dll ws2_32.dll nsi.dll winnsi.dll system.dll dhcpcsvc.dll comctl32.dll dhcpcsvc6.dll shell32.dll System.DirectoryServices.dll shlwapi.dll gdi32.dll user32.dll dnsapi.dll System.Core.dll lpk.dll lpk.dll usp10.dll usp10.dll ole32.dll imm32.dll msctf.dll setupapi.dll clbcatq.dll oleaut32.dll cryptsp.dll msvcr80.dll rsaenh.dll rpcrtremote.dll wevtapi.dll,normal
 wups.dll msvcrt.dll iertutil.dll kernel32.dll msvcr120_clr0400.dll configmanager2.dll dmoleaututils.dll enterpriseresourcemanager.dll dmenrollengine.dll winnsi.dll kernelbase.dll dmcsps.dll dmcfgutils.dll rsaenh.dll omadmapi.dll dmxmlhelputils.dll iri.dll dmapisetextimpl.dll msauserext.dll wlidsvc.dll clipc.dll msxml6.dll cryptngc.dll msvcp_win.dll coreuicomponents.dll ucrtbase.dll,normal
 mscorlib.ni.dll ntdll.dll imm32.dll ntdll.dll wow64.dll wow64win.dll user32.dll kernel32.dll advapi32.dll wow64cpu.dll kernel32.dll user32.dll kernel32.dll kernel32.dll KernelBase.dll cryptbase.dll msvcrt.dll ole32.dll gdi32.dll user32.dll advapi32.dll sechost.dll ntdll.dll secur32.dll rpcrt4.dll sspicli.dll cryptbase.dll lpk.dll usp10.dll imm32.dll System.Runtime.Serialization.Formatters.Soap.ni.dll smdiagnostics.ni.dll msctf.dll clbcatq.dll oleaut32.dll cryptsp.dll rsaenh.dll Microsoft.VisualStudio.Tools.Office.Excel.AddInProxy.v9.0.ni.dll RpcRtRemote.dll uxtheme.dll imm32.dll shell32.dll clrjit.dll shlwapi.dll actxprxy.dll kernel32.dll comctl32.dll,normal
 ntdll.dll wow64win.dll cimwin32.dll vm3dum64_10.dll kernel32.dll oleaut32.dll kernelbase.dll slc.dll usp10.dll msvcrt.dll fastprox.dll ncobjapi.dll wow64.dll combase.dll ucrtbase.dll wbemcomn.dll rpcrt4.dll ws2_32.dll bcryptprimitives.dll sechost.dll bcrypt.dll wups2.dll advapi32.dll user32.dll sechost.dll win32u.dll gdi32.dll kernel32.dll gdi32full.dll kernel.appcore.dll clbcatq.dll wbemprox.dll oleaut32.dll msvcp_win.dll wbemsvc.dll System.Xml.Linq.ni.dll wmiutils.dll powrprof.dll sspicli.dll sspicli.dll crypt32.dll cimwin32.dll framedynos.dll cfgmgr32.dll wmi.dll wmiclnt.dll perfos.dll wtsapi32.dll winsta.dll System.Drawing.dll devobj.dll cfgmgr32.dll netapi32.dll rpcrt4.dll imm32.dll samcli.dll srvcli.dll netutils.dll logoncli.dll ucrtbase.dll schedcli.dll wkscli.dll dsrole.dll System.Configuration.ni.dll shell32.dll oleaut32.dll system.design.ni.dll windows.storage.dll shlwapi.dll shcore.dll profapi.dll secur32.dll user32.dll dskquota.dll netsetupapi.dll mi.dll miutils.dll wmitomi.dll ndisimplatcim.dll,normal
 api-ms-win-downlevel-advapi32-l1-1-0.dll tabskb.dll imageres.dll System.ServiceModel.Internals.ni.dll ntdll.dll wldap32.dll kernel32.dll advapi32.dll shlwapi.dll kernel32.dll kernelbase.dll comctl32.dll advapi32.dll rpcrt4.dll msvcrt.dll sechost.dll mscorlib.dll rpcrt4.dll msvcrt.dll user32.dll gdi32.dll lpk.dll gdi32full.dll lpk.dll msctf.dll sechost.dll propsys.dll usp10.dll sspicli.dll ole32.dll oleaut32.dll tquery.dll msvcrt.dll shlwapi.dll imm32.dll user32.dll msctf.dll msshooks.dll mscoree.dll mscoree.dll mscoreei.dll cryptbase.dll clbcatq.dll shell32.dll msctf.dll cryptsp.dll msctf.dll rsaenh.dll rpcrtremote.dll mssprxy.dll ntdll.dll lpk.dll kernel32.dll kernel32.dll kernelbase.dll advapi32.dll msvcrt.dll sechost.dll rpcrt4.dll msvcr120_clr0400.dll duser.dll dhcpcsvc.dll wkscli.dll mscoree.dll ole32.dll gdi32.dll user32.dll lpk.dll msvcrt.dll usp10.dll oleaut32.dll imm32.dll gdi32.dll msctf.dll cryptbase.dll cryptsp.dll rsaenh.dll ntdll.dll system.security.dll ucrtbase.dll rpcrtremote.dll advapi32.dll clbcatq.dll sxs.dll mscoreei.dll clr.dll shlwapi.dll mscorlib.ni.dll clrjit.dll system.numerics.ni.dll version.dll mscorlib.dll system.drawing.ni.dll smipi.dll mscorlib.dll ntdll.dll kernel32.dll kernelbase.dll kernelbase.dll PortableDeviceSyncProvider.dll msadrh15.dll advapi32.dll cryptbase.dll dhcpcsvc.dll msvcrt.dll sechost.dll shlwapi.dll dhcpcsvc6.dll rpcrt4.dll msvcr120_clr0400.dll mscoree.dll ole32.dll gdi32.dll oleacc.dll user32.dll lpk.dll usp10.dll oleaut32.dll clbcatq.dll imm32.dll msctf.dll cryptbase.dll cryptsp.dll rsaenh.dll System.Security.ni.dll ole32.dll rpcrtremote.dll winsta.dll advapi32.dll cryptsp.dll clbcatq.dll sxs.dll mscoreei.dll clr.dll gdi32.dll shlwapi.dll ntdll.dll ole32.dll ntdll.dll wow64.dll wow64win.dll wow64cpu.dll kernel32.dll kernel32.dll kernel32.dll kernel32.dll oleacc.dll clbcatq.dll mpr.dll ws2_32.dll userenv.dll KernelBase.dll user32.dll kernel32.dll kernelbase.dll lpk.dll advapi32.dll msvcrt.dll sechost.dll rpcrt4.dll version.dll mscorlib.dll nsi.dll sspicli.dll cryptbase.dll msvcr120_clr0400.dll mscoree.dll kernel.appcore.dll ole32.dll gdi32.dll mydocs.dll user32.dll lpk.dll advapi32.dll dhcpcsvc.dll usp10.dll powercpl.dll oleaut32.dll imm32.dll gdi32.dll msctf.dll cryptsp.dll rsaenh.dll sensapi.dll secur32.dll rpcrtremote.dll crypt32.dll msvcrt.dll clbcatq.dll sxs.dll mscoreei.dll mscorwks.dll cryptbase.dll logoncli.dll msvcr80.dll netutils.dll usp10.dll CbsCore.dll shlwapi.dll shell32.dll usp10.dll sensapi.dll rpcrtremote.dll msvcrt.dll sspicli.dll system.data.ni.dll profapi.dll wkscli.dll sspicli.dll eventlogmessages.dll mscorlib.ni.dll mscorjit.dll webio.dll mscorlib.dll mscorlib.dll version.dll winbrand.dll mscorlib.dll mscorlib.dll msxml6.dll system.ni.dll microsoft.windows.diagnosis.troubleshootingpack.ni.dll system.dll system.dll system.dll usp10.dll system.dll microsoft.windows.diagnosis.sdengine.ni.dll microsoft.windows.diagnosis.sdengine.dll microsoft.windows.diagnosis.sdengine.dll microsoft.windows.diagnosis.troubleshootingpack.dll microsoft.windows.diagnosis.troubleshootingpack.dll mswsock.dll system.management.automation.ni.dll system.transactions.ni.dll system.management.automation.dll msvcrt.dll devobj.dll system.management.automation.dll system.xml.ni.dll kernelbase.dll system.xml.dll kernel32.dll oleaut32.dll system.xml.dll system.xml.dll system.xml.dll netutils.dll rpcrt4.dll windows.storage.applicationdata.dll system.configuration.install.ni.dll advapi32.dll system.configuration.install.dll wmsgapi.dll system.configuration.install.dll system.transactions.ni.dll system.transactions.dll oleaut32.dll KernelBase.dll system.transactions.dll system.transactions.dll system.transactions.dll system.transactions.dll system.management.ni.dll system.management.dll system.management.dll system.directoryservices.ni.dll system.directoryservices.dll KernelBase.dll shell32.dll system.directoryservices.dll system.directoryservices.dll system.directoryservices.dll wintrust.dll system.data.ni.dll system.data.dll system.data.dll crypt32.dll system.data.dll ntprint.dll system.data.dll system.data.dll ws2_32.dll nsi.dll crypt32.dll msasn1.dll system.configuration.ni.dll system.configuration.dll system.configuration.dll system.configuration.dll system.configuration.dll ExplorerFrame.dll system.security.ni.dll system.security.dll duser.dll clbcatq.dll system.security.dll system.security.dll system.security.dll system.data.sqlxml.ni.dll system.data.sqlxml.dll system.data.sqlxml.dll msvcrt.dll system.data.sqlxml.dll system.data.sqlxml.dll system.runtime.serialization.formatters.soap.ni.dll rpcrt4.dll system.runtime.serialization.formatters.soap.dll netapi32.dll system.runtime.serialization.formatters.soap.dll system.drawing.ni.dll system.windows.forms.ni.dll presentationui.ni.dll rsaenh.dll cryptbase.dll system.windows.forms.dll system.windows.forms.dll system.windows.forms.dll system.windows.forms.dll system.drawing.dll system.drawing.dll system.drawing.dll comctl32.dll system.drawing.dll accessibility.ni.dll accessibility.dll accessibility.dll accessibility.dll accessibility.dll smipi.dll system.deployment.ni.dll system.deployment.dll system.deployment.dll system.deployment.dll system.deployment.dll system.enterpriseservices.ni.dll system.enterpriseservices.dll system.enterpriseservices.dll system.runtime.remoting.ni.dll system.runtime.remoting.dll system.runtime.remoting.dll wow64cpu.dll microsoft.visualc.ni.dll system.web.ni.dll system.web.dll system.web.dll system.web.dll atlthunk.dll system.web.dll system.web.services.ni.dll system.web.services.dll system.web.services.dll system.web.services.dll sspicli.dll kernel32.dll system.web.services.dll system.directoryservices.protocols.ni.dll system.directoryservices.protocols.dll system.directoryservices.protocols.dll kernel32.dll ntdll.dll system.directoryservices.protocols.dll system.directoryservices.protocols.dll System.Core.dll system.design.ni.dll kernel32.dll system.design.dll system.design.dll system.serviceprocess.ni.dll system.serviceprocess.dll system.serviceprocess.dll system.web.regularexpressions.ni.dll system.web.regularexpressions.dll system.web.regularexpressions.dll system.web.regularexpressions.dll system.web.regularexpressions.dll version.dll system.drawing.design.ni.dll kernel32.dll shlwapi.dll oleaut32.dll system.drawing.design.dll system.drawing.design.dll system.data.oracleclient.ni.dll api-ms-win-core-localization-obsolete-l1-2-0.dll system.data.oracleclient.dll msctf.dll system.data.oracleclient.dll system.core.ni.dll cfgmgr32.dll system.data.oracleclient.dll wintrust.dll System.Data.SqlXml.ni.dll comctl32.dll system.data.oracleclient.dll gdi32.dll system.data.oracleclient.dll microsoft.jscript.ni.dll microsoft.jscript.dll clr.dll microsoft.jscript.dll microsoft.jscript.dll microsoft.jscript.dll microsoft.vsa.ni.dll netutils.dll user32.dll microsoft.vsa.dll ole32.dll microsoft.vsa.dll msvcrt.dll microsoft.vsa.dll dhcpcsvc6.dll user32.dll microsoft.vsa.dll sechost.dll ntdll.dll ntdll.dll wow64.dll wow64win.dll wow64cpu.dll shlwapi.dll kernel32.dll kernel32.dll bcd.dll system.directoryservices.dll kernel32.dll win32u.dll user32.dll kernel32.dll wow64win.dll kernel32.dll kernelbase.dll ncobjapi.dll bcryptprimitives.dll ole32.dll advapi32.dll msvcrt.dll sechost.dll rpcrt4.dll sspicli.dll cryptbase.dll msvcr120_clr0400.dll mscoree.dll ole32.dll System.ServiceProcess.ni.dll system.xml.dll gdi32.dll user32.dll lpk.dll usp10.dll oleaut32.dll imm32.dll msctf.dll cryptsp.dll combase.dll rsaenh.dll GrooveIntlResource.dll rpcrtremote.dll clbcatq.dll ntdll.dll sxs.dll mscoreei.dll mscorwks.dll mscorlib.ni.dll msvcr80.dll sspicli.dll shlwapi.dll shell32.dll profapi.dll mscorlib.ni.dll mscorjit.dll mscorlib.dll kernel32.dll mscorlib.dll version.dll mscorlib.dll mscorlib.dll presentationframework.aero.ni.dll presentationframework.aero.dll presentationframework.aero.dll presentationframework.aero.dll presentationframework.aero.dll system.ni.dll windowsbase.ni.dll presentationcore.ni.dll version.dll presentationframework.ni.dll presentationframework.dll presentationframework.dll presentationframework.dll presentationframework.dll windowsbase.dll windowsbase.dll shell32.dll windowsbase.dll gdi32.dll apphelp.dll windowsbase.dll system.dll system.dll system.dll user32.dll wrpint.dll msvcrt.dll system.dll presentationcore.dll sensapi.dll presentationcore.dll presentationcore.dll presentationcore.dll system.xml.ni.dll system.xml.dll system.xml.dll system.xml.dll system.xml.dll uiautomationprovider.ni.dll uiautomationprovider.dll kernel32.dll uiautomationprovider.dll uiautomationprovider.dll System.Data.SqlXml.dll cryptsp.dll uiautomationprovider.dll sspicli.dll system.drawing.ni.dll ntdll.dll gpapi.dll System.Xml.Linq.dll system.drawing.dll usp10.dll system.drawing.dll presentationframework.ni.dll system.drawing.dll system.drawing.dll msctf.dll system.deployment.ni.dll system.deployment.dll system.deployment.dll user32.dll system.deployment.dll system.deployment.dll ntdll.dll presentationui.ni.dll presentationui.dll presentationui.dll system.printing.ni.dll system.printing.dll vbscript.dll system.printing.dll system.printing.dll system.printing.dll reachframework.ni.dll oleaut32.dll reachframework.dll reachframework.dll advapi32.dll uiautomationtypes.ni.dll uiautomationtypes.dll presentationui.dll uiautomationtypes.dll uiautomationtypes.dll uiautomationtypes.dll system.data.ni.dll lpk.dll system.servicemodel.internals.dll accessibility.dll system.data.dll msctf.dll system.data.dll system.data.dll sechost.dll system.data.dll system.data.dll ws2_32.dll nsi.dll crypt32.dll clrjit.dll msasn1.dll accessibility.ni.dll msctf.dll accessibility.dll accessibility.dll accessibility.dll System.Data.SqlXml.dll accessibility.dll ucrtbase.dll system.configuration.ni.dll system.configuration.dll system.configuration.dll system.configuration.dll system.configuration.dll system.security.ni.dll system.security.dll system.security.dll system.security.dll imm32.dll system.security.dll system.data.sqlxml.ni.dll system.data.sqlxml.dll system.data.sqlxml.dll system.ni.dll cabinet.dll system.data.sqlxml.dll ntdll.dll system.data.sqlxml.dll microsoft.visualc.ni.dll profapi.dll presentationcffrasterizer.ni.dll presentationcffrasterizer.dll presentationcffrasterizer.dll system.windows.forms.ni.dll uiautomationprovider.ni.dll system.windows.forms.dll system.windows.forms.dll system.windows.forms.dll wshbth.dll system.windows.forms.dll system.runtime.serialization.formatters.soap.ni.dll system.runtime.serialization.formatters.soap.dll system.runtime.serialization.formatters.soap.dll system.directoryservices.ni.dll shell32.dll system.directoryservices.dll system.directoryservices.dll system.directoryservices.dll shell32.dll system.directoryservices.dll system.transactions.ni.dll system.transactions.dll system.transactions.dll system.transactions.dll kernel32.dll system.transactions.dll system.transactions.dll system.enterpriseservices.ni.dll system.enterpriseservices.dll microsoft.managementconsole.ni.dll system.enterpriseservices.dll version.dll system.runtime.remoting.ni.dll system.runtime.remoting.dll tipres.dll system.runtime.remoting.dll kernel32.dll system.web.ni.dll system.web.dll system.web.dll system.web.dll system.web.dll system.web.services.ni.dll wow64.dll system.web.services.dll system.web.services.dll drupdate.dll system.web.services.dll system.web.services.dll user32.dll clbcatq.dll system.directoryservices.protocols.ni.dll system.directoryservices.protocols.dll system.directoryservices.protocols.dll system.directoryservices.protocols.dll api-ms-win-security-cryptoapi-l1-1-0.dll msvcp_win.dll imm32.dll system.directoryservices.protocols.dll system.design.ni.dll system.design.dll system.design.dll system.serviceprocess.ni.dll system.serviceprocess.dll kernel32.dll winbrand.dll system.serviceprocess.dll system.web.regularexpressions.ni.dll kernel.appcore.dll advapi32.dll system.web.regularexpressions.dll system.web.regularexpressions.dll system.web.regularexpressions.dll system.web.regularexpressions.dll system.drawing.design.ni.dll system.drawing.design.dll system.drawing.design.dll system.data.oracleclient.ni.dll system.data.oracleclient.dll system.data.oracleclient.dll system.data.oracleclient.dll catsrvut.dll system.data.oracleclient.dll system.data.oracleclient.dll system.configuration.install.ni.dll ieframe.dll system.configuration.install.dll system.configuration.install.dll ntdll.dll ntdll.dll wow64.dll wow64win.dll kernel32.dll apphelp.dll wow64cpu.dll rpcrt4.dll kernel32.dll kernel32.dll kernel32.dll user32.dll kernel32.dll kernelbase.dll system.web.dll cryptbase.dll advapi32.dll msvcrt.dll sechost.dll rpcrt4.dll comctl32.dll sspicli.dll ole32.dll rpcrt4.dll cryptbase.dll msvcr120_clr0400.dll mscoree.dll ole32.dll kernel32.dll gdi32.dll user32.dll system.web.services.dll lpk.dll usp10.dll shlwapi.dll oleaut32.dll imm32.dll msctf.dll shlwapi.dll cryptsp.dll rsaenh.dll rpcrtremote.dll clbcatq.dll sxs.dll mscoreei.dll cryptbase.dll mscorwks.dll cryptnet.dll msvcr80.dll shlwapi.dll dui70.dll shell32.dll profapi.dll mscorlib.ni.dll mscorjit.dll RpcRtRemote.dll mscorlib.dll mscorlib.dll mscorlib.dll lpk.dll version.dll mscorlib.dll usp10.dll clbcatq.dll mscorlib.dll system.ni.dll system.web.extensions.design.ni.dll oleres.dll system.dll system.dll system.dll rpcrtremote.dll system.dll kernel32.dll system.design.ni.dll system.design.dll system.design.dll system.security.dll system.core.ni.dll corperfmonext.dll system.web.ni.dll system.web.abstractions.ni.dll system.web.extensions.ni.dll system.web.extensions.dll system.web.extensions.dll system.web.extensions.design.dll system.web.extensions.design.dll system.web.extensions.dll system.web.extensions.dll system.web.abstractions.dll system.web.abstractions.dll system.web.abstractions.dll system.web.abstractions.dll system.web.dll system.web.dll system.web.dll system.web.dll mscoreei.dll system.core.dll system.core.dll system.core.dll system.core.dll system.drawing.ni.dll system.windows.forms.ni.dll system.windows.forms.dll system.windows.forms.dll system.windows.forms.dll system.windows.forms.dll system.drawing.dll system.drawing.dll wow64.dll sppcext.dll system.drawing.dll kernel32.dll system.drawing.dll System.Xml.ni.dll system.data.ni.dll system.data.dll system.data.dll system.data.dll system.data.dll system.data.dll ws2_32.dll oleaut32.dll nsi.dll crypt32.dll msasn1.dll mscorwks.dll system.data.linq.ni.dll system.data.linq.dll system.data.linq.dll oleaut32.dll gdi32.dll system.data.linq.dll system.data.linq.dll system.configuration.ni.dll system.configuration.dll system.configuration.dll system.configuration.dll api-ms-win-core-libraryloader-l1-1-1.dll system.configuration.dll system.xml.ni.dll system.xml.dll system.xml.dll system.xml.dll profapi.dll system.xml.dll system.security.ni.dll kernel32.dll system.security.dll system.security.dll system.security.dll kernelbase.dll system.security.dll system.data.sqlxml.ni.dll system.data.sqlxml.dll system.data.sqlxml.dll system.data.sqlxml.dll system.data.sqlxml.dll system.drawing.design.ni.dll system.drawing.design.dll system.drawing.design.dll system.data.oracleclient.ni.dll system.data.oracleclient.dll system.data.oracleclient.dll system.data.oracleclient.dll system.data.oracleclient.dll system.data.oracleclient.dll ntdll.dll system.runtime.serialization.formatters.soap.ni.dll system.runtime.serialization.formatters.soap.dll wldp.dll system.runtime.serialization.formatters.soap.dll system.deployment.dll accessibility.ni.dll accessibility.dll accessibility.dll accessibility.dll accessibility.dll system.web.regularexpressions.ni.dll system.web.regularexpressions.dll shell32.dll system.web.regularexpressions.dll system.web.regularexpressions.dll ntdll.dll system.web.regularexpressions.dll microsoft.visualc.ni.dll system.transactions.ni.dll system.transactions.dll windowsbase.dll system.transactions.dll system.transactions.dll system.transactions.dll system.transactions.dll system.enterpriseservices.ni.dll system.enterpriseservices.dll system.enterpriseservices.dll system.directoryservices.ni.dll system.directoryservices.dll system.directoryservices.dll system.directoryservices.dll wininet.dll system.directoryservices.dll system.runtime.remoting.ni.dll system.runtime.remoting.dll system.runtime.remoting.dll system.web.services.ni.dll system.web.services.dll ntdll.dll system.web.services.dll system.web.services.dll api-ms-win-devices-config-l1-1-0.dll ncrypt.dll profapi.dll system.web.services.dll system.directoryservices.protocols.ni.dll system.directoryservices.protocols.dll system.directoryservices.protocols.dll wups2.dll system.directoryservices.protocols.dll system.directoryservices.protocols.dll system.serviceprocess.ni.dll system.serviceprocess.dll gdi32.dll system.serviceprocess.dll system.configuration.install.ni.dll system.configuration.install.dll system.configuration.install.dll system.deployment.ni.dll system.deployment.dll system.deployment.dll system.deployment.dll version.dll system.deployment.dll system.servicemodel.ni.dll system.servicemodel.dll system.servicemodel.dll system.servicemodel.dll system.servicemodel.dll system.runtime.serialization.ni.dll system.runtime.serialization.dll system.runtime.serialization.dll system.runtime.serialization.dll taskschd.dll system.runtime.serialization.dll system.servicemodel.web.ni.dll system.servicemodel.web.dll system.servicemodel.web.dll system.servicemodel.web.dll system.servicemodel.web.dll system.data.services.client.ni.dll system.data.services.client.dll system.data.services.client.dll wpdshext.dll system.data.services.client.dll system.data.services.client.dll system.data.services.design.ni.dll system.data.services.design.dll system.data.services.design.dll system.data.entity.ni.dll system.data.entity.dll system.data.entity.dll system.data.entity.dll system.data.entity.dll smdiagnostics.ni.dll smdiagnostics.dll smdiagnostics.dll smdiagnostics.dll smdiagnostics.dll system.identitymodel.ni.dll system.identitymodel.dll system.identitymodel.dll system.identitymodel.dll system.identitymodel.dll system.messaging.ni.dll system.messaging.dll shlwapi.dll system.messaging.dll system.identitymodel.selectors.ni.dll system.identitymodel.selectors.dll system.identitymodel.selectors.dll microsoft.transactions.bridge.ni.dll microsoft.transactions.bridge.dll microsoft.transactions.bridge.dll system.xml.linq.ni.dll system.xml.linq.dll system.xml.linq.dll system.xml.linq.dll system.xml.linq.dll windowsbase.ni.dll windowsbase.dll windowsbase.dll windowsbase.dll windowsbase.dll,normal
 msvcr120_clr0400.dll mswsock.dll mscoree.dll mscoreei.dll kernel32.dll advapi32.dll cryptsp.dll version.dll clr.dll clr.dll taskschd.dll imageres.dll msctf.dll pcwum.dll gpapi.dll olepro32.dll msctf.dll clbcatq.dll ntdll.dll ntdll.dll kernel32.dll kernel32.dll RpcRtRemote.dll wow64.dll kernelbase.dll ntdll.dll rometadata.dll mscorjit.dll kernelbase.dll msvcrt.dll msvcrt.dll advapi32.dll ole32.dll sechost.dll rpcrt4.dll rpcrt4.dll shlwapi.dll explorerframe.dll gdi32.dll advapi32.dll gdi32.dll gdi32.dll user32.dll user32.dll lpk.dll ntdll.dll lpk.dll usp10.dll system.data.oracleclient.dll usp10.dll ole32.dll ole32.dll oleaut32.dll oleaut32.dll imm32.dll oleaut32.dll imm32.dll sspicli.dll cryptbase.dll fusion.dll crypt32.dll mscorsvc.dll msvcr120_clr0400.dll sfc.dll ntdll.dll kernel32.dll kernelbase.dll advapi32.dll msvcrt.dll sechost.dll rpcrt4.dll msvcr120_clr0400.dll mscoree.dll napinsp.dll ole32.dll sxs.dll gdi32.dll user32.dll lpk.dll scrrun.dll shcore.dll usp10.dll oleaut32.dll kernel.appcore.dll imm32.dll msctf.dll cryptbase.dll cryptsp.dll rsaenh.dll System.AddIn.Contract.dll rpcrtremote.dll clbcatq.dll sxs.dll mscoreei.dll clr.dll shlwapi.dll wow64cpu.dll mscorlib.ni.dll clrjit.dll system.ni.dll oleaut32.dll system.core.ni.dll system.activities.ni.dll version.dll mscorlib.dll mscorlib.dll microsoft.management.infrastructure.ni.dll wow64cpu.dll system.configuration.ni.dll imm32.dll system.xml.ni.dll ntdll.dll ntdll.dll themeui.dll mscorlib.dll wow64.dll bcryptprimitives.dll ntdll.dll wow64win.dll lpk.dll wevtapi.dll wow64cpu.dll kernel32.dll kernel32.dll kernel32.dll user32.dll kernel32.dll advapi32.dll ntdll.dll kernelbase.dll oleaut32.dll wow64win.dll dwrite.dll ole32.dll msvcrt.dll gdi32.dll rpcrt4.dll uianimation.dll miutils.dll user32.dll advapi32.dll sechost.dll wtsapi32.dll imagehlp.dll rpcrt4.dll sspicli.dll cryptbase.dll lpk.dll Wldap32.dll usp10.dll msimg32.dll version.dll shell32.dll dhcpcsvc6.dll shlwapi.dll wsock32.dll sechost.dll oleaut32.dll sechost.dll ws2_32.dll ws2_32.dll nsi.dll netapi32.dll netutils.dll ntdll.dll srvcli.dll wkscli.dll imm32.dll msctf.dll uxtheme.dll comctl32.dll dwmapi.dll olepro32.dll comctl32.dll wtsapi32.dll winsta.dll apphelp.dll clbcatq.dll cryptsp.dll rsaenh.dll rpcrtremote.dll propsys.dll setupapi.dll cfgmgr32.dll devobj.dll ntmarta.dll wldap32.dll mssprxy.dll ole32.dll ole32.dll oleacc.dll msctf.dll msctf.dll imecfm.dll,normal
 ntdll.dll kernel32.dll wow64cpu.dll dps.dll sspicli.dll sechost.dll KernelBase.dll gdi32.dll sxs.dll user32.dll lpk.dll usp10.dll msvcrt.dll System.dll imm32.dll msctf.dll ole32.dll system.data.oracleclient.dll rpcrt4.dll oleaut32.dll cryptbase.dll clbcatq.dll comctl32.dll msutb.dll advapi32.dll sechost.dll ntdll.dll wbemcntl.dll ntdll.dll wow64.dll wow64win.dll wow64cpu.dll kernel32.dll sechost.dll kernel32.dll kernel32.dll shell32.dll msasn1.dll synceng.dll user32.dll kernel32.dll sspicli.dll KernelBase.dll msvcrt.dll winbrand.dll user32.dll gdi32.dll lpk.dll usp10.dll advapi32.dll gdi32.dll sechost.dll rpcrt4.dll sspicli.dll cryptbase.dll imm32.dll msctf.dll apphelp.dll,normal
 wow64cpu.dll ntdll.dll structuredquery.dll ntdll.dll kernel32.dll kernelbase.dll kernelbase.dll msvcrt.dll msvcrt.dll msvcrt.dll oleaut32.dll msvcp_win.dll msvcp_win.dll mmdevapi.dll SensApi.dll ucrtbase.dll ucrtbase.dll combase.dll imm32.dll rpcrt4.dll rpcrt4.dll bcryptprimitives.dll KernelBase.dll bcryptprimitives.dll advapi32.dll sechost.dll atl.dll advapi32.dll sechost.dll sechost.dll cryptbase.dll tquery.dll sxs.dll tquery.dll winsta.dll cryptdll.dll cryptdll.dll imm32.dll wow64.dll user32.dll win32u.dll urlmon.dll gdi32.dll gdi32full.dll kernel.appcore.dll kernel.appcore.dll clbcatq.dll mssprxy.dll mssprxy.dll,normal
 ntdll.dll msvcrt.dll kernel32.dll KernelBase.dll mscoreei.dll msvcrt.dll combase.dll rpcrt4.dll kernel.appcore.dll dpapi.dll cryptbase.dll bcryptprimitives.dll clbcatq.dll user32.dll d3d11.dll kernel32.dll gdi32.dll imm32.dll imm32.dll oleaut32.dll msctf.dll userenv.dll sechost.dll cryptsp.dll rsaenh.dll bcrypt.dll uxtheme.dll IDStore.dll userenv.dll profapi.dll,normal
 windows.cortana.proxystub.dll shellcommoncommonproxystub.dll windows.globalization.dll Microsoft.PowerShell.ConsoleHost.ni.dll propsys.dll ntmarta.dll csgsuggestlib.dll logoncli.dll version.dll nsi.dll ole32.dll mswb7.dll,normal
 ntdll.dll wow64.dll wow64win.dll wow64cpu.dll kernel32.dll kernel32.dll kernelbase.dll oleaut32.dll sqmapi.dll ole32.dll msvcrt.dll gdi32.dll user32.dll advapi32.dll ipmiprr.dll Interop.DfsrHelper.dll sechost.dll rpcrt4.dll system.security.ni.dll sspicli.dll cryptbase.dll lpk.dll sechost.dll user32.dll usp10.dll imm32.dll msctf.dll shlwapi.dll clbcatq.dll version.dll clbcatq.dll wevtapi.dll clbcatq.dll mscoree.dll mscoreei.dll mscorwks.dll fusion.dll clr.dll clr.dll msvcr120_clr0400.dll ntdll.dll kernel32.dll kernel32.dll user32.dll system.xml.dll mscorsvc.dll taskschd.dll ntdll.dll lpk.dll ntasn1.dll kernel32.dll sechost.dll kernel32.dll kernelbase.dll winnsi.dll oleaut32.dll advapi32.dll msvcrt.dll ktmw32.dll sechost.dll rpcrt4.dll msvcr120_clr0400.dll wow64cpu.dll mscoree.dll ole32.dll gdi32.dll user32.dll windows.security.authentication.onlineid.dll kernel32.dll lpk.dll sechost.dll usp10.dll oleaut32.dll imm32.dll msctf.dll cryptbase.dll cryptsp.dll rsaenh.dll kernel32.dll cryptbase.dll rpcrtremote.dll clbcatq.dll sxs.dll mscoreei.dll shell32.dll clr.dll shlwapi.dll dpx.dll gdi32.dll wow64win.dll mscorlib.ni.dll clrjit.dll sechost.dll version.dll mscorlib.dll mscorlib.dll system.ni.dll system.core.ni.dll sensapi.dll system.activities.ni.dll system.management.ni.dll system.servicemodel.internals.ni.dll system.transactions.ni.dll system.transactions.dll system.transactions.dll msvcrt.dll system.transactions.dll system.transactions.dll system.web.applicationservices.dll system.transactions.dll system.transactions.dll system.transactions.dll microsoft.powershell.security.activities.ni.dll,normal
 ntdll.dll ntdll.dll wow64.dll wow64win.dll kernel32.dll wow64cpu.dll kernel32.dll kernel32.dll kernel32.dll user32.dll bcryptprimitives.dll kernel32.dll rsaenh.dll PresentationCore.dll kernelbase.dll msvcrt.dll mscorlib.dll winbrand.dll user32.dll d3dcompiler_47.dll gdi32.dll lpk.dll wow64.dll usp10.dll advapi32.dll advapi32.dll mapi32.dll sechost.dll imm32.dll rpcrt4.dll sspicli.dll cryptbase.dll imm32.dll msctf.dll apphelp.dll,normal
 onecorecommonproxystub.dll cryptsp.dll system.configuration.dll onecorecommonproxystub.dll api-ms-win-core-file-l1-2-0.dll execmodelclient.dll execmodelclient.dll wintrust.dll msasn1.dll msasn1.dll crypt32.dll logoncli.dll execmodelproxy.dll execmodelproxy.dll sechost.dll capauthz.dll shell32.dll capauthz.dll sechost.dll KernelBase.dll xmllite.dll xmllite.dll rasapi32.dll gdi32.dll windows.cortana.proxystub.dll windows.cortana.proxystub.dll cryptbase.dll msvcrt.dll cryptbase.dll windows.cortana.onecore.dll windows.cortana.onecore.dll System.Data.dll windows.security.authentication.onlineid.dll windows.security.authentication.onlineid.dll dpapi.dll dpapi.dll cdp.dll cdp.dll ncrypt.dll ncrypt.dll ntasn1.dll ntasn1.dll taskflowdataengine.dll taskflowdataengine.dll gdi32.dll windows.cloudstore.dll windows.cloudstore.dll windows.staterepositoryps.dll windows.staterepositoryps.dll windows.cloudstore.schema.shell.dll windows.cloudstore.schema.shell.dll KernelBase.dll tiledatarepository.dll sensapi.dll tiledatarepository.dll staterepository.core.dll system.speech.ni.dll staterepository.core.dll windows.staterepository.dll clbcatq.dll winmm.dll windows.staterepository.dll windows.staterepositorybroker.dll windows.staterepositoryclient.dll windows.applicationmodel.dll windows.applicationmodel.dll ncrypt.dll wow64cpu.dll appxdeploymentclient.dll appxdeploymentclient.dll windows.ui.dll cryptbase.dll imageres.dll windows.ui.dll msctf.dll textinputframework.dll biwinrt.dll System.Transactions.dll System.XML.dll mscoree.dll biwinrt.dll windows.devices.sensors.dll wintrust.dll windows.devices.sensors.dll sensorsnativeapi.dll sensorsnativeapi.dll logoncli.dll sensorsapi.dll sensorsapi.dll sensorsutilsv2.dll sensorsutilsv2.dll sensorsnativeapi.v2.dll sensorsnativeapi.v2.dll gdi32.dll portabledevicetypes.dll gdi32.dll portabledevicetypes.dll deviceaccess.dll deviceaccess.dll portabledeviceapi.dll portabledeviceapi.dll setupapi.dll capabilityaccessmanagerclient.dll capabilityaccessmanagerclient.dll System.AddIn.Contract.dll deviceassociation.dll deviceassociation.dll windows.devices.enumeration.dll windows.devices.enumeration.dll,normal
 ntdll.dll ntdll.dll wow64.dll wow64win.dll user32.dll wow64cpu.dll wow64.dll kernel32.dll kernel32.dll System.Activities.ni.dll shlwapi.dll ntdll.dll cryptsp.dll kernel32.dll kernel32.dll user32.dll kernel32.dll KernelBase.dll msvcrt.dll winbrand.dll user32.dll kernelbase.dll gdi32.dll msctf.dll lpk.dll usp10.dll advapi32.dll winnsi.dll sechost.dll rpcrt4.dll sspicli.dll cryptbase.dll imm32.dll msctf.dll apphelp.dll,normal
 mshtml.dll ntdll.dll ntdll.dll wow64.dll wow64win.dll wow64cpu.dll advapi32.dll wrpint.dll kernel32.dll kernel32.dll imm32.dll kernel32.dll user32.dll kernel32.dll KernelBase.dll msvcrt.dll winbrand.dll dpx.dll user32.dll sensapi.dll gdi32.dll lpk.dll usp10.dll ucrtbase.dll oleaut32.dll advapi32.dll sechost.dll SensApi.dll sensapi.dll rpcrt4.dll sspicli.dll cryptbase.dll imm32.dll msctf.dll apphelp.dll,normal
 ntdll.dll,normal
 rsaenh.dll tquery.dll ntdll.dll system.drawing.dll mskeyprotect.dll kernel32.dll kernelbase.dll advapi32.dll msvcrt.dll oleaut32.dll sechost.dll rpcrt4.dll user32.dll gdi32.dll usp10.dll lpk.dll usp10.dll ole32.dll ole32.dll System.AddIn.Contract.ni.dll oleaut32.dll tquery.dll imm32.dll msctf.dll msshooks.dll ntdll.dll advapi32.dll mscoree.dll mscoreei.dll cryptbase.dll clbcatq.dll mssprxy.dll shlwapi.dll wer.dll cryptsp.dll rsaenh.dll clbcatq.dll rpcrtremote.dll sxs.dll ntdll.dll ntdll.dll wow64.dll wow64win.dll wow64cpu.dll KernelBase.dll rasadhlp.dll kernel32.dll mscorjit.dll kernel32.dll user32.dll advapi32.dll kernel32.dll user32.dll wow64.dll kernel32.dll kernelbase.dll sechost.dll msvcrt.dll certcli.dll winbrand.dll user32.dll gdi32.dll lpk.dll usp10.dll advapi32.dll sechost.dll rpcrt4.dll sspicli.dll cryptbase.dll imm32.dll msctf.dll apphelp.dll,normal
 ntdll.dll riched20.dll dhcpcsvc6.dll ntdll.dll wow64.dll kernel32.dll wow64win.dll shell32.dll wow64cpu.dll kernel32.dll kernel32.dll rpcrt4.dll nsi.dll kernel32.dll user32.dll kernel32.dll sechost.dll kernelbase.dll msvcrt.dll winbrand.dll user32.dll gdi32.dll lpk.dll usp10.dll mscorwks.dll user32.dll advapi32.dll sechost.dll rpcrt4.dll sspicli.dll cryptbase.dll imm32.dll user32.dll msctf.dll apphelp.dll,normal
 clr.dll sechost.dll ntdll.dll kernel32.dll kernelbase.dll system.data.oracleclient.dll advapi32.dll ntdll.dll winsta.dll user32.dll msvcrt.dll sechost.dll rpcrt4.dll gdi32.dll System.Web.dll user32.dll lpk.dll usp10.dll adsldpc.dll msswch.dll winmm.dll sensapi.dll dwmapi.dll gdiplus.dll ole32.dll oleacc.dll oleaut32.dll api-ms-win-core-fibers-l1-1-0.dll shlwapi.dll wmsgapi.dll duser.dll wmsgapi.dll uxtheme.dll imm32.dll msctf.dll ntdll.dll kernel32.dll kernelbase.dll gdi32.dll windows.ui.dll comctl32.dll user32.dll ntdll.dll RpcRtRemote.dll wrpint.dll lpk.dll usp10.dll msvcrt.dll imm32.dll msctf.dll rasapi32.dll ole32.dll rpcrt4.dll System.Data.dll wow64cpu.dll oleaut32.dll cryptbase.dll kernel32.dll clbcatq.dll advapi32.dll ntdll.dll sechost.dll rpcrt4.dll ntdll.dll ntdll.dll wow64.dll kernelbase.dll kernel32.dll wow64win.dll wow64cpu.dll kernel32.dll kernel32.dll kernel32.dll user32.dll lpk.dll kernel32.dll kernelbase.dll advapi32.dll msvcrt.dll cryptbase.dll userenv.dll sechost.dll rpcrt4.dll sspicli.dll setupapi.dll cryptbase.dll dnsapi.dll ws2_32.dll nsi.dll winnsi.dll dhcpcsvc.dll api-ms-win-downlevel-normaliz-l1-1-0.dll dhcpcsvc6.dll shell32.dll shlwapi.dll aaclient.dll shlwapi.dll gdi32.dll user32.dll lpk.dll usp10.dll ole32.dll imm32.dll msctf.dll clbcatq.dll oleaut32.dll cryptsp.dll rsaenh.dll rpcrtremote.dll wevtapi.dll,normal
 ntdll.dll rpcrtremote.dll api-ms-win-security-base-l1-1-0.dll kernel32.dll kernelbase.dll advapi32.dll eappcfg.dll system.runtime.remoting.ni.dll msvcrt.dll sechost.dll rpcrt4.dll gdi32.dll api-ms-win-downlevel-user32-l1-1-0.dll user32.dll lpk.dll usp10.dll ole32.dll msimg32.dll wmsgapi.dll wtsapi32.dll winmm.dll userenv.dll profapi.dll winsta.dll ActionQueue.dll crypt32.dll msasn1.dll rsaenh.dll msctfmonitor.dll ws2_32.dll gdi32.dll msctf.dll dhcpcsvc6.dll rsaenh.dll imm32.dll msutb.dll comctl32.dll shlwapi.dll secur32.dll sspicli.dll mscorlib.dll imageres.dll shell32.dll win32u.dll cryptbase.dll windows.applicationmodel.background.timebroker.dll uxtheme.dll dwmapi.dll System.dll msctf.dll nsi.dll dxgi.dll wintrust.dll cryptsp.dll rsaenh.dll rpcrt4.dll imagehlp.dll bcrypt.dll dpx.dll bcryptprimitives.dll ncrypt.dll gpapi.dll cryptnet.dll system.core.ni.dll pcpksp.dll wldap32.dll version.dll Microsoft.Windows.Diagnosis.Commands.UpdateDiagRootcause.ni.dll clbcatq.dll oleaut32.dll gpapi.dll urlmon.dll api-ms-win-downlevel-ole32-l1-1-0.dll lpk.dll api-ms-win-downlevel-shlwapi-l1-1-0.dll api-ms-win-downlevel-advapi32-l1-1-0.dll System.Data.dll shell32.dll api-ms-win-downlevel-user32-l1-1-0.dll api-ms-win-downlevel-version-l1-1-0.dll rsaenh.dll api-ms-win-downlevel-normaliz-l1-1-0.dll system.deployment.dll normaliz.dll iertutil.dll wininet.dll ntdll.dll sspicli.dll fdwcn.dll kernel32.dll wldp.dll kernelbase.dll advapi32.dll msvcrt.dll sechost.dll rpcrt4.dll msvcr120_clr0400.dll mscoree.dll ole32.dll msswch.dll gdi32.dll user32.dll ole32.dll lpk.dll usp10.dll oleaut32.dll imm32.dll msctf.dll cryptbase.dll cryptsp.dll rsaenh.dll rpcrtremote.dll clbcatq.dll sxs.dll mscoreei.dll mscorwks.dll pnidui.dll msvcr80.dll SensApi.dll diagperf.dll shlwapi.dll devobj.dll shell32.dll ntdll.dll profapi.dll msctf.dll mscorlib.ni.dll mscorjit.dll mscorlib.dll mscorlib.dll shell32.dll version.dll mscorlib.dll mscorlib.dll microsoft.visualstudio.tools.applications.contract.v10.0.ni.dll mscorsec.dll wintrust.dll crypt32.dll msasn1.dll comctl32.dll System.Drawing.dll riched20.dll Microsoft.VisualStudio.Tools.Office.Runtime.Internal.dll imagehlp.dll ntdll.dll ncrypt.dll bcrypt.dll bcryptprimitives.dll userenv.dll gpapi.dll cryptnet.dll wldap32.dll sensapi.dll sechost.dll system.addin.contract.ni.dll shdocvw.dll ntdll.dll System.Web.ni.dll kernel32.dll cryptbase.dll kernelbase.dll advapi32.dll kernelbase.dll msvcrt.dll sechost.dll rpcrt4.dll mssprxy.dll msvcr120_clr0400.dll cryptsp.dll mscoree.dll ole32.dll gdi32.dll user32.dll bcrypt.dll api-ms-win-core-file-l2-1-0.dll lpk.dll usp10.dll oleaut32.dll wow64cpu.dll imm32.dll msctf.dll cryptbase.dll cryptsp.dll rsaenh.dll rpcrtremote.dll clbcatq.dll sxs.dll mscoreei.dll mscorwks.dll msvcr80.dll shlwapi.dll nsi.dll shell32.dll profapi.dll mscorlib.ni.dll mscorjit.dll mscorlib.dll system.drawing.dll mscorlib.dll version.dll winmm.dll mscorlib.dll mscorlib.dll system.ni.dll system.directoryservices.accountmanagement.ni.dll system.directoryservices.protocols.ni.dll api-ms-win-core-kernel32-legacy-l1-1-0.dll msctf.dll system.directoryservices.ni.dll system.xml.ni.dll system.configuration.ni.dll system.security.ni.dll system.data.sqlxml.ni.dll sechost.dll imm32.dll comctl32.dll ntdll.dll kernel32.dll kernelbase.dll advapi32.dll msvcrt.dll msxml3.dll oleacc.dll win32u.dll ws2_32.dll gdi32.dll dwmapi.dll sechost.dll rpcrt4.dll msvcr120_clr0400.dll ntdll.dll mscoree.dll ole32.dll wow64win.dll gdi32.dll user32.dll devobj.dll kernel32.dll lpk.dll usp10.dll kernelbase.dll oleaut32.dll lpk.dll imm32.dll msctf.dll cryptbase.dll cbsapi.dll cryptsp.dll rsaenh.dll system.data.entity.ni.dll rpcrtremote.dll clbcatq.dll kernel32.dll sxs.dll mscoreei.dll rasapi32.dll System.Runtime.Serialization.dll mscorwks.dll msvcr80.dll shlwapi.dll shell32.dll profapi.dll mscorlib.ni.dll cryptsp.dll mscorjit.dll mscorlib.dll mscorlib.dll kernel32.dll version.dll mscorlib.dll mscorlib.dll system.ni.dll system.transactions.ni.dll system.transactions.dll system.transactions.dll msvcrt.dll comctl32.dll system.transactions.dll system.transactions.dll cfgmgr32.dll system.transactions.dll system.configuration.ni.dll system.xml.ni.dll api-ms-win-downlevel-user32-l1-1-0.dll system.enterpriseservices.ni.dll system.enterpriseservices.dll msvcrt.dll mscoreei.dll system.enterpriseservices.dll ntdll.dll kernel32.dll kernelbase.dll System.Transactions.ni.dll mscorlib.ni.dll advapi32.dll msvcrt.dll system.transactions.dll sechost.dll rpcrt4.dll msvcr120_clr0400.dll mscoree.dll ole32.dll crypt32.dll gdi32.dll user32.dll rpcrt4.dll lpk.dll usp10.dll oleaut32.dll imm32.dll msctf.dll cryptbase.dll sechost.dll cryptsp.dll rsaenh.dll combase.dll rpcrtremote.dll shcore.dll clbcatq.dll win32u.dll user32.dll sxs.dll mscoreei.dll clr.dll shlwapi.dll mscorlib.ni.dll version.dll kernel32.dll clrjit.dll system.runtime.serialization.formatters.soap.ni.dll version.dll advapi32.dll mscorlib.dll mscorlib.dll system.ni.dll system.xml.ni.dll user32.dll ntdll.dll kernel32.dll kernelbase.dll mscoree.dll advapi32.dll slc.dll srvcli.dll oleaut32.dll msvcrt.dll sechost.dll wuwebv.dll kernel32.dll System.Transactions.dll kernel32.dll rpcrt4.dll msvcr120_clr0400.dll mscoree.dll ole32.dll tipres.dll gdi32.dll cryptbase.dll user32.dll shlwapi.dll lpk.dll version.dll usp10.dll msctf.dll oleaut32.dll imm32.dll zipfldr.dll msctf.dll fusion.dll cryptbase.dll cryptsp.dll cryptbase.dll rsaenh.dll rpcrtremote.dll clbcatq.dll wevtapi.dll sxs.dll mscoreei.dll clr.dll sspicli.dll shlwapi.dll mscorlib.ni.dll clrjit.dll kernel32.dll system.ni.dll system.xaml.hosting.ni.dll version.dll ole32.dll mscoreei.dll mscorlib.dll UIAutomationTypes.dll mscorlib.dll msctf.dll imecfm.dll system.core.ni.dll system.web.ni.dll system.web.dll system.web.dll system.xaml.ni.dll system.configuration.ni.dll system.servicemodel.internals.ni.dll oleaut32.dll system.xml.ni.dll msvcrt.dll ntdll.dll ntdll.dll wow64.dll version.dll wow64win.dll wow64cpu.dll kernel32.dll kernel32.dll kernel32.dll user32.dll kernel32.dll kernelbase.dll advapi32.dll kernelbase.dll gdi32.dll advapi32.dll msvcrt.dll wow64cpu.dll sechost.dll cryptbase.dll rpcrt4.dll sensapi.dll sspicli.dll propsys.dll user32.dll cryptbase.dll mscoree.dll msvcr120_clr0400.dll mscoree.dll FXSAPI.dll ole32.dll gdi32.dll user32.dll lpk.dll usp10.dll oleaut32.dll imm32.dll kernel.appcore.dll msctf.dll ntdll.dll kernel32.dll sechost.dll cryptsp.dll rsaenh.dll secur32.dll rpcrtremote.dll System.Runtime.Remoting.dll system.dll clbcatq.dll sxs.dll dui70.dll clbcatq.dll imecfm.dll mscoreei.dll lpk.dll mscorwks.dll msvcr80.dll shlwapi.dll shell32.dll user32.dll profapi.dll mscorlib.ni.dll mscorjit.dll mscorlib.dll mscorlib.dll oleaut32.dll version.dll kernel32.dll mscorlib.dll msvcrt.dll mscorlib.dll system.ni.dll system.data.ni.dll system.data.oracleclient.ni.dll system.data.dll system.data.oracleclient.dll kernelbase.dll system.data.oracleclient.dll system.data.oracleclient.dll system.data.oracleclient.dll rpcrt4.dll cryptsp.dll powrprof.dll wkscli.dll mscorjit.dll system.dll clbcatq.dll wow64win.dll imecfm.dll system.dll svrmgrnc.dll system.dll wintrust.dll system.dll system.data.dll rsaenh.dll bcryptprimitives.dll system.data.dll rpcrt4.dll ws2_32.dll clbcatq.dll system.data.dll system.data.dll system.data.oracleclient.dll system.data.dll msctf.dll ws2_32.dll nsi.dll crypt32.dll msasn1.dll ncobjapi.dll iertutil.dll system.transactions.ni.dll system.transactions.dll system.transactions.dll winrnr.dll wow64cpu.dll system.transactions.dll auditcse.dll system.transactions.dll gdi32.dll system.transactions.dll system.enterpriseservices.ni.dll system.enterpriseservices.dll system.enterpriseservices.dll system.configuration.ni.dll system.configuration.dll system.configuration.dll system.configuration.dll system.configuration.dll system.xml.ni.dll rpcrt4.dll system.xml.dll system.xml.dll system.xml.dll system.xml.dll system.security.ni.dll system.security.dll system.security.dll system.security.dll system.security.dll system.data.sqlxml.ni.dll system.data.sqlxml.dll wow64cpu.dll system.data.sqlxml.dll msvcrt.dll system.data.sqlxml.dll system.data.sqlxml.dll microsoft.visualc.ni.dll system.directoryservices.ni.dll system.directoryservices.dll cryptbase.dll system.directoryservices.dll system.directoryservices.dll system.directoryservices.dll system.runtime.remoting.ni.dll system.runtime.remoting.dll system.runtime.remoting.dll shlwapi.dll msvcrt.dll system.web.ni.dll ntdll.dll system.web.dll system.web.dll system.web.dll system.web.dll system.runtime.serialization.formatters.soap.ni.dll system.runtime.serialization.formatters.soap.dll ntdll.dll mscorlib.dll system.management.ni.dll system.runtime.serialization.formatters.soap.dll system.drawing.ni.dll system.drawing.dll system.drawing.dll cryptbase.dll rpcrt4.dll system.drawing.dll system.drawing.dll system.web.services.ni.dll system.web.services.dll system.web.services.dll system.web.services.dll dxgi.dll system.web.services.dll system.directoryservices.protocols.ni.dll imm32.dll system.directoryservices.protocols.dll system.directoryservices.protocols.dll system.directoryservices.protocols.dll system.directoryservices.protocols.dll system.design.ni.dll system.design.dll kernel32.dll system.design.dll sechost.dll user32.dll imm32.dll system.serviceprocess.ni.dll msdtcVSp1res.dll system.serviceprocess.dll system.serviceprocess.dll system.windows.forms.ni.dll system.windows.forms.dll msasn1.dll system.windows.forms.dll KernelBase.dll system.windows.forms.dll system.windows.forms.dll system.web.regularexpressions.ni.dll system.web.regularexpressions.dll system.web.regularexpressions.dll system.web.regularexpressions.dll system.web.regularexpressions.dll system.drawing.design.ni.dll system.drawing.design.dll system.drawing.design.dll accessibility.ni.dll api-ms-win-downlevel-advapi32-l2-1-0.dll accessibility.dll accessibility.dll accessibility.dll accessibility.dll system.deployment.ni.dll system.deployment.dll system.deployment.dll combase.dll system.deployment.dll system.deployment.dll system.configuration.install.ni.dll system.configuration.install.dll system.configuration.install.dll api-ms-win-crt-runtime-l1-1-0.dll ntdll.dll ntdll.dll wow64.dll wow64win.dll wow64cpu.dll kernel32.dll kernel32.dll kernel32.dll user32.dll kernel32.dll kernelbase.dll advapi32.dll msvcrt.dll sechost.dll rpcrt4.dll sspicli.dll cryptbase.dll msvcr120_clr0400.dll mscoree.dll ole32.dll gdi32.dll user32.dll lpk.dll usp10.dll oleaut32.dll imm32.dll peerdistsh.dll msctf.dll cryptsp.dll rsaenh.dll rpcrtremote.dll clbcatq.dll sxs.dll msasn1.dll mscoreei.dll clr.dll shlwapi.dll stdole.ni.dll mscorlib.ni.dll clrjit.dll system.ni.dll microsoft.visualbasic.compatibility.data.dll microsoft.visualbasic.compatibility.data.dll version.dll mscorlib.dll mscorlib.dll system.dll system.dll msdatasrc.dll msdatasrc.dll windowsbase.dll sxs.dll system.drawing.ni.dll system.windows.forms.ni.dll system.windows.forms.dll system.windows.forms.dll system.windows.forms.dll system.windows.forms.dll system.windows.forms.dll system.windows.forms.dll system.drawing.dll system.drawing.dll system.drawing.dll system.drawing.dll system.drawing.dll system.drawing.dll adodb.dll adodb.dll microsoft.visualbasic.compatibility.ni.dll microsoft.visualbasic.compatibility.dll microsoft.visualbasic.compatibility.dll system.core.ni.dll microsoft.visualbasic.ni.dll microsoft.visualbasic.dll microsoft.visualbasic.dll microsoft.visualbasic.dll microsoft.visualbasic.dll microsoft.visualbasic.dll microsoft.visualbasic.dll microsoft.stdformat.dll microsoft.stdformat.dll system.security.ni.dll system.security.dll system.security.dll system.security.dll system.security.dll system.security.dll system.security.dll microsoft.visualbasic.compatibility.data.ni.dll,normal
 kernel32.dll ntdll.dll system.configuration.dll ntdll.dll wow64.dll wow64win.dll wow64cpu.dll kernel32.dll usp10.dll kernel32.dll kernel32.dll user32.dll dot3api.dll kernel32.dll KernelBase.dll msvcrt.dll System.Web.RegularExpressions.ni.dll msvcrt.dll winbrand.dll user32.dll gdi32.dll lpk.dll usp10.dll advapi32.dll sechost.dll ole32.dll msctf.dll rsaenh.dll powrprof.dll rpcrt4.dll sspicli.dll cryptbase.dll imm32.dll msctf.dll apphelp.dll,normal
 ntdll.dll kernel32.dll kernelbase.dll advapi32.dll msvcrt.dll sechost.dll rpcrt4.dll gdi32.dll user32.dll lpk.dll usp10.dll msswch.dll winmm.dll dwmapi.dll sensapi.dll gdiplus.dll msctf.dll usp10.dll ole32.dll ole32.dll oleacc.dll dpx.dll mscoreei.dll oleaut32.dll shlwapi.dll wmsgapi.dll duser.dll uxtheme.dll imm32.dll msctf.dll cryptbase.dll dui70.dll user32.dll mrt100_app.dll comctl32.dll dwmcore.dll cryptsp.dll xmllite.dll win32u.dll kernel32.dll clbcatq.dll coreuicomponents.dll tabskb.dll cryptsp.dll rsaenh.dll rpcrtremote.dll cfgmgr32.dll inkobj.dll atl.dll sxs.dll windowscodecs.dll ntdll.dll ntdll.dll wow64.dll wow64win.dll wow64cpu.dll kernel32.dll kernel32.dll oleaut32.dll kernel32.dll user32.dll kernel32.dll kernelbase.dll msvcrt.dll sechost.dll ole32.dll msvcrt.dll gdi32.dll ole32.dll dbghelp.dll msvcr80.dll msvcr80.dll user32.dll user32.dll advapi32.dll msidle.dll DrUpdate.dll sechost.dll rpcrt4.dll certprop.dll wow64cpu.dll sspicli.dll cryptbase.dll lpk.dll crypt32.dll usp10.dll imm32.dll msctf.dll clbcatq.dll oleaut32.dll cryptsp.dll rsaenh.dll rpcrtremote.dll sechost.dll uxtheme.dll shell32.dll shlwapi.dll actxprxy.dll comctl32.dll,normal
 ntdll.dll kernel32.dll api-ms-win-core-xstate-l2-1-0.dll System.Windows.Forms.dll kernelbase.dll ole32.dll advapi32.dll msvcrt.dll sechost.dll rpcrt4.dll ole32.dll gdi32.dll iertutil.dll ole32.dll user32.dll userenv.dll lpk.dll usp10.dll imm32.dll mssprxy.dll msctf.dll wintrust.dll user32.dll wdscore.dll oleaut32.dll shell32.dll SQLite.Interop.dll shlwapi.dll dbghelp.dll cryptbase.dll cbscore.dll cryptdll.dll version.dll crypt32.dll msasn1.dll wintrust.dll userenv.dll profapi.dll nlaapi.dll ktmw32.dll dpx.dll dpx.dll dpx.dll microsoft.transactions.bridge.dll version.dll security.dll cryptbase.dll wcp.dll drupdate.dll setupapi.dll cfgmgr32.dll devobj.dll mpr.dll kernel32.dll wrpint.dll sxsstore.dll sqmapi.dll winhttp.dll usp10.dll webio.dll winhttp.dll rpcrt4.dll webio.dll sensapi.dll propsys.dll cryptsp.dll rsaenh.dll rpcrtremote.dll clbcatq.dll msswch.dll winnsi.dll cbsapi.dll smipi.dll oleaut32.dll smiengine.dll ntdll.dll kernel32.dll kernelbase.dll imm32.dll gdi32.dll user32.dll lpk.dll usp10.dll msvcrt.dll shell32.dll kernel32.dll nlaapi.dll api-ms-win-crt-runtime-l1-1-0.dll sechost.dll system.data.dll advapi32.dll imm32.dll msctf.dll usp10.dll ole32.dll rpcrt4.dll oleaut32.dll cryptbase.dll usp10.dll clbcatq.dll advapi32.dll sechost.dll wow64.dll ntdll.dll kernel32.dll kernelbase.dll gdi32.dll user32.dll profapi.dll lpk.dll usp10.dll setupapi.dll mintdh.dll wow64win.dll msvcrt.dll imm32.dll msctf.dll gdi32.dll ole32.dll rpcrt4.dll usp10.dll oleaut32.dll cryptbase.dll clbcatq.dll advapi32.dll sechost.dll PresentationFramework.dll ntdll.dll kernel32.dll mscorlib.ni.dll kernelbase.dll imageres.dll advapi32.dll advapi32.dll msvcrt.dll sechost.dll rpcrt4.dll ntdsapi.dll user32.dll gdi32.dll lpk.dll mscorlib.ni.dll usp10.dll ole32.dll user32.dll comctl32.dll shlwapi.dll shell32.dll dui70.dll imm32.dll msctf.dll cryptbase.dll netprofm.dll propsys.dll oleaut32.dll clbcatq.dll profapi.dll urlmon.dll wininet.dll iertutil.dll crypt32.dll msasn1.dll ntmarta.dll wldap32.dll version.dll sspicli.dll setupapi.dll cfgmgr32.dll devobj.dll mpr.dll,normal
 rsaenh.dll ntdll.dll kernel32.dll user32.dll version.dll KernelBase.dll gdi32.dll ncrypt.dll lpk.dll usp10.dll msvcrt.dll imm32.dll msctf.dll ntdll.dll ole32.dll rpcrt4.dll oleaut32.dll cryptbase.dll clbcatq.dll cryptui.dll advapi32.dll MPSSVC.dll lpk.dll sechost.dll ntdll.dll ntdll.dll wow64.dll wow64win.dll api-ms-win-downlevel-ole32-l1-1-0.dll wow64cpu.dll kernel32.dll kernel32.dll devobj.dll lpk.dll user32.dll kernel32.dll samcli.dll msctf.dll user32.dll mintdh.dll kernel32.dll KernelBase.dll msvcrt.dll winbrand.dll user32.dll lpk.dll ntdll.dll gdi32.dll lpk.dll usp10.dll advapi32.dll sechost.dll rpcrt4.dll sspicli.dll cryptbase.dll imm32.dll msctf.dll apphelp.dll,normal
 kernel32.dll ntdll.dll ntdll.dll atl.dll wow64.dll wow64win.dll wow64cpu.dll kernel32.dll cbscore.dll kernel32.dll kernel32.dll user32.dll kernel32.dll kernelbase.dll mozglue.dll dbghelp.dll msvcrt.dll clbcatq.dll version.dll msvcp140.dll vcruntime140.dll api-ms-win-crt-runtime-l1-1-0.dll vm3dum64_10.dll ucrtbase.dll api-ms-win-core-timezone-l1-1-0.dll api-ms-win-core-file-l2-1-0.dll oleaut32.dll api-ms-win-core-localization-l1-2-0.dll KernelBase.dll ntdll.dll api-ms-win-core-synch-l1-2-0.dll CertPolEng.dll gdi32.dll api-ms-win-core-processthreads-l1-1-1.dll api-ms-win-core-file-l1-2-0.dll msvcrt.dll api-ms-win-crt-string-l1-1-0.dll api-ms-win-crt-heap-l1-1-0.dll ncryptsslp.dll api-ms-win-crt-stdio-l1-1-0.dll api-ms-win-crt-convert-l1-1-0.dll api-ms-win-crt-locale-l1-1-0.dll api-ms-win-crt-math-l1-1-0.dll mscorlib.dll api-ms-win-crt-multibyte-l1-1-0.dll api-ms-win-crt-time-l1-1-0.dll user32.dll imm32.dll api-ms-win-crt-filesystem-l1-1-0.dll shlwapi.dll api-ms-win-crt-environment-l1-1-0.dll SessEnv.dll api-ms-win-crt-utility-l1-1-0.dll advapi32.dll advapi32.dll sechost.dll rpcrt4.dll rpcrt4.dll sspicli.dll cryptbase.dll mswsock.dll user32.dll rpcrtremote.dll gdi32.dll lpk.dll kernelbase.dll usp10.dll imm32.dll msctf.dll nss3.dll winmm.dll wsock32.dll ws2_32.dll nsi.dll rpcrtremote.dll oleaut32.dll user32.dll lgpllibs.dll lpk.dll mscorlib.dll xul.dll shell32.dll shlwapi.dll ole32.dll avrt.dll ole32.dll winnsi.dll WindowsBase.dll crypt32.dll msasn1.dll System.XML.dll dwmapi.dll uxtheme.dll setupapi.dll cfgmgr32.dll oleaut32.dll system.directoryservices.protocols.dll devobj.dll wintrust.dll wtsapi32.dll secur32.dll mscorlib.ni.dll ntmarta.dll nsi.dll wldap32.dll kernel32.dll dpx.dll System.Data.dll mofinstall.dll dhcpcsvc.dll nlaapi.dll napinsp.dll pnrpnsp.dll mswsock.dll dnsapi.dll winrnr.dll wshbth.dll userenv.dll gdi32.dll crypt32.dll profapi.dll wship6.dll wship6.dll dwrite.dll wship6.dll wshqos.dll wshqos.dll wshqos.dll oleaut32.dll wshqos.dll mscms.dll clbcatq.dll kernel32.dll shell32.dll mmdevapi.dll propsys.dll netutils.dll audioses.dll profapi.dll softokn3.dll freebl3.dll msctf.dll wpc.dll wevtapi.dll samcli.dll samlib.dll netutils.dll cryptsp.dll rsaenh.dll rpcrtremote.dll microsoft.visualstudio.tools.office.appinfodocument.v9.0.ni.dll gdi32.dll mozavutil.dll msvcr120_clr0400.dll mozavcodec.dll mfplat.dll mf.dll atl.dll ksuser.dll dxva2.dll evr.dll powrprof.dll msmpeg2vdec.dll slc.dll sqmapi.dll bcrypt.dll msdmo.dll msmpeg2adec.dll,normal
 mscoree.dll mscoreei.dll user32.dll cryptnet.dll ntdll.dll clr.dll wmiutils.dll msvcr120_clr0400.dll msctf.dll ntdll.dll kernel32.dll kernelbase.dll msvcrt.dll advapi32.dll sechost.dll rpcrt4.dll clr.dll shlwapi.dll gdi32.dll user32.dll uiautomationtypes.dll lpk.dll kernel32.dll usp10.dll imm32.dll advapi32.dll cryptbase.dll fusion.dll cryptsp.dll rsaenh.dll,normal
 ntdll.dll kernel32.dll KernelBase.dll gdi32.dll user32.dll lpk.dll usp10.dll advapi32.dll msvcrt.dll imm32.dll msctf.dll ole32.dll rpcrt4.dll system.web.dll msvcrt.dll oleaut32.dll usp10.dll cryptbase.dll urlmon.dll clbcatq.dll advapi32.dll sechost.dll ntdll.dll kernel32.dll KernelBase.dll gdi32.dll sppc.dll System.Xml.dll user32.dll lpk.dll usp10.dll msvcrt.dll ole32.dll crypt32.dll msvcrt.dll imm32.dll System.Web.ni.dll msctf.dll ole32.dll oleaut32.dll rpcrt4.dll system.security.dll oleaut32.dll msvcrt.dll kernelbase.dll cryptbase.dll clbcatq.dll dui70.dll advapi32.dll sechost.dll ntdll.dll ntdll.dll wow64.dll naturallanguage6.dll wow64win.dll wow64cpu.dll kernel32.dll kernel32.dll lpk.dll kernel32.dll cryptbase.dll user32.dll user32.dll kernel32.dll KernelBase.dll advapi32.dll msvcrt.dll dhcpcsvc6.dll sechost.dll Microsoft.VisualStudio.Tools.Office.Excel.AddInProxy.v9.0.dll rpcrt4.dll sspicli.dll cryptbase.dll rpcrt4.dll ntdll.dll cryptbase.dll dnsapi.dll nsi.dll ws2_32.dll nsi.dll winnsi.dll dhcpcsvc.dll dhcpcsvc6.dll shell32.dll oleaut32.dll kernelbase.dll rsaenh.dll shlwapi.dll gdi32.dll user32.dll lpk.dll usp10.dll wkscli.dll ole32.dll imm32.dll hcproviders.dll msctf.dll clbcatq.dll oleaut32.dll cryptsp.dll iconv.dll ole32.dll rsaenh.dll RpcRtRemote.dll wevtapi.dll msjetoledb40.dll lpk.dll wintrust.dll ntdll.dll version.dll ntdll.dll wow64.dll wow64win.dll wow64cpu.dll kernel32.dll kernel32.dll kernel32.dll user32.dll usp10.dll kernel32.dll KernelBase.dll msvcrt.dll winbrand.dll user32.dll gdi32.dll lpk.dll usp10.dll advapi32.dll sechost.dll rpcrt4.dll sspicli.dll cryptbase.dll imm32.dll msctf.dll apphelp.dll,normal
 ntdll.dll kernel32.dll rpcrt4.dll cryptbase.dll kernelbase.dll advapi32.dll gdi32.dll system.numerics.ni.dll msvcrt.dll sechost.dll rpcrt4.dll msvcr120_clr0400.dll mscoreei.dll mscoree.dll ole32.dll ole32.dll ieshims.dll System.Web.dll gdi32.dll user32.dll msvcr80.dll lpk.dll usp10.dll windows.storage.dll oleaut32.dll imm32.dll webio.dll msctf.dll cryptbase.dll cryptsp.dll rsaenh.dll rpcrtremote.dll mscoreei.dll clbcatq.dll sxs.dll mscoreei.dll mscorwks.dll nsi.dll napinsp.dll tquery.dll MMDevAPI.dll KernelBase.dll msvcr80.dll shell32.dll slc.dll shlwapi.dll shell32.dll profapi.dll mscorlib.ni.dll mscorjit.dll mscorlib.dll mscorlib.dll version.dll mscorlib.dll advapi32.dll sechost.dll dmcsps.dll mscorlib.dll microsoft.mediacenter.itv.media.ni.dll microsoft.mediacenter.itv.media.dll msvcrt.dll microsoft.mediacenter.itv.media.dll microsoft.mediacenter.itv.media.dll microsoft.visualc.ni.dll system.ni.dll mscorlib.dll system.xml.ni.dll system.drawing.ni.dll system.security.ni.dll system.data.ni.dll system.data.dll user32.dll system.data.dll nsi.dll wow64win.dll system.data.dll system.data.dll msctf.dll crypt32.dll system.data.dll ws2_32.dll nsi.dll crypt32.dll system.security.dll msasn1.dll sechost.dll rpcrt4.dll system.web.ni.dll system.web.dll system.web.dll msvcp_win.dll FirewallControlPanel.dll kernelbase.dll system.web.dll system.web.dll system.windows.forms.ni.dll ieframe.dll system.web.services.ni.dll microsoft.mediacenter.ui.ni.dll microsoft.mediacenter.ni.dll ehiitv.ni.dll microsoft.mediacenter.itv.ni.dll microsoft.mediacenter.sports.ni.dll microsoft.mediacenter.shell.ni.dll ehshell.ni.dll system.configuration.ni.dll system.data.sqlxml.ni.dll presentationcore.ni.dll sechost.dll system.transactions.ni.dll imageres.dll user32.dll system.transactions.dll system.transactions.dll system.transactions.dll system.transactions.dll sensapi.dll system.transactions.dll system.enterpriseservices.ni.dll dnsapi.dll system.enterpriseservices.dll cryptsp.dll system.enterpriseservices.dll system.directoryservices.ni.dll system.runtime.remoting.ni.dll system.runtime.serialization.formatters.soap.ni.dll clrjit.dll system.directoryservices.protocols.ni.dll system.design.ni.dll user32.dll imageres.dll system.serviceprocess.ni.dll system.web.regularexpressions.ni.dll system.drawing.design.ni.dll advapi32.dll system.data.oracleclient.ni.dll system.data.oracleclient.dll system.data.oracleclient.dll system.data.oracleclient.dll system.data.oracleclient.dll system.data.oracleclient.dll accessibility.ni.dll msctf.dll system.deployment.ni.dll clr.dll system.configuration.install.ni.dll ehiuserxp.ni.dll System.Web.dll ehrecobj.ni.dll ehiproxy.ni.dll comctl32.dll mcepg.ni.dll sechost.dll mcstore.ni.dll bdatunepia.ni.dll bdatunepia.dll kernel32.dll dhcpcsvc6.dll bdatunepia.dll bdatunepia.dll ehividctl.ni.dll imageres.dll mcstoredb.ni.dll mcstoredb.dll clr.dll advapi32.dll ole32.dll mcstoredb.dll System.Drawing.dll mcstoredb.dll rasapi32.dll rasman.dll userenv.dll stdole.ni.dll mscorsec.dll wintrust.dll ws2_32.dll comctl32.dll wow64cpu.dll riched20.dll system.runtime.remoting.ni.dll ole32.dll version.dll api-ms-win-downlevel-advapi32-l2-1-0.dll imagehlp.dll ncrypt.dll bcrypt.dll bcryptprimitives.dll userenv.dll spoolss.dll gpapi.dll cryptnet.dll sspicli.dll wldap32.dll sensapi.dll microsoft.mediacenter.playback.ni.dll ehiupnp.ni.dll microsoft.mediacenter.itvvm.ni.dll rpcrt4.dll ehiwmp.ni.dll mcx2dvcs.ni.dll mcx2dvcs.dll mcx2dvcs.dll mcx2dvcs.dll kernel32.dll wininet.dll wow64cpu.dll netapi32.dll oleaut32.dll netutils.dll srvcli.dll RpcEpMap.dll wkscli.dll samcli.dll wtsapi32.dll ntdll.dll Microsoft.VisualStudio.Tools.Office.AddInAdapter.v9.0.dll msvcrt.dll winnsi.dll winhttp.dll webio.dll wlanapi.dll imageres.dll wlanutil.dll lltdapi.dll microsoft.mediacenter.tv.tuners.interop.ni.dll microsoft.mediacenter.tv.tuners.interop.dll System.Core.ni.dll microsoft.mediacenter.tv.tuners.interop.dll microsoft.mediacenter.tv.tuners.interop.dll microsoft.mediacenter.interop.ni.dll sechost.dll microsoft.mediacenter.interop.dll microsoft.mediacenter.interop.dll shlwapi.dll userenv.dll microsoft.mediacenter.interop.dll propsys.dll gdiplus.dll winmm.dll winrnr.dll ehiwuapi.ni.dll microsoft.mediacenter.itv.hosting.ni.dll ntdll.dll profapi.dll kernel32.dll msvcrt.dll kernelbase.dll advapi32.dll shell32.dll msvcrt.dll sechost.dll rpcrt4.dll msvcr120_clr0400.dll mscoree.dll sstpsvc.dll ole32.dll gdi32.dll user32.dll lpk.dll usp10.dll oleaut32.dll user32.dll imm32.dll msctf.dll cryptbase.dll cryptsp.dll rsaenh.dll rpcrtremote.dll clbcatq.dll ws2_32.dll msvcp_win.dll sxs.dll mscoreei.dll cfgmgr32.dll gdi32.dll user32.dll mscorwks.dll shell32.dll msvcr80.dll user32.dll shlwapi.dll kernel32.dll shell32.dll kernel32.dll profapi.dll mscorlib.ni.dll mscorjit.dll msvcrt.dll vcruntime140.dll mscorlib.dll mscorlib.dll oleaut32.dll sxs.dll version.dll kernelbase.dll system.transactions.dll mscorlib.dll mscorlib.dll oleaut32.dll ntdll.dll ntdll.dll wow64.dll wow64win.dll gpapi.dll wow64cpu.dll kernel32.dll msctf.dll kernel32.dll NlsModels0011.dll kernel32.dll user32.dll kernel32.dll kernelbase.dll kernel32.dll advapi32.dll msvcrt.dll profsvc.dll sxs.dll sechost.dll vsstrace.dll mscoreei.dll sxs.dll wow64cpu.dll usp10.dll shlwapi.dll nsi.dll api-ms-win-service-private-l1-1-1.dll ddrawex.dll rpcrt4.dll imm32.dll sspicli.dll cryptbase.dll msvcr120_clr0400.dll mscoree.dll system.xml.ni.dll ole32.dll gdi32.dll user32.dll lpk.dll usp10.dll oleaut32.dll kernel32.dll wow64.dll imm32.dll ws2_32.dll msctf.dll cryptsp.dll rsaenh.dll devicecenter.dll rpcrtremote.dll clbcatq.dll advapi32.dll ntdll.dll sxs.dll shdocvw.dll mscoreei.dll mscorwks.dll msvcr80.dll shlwapi.dll shell32.dll system.data.ni.dll advapi32.dll profapi.dll mscorlib.ni.dll ntdll.dll mscorjit.dll mscorlib.dll mscorlib.dll user32.dll version.dll mscorlib.dll mscorlib.dll system.ni.dll system.runtime.remoting.ni.dll system.runtime.remoting.dll system.runtime.remoting.dll system.dll wsock32.dll system.dll system.dll msasn1.dll system.dll system.web.ni.dll sensapi.dll system.web.dll ws2_32.dll system.web.dll shdocvw.dll system.web.dll devobj.dll system.web.dll propsys.dll system.runtime.serialization.formatters.soap.ni.dll system.runtime.serialization.formatters.soap.dll system.runtime.serialization.formatters.soap.dll EhStorShell.dll system.xml.ni.dll system.xml.dll system.xml.dll system.xml.dll ole32.dll system.xml.dll system.directoryservices.ni.dll system.directoryservices.dll system.dll system.directoryservices.dll system.directoryservices.dll system.directoryservices.dll system.configuration.ni.dll system.configuration.dll system.configuration.dll system.configuration.dll wow64cpu.dll system.configuration.dll system.security.ni.dll msvcrt.dll system.security.dll system.security.dll system.security.dll system.security.dll system.data.sqlxml.ni.dll system.data.sqlxml.dll system.data.sqlxml.dll system.data.sqlxml.dll system.data.sqlxml.dll system.drawing.ni.dll system.drawing.dll system.drawing.dll system.drawing.dll netapi32.dll system.drawing.dll system.data.ni.dll system.data.dll system.data.dll system.data.dll system.management.dll system.data.dll gdi32full.dll system.data.dll system.configuration.install.dll ws2_32.dll nsi.dll crypt32.dll msasn1.dll system.web.services.ni.dll system.web.services.dll system.web.services.dll system.web.services.dll system.web.services.dll msvcrt.dll rpcrt4.dll system.directoryservices.protocols.ni.dll system.directoryservices.protocols.dll user32.dll system.directoryservices.protocols.dll system.directoryservices.protocols.dll system.directoryservices.protocols.dll system.enterpriseservices.ni.dll imm32.dll system.enterpriseservices.dll system.enterpriseservices.dll win32u.dll uiautomationtypes.dll system.design.ni.dll system.design.dll system.design.dll system.serviceprocess.ni.dll system.serviceprocess.dll system.serviceprocess.dll system.windows.forms.ni.dll system.windows.forms.dll system.windows.forms.dll system.windows.forms.dll user32.dll cryptbase.dll system.windows.forms.dll system.web.regularexpressions.ni.dll system.web.regularexpressions.dll system.web.regularexpressions.dll system.web.regularexpressions.dll shlwapi.dll system.web.regularexpressions.dll microsoft.visualc.ni.dll system.transactions.ni.dll system.transactions.dll system.transactions.dll provsvc.dll system.transactions.dll system.transactions.dll system.transactions.dll system.drawing.design.ni.dll system.drawing.design.dll system.drawing.design.dll system.data.oracleclient.ni.dll system.data.oracleclient.dll system.data.oracleclient.dll lpk.dll system.data.oracleclient.dll system.data.oracleclient.dll system.data.oracleclient.dll accessibility.ni.dll accessibility.dll accessibility.dll accessibility.dll accessibility.dll system.deployment.ni.dll system.deployment.dll system.deployment.dll system.deployment.dll system.deployment.dll system.configuration.install.ni.dll system.configuration.install.dll rsaenh.dll system.configuration.install.dll ntdll.dll ntdll.dll wow64.dll wow64win.dll wow64cpu.dll kernel32.dll gdi32.dll kernel32.dll kernel32.dll user32.dll kernel32.dll kernelbase.dll advapi32.dll sechost.dll msvcrt.dll sechost.dll rpcrt4.dll sspicli.dll cryptbase.dll msvcr120_clr0400.dll mscoree.dll ole32.dll gdi32.dll user32.dll lpk.dll usp10.dll oleaut32.dll imm32.dll msctf.dll cryptsp.dll rsaenh.dll rpcrtremote.dll clbcatq.dll sxs.dll mscoreei.dll clr.dll shlwapi.dll winbrand.dll mscorlib.ni.dll clrjit.dll system.ni.dll system.speech.ni.dll version.dll mscorlib.dll mscorlib.dll system.dll system.dll system.xml.ni.dll system.xml.dll system.xml.dll system.core.ni.dll system.configuration.ni.dll system.configuration.dll system.configuration.dll system.core.dll system.core.dll,normal
 ntdll.dll ntdll.dll ntdll.dll ntdll.dll wow64.dll wow64.dll ncrypt.dll ole32.dll wow64lg2.dll secur32.dll shlwapi.dll wow64win.dll kernel32.dll kernel32.dll user32.dll ntdll.dll wow64cpu.dll wow64cpu.dll kernel32.dll kernelbase.dll kernelbase.dll napinsp.dll advapi32.dll advapi32.dll msvcrt.dll msvcrt.dll sechost.dll sechost.dll rpcrt4.dll ntdll.dll clbcatq.dll rpcrt4.dll security.dll sspicli.dll cryptbase.dll apphelp.dll oleaut32.dll ole32.dll cryptbase.dll powrprof.dll bcryptprimitives.dll msftedit.dll bcryptprimitives.dll ole32.dll combase.dll ucrtbase.dll ucrtbase.dll gdi32.dll gdi32full.dll dps.dll ole32.dll msvcp_win.dll msvcp_win.dll user32.dll win32u.dll mskeyprotect.dll shlwapi.dll shell32.dll cfgmgr32.dll system.xml.ni.dll shell32.dll shcore.dll shcore.dll windows.storage.dll mssvp.dll windows.storage.dll kernel.appcore.dll msjetoledb40.dll wcp.dll kernel.appcore.dll profapi.dll powrprof.dll filterlib.dll fltlib.dll crypt32.dll sechost.dll kernel32.dll msasn1.dll msasn1.dll gdi32.dll iphlpapi.dll netapi32.dll ws2_32.dll version.dll ws2_32.dll KernelBase.dll msctf.dll wintrust.dll profapi.dll comctl32.dll usp10.dll goopdate.dll goopdate.dll msi.dll msi.dll system.enterpriseservices.ni.dll devobj.dll ntdll.dll bcrypt.dll bcrypt.dll wininet.dll wininet.dll netutils.dll msvcrt.dll wkscli.dll usp10.dll version.dll cryptsp.dll cryptsp.dll ntmarta.dll ntmarta.dll rsaenh.dll rsaenh.dll cscapi.dll cscapi.dll dbghelp.dll dbgcore.dll iertutil.dll iertutil.dll,normal
 ntdll.dll mscorlib.dll kernel32.dll KernelBase.dll msvcrt.dll ole32.dll gdi32.dll user32.dll lpk.dll usp10.dll user32.dll kernel32.dll rpcrt4.dll kernel32.dll imm32.dll msctf.dll cryptbase.dll clbcatq.dll drupdate.dll advapi32.dll sechost.dll oleaut32.dll mscorjit.dll cryptsp.dll rsaenh.dll RpcRtRemote.dll uxtheme.dll sechost.dll api-ms-win-downlevel-advapi32-l2-1-0.dll ucrtbase.dll thumbcache.dll shell32.dll comctl32.dll psapi.dll propsys.dll shlwapi.dll SensApi.dll,normal
 ntdll.dll kernel32.dll kernelbase.dll gdi32.dll user32.dll usp10.dll rpcrt4.dll lpk.dll usp10.dll msvcrt.dll advapi32.dll imm32.dll msctf.dll oleacc.dll wow64cpu.dll ole32.dll rpcrt4.dll oleaut32.dll,normal
 ntdll.dll kernel32.dll KernelBase.dll gdi32.dll user32.dll lpk.dll usp10.dll user32.dll msvcrt.dll imm32.dll msctf.dll ole32.dll wininet.dll rpcrt4.dll winrnr.dll sechost.dll kernelbase.dll oleaut32.dll cryptbase.dll clbcatq.dll advapi32.dll sechost.dll uxtheme.dll ntdll.dll winhttp.dll kernel32.dll KernelBase.dll gdi32.dll user32.dll dbghelp.dll lpk.dll usp10.dll mscms.dll msvcrt.dll imm32.dll system.configuration.ni.dll ondemandconnroutehelper.dll msctf.dll ole32.dll rpcrt4.dll secur32.dll oleaut32.dll sxsstore.dll System.Runtime.Serialization.Formatters.Soap.ni.dll cryptbase.dll clbcatq.dll advapi32.dll sspicli.dll sechost.dll ntdll.dll ntdll.dll wow64.dll wow64win.dll wow64cpu.dll dui70.dll ncrypt.dll kernel32.dll kernel32.dll kernel32.dll user32.dll sensapi.dll devobj.dll rpcrtremote.dll kernel32.dll KernelBase.dll lpk.dll msvcrt.dll winbrand.dll user32.dll gdi32.dll lpk.dll usp10.dll advapi32.dll sechost.dll System.Transactions.dll rpcrt4.dll crypt32.dll sspicli.dll cryptbase.dll imm32.dll msctf.dll apphelp.dll,normal
 ntdll.dll ntdll.dll system.core.ni.dll api-ms-win-downlevel-shlwapi-l1-1-0.dll wow64.dll wow64win.dll wow64cpu.dll kernelbase.dll kernel32.dll kernel32.dll kernel32.dll user32.dll kernel32.dll kernelbase.dll lpk.dll msvcrt.dll comctl32.dll shell32.dll ntdll.dll advapi32.dll msvcrt.dll sechost.dll rpcrt4.dll presentationcore.ni.dll devobj.dll sspicli.dll cryptbase.dll dnsapi.dll ws2_32.dll nsi.dll nsi.dll winnsi.dll dhcpcsvc.dll dhcpcsvc6.dll shell32.dll textinputframework.dll shlwapi.dll gdi32.dll kernel32.dll shacct.dll user32.dll lpk.dll ntdll.dll usp10.dll ole32.dll kernel32.dll imm32.dll sspicli.dll msctf.dll clbcatq.dll oleaut32.dll ws2_32.dll cryptsp.dll rsaenh.dll user32.dll rpcrtremote.dll wow64.dll msvcrt.dll msvcrt.dll wevtapi.dll ntdll.dll mscorlib.dll wow64cpu.dll imm32.dll msctf.dll ntdll.dll ntdll.dll wow64.dll wow64win.dll wow64cpu.dll kernel32.dll kernel32.dll ws2_32.dll kernel32.dll user32.dll kernel32.dll system.management.ni.dll kernelbase.dll advapi32.dll msvcrt.dll sechost.dll rpcrt4.dll sspicli.dll cryptbase.dll dnsapi.dll ws2_32.dll nsi.dll winnsi.dll dhcpcsvc.dll dhcpcsvc6.dll shell32.dll shlwapi.dll shlwapi.dll gdi32.dll user32.dll lpk.dll usp10.dll ole32.dll imm32.dll msctf.dll clbcatq.dll oleaut32.dll cryptsp.dll rsaenh.dll rpcrtremote.dll wevtapi.dll,normal
 sfc.dll sfc_os.dll,normal
 ntdll.dll lpk.dll ncsi.dll kernel32.dll kernelbase.dll msvcrt.dll ole32.dll gdi32.dll user32.dll lpk.dll rpcrt4.dll KernelBase.dll shell32.dll usp10.dll rpcrt4.dll pcwum.dll imm32.dll msctf.dll cryptbase.dll clbcatq.dll gdi32.dll advapi32.dll sechost.dll ws2_32.dll oleaut32.dll usp10.dll lpk.dll cryptsp.dll rsaenh.dll rpcrtremote.dll uxtheme.dll thumbcache.dll shell32.dll shlwapi.dll comctl32.dll psapi.dll propsys.dll,normal
 msjtes40.dll 2.dll spoolss.dll setupapi.dll cryptsp.dll ntprint.dll api-ms-win-crt-string-l1-1-0.dll secur32.dll spoolss.dll setupapi.dll secur32.dll spoolss.dll setupapi.dll msctf.dll secur32.dll rascfg.dll tpvmw32.dll spoolss.dll System.Configuration.Install.dll windows.storage.dll kernel32.dll setupapi.dll secur32.dll rsaenh.dll spoolss.dll crypt32.dll setupapi.dll secur32.dll gdi32.dll spoolss.dll chrome.dll setupapi.dll secur32.dll spoolss.dll setupapi.dll system.serviceprocess.ni.dll secur32.dll spoolss.dll setupapi.dll secur32.dll clbcatq.dll spoolss.dll setupapi.dll sechost.dll secur32.dll msvcr120_clr0400.dll spoolss.dll setupapi.dll secur32.dll spoolss.dll setupapi.dll secur32.dll spoolss.dll setupapi.dll api-ms-win-core-handle-l1-1-0.dll atl.dll secur32.dll spoolss.dll setupapi.dll lpk.dll secur32.dll spoolss.dll setupapi.dll secur32.dll spoolss.dll diasymreader.dll kernelbase.dll setupapi.dll winnsi.dll sxs.dll system.drawing.design.ni.dll secur32.dll spoolss.dll setupapi.dll secur32.dll spoolss.dll setupapi.dll secur32.dll mscorwks.dll spoolss.dll setupapi.dll secur32.dll spoolss.dll System.Transactions.ni.dll setupapi.dll secur32.dll msisip.dll spoolss.dll setupapi.dll secur32.dll spoolss.dll kernel32.dll RpcRtRemote.dll setupapi.dll secur32.dll imm32.dll spoolss.dll setupapi.dll secur32.dll lltdapi.dll spoolss.dll ieframe.dll setupapi.dll msctf.dll secur32.dll netutils.dll spoolss.dll setupapi.dll secur32.dll spoolss.dll setupapi.dll wintrust.dll secur32.dll spoolss.dll ws2_32.dll usp10.dll setupapi.dll secur32.dll spoolss.dll wow64win.dll setupapi.dll secur32.dll spoolss.dll setupapi.dll secur32.dll gdi32.dll spoolss.dll cofiredm.dll setupapi.dll secur32.dll spoolss.dll powrprof.dll setupapi.dll cryptbase.dll ole32.dll secur32.dll spoolss.dll setupapi.dll secur32.dll tpvmw32.dll spoolss.dll mscms.dll setupapi.dll secur32.dll spoolss.dll setupapi.dll secur32.dll spoolss.dll setupapi.dll rpcrt4.dll System.Xml.ni.dll usp10.dll secur32.dll PerfCounter.dll spoolss.dll mscoree.dll setupapi.dll secur32.dll spoolss.dll setupapi.dll secur32.dll spoolss.dll setupapi.dll oleaut32.dll secur32.dll imagehlp.dll spoolss.dll msctf.dll setupapi.dll advapi32.dll secur32.dll spoolss.dll version.dll advapi32.dll setupapi.dll secur32.dll RpcRtRemote.dll spoolss.dll system.configuration.dll setupapi.dll secur32.dll spoolss.dll winbrand.dll oleaut32.dll setupapi.dll secur32.dll spoolss.dll setupapi.dll secur32.dll spoolss.dll setupapi.dll secur32.dll spoolss.dll clr.dll setupapi.dll system.directoryservices.dll secur32.dll spoolss.dll setupapi.dll ntdll.dll ws2_32.dll kernel32.dll cryptsp.dll secur32.dll spoolss.dll api-ms-win-base-util-l1-1-0.dll presentationcffrasterizer.dll setupapi.dll secur32.dll gdi32.dll spoolss.dll setupapi.dll secur32.dll spoolss.dll msctf.dll setupapi.dll secur32.dll rpcrtremote.dll spoolss.dll setupapi.dll secur32.dll msvcr120_clr0400.dll jscript9.dll spoolss.dll System.ServiceModel.Internals.ni.dll setupapi.dll system.ni.dll cryptbase.dll secur32.dll ntdll.dll clbcatq.dll spoolss.dll kernelbase.dll setupapi.dll clbcatq.dll secur32.dll spoolss.dll setupapi.dll secur32.dll spoolss.dll comctl32.dll setupapi.dll msimtf.dll secur32.dll spoolss.dll setupapi.dll xwizards.dll kernel32.dll secur32.dll spoolss.dll setupapi.dll secur32.dll ws2_32.dll spoolss.dll dsound.dll cryptbase.dll windowscodecs.dll setupapi.dll secur32.dll spoolss.dll setupapi.dll secur32.dll spoolss.dll setupapi.dll eppmanifest.dll dnsapi.dll secur32.dll spoolss.dll system.data.sqlxml.ni.dll setupapi.dll secur32.dll spoolss.dll kernelbase.dll setupapi.dll energy.dll secur32.dll spoolss.dll setupapi.dll cryptbase.dll secur32.dll ntdll.dll propsys.dll spoolss.dll setupapi.dll system.data.dll secur32.dll urlmon.dll spoolss.dll setupapi.dll secur32.dll ntdll.dll spoolss.dll setupapi.dll msswch.dll wow64.dll rsaenh.dll ntdll.dll secur32.dll spoolss.dll setupapi.dll secur32.dll ntdll.dll crypt32.dll spoolss.dll rpcrt4.dll sppuinotify.dll setupapi.dll secur32.dll spoolss.dll setupapi.dll secur32.dll spoolss.dll setupapi.dll ws2_32.dll secur32.dll spoolss.dll setupapi.dll secur32.dll spoolss.dll setupapi.dll mapi32.dll secur32.dll spoolss.dll setupapi.dll secur32.dll spoolss.dll setupapi.dll secur32.dll System.DirectoryServices.ni.dll spoolss.dll setupapi.dll secur32.dll spoolss.dll setupapi.dll secur32.dll psapi.dll sechost.dll spoolss.dll setupapi.dll msimg32.dll secur32.dll spoolss.dll setupapi.dll secur32.dll spoolss.dll setupapi.dll cryptbase.dll kernel32.dll secur32.dll wininet.dll spoolss.dll setupapi.dll oleaut32.dll secur32.dll wldap32.dll msvcrt.dll spoolss.dll msswch.dll kernelbase.dll setupapi.dll api-ms-win-core-stringansi-l1-1-0.dll secur32.dll spoolss.dll setupapi.dll System.Xml.dll oleaut32.dll secur32.dll spoolss.dll setupapi.dll secur32.dll user32.dll winbrand.dll usp10.dll ws2_32.dll rpcrt4.dll spoolss.dll setupapi.dll setupapi.dll api-ms-win-core-localization-l1-2-0.dll secur32.dll wow64cpu.dll spoolss.dll rpcrt4.dll setupapi.dll secur32.dll spoolss.dll setupapi.dll secur32.dll nsi.dll spoolss.dll setupapi.dll secur32.dll spoolss.dll usp10.dll setupapi.dll onecoreuapcommonproxystub.dll secur32.dll dxgi.dll spoolss.dll msls31.dll setupapi.dll secur32.dll spoolss.dll setupapi.dll windows.storage.dll ole32.dll secur32.dll spoolss.dll TSWorkspace.dll setupapi.dll secur32.dll spoolss.dll imageres.dll setupapi.dll secur32.dll System.Security.dll spoolss.dll setupapi.dll aelupsvc.dll secur32.dll spoolss.dll api-ms-win-downlevel-user32-l1-1-0.dll setupapi.dll mrmcorer.dll dhcpcsvc6.dll secur32.dll spoolss.dll setupapi.dll secur32.dll spoolss.dll setupapi.dll secur32.dll msctf.dll spoolss.dll system.drawing.dll mscoree.dll setupapi.dll System.ni.dll wow64win.dll secur32.dll spoolss.dll sensapi.dll setupapi.dll secur32.dll spoolss.dll lpk.dll setupapi.dll imm32.dll secur32.dll spoolss.dll setupapi.dll secur32.dll system.configuration.dll spoolss.dll setupapi.dll lpk.dll onecorecommonproxystub.dll secur32.dll user32.dll spoolss.dll setupapi.dll lpk.dll secur32.dll riched32.dll spoolss.dll setupapi.dll System.DirectoryServices.Protocols.ni.dll secur32.dll System.Runtime.DurableInstancing.dll usp10.dll spoolss.dll system.ni.dll setupapi.dll secur32.dll spoolss.dll user32.dll setupapi.dll secur32.dll spoolss.dll setupapi.dll secur32.dll spoolss.dll setupapi.dll secur32.dll spoolss.dll setupapi.dll secur32.dll rpcrt4.dll spoolss.dll mapi32.dll setupapi.dll secur32.dll spoolss.dll setupapi.dll secur32.dll spoolss.dll dui70.dll setupapi.dll lpk.dll secur32.dll spoolss.dll setupapi.dll secur32.dll tabskb.dll spoolss.dll msvcrt.dll setupapi.dll secur32.dll spoolss.dll setupapi.dll secur32.dll spoolss.dll setupapi.dll secur32.dll tpvmw32.dll windows.globalization.dll spoolss.dll setupapi.dll secur32.dll msvcrt.dll spoolss.dll setupapi.dll secur32.dll spoolss.dll setupapi.dll secur32.dll vbscript.dll spoolss.dll wow64win.dll setupapi.dll secur32.dll spoolss.dll oleaut32.dll lpk.dll setupapi.dll microsoft.powershell.consolehost.dll secur32.dll spoolss.dll certenroll.dll setupapi.dll secur32.dll spoolss.dll setupapi.dll secur32.dll spoolss.dll setupapi.dll secur32.dll user32.dll spoolss.dll msctfmonitor.dll setupapi.dll usp10.dll secur32.dll wintrust.dll spoolss.dll setupapi.dll secur32.dll spoolss.dll msctf.dll setupapi.dll mscoree.dll secur32.dll spoolss.dll setupapi.dll secur32.dll spoolss.dll setupapi.dll secur32.dll usp10.dll spoolss.dll ehstorapi.dll setupapi.dll user32.dll winbrand.dll secur32.dll spoolss.dll setupapi.dll secur32.dll spoolss.dll setupapi.dll secur32.dll spoolss.dll setupapi.dll lpk.dll secur32.dll spoolss.dll setupapi.dll secur32.dll spoolss.dll setupapi.dll System.Data.Services.Client.dll lpk.dll secur32.dll spoolss.dll setupapi.dll secur32.dll spoolss.dll setupapi.dll secur32.dll spoolss.dll setupapi.dll spoolss.dll secur32.dll spoolss.dll sechost.dll setupapi.dll imm32.dll secur32.dll spoolss.dll setupapi.dll secur32.dll msctf.dll spoolss.dll setupapi.dll setupapi.dll secur32.dll oleaut32.dll spoolss.dll iertutil.dll setupapi.dll clbcatq.dll wow64win.dll secur32.dll spoolss.dll setupapi.dll secur32.dll spoolss.dll setupapi.dll secur32.dll spoolss.dll setupapi.dll secur32.dll spoolss.dll setupapi.dll secur32.dll bcryptprimitives.dll cryptbase.dll advapi32.dll spoolss.dll shell32.dll setupapi.dll windows.storage.dll secur32.dll mydocs.dll spoolss.dll winsrv.dll RpcRtRemote.dll setupapi.dll secur32.dll spoolss.dll setupapi.dll secur32.dll cryptsp.dll spoolss.dll setupapi.dll secur32.dll spoolss.dll setupapi.dll cryptbase.dll secur32.dll spoolss.dll setupapi.dll secur32.dll spoolss.dll profapi.dll setupapi.dll winmm.dll secur32.dll spoolss.dll setupapi.dll secur32.dll spoolss.dll bcryptprimitives.dll ole32.dll System.dll setupapi.dll secur32.dll spoolss.dll xmllite.dll setupapi.dll secur32.dll system.web.services.dll spoolss.dll setupapi.dll secur32.dll api-ms-win-downlevel-user32-l1-1-0.dll spoolss.dll setupapi.dll secur32.dll spoolss.dll wow64.dll setupapi.dll secur32.dll spoolss.dll setupapi.dll ntdll.dll secur32.dll ws2_32.dll cryptbase.dll spoolss.dll setupapi.dll secur32.dll spoolss.dll setupapi.dll msvcr80.dll secur32.dll spoolss.dll msutb.dll shell32.dll setupapi.dll secur32.dll spoolss.dll setupapi.dll System.Security.dll secur32.dll spoolss.dll setupapi.dll secur32.dll spoolss.dll setupapi.dll secur32.dll spoolss.dll setupapi.dll secur32.dll spoolss.dll setupapi.dll secur32.dll oleaut32.dll spoolss.dll setupapi.dll secur32.dll spoolss.dll setupapi.dll secur32.dll spoolss.dll setupapi.dll secur32.dll spoolss.dll setupapi.dll secur32.dll spoolss.dll sppcommdlg.dll setupapi.dll secur32.dll spoolss.dll setupapi.dll ntdll.dll mapi32.dll secur32.dll spoolss.dll setupapi.dll secur32.dll spoolss.dll msctf.dll setupapi.dll secur32.dll spoolss.dll setupapi.dll secur32.dll xmllite.dll spoolss.dll setupapi.dll secur32.dll spoolss.dll setupapi.dll secur32.dll spoolss.dll setupapi.dll secur32.dll spoolss.dll setupapi.dll secur32.dll spoolss.dll slc.dll setupapi.dll secur32.dll spoolss.dll msctf.dll setupapi.dll secur32.dll spoolss.dll setupapi.dll secur32.dll spoolss.dll setupapi.dll secur32.dll spoolss.dll comdlg32.dll setupapi.dll secur32.dll spoolss.dll setupapi.dll secur32.dll spoolss.dll setupapi.dll secur32.dll spoolss.dll setupapi.dll secur32.dll spoolss.dll setupapi.dll secur32.dll spoolss.dll setupapi.dll secur32.dll spoolss.dll setupapi.dll secur32.dll spoolss.dll ntdll.dll setupapi.dll secur32.dll spoolss.dll setupapi.dll secur32.dll spoolss.dll setupapi.dll secur32.dll spoolss.dll setupapi.dll secur32.dll spoolss.dll setupapi.dll secur32.dll spoolss.dll setupapi.dll secur32.dll spoolss.dll setupapi.dll secur32.dll spoolss.dll setupapi.dll secur32.dll,normal
 user32.dll ntdll.dll kernel32.dll kernelbase.dll activeds.dll user32.dll msvcrt.dll combase.dll mtf.dll sechost.dll kernel32.dll oleaut32.dll advapi32.dll shell32.dll bcryptprimitives.dll shlwapi.dll kernel32.dll profapi.dll gdi32.dll actxprxy.dll rpcrt4.dll sspicli.dll shlwapi.dll imm32.dll msctf.dll advapi32.dll kernel.appcore.dll cryptbase.dll system.configuration.ni.dll bcryptprimitives.dll clbcatq.dll cryptsp.dll rsaenh.dll bcrypt.dll imebrokerps.dll,normal
 win32u.dll usp10.dll ntdll.dll sechost.dll lpk.dll ntdll.dll msvcrt.dll wow64.dll wow64win.dll wow64cpu.dll mfperfhelper.dll kernel32.dll kernel32.dll kernel32.dll user32.dll kernel32.dll KernelBase.dll advapi32.dll msvcrt.dll scrrun.dll sechost.dll rpcrt4.dll sspicli.dll cryptbase.dll dnsapi.dll ws2_32.dll cryptsp.dll clbcatq.dll nsi.dll winnsi.dll dhcpcsvc.dll dhcpcsvc6.dll shell32.dll shlwapi.dll gdi32.dll windowsbase.ni.dll user32.dll tquery.dll api-ms-win-core-fibers-l1-1-0.dll lpk.dll usp10.dll advapi32.dll ntdll.dll shell32.dll oleaut32.dll ole32.dll slc.dll imm32.dll msctf.dll clbcatq.dll oleaut32.dll cryptsp.dll rsaenh.dll System.Xml.dll RpcRtRemote.dll wevtapi.dll wevtapi.dll system.data.oracleclient.dll ntdll.dll ntdll.dll wow64.dll wow64win.dll wow64cpu.dll ntdll.dll System.Data.OracleClient.dll api-ms-win-core-shutdown-l1-1-0.dll shell32.dll kernel32.dll ntdll.dll kernel32.dll kernel32.dll user32.dll kernel32.dll cryptbase.dll wer.dll KernelBase.dll advapi32.dll msvcrt.dll rpcrt4.dll sechost.dll rpcrt4.dll lpk.dll sspicli.dll cryptbase.dll dnsapi.dll ws2_32.dll nsi.dll winnsi.dll dhcpcsvc.dll dhcpcsvc6.dll shell32.dll windows.storage.applicationdata.dll shlwapi.dll gdi32.dll user32.dll lpk.dll usp10.dll ole32.dll imm32.dll msctf.dll clbcatq.dll rpcrt4.dll oleaut32.dll SensApi.dll System.Data.ni.dll advapi32.dll cryptsp.dll rsaenh.dll ws2_32.dll System.dll RpcRtRemote.dll wevtapi.dll clbcatq.dll ntdll.dll ieframe.dll kernel32.dll KernelBase.dll advapi32.dll msvcrt.dll sechost.dll rpcrt4.dll msvcr120_clr0400.dll kernel32.dll mscoree.dll ole32.dll gdi32.dll user32.dll lpk.dll usp10.dll imm32.dll oleaut32.dll wow64cpu.dll imm32.dll msctf.dll kernel32.dll lpk.dll cryptbase.dll cryptsp.dll rsaenh.dll RpcRtRemote.dll mscorlib.dll version.dll kernel32.dll clbcatq.dll sxs.dll mscoreei.dll clr.dll sxs.dll System.Xml.ni.dll kernel32.dll shlwapi.dll mscorlib.ni.dll clrjit.dll System.ni.dll System.Core.ni.dll Microsoft.VisualBasic.Activities.Compiler.ni.dll dhcpcsvc.dll imm32.dll mscoree.dll version.dll sechost.dll mscorlib.dll mscorlib.dll Microsoft.VisualBasic.ni.dll mscorlib.dll System.Xml.ni.dll nsi.dll oleaut32.dll System.Numerics.ni.dll System.Security.ni.dll System.Configuration.ni.dll Microsoft.VisualBasic.Activities.Compiler.dll advapi32.dll npmproxy.dll ntdll.dll ntdll.dll wow64.dll wow64win.dll wow64cpu.dll windows.gaming.input.dll devobj.dll kernel32.dll kernel32.dll kernel32.dll user32.dll kernel32.dll KernelBase.dll advapi32.dll msvcrt.dll sechost.dll rpcrt4.dll sspicli.dll ntdll.dll cryptbase.dll wow64cpu.dll System.Windows.Forms.dll msvcr120_clr0400.dll mscoree.dll ole32.dll gdi32.dll user32.dll system.dll aspnet_counters.dll lpk.dll usp10.dll oleaut32.dll imm32.dll msctf.dll cryptsp.dll rsaenh.dll RpcRtRemote.dll clbcatq.dll sxs.dll mscoreei.dll advapi32.dll clr.dll shlwapi.dll mscorlib.ni.dll clrjit.dll System.ni.dll kernel32.dll version.dll wow64cpu.dll mscorlib.dll mscorlib.dll System.dll System.dll System.Xml.ni.dll PresentationBuildTasks.ni.dll System.Xml.dll System.Xml.dll System.Core.ni.dll Microsoft.Build.Utilities.v4.0.ni.dll System.Core.dll System.Core.dll Microsoft.Build.Framework.ni.dll System.Configuration.ni.dll System.Configuration.dll System.Configuration.dll,normal
 version.dll cryptsp.dll ntdll.dll microsoft.powershell.security.dll wow64.dll clbcatq.dll ntdll.dll wow64.dll clbcatq.dll bcrypt.dll kernel32.dll system.runtime.remoting.dll wow64win.dll wow64cpu.dll kernel32.dll kernel32.dll user32.dll kernel32.dll user32.dll rpcrt4.dll kernel32.dll kernelbase.dll advapi32.dll msvcrt.dll sechost.dll rpcrt4.dll sspicli.dll cryptbase.dll msvcr120_clr0400.dll mscoree.dll ole32.dll gdi32.dll user32.dll lpk.dll usp10.dll oleaut32.dll imm32.dll microsoft.powershell.consolehost.dll msctf.dll oleaut32.dll cryptsp.dll rsaenh.dll rpcrtremote.dll clbcatq.dll msvcrt.dll sxs.dll mscoreei.dll clr.dll shlwapi.dll mscorlib.ni.dll clrjit.dll system.ni.dll system.core.ni.dll user32.dll windowsbase.ni.dll presentationcore.ni.dll presentationframework.ni.dll version.dll kernel32.dll kernel32.dll presentationframework.dll presentationframework.dll shlwapi.dll mscorlib.dll mscorlib.dll windowsbase.dll windowsbase.dll winhttp.dll shlwapi.dll system.core.dll twinapi.appcore.dll system.core.dll kernel32.dll system.dll kernelbase.dll system.dll ntdll.dll presentationcore.dll presentationcore.dll system.xaml.ni.dll sspicli.dll system.xaml.dll system.xaml.dll system.configuration.ni.dll system.configuration.dll system.configuration.dll winnsi.dll system.xml.ni.dll ntdll.dll system.xml.dll mscorlib.dll system.xml.dll bcp47mrm.dll ntdll.dll ntdll.dll dsuiext.dll cryptsp.dll uiautomationprovider.ni.dll uiautomationprovider.dll uiautomationprovider.dll uiautomationtypes.ni.dll uiautomationtypes.dll uiautomationtypes.dll reachframework.ni.dll presentationui.ni.dll api-ms-win-core-localization-l1-2-1.dll system.printing.ni.dll accessibility.ni.dll accessibility.dll accessibility.dll system.printing.dll gdi32.dll system.printing.dll system.deployment.ni.dll system.dll system.deployment.dll sechost.dll system.deployment.dll system.security.ni.dll system.security.dll system.security.dll System.Core.ni.dll system.numerics.ni.dll imm32.dll system.numerics.dll system.numerics.dll system.windows.input.manipulations.ni.dll ntdll.dll ws2_32.dll ntdll.dll kernelbase.dll wow64.dll wow64win.dll wow64cpu.dll kernel32.dll kernel32.dll kernel32.dll user32.dll api-ms-win-crt-stdio-l1-1-0.dll rpcrt4.dll kernel32.dll kernelbase.dll msvcrt.dll usp10.dll usp10.dll ole32.dll profapi.dll gdi32.dll user32.dll advapi32.dll sechost.dll rpcrt4.dll sspicli.dll cryptbase.dll msvcrt.dll lpk.dll smdiagnostics.ni.dll usp10.dll imm32.dll msctf.dll clbcatq.dll oleaut32.dll cryptsp.dll rsaenh.dll rpcrtremote.dll shell32.dll shlwapi.dll uxtheme.dll actxprxy.dll comctl32.dll,normal
 logoncli.dll cryptbase.dll kernelbase.dll ntdll.dll kernel32.dll KernelBase.dll gdi32.dll user32.dll lpk.dll usp10.dll msvcrt.dll uxtheme.dll imm32.dll RpcRtRemote.dll msctf.dll kernel32.dll advapi32.dll sechost.dll rpcrt4.dll WindowsCodecs.dll ole32.dll version.dll dwmapi.dll powrprof.dll cfgmgr32.dll oleaut32.dll powrprof.dll rpcrt4.dll cfgmgr32.dll msctf.dll oleaut32.dll mscoree.dll winmm.dll dbghelp.dll System.Xml.dll dbghelp.dll cryptsp.dll dbghelp.dll dbghelp.dll SensApi.dll crypt32.dll system.xml.ni.dll shlwapi.dll msasn1.dll wintrust.dll dwmredir.dll ntdll.dll dwmcore.dll ws2_32.dll d3d10_1.dll d3d10_1core.dll advapi32.dll dxgi.dll profapi.dll d3d11.dll kernelbase.dll setupapi.dll setupapi.dll ws2_32.dll devobj.dll devobj.dll vm3dum64_10.dll vm3dum64_10.dll vm3dum64_10.dll tiptsf.dll vm3dum64.dll vm3dum64.dll vm3dum64.dll mscorlib.dll d3d10level9.dll d3d10level9.dll d3d10level9.dll msswch.dll winmm.dll,normal
 ntdll.dll eappcfg.dll kernel32.dll system.data.dll kernelbase.dll msvcrt.dll ole32.dll gdi32.dll user32.dll win32u.dll lpk.dll usp10.dll rpcrt4.dll apphelp.dll gdi32.dll imm32.dll msctf.dll system.xml.ni.dll cryptbase.dll msimtf.dll clbcatq.dll advapi32.dll cmiadapter.dll sechost.dll oleaut32.dll cryptsp.dll rsaenh.dll rpcrtremote.dll uxtheme.dll mscoree.dll thumbcache.dll shell32.dll shlwapi.dll gdi32.dll comctl32.dll psapi.dll propsys.dll,normal
 ntdll.dll kernel32.dll kernelbase.dll sechost.dll gdi32.dll user32.dll lpk.dll psapi.dll slc.dll sspicli.dll usp10.dll msvcrt.dll imm32.dll sensapi.dll msctf.dll ole32.dll rpcrt4.dll system.xml.dll winbrand.dll oleaut32.dll cryptbase.dll clbcatq.dll gdi32.dll advapi32.dll sechost.dll system.web.services.dll sspicli.dll system.configuration.dll ntdll.dll ntdll.dll thumbcache.dll winmm.dll wow64.dll wow64win.dll wow64cpu.dll kernel32.dll kernel32.dll kernel32.dll sspicli.dll user32.dll kernel32.dll kernelbase.dll kernelbase.dll shlwapi.dll msvcrt.dll winbrand.dll user32.dll gdi32.dll lpk.dll usp10.dll advapi32.dll sechost.dll rpcrt4.dll sspicli.dll cryptbase.dll imm32.dll msctf.dll apphelp.dll,normal
 msidle.dll ntdll.dll kernel32.dll kernelbase.dll advapi32.dll crypt32.dll cryptdll.dll netapi32.dll ole32.dll oleaut32.dll rpcrt4.dll shlwapi.dll samlib.dll secur32.dll shell32.dll user32.dll userenv.dll version.dll hid.dll version.dll setupapi.dll winscard.dll winsta.dll wldap32.dll sspicli.dll msasn1.dll msvcrt.dll advapi32.dll wininet.dll system.enterpriseservices.dll usp10.dll sechost.dll pnrpnsp.dll crypt32.dll netutils.dll d3d10level9.dll srvcli.dll wkscli.dll combase.dll gdi32.dll setupapi.dll user32.dll Microsoft.Office.Interop.Excel.dll sspicli.dll profapi.dll cryptsp.dll kernel.appcore.dll cfgmgr32.dll oleaut32.dll devobj.dll cryptsp.dll cryptbase.dll bcryptprimitives.dll logoncli.dll kernel32.dll user32.dll imm32.dll msctf.dll kernel.appcore.dll rsaenh.dll bcrypt.dll vaultcli.dll wintrust.dll shcore.dll,mimikatz
 msftedit.dll wpdshext.dll,normal
 ntdll.dll ntdll.dll mscoree.dll msvcrt.dll wow64.dll wow64win.dll wow64cpu.dll kernel32.dll RpcRtRemote.dll wtsapi32.dll kernel32.dll kernel32.dll user32.dll kernel32.dll kernelbase.dll advapi32.dll msvcrt.dll sechost.dll rpcrt4.dll sspicli.dll cryptbase.dll dwmapi.dll oleaut32.dll ole32.dll gdi32.dll userenv.dll user32.dll lpk.dll bcrypt.dll usp10.dll imm32.dll msctf.dll shlwapi.dll credui.dll wevtapi.dll comctl32.dll bcrypt.dll ntdll.dll ntdll.dll kernel32.dll System.Transactions.dll wintrust.dll wow64.dll elsTrans.dll wow64win.dll wow64win.dll capabilityaccessmanager.dll wow64cpu.dll kernel32.dll System.Data.dll kernel32.dll kernel32.dll mscorwks.dll user32.dll kernel32.dll wow64win.dll kernelbase.dll api-ms-win-crt-math-l1-1-0.dll msshooks.dll advapi32.dll rsaenh.dll msvcrt.dll sechost.dll devrtl.dll rpcrt4.dll sspicli.dll gdi32.dll msshooks.dll cryptbase.dll msvcr120_clr0400.dll mscoree.dll ole32.dll gdi32.dll user32.dll lpk.dll usp10.dll oleaut32.dll imm32.dll msctf.dll setupapi.dll cryptsp.dll system.configuration.ni.dll advapi32.dll rsaenh.dll rpcrtremote.dll mrmcorer.dll clbcatq.dll sxs.dll mscoreei.dll mscorwks.dll msvcr80.dll gdi32.dll msdadiag.dll shlwapi.dll shell32.dll shell32.dll profapi.dll kernel32.dll mscorlib.ni.dll mscorjit.dll CbsCore.dll mscorlib.dll mscorlib.dll ole32.dll version.dll mscorlib.dll mscorlib.dll clbcatq.dll system.ni.dll windowsbase.ni.dll msvcrt.dll presentationcore.ni.dll presentationcore.dll presentationcore.dll presentationcore.dll presentationcore.dll oleaut32.dll windowsbase.dll windowsbase.dll windowsbase.dll windowsbase.dll system.dll system.web.entity.ni.dll advapi32.dll ntdll.dll system.dll user32.dll shcore.dll system.dll secur32.dll system.dll microsoft.visualc.ni.dll uiautomationprovider.ni.dll uiautomationprovider.dll uiautomationprovider.dll uiautomationprovider.dll cryptbase.dll uiautomationprovider.dll userenv.dll uiautomationtypes.ni.dll uiautomationtypes.dll uiautomationtypes.dll System.Security.dll uxtheme.dll ntdll.dll uiautomationtypes.dll uiautomationtypes.dll system.xml.ni.dll system.xml.dll system.xml.dll system.xml.dll system.xml.dll system.deployment.ni.dll system.deployment.dll system.deployment.dll system.deployment.dll ntdll.dll system.deployment.dll presentationcffrasterizer.ni.dll npmproxy.dll d3d10level9.dll presentationcffrasterizer.dll presentationcffrasterizer.dll system.drawing.ni.dll microsoft.windows.diagnosis.commands.updatediagreport.dll winbrand.dll system.drawing.dll system.drawing.dll system.drawing.dll netutils.dll rsaenh.dll system.drawing.dll system.configuration.ni.dll system.configuration.dll system.configuration.dll system.configuration.dll system.configuration.dll system.security.ni.dll srumapi.dll user32.dll system.security.dll system.security.dll system.security.dll system.security.dll system.data.sqlxml.ni.dll accessibility.ni.dll shlwapi.dll accessibility.dll accessibility.dll accessibility.dll accessibility.dll cryptui.dll system.data.sqlxml.dll system.data.sqlxml.dll system.data.sqlxml.dll system.data.sqlxml.dll system.windows.forms.ni.dll system.windows.forms.dll system.windows.forms.dll system.windows.forms.dll system.windows.forms.dll system.runtime.serialization.formatters.soap.ni.dll system.runtime.serialization.formatters.soap.dll system.runtime.serialization.formatters.soap.dll,normal
 System.Web.Services.ni.dll ntdll.dll kernel32.dll kernelbase.dll user32.dll advapi32.dll msvcrt.dll kernel32.dll sechost.dll rpcrt4.dll user32.dll gdi32.dll gdi32.dll lpk.dll usp10.dll clbcatq.dll clbcatq.dll oleaut32.dll ole32.dll wbemcomn.dll ws2_32.dll clbcatq.dll nsi.dll imm32.dll msctf.dll psapi.dll oleaut32.dll oleaut32.dll cryptbase.dll clbcatq.dll wbemprox.dll cryptsp.dll rsaenh.dll UIAutomationTypes.ni.dll apphelp.dll rpcrtremote.dll shell32.dll wbemsvc.dll fastprox.dll ntdsapi.dll loadperf.dll wmiutils.dll wmiprov.dll,normal
 ole32.dll,normal
 ntdll.dll user32.dll apphelp.dll kernel32.dll imageres.dll kernelbase.dll advapi32.dll system.core.dll msvcrt.dll ole32.dll rpcrt4.dll System.Configuration.dll rsaenh.dll sechost.dll rpcrt4.dll msvcr120_clr0400.dll combase.dll user32.dll msvcrt.dll mscoree.dll ole32.dll gdi32.dll cryptsp.dll user32.dll lpk.dll usp10.dll oleaut32.dll imm32.dll msctf.dll cryptbase.dll cryptsp.dll user32.dll rsaenh.dll rpcrtremote.dll clbcatq.dll sxs.dll mscoreei.dll clr.dll msctf.dll shlwapi.dll user32.dll windows.storage.dll mscorlib.ni.dll clrjit.dll netutils.dll system.ni.dll rpcrtremote.dll system.core.ni.dll system.data.services.design.ni.dll version.dll mscorlib.dll msdtcuiu.dll mscorlib.dll system.data.entity.ni.dll system.data.services.client.ni.dll msshooks.dll system.web.ni.dll system.web.dll kernelbase.dll system.web.dll gdi32.dll system.xml.ni.dll system.xml.linq.ni.dll vm3dum64.dll windowsbase.ni.dll tquery.dll system.web.extensions.ni.dll ws2_32.dll system.configuration.ni.dll system.numerics.ni.dll localsec.dll system.security.ni.dll ntdll.dll ntdll.dll msctf.dll wow64.dll wow64win.dll cryptbase.dll wow64cpu.dll kernel32.dll kernel32.dll kernel32.dll clr.dll user32.dll npmproxy.dll kernel32.dll kernelbase.dll advapi32.dll System.Runtime.Remoting.ni.dll RpcRtRemote.dll msvcrt.dll sechost.dll winhttp.dll rpcrt4.dll sspicli.dll system.dll ntdll.dll advapi32.dll cryptbase.dll msvcr120_clr0400.dll mscoree.dll ole32.dll scrrun.dll System.Data.dll KernelBase.dll gdi32.dll mscorsvc.dll user32.dll lpk.dll usp10.dll oleaut32.dll imm32.dll imm32.dll cryptsp.dll msctf.dll cryptsp.dll RpcRtRemote.dll rsaenh.dll rpcrtremote.dll clbcatq.dll userenv.dll usp10.dll sxs.dll mscoreei.dll vm3dum64.dll mscorwks.dll msvcr80.dll shlwapi.dll shell32.dll profapi.dll mscorlib.ni.dll mscorjit.dll system.windows.forms.dll mscorlib.dll mscorlib.dll version.dll mscorlib.dll SensApi.dll mscorlib.dll system.ni.dll system.dll system.dll system.dll system.dll microsoft.windows.diagnosis.commands.getdiaginput.ni.dll microsoft.windows.diagnosis.commands.getdiaginput.dll microsoft.windows.diagnosis.commands.getdiaginput.dll crypt32.dll system.management.automation.ni.dll kernel32.dll system.management.automation.dll system.management.automation.dll microsoft.windows.diagnosis.sdhost.ni.dll microsoft.windows.diagnosis.sdhost.dll microsoft.windows.diagnosis.sdhost.dll imm32.dll ole32.dll system.configuration.install.ni.dll system.configuration.install.dll system.configuration.install.dll system.transactions.ni.dll w32time.dll kernelbase.dll system.xml.ni.dll system.xml.dll user32.dll system.xml.dll system.xml.dll winmm.dll powrprof.dll sechost.dll system.xml.dll system.transactions.dll system.drawing.dll wow64cpu.dll system.transactions.dll kernel32.dll system.transactions.dll system.transactions.dll system.transactions.dll system.management.ni.dll system.management.dll system.management.dll system.directoryservices.ni.dll system.data.ni.dll sqmapi.dll api-ms-win-core-synch-l1-2-0.dll system.data.dll system.data.dll system.data.dll system.data.dll shlwapi.dll system.directoryservices.dll msvcrt.dll system.directoryservices.dll api-ms-win-core-sysinfo-l1-1-0.dll system.directoryservices.dll wow64.dll system.directoryservices.dll system.data.dll mscorwks.dll ws2_32.dll crypt32.dll nsi.dll crypt32.dll user32.dll System.Xml.Linq.dll msasn1.dll system.configuration.ni.dll acppage.dll system.configuration.dll system.configuration.dll system.configuration.dll system.configuration.dll system.security.ni.dll usp10.dll system.security.dll system.security.dll system.security.dll system.security.dll system.data.sqlxml.ni.dll mscorwks.dll mscoree.dll system.data.sqlxml.dll npmproxy.dll imm32.dll Microsoft.PowerShell.ConsoleHost.ni.dll system.data.sqlxml.dll system.data.sqlxml.dll wintrust.dll system.data.sqlxml.dll Accessibility.dll explorerframe.dll system.drawing.ni.dll system.windows.forms.ni.dll system.windows.forms.dll sspicli.dll usp10.dll system.windows.forms.dll sxs.dll system.deployment.dll msjter40.dll rpcrtremote.dll system.windows.forms.dll kernelbase.dll usp10.dll system.windows.forms.dll windowsbase.dll system.drawing.dll system.transactions.dll system.drawing.dll system.drawing.dll sechost.dll system.drawing.dll system.runtime.serialization.formatters.soap.ni.dll system.runtime.serialization.formatters.soap.dll system.runtime.serialization.formatters.soap.dll system.deployment.ni.dll system.deployment.dll system.deployment.dll system.deployment.dll system.deployment.dll accessibility.ni.dll accessibility.dll accessibility.dll accessibility.dll accessibility.dll clr.dll shlwapi.dll system.enterpriseservices.ni.dll presentationframework.dll system.runtime.remoting.ni.dll system.runtime.remoting.dll system.runtime.remoting.dll system.enterpriseservices.dll system.enterpriseservices.dll microsoft.visualc.ni.dll system.web.ni.dll ntdll.dll system.web.dll cryptsp.dll system.web.dll system.web.dll ieshims.dll uxtheme.dll efssvc.dll system.web.dll combase.dll system.web.services.ni.dll system.web.services.dll system.web.services.dll system.web.services.dll system.web.services.dll system.directoryservices.protocols.ni.dll system.directoryservices.protocols.dll system.directoryservices.protocols.dll system.directoryservices.protocols.dll system.directoryservices.protocols.dll system.design.ni.dll system.design.dll system.design.dll system.serviceprocess.ni.dll system.serviceprocess.dll kernel32.dll system.data.oracleclient.ni.dll system.serviceprocess.dll system.web.regularexpressions.ni.dll system.web.regularexpressions.dll system.web.regularexpressions.dll wow64win.dll system.web.regularexpressions.dll system.web.regularexpressions.dll wship6.dll system.drawing.design.ni.dll system.drawing.design.dll system.drawing.design.dll iphlpsvc.dll system.data.oracleclient.ni.dll system.data.oracleclient.dll api-ms-win-core-file-l1-2-0.dll system.data.oracleclient.dll system.data.oracleclient.dll system.data.oracleclient.dll system.data.oracleclient.dll microsoft.jscript.ni.dll microsoft.jscript.dll microsoft.jscript.dll microsoft.jscript.dll microsoft.jscript.dll microsoft.vsa.ni.dll msiso.dll microsoft.vsa.dll kernel32.dll microsoft.vsa.dll microsoft.vsa.dll profapi.dll microsoft.vsa.dll microsoft.windows.diagnosis.commands.updatediagrootcause.ni.dll microsoft.windows.diagnosis.commands.updatediagrootcause.dll microsoft.windows.diagnosis.commands.updatediagrootcause.dll ReAgent.dll microsoft.windows.diagnosis.commands.updatediagreport.ni.dll microsoft.windows.diagnosis.commands.updatediagreport.dll microsoft.windows.diagnosis.commands.updatediagreport.dll microsoft.windows.diagnosis.commands.writediagprogress.ni.dll microsoft.windows.diagnosis.commands.writediagprogress.dll microsoft.windows.diagnosis.commands.writediagprogress.dll ntdll.dll ntdll.dll ntdll.dll wow64.dll wow64win.dll wow64cpu.dll kernel32.dll kernel32.dll kernel32.dll user32.dll kernel32.dll kernelbase.dll advapi32.dll msvcrt.dll sechost.dll user32.dll rpcrt4.dll sspicli.dll cryptbase.dll msvcr120_clr0400.dll mscoree.dll ole32.dll gdi32.dll user32.dll lpk.dll usp10.dll oleaut32.dll imm32.dll msctf.dll cryptsp.dll rsaenh.dll rpcrtremote.dll clbcatq.dll sxs.dll syncui.dll rpcrt4.dll mscoreei.dll clr.dll shlwapi.dll mscorlib.ni.dll clrjit.dll ntdll.dll microsoft.office.tools.word.dll microsoft.office.tools.word.dll ntdll.dll system.ni.dll microsoft.office.tools.common.ni.dll version.dll mscorlib.dll mscorlib.dll system.dll system.dll microsoft.office.tools.ni.dll system.drawing.ni.dll system.windows.forms.ni.dll system.windows.forms.dll system.windows.forms.dll system.drawing.dll system.drawing.dll system.xml.ni.dll system.xml.dll system.xml.dll system.core.ni.dll system.configuration.ni.dll system.configuration.dll system.configuration.dll system.core.dll system.core.dll,normal
 ntdll.dll sspicli.dll kernel32.dll KernelBase.dll msvcrt.dll combase.dll RpcRtRemote.dll msvcrt.dll rpcrt4.dll kernel.appcore.dll cryptbase.dll bcryptprimitives.dll clbcatq.dll user32.dll gdi32.dll microsoft.stdformat.dll propsys.dll sechost.dll kernel32.dll cryptsp.dll SMDiagnostics.ni.dll rsaenh.dll bcrypt.dll IDStore.dll userenv.dll profapi.dll,normal
 ntdll.dll kernel32.dll KernelBase.dll advapi32.dll msvcrt.dll sechost.dll system.core.dll ntdll.dll rpcrt4.dll ole32.dll ntdll.dll System.Web.dll gdi32.dll user32.dll lpk.dll usp10.dll imm32.dll imm32.dll msctf.dll wdscore.dll wininet.dll comdlg32.dll oleaut32.dll shell32.dll profapi.dll kernel32.dll shlwapi.dll dbghelp.dll cryptbase.dll CbsCore.dll version.dll crypt32.dll msasn1.dll wintrust.dll userenv.dll profapi.dll nlsdata0009.dll clr.dll ktmw32.dll dpx.dll user32.dll dpx.dll wow64.dll dpx.dll wcp.dll shsvcs.dll DrUpdate.dll setupapi.dll cfgmgr32.dll devobj.dll mpr.dll version.dll srclient.dll spp.dll wshqos.dll vssapi.dll wups2.dll mscorlib.ni.dll gdi32.dll atl.dll msvcp_win.dll vsstrace.dll wrpint.dll sxsstore.dll sqmapi.dll winhttp.dll wintrust.dll webio.dll winhttp.dll webio.dll System.Windows.Forms.dll SensApi.dll cryptsp.dll rsaenh.dll RpcRtRemote.dll clbcatq.dll CbsApi.dll,normal
 system.runtime.serialization.dll ntdll.dll ntdll.dll kernel32.dll user32.dll kernelbase.dll kernelbase.dll wow64cpu.dll advapi32.dll advapi32.dll api-ms-win-core-privateprofile-l1-1-1.dll kernel32.dll msvcrt.dll version.dll msvcrt.dll rsaenh.dll combase.dll oleaut32.dll user32.dll tquery.dll tquery.dll imm32.dll msshooks.dll msshooks.dll shlwapi.dll api-ms-win-eventing-legacy-l1-1-0.dll sechost.dll ws2_32.dll sechost.dll rpcrt4.dll rpcrt4.dll gdi32.dll user32.dll version.dll msctf.dll kernel.appcore.dll kernel.appcore.dll msvcrt.dll msvcrt.dll cryptbase.dll RpcRtRemote.dll cryptbase.dll bcryptprimitives.dll bcryptprimitives.dll clbcatq.dll cryptsp.dll cryptsp.dll rsaenh.dll imm32.dll rsaenh.dll bcrypt.dll bcrypt.dll mssprxy.dll winhttp.dll mssprxy.dll shcore.dll shcore.dll,normal
 ntdll.dll kernel32.dll KernelBase.dll advapi32.dll msvcrt.dll sechost.dll rpcrt4.dll lpk.dll msvcr120_clr0400.dll ntdll.dll mscoree.dll ole32.dll gdi32.dll user32.dll mscorjit.dll lpk.dll ActionCenterCPL.dll usp10.dll oleaut32.dll imm32.dll msctf.dll system.directoryservices.ni.dll kernel32.dll mscoree.dll cryptbase.dll shell32.dll cryptsp.dll system.runtime.remoting.ni.dll rsaenh.dll winmm.dll RpcRtRemote.dll clbcatq.dll sxs.dll mscoreei.dll bcryptprimitives.dll mscorlib.dll clr.dll shlwapi.dll winbrand.dll mscorlib.ni.dll clrjit.dll System.ni.dll version.dll mscorlib.dll twinapi.appcore.dll mscorlib.dll sensapi.dll System.Core.ni.dll System.Xml.ni.dll sechost.dll System.Runtime.Serialization.ni.dll System.Configuration.ni.dll KernelBase.dll ntdll.dll ole32.dll msvcrt.dll ntdll.dll wow64.dll wow64win.dll wow64cpu.dll kernel32.dll user32.dll msctf.dll kernel32.dll kernel32.dll msctf.dll user32.dll kernel32.dll KernelBase.dll advapi32.dll msvcrt.dll sechost.dll rpcrt4.dll rpcrt4.dll user32.dll msvcrt.dll sspicli.dll cryptbase.dll windowsbase.dll msvcr120_clr0400.dll api-ms-win-core-wow64-l1-1-0.dll mscoree.dll microsoft.mediacenter.tv.tuners.interop.dll ole32.dll gdi32.dll user32.dll lpk.dll usp10.dll System.Core.ni.dll ole32.dll oleaut32.dll usp10.dll ole32.dll imm32.dll msctf.dll smiengine.dll cryptsp.dll psapi.dll rsaenh.dll RpcRtRemote.dll lmhsvc.dll clbcatq.dll mscorwks.dll sxs.dll mscoreei.dll mscorwks.dll msvcr80.dll sechost.dll shlwapi.dll shell32.dll profapi.dll crypt32.dll kernel32.dll mscorlib.ni.dll mscorjit.dll mscorlib.dll mscorlib.dll version.dll mscorlib.dll mscorlib.dll Microsoft.VisualStudio.Tools.Office.Contract.v9.0.ni.dll mscorsec.dll wintrust.dll user32.dll cfgmgr32.dll crypt32.dll mscorlib.ni.dll msasn1.dll comctl32.dll msctf.dll riched20.dll UIAutomationCore.dll imagehlp.dll ncrypt.dll bcrypt.dll bcryptprimitives.dll system.ni.dll userenv.dll windowsbase.dll oleacc.dll gpapi.dll cryptnet.dll Wldap32.dll dui70.dll SensApi.dll Microsoft.VisualStudio.Tools.Office.Contract.v9.0.dll Microsoft.VisualStudio.Tools.Office.Contract.v9.0.dll System.AddIn.Contract.ni.dll System.AddIn.Contract.dll winnsi.dll rpcrt4.dll System.AddIn.Contract.dll System.AddIn.Contract.dll System.AddIn.Contract.dll cryptbase.dll Microsoft.VisualStudio.Tools.Applications.Contract.v9.0.ni.dll Microsoft.VisualStudio.Tools.Applications.Contract.v9.0.dll Microsoft.VisualStudio.Tools.Applications.Contract.v9.0.dll Microsoft.VisualStudio.Tools.Applications.Contract.v9.0.dll advapi32.dll Microsoft.VisualStudio.Tools.Applications.Contract.v9.0.dll presentationframework.dll ntdll.dll shlwapi.dll ntdll.dll wldap32.dll wow64.dll wow64win.dll usp10.dll wow64cpu.dll kernel32.dll kernel32.dll kernel32.dll user32.dll kernel32.dll KernelBase.dll advapi32.dll msvcrt.dll sechost.dll rpcrt4.dll ntdll.dll sspicli.dll cryptbase.dll msvcr120_clr0400.dll mscoree.dll ole32.dll gdi32.dll user32.dll lpk.dll usp10.dll oleaut32.dll imm32.dll msctf.dll cryptsp.dll rsaenh.dll RpcRtRemote.dll clbcatq.dll sxs.dll mscoreei.dll clr.dll shlwapi.dll,normal
 ntdll.dll kernel32.dll wininet.dll kernelbase.dll advapi32.dll msvcrt.dll sechost.dll rpcrt4.dll gdi32.dll user32.dll user32.dll lpk.dll System.AddIn.dll msjter40.dll usp10.dll usp10.dll ole32.dll msimg32.dll wmsgapi.dll wtsapi32.dll oleacc.dll winmm.dll userenv.dll winmm.dll profapi.dll winsta.dll usp10.dll crypt32.dll msasn1.dll msctfmonitor.dll msctf.dll combase.dll imm32.dll msutb.dll comctl32.dll ole32.dll clbcatq.dll advapi32.dll shlwapi.dll shlwapi.dll secur32.dll sspicli.dll shell32.dll cryptbase.dll uxtheme.dll Wldap32.dll dwmapi.dll wintrust.dll imm32.dll msvcr120_clr0400.dll xmllite.dll cryptsp.dll rsaenh.dll imagehlp.dll bcrypt.dll bcryptprimitives.dll imm32.dll version.dll psapi.dll clbcatq.dll slc.dll oleaut32.dll urlmon.dll iertutil.dll adsldpc.dll oleacc.dll credui.dll user32.dll cryptsp.dll wow64cpu.dll rpcrt4.dll authui.dll cryptui.dll gdiplus.dll dui70.dll duser.dll imecfm.dll xmllite.dll imageres.dll mmdevapi.dll propsys.dll setupapi.dll windows.storage.dll cfgmgr32.dll devobj.dll rdpendp.dll msacm32.dll slc.dll ksuser.dll avrt.dll audioses.dll msutb.dll,normal
 System.Data.ni.dll ntdll.dll ntdll.dll wow64.dll wow64win.dll kernel32.dll msutb.dll kernel32.dll user32.dll wow64cpu.dll kernel32.dll kernelbase.dll advapi32.dll msvcrt.dll api-ms-win-core-datetime-l1-1-1.dll sechost.dll rpcrt4.dll sspicli.dll system.data.dll rsaenh.dll wecapi.dll cryptbase.dll bcryptprimitives.dll shell32.dll microsoft.vsa.dll cfgmgr32.dll ucrtbase.dll presentationcore.ni.dll shell32.dll shcore.dll advapi32.dll combase.dll windows.storage.dll shlwapi.dll gdi32.dll gdi32.dll gdi32full.dll wow64win.dll msvcp_win.dll cryptbase.dll scrrun.dll user32.dll win32u.dll rpcrt4.dll kernel.appcore.dll ole32.dll profapi.dll powrprof.dll fltlib.dll oleaut32.dll psapi.dll ole32.dll crypt32.dll userenv.dll msasn1.dll wintrust.dll goopdate.dll netapi32.dll authz.dll usp10.dll mscorlib.dll version.dll msi.dll wtsapi32.dll rpcrt4.dll comctl32.dll userenv.dll bcrypt.dll secur32.dll rpcrt4.dll smipi.dll msimg32.dll wininet.dll netutils.dll wkscli.dll uxtheme.dll cscapi.dll ntmarta.dll lpk.dll clbcatq.dll psmachine.dll winsta.dll version.dll atlthunk.dll winhttp.dll ws2_32.dll ondemandconnroutehelper.dll uxtheme.dll SensApi.dll nsi.dll dhcpcsvc6.dll dhcpcsvc.dll webio.dll mswsock.dll winnsi.dll dnsapi.dll rasadhlp.dll iertutil.dll,normal
 api-ms-win-core-synch-l1-2-0.dll msctf.dll psapi.dll ntdll.dll kernel32.dll KernelBase.dll msvcrt.dll rpcrt4.dll sensapi.dll gdi32.dll dwmapi.dll user32.dll lpk.dll usp10.dll wmp.dll ole32.dll oleaut32.dll imm32.dll,normal
 ntdll.dll kernel32.dll kernelbase.dll advapi32.dll msvcrt.dll sechost.dll rpcrt4.dll msvcr120_clr0400.dll mscoree.dll crypt32.dll ole32.dll gdi32.dll System.Windows.Forms.dll user32.dll slc.dll lpk.dll usp10.dll advapi32.dll oleaut32.dll imm32.dll system.runtime.remoting.ni.dll msctf.dll System.Core.ni.dll cryptbase.dll cryptsp.dll rsaenh.dll rpcrtremote.dll clbcatq.dll sxs.dll mscoreei.dll mscorwks.dll msvcr80.dll shlwapi.dll shell32.dll profapi.dll mscorlib.ni.dll mscorjit.dll mscorlib.dll gdi32.dll mscorlib.dll version.dll mscorlib.dll mscorlib.dll system.ni.dll system.drawing.ni.dll msvcr120_clr0400.dll system.windows.forms.ni.dll dpx.dll mmcex.ni.dll msvcp_win.dll system.web.extensions.ni.dll winnsi.dll mmcfxcommon.ni.dll PresentationCore.dll system.security.ni.dll accessibility.ni.dll System.Numerics.dll system.configuration.ni.dll gdi32.dll system.xml.ni.dll uiautomationcore.dll nsi.dll system.runtime.serialization.formatters.soap.ni.dll user32.dll system.deployment.ni.dll wow64cpu.dll system.data.sqlxml.ni.dll ntdll.dll kernel32.dll kernel32.dll kernelbase.dll advapi32.dll urlmon.dll msvcrt.dll sechost.dll rpcrt4.dll System.Runtime.Serialization.ni.dll msvcr120_clr0400.dll mscoree.dll ole32.dll gdi32.dll DrUpdate.dll gdi32.dll user32.dll lpk.dll usp10.dll sechost.dll oleaut32.dll imm32.dll msctf.dll cryptbase.dll win32u.dll cryptsp.dll rsaenh.dll rpcrtremote.dll ntdll.dll ws2_32.dll clbcatq.dll sxs.dll mscoreei.dll windowsbase.dll mscorwks.dll msvcr80.dll shlwapi.dll shell32.dll ntdll.dll vcruntime140.dll userenv.dll profapi.dll mscorlib.ni.dll mscorjit.dll mscorlib.dll mscorlib.dll ntdll.dll version.dll oleaut32.dll mscorlib.dll cryptsp.dll mscorlib.dll system.ni.dll clrjit.dll sspicli.dll system.core.ni.dll system.web.ni.dll system.web.dll system.web.dll cryptsp.dll system.web.dll imm32.dll system.web.dll wow64cpu.dll system.data.entity.design.ni.dll system.data.entity.ni.dll system.data.ni.dll ole32.dll mscorjit.dll system.data.dll gdi32full.dll system.data.dll mscorlib.dll system.data.dll msshooks.dll kernelbase.dll mscoree.dll System.Data.OracleClient.dll system.data.dll system.data.dll ws2_32.dll nsi.dll System.ni.dll logoncli.dll crypt32.dll msasn1.dll system.xml.ni.dll rpcrt4.dll system.configuration.ni.dll system.drawing.ni.dll wow64cpu.dll system.web.services.ni.dll system.directoryservices.ni.dll system.directoryservices.protocols.ni.dll system.enterpriseservices.ni.dll system.enterpriseservices.dll system.enterpriseservices.dll system.configuration.ni.dll system.design.ni.dll system.serviceprocess.ni.dll system.windows.forms.ni.dll ntdll.dll system.web.regularexpressions.ni.dll system.security.ni.dll system.data.sqlxml.ni.dll wow64.dll microsoft.visualc.ni.dll gdi32.dll system.transactions.ni.dll system.transactions.dll System.Transactions.dll system.transactions.dll kernel32.dll system.transactions.dll winbrand.dll system.directoryservices.protocols.ni.dll system.transactions.dll system.transactions.dll lpk.dll wow64cpu.dll system.runtime.remoting.ni.dll system.runtime.serialization.formatters.soap.ni.dll accessibility.dll system.drawing.design.ni.dll usp10.dll system.data.oracleclient.ni.dll system.data.oracleclient.dll urlmon.dll system.data.oracleclient.dll system.data.oracleclient.dll system.data.oracleclient.dll msadox.dll gdi32.dll msctf.dll system.data.oracleclient.dll api-ms-win-core-sysinfo-l1-1-0.dll wow64cpu.dll accessibility.ni.dll System.Security.dll system.deployment.ni.dll credssp.dll system.configuration.install.ni.dll system.runtime.serialization.ni.dll smdiagnostics.ni.dll ntdll.dll kernel32.dll tabskb.dll system.serviceprocess.ni.dll kernelbase.dll advapi32.dll mscorlib.dll msvcrt.dll sechost.dll dhcpcsvc6.dll rpcrt4.dll kernel32.dll gdi32.dll msvcr120_clr0400.dll advapi32.dll oleacc.dll mscoree.dll version.dll ole32.dll sechost.dll imm32.dll gdi32.dll kernel32.dll user32.dll system.configuration.ni.dll rpcrt4.dll lpk.dll usp10.dll oleaut32.dll imm32.dll cryptbase.dll system.configuration.dll msctf.dll cryptbase.dll cryptsp.dll ole32.dll accessibility.ni.dll rsaenh.dll rpcrtremote.dll clbcatq.dll sxs.dll advapi32.dll mscoreei.dll mscorwks.dll msvcr80.dll shlwapi.dll shell32.dll profapi.dll winbrand.dll mscorlib.ni.dll mscorjit.dll mscorlib.dll mscorlib.dll version.dll msvcrt.dll mscorlib.dll mscorlib.dll system.ni.dll system.web.regularexpressions.ni.dll system.configuration.ni.dll mscoreei.dll system.xml.ni.dll ntdll.dll winmm.dll advapi32.dll ntdll.dll wow64.dll wow64win.dll wow64cpu.dll windows.staterepositoryps.dll kernel32.dll ole32.dll cryptsp.dll cfgmgr32.dll kernel32.dll kernel32.dll user32.dll gdi32.dll kernel32.dll kernelbase.dll advapi32.dll WindowsCodecs.dll msvcrt.dll sechost.dll rpcrt4.dll sspicli.dll cryptbase.dll kernel32.dll msvcr120_clr0400.dll mscoree.dll ole32.dll els.dll gdi32.dll clbcatq.dll System.IdentityModel.ni.dll user32.dll lpk.dll usp10.dll msvcr80.dll kernel32.dll oleaut32.dll imm32.dll gdi32.dll msctf.dll uiautomationprovider.dll cryptsp.dll rsaenh.dll advapi32.dll rpcrtremote.dll clbcatq.dll sxs.dll mscoreei.dll mscorwks.dll msvcr80.dll system.drawing.dll shlwapi.dll shell32.dll oleaut32.dll profapi.dll mscorlib.dll mscorlib.ni.dll mscorjit.dll mscorlib.dll mscorlib.dll msvcrt.dll version.dll mscorlib.dll mscorlib.dll profapi.dll advapi32.dll usp10.dll system.ni.dll windowsbase.ni.dll ole32.dll presentationcore.ni.dll usp10.dll presentationframework.ni.dll wow64cpu.dll presentationframework.dll presentationframework.dll System.Transactions.dll presentationframework.dll pautoenr.dll cryptbase.dll presentationframework.dll windowsbase.dll windowsbase.dll KernelBase.dll windowsbase.dll cryptsp.dll windowsbase.dll system.dll system.dll system.dll system.dll System.Runtime.Serialization.ni.dll presentationcore.dll presentationcore.dll presentationcore.dll presentationcore.dll system.xml.ni.dll system.xml.dll system.xml.dll system.xml.dll cryptsp.dll system.xml.dll uiautomationprovider.ni.dll uiautomationprovider.dll api-ms-win-downlevel-shlwapi-l2-1-0.dll uiautomationprovider.dll uiautomationprovider.dll uiautomationprovider.dll system.drawing.ni.dll user32.dll kernel32.dll urlmon.dll system.drawing.dll system.drawing.dll system.ni.dll system.drawing.dll system.drawing.dll jscript9.dll system.deployment.ni.dll kernel32.dll system.deployment.dll msvcp_win.dll advapi32.dll nsi.dll system.deployment.dll system.deployment.dll lpk.dll System.Drawing.dll system.deployment.dll presentationui.ni.dll presentationui.dll presentationui.dll sechost.dll system.printing.ni.dll system.printing.dll system.printing.dll system.printing.dll system.printing.dll policymanager.dll reachframework.ni.dll reachframework.dll reachframework.dll uiautomationtypes.ni.dll user32.dll uiautomationtypes.dll uiautomationtypes.dll uiautomationtypes.dll uiautomationtypes.dll system.data.ni.dll system.data.dll system.data.dll system.data.dll system.data.dll advapi32.dll system.data.dll ws2_32.dll nsi.dll gdi32.dll crypt32.dll msasn1.dll edputil.dll accessibility.ni.dll accessibility.dll windows.storage.dll accessibility.dll accessibility.dll accessibility.dll kernelbase.dll system.configuration.ni.dll system.configuration.dll system.configuration.dll sechost.dll system.configuration.dll system.configuration.dll system.security.ni.dll system.security.dll lpk.dll system.security.dll system.security.dll system.security.dll shlwapi.dll microsoft.visualc.ni.dll napinsp.dll presentationcffrasterizer.ni.dll presentationcffrasterizer.dll presentationcffrasterizer.dll ntdll.dll ntdll.dll wow64.dll advapi32.dll wow64win.dll uxtheme.dll wow64cpu.dll kernel32.dll kernel32.dll kernel32.dll user32.dll kernel32.dll kernelbase.dll advapi32.dll msvcrt.dll sechost.dll rpcrt4.dll sspicli.dll cryptbase.dll msvcr120_clr0400.dll mscoree.dll ole32.dll gdi32.dll user32.dll lpk.dll usp10.dll oleaut32.dll imm32.dll msctf.dll cryptsp.dll rsaenh.dll rpcrtremote.dll clbcatq.dll sxs.dll mscoreei.dll clbcatq.dll clr.dll shlwapi.dll mscorlib.ni.dll clrjit.dll microsoft.office.tools.word.implementation.dll microsoft.office.tools.word.implementation.dll version.dll mscorlib.dll mscorlib.dll gdi32.dll system.ni.dll system.core.ni.dll microsoft.office.tools.common.implementation.ni.dll microsoft.office.tools.common.implementation.dll microsoft.office.tools.common.implementation.dll microsoft.office.tools.common.ni.dll microsoft.office.tools.common.dll microsoft.office.tools.common.dll microsoft.office.tools.ni.dll microsoft.office.tools.dll user32.dll microsoft.office.tools.dll microsoft.office.tools.word.ni.dll microsoft.office.tools.word.dll microsoft.office.tools.word.dll system.drawing.ni.dll system.windows.forms.ni.dll system.windows.forms.dll system.windows.forms.dll system.windows.forms.dll system.windows.forms.dll system.windows.forms.dll system.windows.forms.dll system.dll crypt32.dll system.dll system.drawing.dll system.drawing.dll system.drawing.dll system.drawing.dll system.drawing.dll system.drawing.dll system.xml.ni.dll system.xml.dll system.xml.dll system.xml.dll system.xml.dll system.xml.dll system.xml.dll system.core.dll system.core.dll microsoft.visualstudio.tools.applications.runtime.dll microsoft.visualstudio.tools.applications.runtime.dll microsoft.office.tools.v4.0.framework.ni.dll microsoft.office.tools.v4.0.framework.dll microsoft.office.tools.v4.0.framework.dll microsoft.office.tools.word.implementation.ni.dll,normal
 ntdll.dll kernel32.dll ntdll.dll mswsock.dll mpr.dll wow64.dll wow64win.dll wow64cpu.dll mscorlib.dll kernel32.dll msctf.dll user32.dll kernel32.dll kernel32.dll user32.dll wininet.dll kernel32.dll KernelBase.dll sspicli.dll msvcrt.dll ncrypt.dll oleaut32.dll ole32.dll gdi32.dll user32.dll gdi32.dll advapi32.dll sechost.dll crypt32.dll msvcrt.dll Microsoft.VisualStudio.Tools.Applications.Runtime.v9.0.dll system.xml.dll rpcrt4.dll sspicli.dll cryptbase.dll lpk.dll usp10.dll version.dll cryptsp.dll combase.dll dsrole.dll imm32.dll ntdll.dll msctf.dll sxs.dll clbcatq.dll UIAnimation.dll vbscript.dll advapi32.dll winmm.dll wintrust.dll igd10iumd64.dll crypt32.dll ws2_32.dll msasn1.dll cryptsp.dll rsaenh.dll kernel32.dll msisip.dll wshext.dll comctl32.dll shell32.dll shlwapi.dll scrobj.dll msi.dll scrrun.dll SensApi.dll ntdll.dll ntdll.dll wow64.dll wow64win.dll System.Transactions.dll wow64cpu.dll Microsoft.Office.Tools.dll sxs.dll kernel32.dll kernel32.dll kernel32.dll user32.dll kernel32.dll KernelBase.dll msvcrt.dll winbrand.dll user32.dll gdi32.dll lpk.dll usp10.dll advapi32.dll sechost.dll rpcrt4.dll sspicli.dll cryptbase.dll imm32.dll msctf.dll apphelp.dll,normal
 ntdll.dll kernel32.dll profapi.dll KernelBase.dll advapi32.dll msvcrt.dll sechost.dll rpcrt4.dll gdi32.dll user32.dll lpk.dll dnsapi.dll KernelBase.dll usp10.dll msswch.dll winmm.dll user32.dll dwmapi.dll GdiPlus.dll ole32.dll ntasn1.dll oleacc.dll dwmapi.dll cryptbase.dll apphelp.dll oleaut32.dll lpk.dll shlwapi.dll wmsgapi.dll duser.dll wow64win.dll propsys.dll uxtheme.dll imm32.dll msctf.dll cryptbase.dll dui70.dll comctl32.dll xmllite.dll clbcatq.dll tabskb.dll lpk.dll cryptsp.dll rsaenh.dll nsi.dll secur32.dll RpcRtRemote.dll cfgmgr32.dll WindowsCodecs.dll policymanager.dll ntdll.dll ntdll.dll wow64.dll wow64win.dll wow64cpu.dll kernel32.dll kernel32.dll ntdll.dll kernel32.dll System.Drawing.ni.dll SensApi.dll davhlpr.dll system.data.sqlxml.dll user32.dll kernel32.dll KernelBase.dll advapi32.dll msvcrt.dll sechost.dll rpcrt4.dll imm32.dll sspicli.dll ole32.dll cryptbase.dll msvcr120_clr0400.dll mscoree.dll ole32.dll gdi32.dll user32.dll System.Deployment.dll lpk.dll usp10.dll oleaut32.dll imm32.dll clr.dll msctf.dll cryptsp.dll rsaenh.dll RpcRtRemote.dll clbcatq.dll sxs.dll rpcrt4.dll xmllite.dll mscoreei.dll mscorwks.dll msvcr80.dll version.dll user32.dll win32u.dll Microsoft.Windows.Diagnosis.Commands.WriteDiagProgress.ni.dll shlwapi.dll shell32.dll profapi.dll mscorlib.ni.dll mscorjit.dll mscorlib.dll mscorlib.dll version.dll dbghelp.dll System.Runtime.Remoting.ni.dll cryptsp.dll mscorlib.dll mscorlib.dll Microsoft.VisualStudio.Tools.Office.Excel.AddInProxy.v9.0.dll Microsoft.VisualStudio.Tools.Office.Excel.AddInProxy.v9.0.dll mscorsec.dll wintrust.dll sensapi.dll imm32.dll crypt32.dll msasn1.dll comctl32.dll riched20.dll imagehlp.dll ncrypt.dll bcrypt.dll bcryptprimitives.dll userenv.dll gpapi.dll cryptnet.dll Wldap32.dll wow64cpu.dll SensApi.dll advapi32.dll Microsoft.VisualStudio.Tools.Office.Excel.AddInProxy.v9.0.dll msvcrt.dll System.ni.dll nettrace.dll System.AddIn.ni.dll scrobj.dll adwsres.dll Microsoft.VisualStudio.Tools.Office.AddInAdapter.v9.0.ni.dll kernel32.dll Microsoft.VisualStudio.Tools.Office.AddInAdapter.v9.0.dll Microsoft.VisualStudio.Tools.Office.AddInAdapter.v9.0.dll usp10.dll ntdll.dll wow64win.dll tquery.dll Microsoft.VisualStudio.Tools.Office.AddInAdapter.v9.0.dll System.ni.dll System.AddIn.ni.dll Microsoft.VisualStudio.Tools.Applications.AddInAdapter.v9.0.ni.dll Microsoft.VisualStudio.Tools.Applications.AddInAdapter.v9.0.dll Microsoft.VisualStudio.Tools.Applications.AddInAdapter.v9.0.dll user32.dll Microsoft.VisualStudio.Tools.Applications.AddInAdapter.v9.0.dll Microsoft.VisualStudio.Tools.Applications.AddInAdapter.v9.0.dll mpr.dll Microsoft.VisualStudio.Tools.Applications.AddInAdapter.v9.0.dll System.ni.dll System.Core.ni.dll msvcr90.dll imm32.dll System.AddIn.ni.dll Microsoft.VisualStudio.Tools.Applications.Adapter.v9.0.ni.dll profapi.dll Microsoft.VisualStudio.Tools.Applications.Adapter.v9.0.dll Microsoft.VisualStudio.Tools.Applications.Adapter.v9.0.dll Microsoft.VisualStudio.Tools.Applications.Adapter.v9.0.dll Microsoft.VisualStudio.Tools.Applications.Adapter.v9.0.dll Microsoft.VisualStudio.Tools.Applications.Adapter.v9.0.dll mscorlib.dll System.ni.dll System.AddIn.ni.dll Microsoft.VisualStudio.Tools.Applications.Runtime.v9.0.ni.dll Microsoft.VisualStudio.Tools.Applications.Runtime.v9.0.dll Microsoft.VisualStudio.Tools.Applications.Runtime.v9.0.dll user32.dll wow64cpu.dll usp10.dll version.dll Microsoft.VisualStudio.Tools.Applications.Runtime.v9.0.dll imm32.dll Microsoft.VisualStudio.Tools.Applications.Runtime.v9.0.dll msvcr120_clr0400.dll rsaenh.dll Microsoft.VisualStudio.Tools.Applications.Runtime.v9.0.dll System.ni.dll sechost.dll System.AddIn.ni.dll Microsoft.Office.Tools.v9.0.ni.dll bcp47lang.dll sxs.dll Microsoft.Office.Tools.v9.0.dll Microsoft.Office.Tools.v9.0.dll advapi32.dll Microsoft.Office.Tools.v9.0.dll System.AddIn.Contract.ni.dll System.AddIn.Contract.dll rpcrt4.dll System.AddIn.Contract.dll System.ComponentModel.DataAnnotations.dll System.AddIn.Contract.dll System.AddIn.Contract.dll System.AddIn.Contract.dll clbcatq.dll Microsoft.VisualStudio.Tools.Applications.Contract.v9.0.ni.dll Microsoft.VisualStudio.Tools.Applications.Contract.v9.0.dll Microsoft.VisualStudio.Tools.Applications.Contract.v9.0.dll Microsoft.VisualStudio.Tools.Applications.Contract.v9.0.dll Microsoft.VisualStudio.Tools.Applications.Contract.v9.0.dll cryptsp.dll ole32.dll system.web.dll ole32.dll Microsoft.VisualStudio.Tools.Applications.Contract.v9.0.dll Microsoft.VisualStudio.Tools.Office.Contract.v9.0.ni.dll user32.dll Microsoft.VisualStudio.Tools.Office.Contract.v9.0.dll Microsoft.VisualStudio.Tools.Office.Contract.v9.0.dll Microsoft.VisualStudio.Tools.Office.Contract.v9.0.dll wininet.dll Microsoft.Office.Interop.Excel.dll Microsoft.Office.Interop.Excel.dll Microsoft.Office.Interop.Excel.dll System.ni.dll System.AddIn.ni.dll kernel.appcore.dll System.AddIn.dll System.AddIn.dll System.AddIn.dll System.AddIn.dll microsoft.vsa.dll System.dll clbcatq.dll winnsi.dll System.dll System.dll System.dll imageres.dll System.Core.ni.dll msvcrt.dll System.Core.dll System.Core.dll System.Core.dll kernel32.dll sspicli.dll kernel32.dll System.Drawing.dll System.Core.dll Microsoft.VisualStudio.Tools.Office.Excel.AddInProxy.v9.0.dll Microsoft.VisualStudio.Tools.Office.Excel.AddInProxy.v9.0.dll Microsoft.VisualStudio.Tools.Office.Excel.AddInProxy.v9.0.ni.dll System.Core.dll Microsoft.VisualStudio.Tools.Office.Excel.AddInProxy.v9.0.ni.dll Microsoft.VisualStudio.Tools.Office.Excel.AddInProxy.v9.0.ni.dll ntdll.dll ntdll.dll oleaut32.dll wow64.dll wow64win.dll version.dll version.dll oleaut32.dll wow64cpu.dll kernel32.dll kernel32.dll kernel32.dll mapi32.dll bcryptprimitives.dll user32.dll kernel32.dll tipresx.dll KernelBase.dll advapi32.dll msvcrt.dll userenv.dll sechost.dll rpcrt4.dll sspicli.dll cryptbase.dll msvcr120_clr0400.dll mscoree.dll ole32.dll gdi32.dll user32.dll lpk.dll clbcatq.dll msshooks.dll system.configuration.dll wow64win.dll usp10.dll oleaut32.dll shlwapi.dll msv1_0.dll imm32.dll msctf.dll cryptsp.dll kernelbase.dll rsaenh.dll RpcRtRemote.dll clbcatq.dll setupapi.dll sxs.dll mscoreei.dll clr.dll shlwapi.dll urlmon.dll ntdll.dll mscorlib.ni.dll clrjit.dll System.ni.dll System.Core.ni.dll System.ServiceModel.Activities.ni.dll version.dll System.ServiceModel.Activities.dll System.ServiceModel.Activities.dll mscorlib.dll mscorlib.dll imm32.dll System.dll System.dll setupapi.dll System.Core.dll System.Core.dll System.Xaml.ni.dll System.Xaml.dll System.Xaml.dll System.ServiceModel.ni.dll System.ServiceModel.dll System.ServiceModel.dll System.Xml.Linq.ni.dll System.Xml.Linq.dll System.Xml.Linq.dll System.Data.OracleClient.dll System.Activities.ni.dll System.Activities.dll System.Activities.dll System.ServiceModel.Internals.ni.dll System.ServiceModel.Internals.dll System.ServiceModel.Internals.dll System.Runtime.DurableInstancing.ni.dll System.Runtime.DurableInstancing.dll System.Runtime.DurableInstancing.dll System.Transactions.ni.dll System.Transactions.dll System.Transactions.dll System.Transactions.dll System.Xml.ni.dll System.Xml.dll System.Xml.dll System.Runtime.Serialization.ni.dll System.Runtime.Serialization.dll System.Runtime.Serialization.dll System.Configuration.ni.dll System.Configuration.dll System.Configuration.dll System.Activities.DurableInstancing.ni.dll System.Activities.DurableInstancing.dll System.Activities.DurableInstancing.dll System.IdentityModel.ni.dll kernel32.dll System.IdentityModel.dll System.IdentityModel.dll lpk.dll System.Numerics.ni.dll System.Numerics.dll System.Numerics.dll System.Security.ni.dll System.Security.dll System.Security.dll,normal
 ntdll.dll kernel32.dll msctf.dll ntdll.dll KernelBase.dll advapi32.dll msvcrt.dll system.management.automation.dll ole32.dll sechost.dll rpcrt4.dll user32.dll win32u.dll gdi32.dll gdi32full.dll combase.dll ucrtbase.dll msvcp110_win.dll scrobj.dll bcryptprimitives.dll shell32.dll cfgmgr32.dll windows.storage.dll oleaut32.dll powrprof.dll shlwapi.dll dhcpcsvc.dll kernel.appcore.dll SHCore.dll profapi.dll msctf.dll msadcer.dll bcryptprimitives.dll msvcrt.dll ole32.dll imm32.dll advapi32.dll uxtheme.dll msctf.dll oleaut32.dll msvcp_win.dll dwmapi.dll,normal
 ntdll.dll ntdll.dll ntdll.dll wow64.dll wow64win.dll UIAnimation.dll wow64cpu.dll kernel32.dll imm32.dll sechost.dll kernel32.dll kernel32.dll wshext.dll wow64cpu.dll system.drawing.dll user32.dll mscorlib.dll msvcr120_clr0400.dll kernel32.dll wship6.dll api-ms-win-crt-stdio-l1-1-0.dll kernelbase.dll advapi32.dll msvcrt.dll sechost.dll msctf.dll rpcrt4.dll comctl32.dll Accessibility.dll sspicli.dll cryptbase.dll dnsapi.dll ws2_32.dll nsi.dll winnsi.dll oleaut32.dll dhcpcsvc.dll ole32.dll dhcpcsvc6.dll shell32.dll shlwapi.dll gdi32.dll user32.dll lpk.dll usp10.dll ole32.dll sechost.dll imm32.dll msctf.dll sfc.dll clbcatq.dll oleaut32.dll kbd106.dll wldp.dll cryptsp.dll rsaenh.dll rpcrtremote.dll shlwapi.dll wevtapi.dll ntdll.dll coreuicomponents.dll ntdll.dll wow64.dll system.runtime.serialization.formatters.soap.dll wow64win.dll wow64cpu.dll kernel32.dll kernel32.dll kernel32.dll user32.dll kernel32.dll kernelbase.dll msvcrt.dll lpk.dll winbrand.dll user32.dll gdi32.dll netprofm.dll lpk.dll usp10.dll advapi32.dll sechost.dll rpcrt4.dll sspicli.dll cryptbase.dll imm32.dll msctf.dll apphelp.dll,normal
 ntdll.dll msvcrt.dll perfctrs.dll kernel32.dll kernel32.dll kernelbase.dll msvcrt.dll version.dll conhostv2.dll combase.dll adtschema.dll kernelbase.dll ucrtbase.dll presentationcore.dll rpcrt4.dll msvcrt.dll bcryptprimitives.dll gdi32.dll gdi32full.dll user32.dll win32u.dll cryptsp.dll msctf.dll psapi.dll imm32.dll advapi32.dll oleaut32.dll msvcp_win.dll propsys.dll sechost.dll shcore.dll shell32.dll cfgmgr32.dll windows.storage.dll powrprof.dll advapi32.dll shlwapi.dll kernel.appcore.dll profapi.dll uxtheme.dll msctf.dll dwmapi.dll,normal
 cfgmgr32.dll ntdll.dll ntdll.dll wow64.dll wow64win.dll wow64cpu.dll kernel32.dll kernel32.dll kernel32.dll user32.dll mscorlib.ni.dll kernel32.dll KernelBase.dll msvcrt.dll winbrand.dll user32.dll gdi32.dll lpk.dll msctf.dll usp10.dll setupapi.dll advapi32.dll System.ni.dll wow64.dll ieframe.dll sechost.dll rpcrt4.dll ntmarta.dll sspicli.dll cryptbase.dll cbscore.dll imm32.dll msctf.dll msftedit.dll apphelp.dll,normal
 ntdll.dll kernel32.dll kernel32.dll user32.dll ole32.dll ntdll.dll wow64.dll wow64win.dll winsta.dll propsys.dll sspicli.dll wow64cpu.dll mscoreei.dll kernel32.dll kernel32.dll KernelBase.dll oleaut32.dll ole32.dll msvcrt.dll gdi32.dll kernel32.dll user32.dll advapi32.dll sechost.dll rpcrt4.dll sspicli.dll shlwapi.dll ntmarta.dll shcore.dll cryptbase.dll wldap32.dll fdPHost.dll lpk.dll usp10.dll shlwapi.dll imm32.dll msctf.dll comctl32.dll wevtapi.dll credui.dll,normal
 system.ni.dll ntdll.dll kernel32.dll sspicli.dll kernelbase.dll msvcrt.dll conhostv1.dll user32.dll wow64.dll shlwapi.dll gdi32.dll imm32.dll msctf.dll oleaut32.dll combase.dll rpcrt4.dll,normal
 SensApi.dll SensApi.dll SensApi.dll system.data.oracleclient.dll SensApi.dll SensApi.dll SensApi.dll SensApi.dll SensApi.dll SensApi.dll shell32.dll api-ms-win-crt-locale-l1-1-0.dll System.Configuration.ni.dll SensApi.dll cfgmgr32.dll SensApi.dll SensApi.dll gdi32.dll system.data.entity.design.dll SensApi.dll SensApi.dll SensApi.dll SensApi.dll SensApi.dll SensApi.dll SensApi.dll Accessibility.dll msctf.dll SensApi.dll SensApi.dll SensApi.dll cryptbase.dll wevtapi.dll powrprof.dll SensApi.dll SensApi.dll wrpint.dll SensApi.dll rsaenh.dll kernel32.dll SensApi.dll system.xml.dll SensApi.dll lpk.dll Microsoft.Management.Infrastructure.ni.dll SensApi.dll SensApi.dll SensApi.dll SensApi.dll api-ms-win-core-processenvironment-l1-2-0.dll SensApi.dll SensApi.dll SensApi.dll SensApi.dll SensApi.dll wininet.dll SensApi.dll dhcpcsvc6.dll SensApi.dll SensApi.dll SensApi.dll MpClient.dll SensApi.dll SensApi.dll SensApi.dll SensApi.dll lpk.dll SensApi.dll SensApi.dll SensApi.dll SensApi.dll ntdll.dll SensApi.dll SensApi.dll kernel32.dll SensApi.dll SensApi.dll SensApi.dll mscoreei.dll SensApi.dll lpk.dll SensApi.dll ole32.dll SensApi.dll imm32.dll SensApi.dll SensApi.dll nsi.dll clbcatq.dll sspicli.dll SensApi.dll SensApi.dll SensApi.dll SensApi.dll winsta.dll SensApi.dll SensApi.dll SensApi.dll SensApi.dll SensApi.dll mscorlib.dll SensApi.dll msctf.dll rpcrt4.dll SensApi.dll SensApi.dll lpk.dll SensApi.dll msctf.dll SensApi.dll SensApi.dll SensApi.dll SensApi.dll SensApi.dll SensApi.dll SensApi.dll sppc.dll SensApi.dll imm32.dll bcryptprimitives.dll SensApi.dll SensApi.dll SensApi.dll SensApi.dll SensApi.dll mciavi32.dll SensApi.dll ondemandconnroutehelper.dll SensApi.dll SensApi.dll SensApi.dll SensApi.dll SensApi.dll SensApi.dll gdi32.dll SensApi.dll SensApi.dll SensApi.dll SensApi.dll SensApi.dll SensApi.dll SensApi.dll kernelbase.dll kernel32.dll SensApi.dll SensApi.dll usp10.dll mcstore.ni.dll SensApi.dll SensApi.dll uiautomationtypes.ni.dll SensApi.dll SensApi.dll mscoree.dll SensApi.dll SensApi.dll SensApi.dll SensApi.dll SensApi.dll SensApi.dll SensApi.dll dpapi.dll SensApi.dll SensApi.dll SensApi.dll SensApi.dll SensApi.dll SensApi.dll crypt32.dll api-ms-win-core-realtime-l1-1-0.dll devobj.dll SensApi.dll SensApi.dll kernel32.dll SensApi.dll SensApi.dll kernelbase.dll wship6.dll pla.dll winbrand.dll SensApi.dll msvcp_win.dll gdi32.dll SensApi.dll SensApi.dll SensApi.dll SensApi.dll kernelbase.dll SensApi.dll SensApi.dll SensApi.dll SensApi.dll SensApi.dll usp10.dll SensApi.dll SyncCenter.dll SensApi.dll wow64cpu.dll SensApi.dll SensApi.dll SensApi.dll System.ServiceModel.Internals.dll SensApi.dll SensApi.dll sechost.dll SensApi.dll advapi32.dll usp10.dll SensApi.dll SensApi.dll sechost.dll SensApi.dll SensApi.dll cbsapi.dll SensApi.dll SensApi.dll clbcatq.dll ucrtbase.dll SensApi.dll system.design.dll wow64win.dll GdiPlus.dll SensApi.dll SensApi.dll SensApi.dll SensApi.dll SensApi.dll SensApi.dll SensApi.dll SensApi.dll SensApi.dll SensApi.dll kernelbase.dll SensApi.dll SensApi.dll SensApi.dll SensApi.dll SensApi.dll SensApi.dll SensApi.dll SensApi.dll SensApi.dll oleaut32.dll SensApi.dll SensApi.dll SensApi.dll SensApi.dll SensApi.dll gdi32.dll System.Xml.ni.dll SensApi.dll rpcrt4.dll SensApi.dll SensApi.dll sechost.dll SensApi.dll gdi32.dll SensApi.dll SensApi.dll SensApi.dll System.Security.dll SensApi.dll SensApi.dll SensApi.dll SensApi.dll SensApi.dll SensApi.dll SensApi.dll ntdll.dll SensApi.dll system.data.oracleclient.ni.dll SensApi.dll SensApi.dll SensApi.dll ntmarta.dll pnrpnsp.dll SensApi.dll SensApi.dll SensApi.dll System.Xml.dll SensApi.dll SensApi.dll SensApi.dll SensApi.dll SensApi.dll SensApi.dll SensApi.dll SensApi.dll SensApi.dll SensApi.dll SensApi.dll SensApi.dll SensApi.dll SensApi.dll SensApi.dll SensApi.dll SensApi.dll SensApi.dll SensApi.dll SensApi.dll SensApi.dll SensApi.dll SensApi.dll SensApi.dll SensApi.dll SensApi.dll SensApi.dll SensApi.dll uxtheme.dll,normal
 ntdll.dll gdi32.dll ntdll.dll api-ms-win-crt-math-l1-1-0.dll wow64.dll wow64win.dll wow64cpu.dll kernel32.dll kernel32.dll kernel32.dll user32.dll kernel32.dll KernelBase.dll advapi32.dll msvcrt.dll system.web.services.ni.dll sechost.dll system.web.dll rpcrt4.dll sspicli.dll cryptsp.dll cryptbase.dll dnsapi.dll wow64.dll ws2_32.dll nsi.dll winnsi.dll dhcpcsvc.dll kernelbase.dll cryptsp.dll dhcpcsvc6.dll kernel32.dll combase.dll bcryptprimitives.dll shell32.dll system.configuration.dll profapi.dll shlwapi.dll gdi32.dll shlwapi.dll user32.dll lpk.dll usp10.dll oleaut32.dll ole32.dll imm32.dll dbghelp.dll msctf.dll ole32.dll clbcatq.dll kernel.appcore.dll oleaut32.dll cryptsp.dll rsaenh.dll RpcRtRemote.dll dpx.dll wevtapi.dll kernel32.dll msvcrt.dll ntdll.dll ntdll.dll wow64.dll wow64win.dll msasn1.dll wow64cpu.dll kernel32.dll kernel32.dll kernel32.dll user32.dll kernel32.dll KernelBase.dll lpk.dll kernel32.dll msvcrt.dll winbrand.dll user32.dll gdi32.dll lpk.dll usp10.dll advapi32.dll sechost.dll System.Core.ni.dll rpcrt4.dll sspicli.dll cryptbase.dll imm32.dll msctf.dll apphelp.dll,normal
 msctf.dll kdcsvc.dll ntdll.dll kernel32.dll KernelBase.dll setupapi.dll shell32.dll msvcrt.dll rpcrt4.dll gdi32.dll kernel32.dll user32.dll lpk.dll usp10.dll mssprxy.dll ole32.dll oleaut32.dll imm32.dll ntdll.dll wow64.dll ole32.dll srvcli.dll shdocvw.dll chrome_child.dll wow64win.dll wow64cpu.dll kernel32.dll kernel32.dll kernel32.dll kernel32.dll user32.dll system.web.services.ni.dll kernel32.dll KernelBase.dll advapi32.dll msvcrt.dll advapi32.dll sechost.dll oleaut32.dll rpcrt4.dll sspicli.dll clbcatq.dll kernel32.dll cryptbase.dll cryptbase.dll msvcr120_clr0400.dll ws2_32.dll RpcRtRemote.dll kernelbase.dll mscoree.dll ole32.dll gdi32.dll user32.dll wow64.dll lpk.dll usp10.dll secur32.dll usp10.dll oleaut32.dll imm32.dll ntdll.dll msctf.dll ntdll.dll cryptsp.dll rsaenh.dll RpcRtRemote.dll msvcrt.dll kernel32.dll RpcRtRemote.dll microsoft.mediacenter.ui.ni.dll clrjit.dll user32.dll clbcatq.dll sxs.dll version.dll mscoreei.dll System.Runtime.DurableInstancing.dll sppc.dll msctf.dll Microsoft.Powershell.Workflow.ServiceCore.dll msimg32.dll mscorwks.dll msvcr80.dll shlwapi.dll clbcatq.dll shell32.dll profapi.dll mscorlib.ni.dll mscorjit.dll api-ms-win-downlevel-advapi32-l2-1-0.dll microsoft.visualstudio.tools.office.contract.v9.0.dll kernel32.dll rpcrt4.dll mscorlib.dll cryptbase.dll kernel32.dll ws2_32.dll mscorlib.dll shlwapi.dll version.dll mscorlib.dll system.directoryservices.protocols.dll user32.dll mscorlib.dll advapi32.dll PresentationFramework.Royale.ni.dll PresentationFramework.Royale.dll PresentationFramework.Royale.dll PresentationFramework.Royale.dll PresentationFramework.Royale.dll System.ni.dll WindowsBase.ni.dll PresentationCore.ni.dll ws2_32.dll PresentationFramework.ni.dll PresentationFramework.dll PresentationFramework.dll PresentationFramework.dll shell32.dll PresentationFramework.dll WindowsBase.dll kernel32.dll WindowsBase.dll WindowsBase.dll ole32.dll WindowsBase.dll System.dll kernel32.dll clusapi.dll system.configuration.install.ni.dll System.dll system.printing.dll iertutil.dll lpk.dll System.dll System.dll ntdll.dll PresentationCore.dll gdi32.dll PresentationCore.dll PresentationCore.dll PresentationCore.dll System.Xml.ni.dll System.XML.dll System.XML.dll SMDiagnostics.ni.dll System.XML.dll System.XML.dll UIAutomationProvider.ni.dll wevtapi.dll UIAutomationProvider.dll UIAutomationProvider.dll UIAutomationProvider.dll UIAutomationProvider.dll System.Drawing.ni.dll System.Drawing.dll System.Drawing.dll System.Drawing.dll kernel32.dll System.ni.dll System.Drawing.dll System.Deployment.ni.dll System.Deployment.dll System.Deployment.dll System.Deployment.dll System.Deployment.dll PresentationUI.ni.dll PresentationUI.dll PresentationUI.dll msswch.dll System.Printing.ni.dll System.Printing.dll rpcrt4.dll crypt32.dll lpk.dll System.Printing.dll system.data.ni.dll System.Printing.dll ehibmldatacarousel.ni.dll mscoreei.dll System.Printing.dll seclogon.dll ReachFramework.ni.dll ReachFramework.dll ReachFramework.dll UIAutomationTypes.ni.dll clbcatq.dll UIAutomationTypes.dll UIAutomationTypes.dll UIAutomationTypes.dll UIAutomationTypes.dll System.Data.ni.dll System.Data.dll System.Data.dll System.Data.dll System.Data.dll System.Data.dll system.transactions.dll ws2_32.dll nsi.dll crypt32.dll msasn1.dll Accessibility.ni.dll Accessibility.dll Accessibility.dll Accessibility.dll Accessibility.dll System.Configuration.ni.dll System.configuration.dll System.configuration.dll System.configuration.dll System.configuration.dll System.Security.ni.dll System.Security.dll imageres.dll System.Security.dll System.Security.dll System.Security.dll mscorlib.dll System.Data.SqlXml.ni.dll System.Data.SqlXml.dll System.Data.SqlXml.dll System.Data.SqlXml.dll System.Data.SqlXml.dll Microsoft.VisualC.ni.dll PresentationCFFRasterizer.ni.dll FwRemoteSvr.dll PresentationCFFRasterizer.dll PresentationCFFRasterizer.dll System.Windows.Forms.ni.dll System.Windows.Forms.dll kernel32.dll wow64cpu.dll System.Windows.Forms.dll System.Windows.Forms.dll webio.dll System.Windows.Forms.dll System.Runtime.Serialization.Formatters.Soap.ni.dll System.Runtime.Serialization.Formatters.Soap.dll System.Runtime.Serialization.Formatters.Soap.dll System.DirectoryServices.ni.dll oleaut32.dll System.DirectoryServices.dll System.DirectoryServices.dll System.DirectoryServices.dll System.DirectoryServices.dll System.Transactions.ni.dll System.Transactions.dll user32.dll System.Transactions.dll System.Transactions.dll System.Transactions.dll System.Transactions.dll system.data.oracleclient.dll System.EnterpriseServices.ni.dll System.EnterpriseServices.dll System.EnterpriseServices.dll System.Runtime.Remoting.ni.dll System.Runtime.Remoting.dll System.Runtime.Remoting.dll System.Web.ni.dll System.Web.dll System.Web.dll System.Web.dll System.Web.dll kernel32.dll System.Web.Services.ni.dll System.Web.Services.dll System.Web.Services.dll System.Web.Services.dll System.Web.Services.dll System.DirectoryServices.Protocols.ni.dll System.DirectoryServices.Protocols.dll System.DirectoryServices.Protocols.dll System.DirectoryServices.Protocols.dll gpsvc.dll api-ms-win-crt-string-l1-1-0.dll rpcrt4.dll System.DirectoryServices.Protocols.dll System.Design.ni.dll System.Design.dll System.Design.dll System.ServiceProcess.ni.dll System.ServiceProcess.dll System.ServiceProcess.dll System.Web.RegularExpressions.ni.dll System.Web.RegularExpressions.dll System.Web.RegularExpressions.dll System.Web.RegularExpressions.dll System.Web.RegularExpressions.dll System.Drawing.Design.ni.dll System.Drawing.Design.dll System.Drawing.Design.dll System.Data.OracleClient.ni.dll System.Data.OracleClient.dll System.Data.OracleClient.dll System.Data.OracleClient.dll System.Data.OracleClient.dll System.Data.OracleClient.dll System.Configuration.Install.ni.dll System.Configuration.Install.dll System.Configuration.Install.dll,normal
 ntdll.dll msadox.dll nsi.dll kernel32.dll clbcatq.dll KernelBase.dll advapi32.dll rpcrt4.dll msvcrt.dll msasn1.dll sechost.dll rpcrt4.dll msvcrt.dll wpdshext.dll user32.dll wmsgapi.dll gdi32.dll lpk.dll usp10.dll lpk.dll gdi32.dll windows.storage.dll sechost.dll ole32.dll shlwapi.dll shell32.dll ntdll.dll dui70.dll imm32.dll msctf.dll cryptbase.dll uxtheme.dll dwmapi.dll xmllite.dll oleaut32.dll version.dll comctl32.dll duser.dll clbcatq.dll oleacc.dll rsaenh.dll imecfm.dll version.dll winmm.dll sapi.dll ncrypt.dll msacm32.dll samcli.dll msdmo.dll MMDevAPI.dll setupapi.dll cfgmgr32.dll sensapi.dll shell32.dll devobj.dll imm32.dll api-ms-win-core-kernel32-legacy-l1-1-0.dll propsys.dll imm32.dll MSTTSEngine.dll MSTTSFrontendENU.dll MSTTSCommon.dll profapi.dll shfolder.dll ntmarta.dll Wldap32.dll rpcrt4.dll cryptsp.dll rsaenh.dll usp10.dll RpcRtRemote.dll lpk.dll sxs.dll wow64cpu.dll crypt32.dll msasn1.dll wintrust.dll system.security.ni.dll ntdll.dll kernel32.dll KernelBase.dll cfgmgr32.dll System.Runtime.Remoting.dll advapi32.dll msvcrt.dll sechost.dll rpcrt4.dll msvcr120_clr0400.dll advapi32.dll mscoree.dll shlwapi.dll ole32.dll gdi32.dll user32.dll mscorwks.dll lpk.dll usp10.dll cryptbase.dll oleaut32.dll imm32.dll msctf.dll cryptbase.dll cryptsp.dll rsaenh.dll RpcRtRemote.dll clbcatq.dll sxs.dll mscoreei.dll bdatunepia.ni.dll clr.dll shlwapi.dll mscorlib.ni.dll iertutil.dll clrjit.dll System.ni.dll wucltux.dll version.dll mscorlib.dll mscorlib.dll gdi32.dll System.Drawing.ni.dll System.Windows.Forms.ni.dll Microsoft.VisualBasic.Compatibility.ni.dll System.Core.ni.dll Microsoft.VisualBasic.ni.dll api-ms-win-downlevel-user32-l1-1-0.dll avrt.dll System.Security.ni.dll ReachFramework.ni.dll api-ms-win-core-xstate-l2-1-0.dll Microsoft.VisualBasic.Compatibility.Data.ni.dll System.Data.dll kernel32.dll shlwapi.dll ntdll.dll nsi.dll kernel32.dll KernelBase.dll msctf.dll Microsoft.VisualStudio.Tools.Applications.Runtime.dll advapi32.dll api-ms-win-core-heap-obsolete-l1-1-0.dll msvcrt.dll sechost.dll rpcrt4.dll msvcr120_clr0400.dll mscoree.dll ole32.dll gdi32.dll user32.dll lpk.dll usp10.dll kernel32.dll SensApi.dll wpdshext.dll oleaut32.dll imm32.dll webio.dll msctf.dll cryptbase.dll dpapi.dll cryptsp.dll rsaenh.dll rpcrt4.dll RpcRtRemote.dll clbcatq.dll dnsapi.dll advapi32.dll sxs.dll mscoreei.dll msvcrt.dll clr.dll shlwapi.dll mscorlib.ni.dll clrjit.dll System.ni.dll version.dll mscorlib.dll mscorlib.dll gpapi.dll System.Core.ni.dll System.Workflow.ComponentModel.ni.dll System.WorkflowServices.ni.dll System.Workflow.Runtime.ni.dll System.Xml.ni.dll api-ms-win-downlevel-normaliz-l1-1-0.dll System.Design.ni.dll System.ServiceModel.ni.dll System.Drawing.ni.dll kernel32.dll System.Windows.Forms.ni.dll System.IdentityModel.ni.dll System.Workflow.Activities.ni.dll kernel32.dll bcrypt.dll rpcrt4.dll System.Runtime.Serialization.ni.dll System.ServiceModel.Activities.ni.dll System.Activities.ni.dll System.Web.ni.dll System.Web.dll System.Web.dll System.ServiceModel.Activation.ni.dll System.Transactions.ni.dll netshell.dll mscorwks.dll System.Transactions.dll System.Transactions.dll System.Transactions.dll gdi32.dll oleaut32.dll System.ServiceModel.Internals.ni.dll System.Messaging.ni.dll gdiplus.dll propsys.dll System.Configuration.ni.dll shlwapi.dll usp10.dll System.Data.ni.dll sens.dll System.Data.dll uiautomationtypes.ni.dll System.Data.dll System.Data.dll SMDiagnostics.ni.dll ntdll.dll ntdll.dll wow64.dll wow64win.dll WindowsBase.ni.dll wow64cpu.dll kernel32.dll kernel32.dll kernel32.dll user32.dll kernel32.dll KernelBase.dll advapi32.dll msvcrt.dll sechost.dll oleaut32.dll rpcrt4.dll sspicli.dll cryptbase.dll api-ms-win-core-datetime-l1-1-1.dll msvcr120_clr0400.dll ieframe.dll mscoree.dll ole32.dll gdi32.dll mscorlib.dll user32.dll lpk.dll usp10.dll oleaut32.dll imm32.dll msctf.dll cryptsp.dll rsaenh.dll RpcRtRemote.dll clbcatq.dll sxs.dll mscoreei.dll clr.dll shlwapi.dll mscorlib.ni.dll clrjit.dll System.ni.dll PresentationFramework-SystemXmlLinq.ni.dll cryptbase.dll version.dll mscorlib.dll mscorlib.dll system.transactions.dll System.dll System.dll System.Core.ni.dll WindowsBase.ni.dll WindowsBase.dll userenv.dll system.design.ni.dll cryptsp.dll WindowsBase.dll System.Core.dll System.Core.dll mrmcorer.dll System.Xml.Linq.ni.dll sxs.dll System.Xml.Linq.dll System.Xml.Linq.dll System.Configuration.ni.dll System.Configuration.dll System.Configuration.dll System.Xml.ni.dll System.Xml.dll System.Xml.dll,normal
 ntdll.dll kernel32.dll cryptsp.dll dsound.dll SensApi.dll tquery.dll kernelbase.dll psapi.dll msvcrt.dll rpcrt4.dll wpdshext.dll combase.dll sspicli.dll ucrtbase.dll bcryptprimitives.dll advapi32.dll oleaut32.dll msvcp_win.dll imm32.dll user32.dll win32u.dll gdi32.dll gdi32full.dll kernel.appcore.dll sechost.dll system.deployment.dll profapi.dll uxtheme.dll dwmapi.dll clbcatq.dll shcore.dll tiptsf.dll sspicli.dll advapi32.dll sechost.dll profapi.dll bcrypt.dll settingsyncpolicy.dll userenv.dll settingsynccore.dll windows.storage.applicationdata.dll UIAutomationProvider.dll tokenbinding.dll wintypes.dll cryptsp.dll sspicli.dll tokenbroker.dll crypt32.dll msasn1.dll comctl32.dll onecorecommonproxystub.dll usermgrproxy.dll iertutil.dll vaultcli.dll,normal
 ntdll.dll ntdll.dll wow64.dll system.configuration.dll System.Security.ni.dll wow64win.dll wow64cpu.dll api-ms-win-core-shlwapi-obsolete-l1-1-0.dll system.data.sqlxml.dll kernel32.dll kernel32.dll kernel32.dll tdh.dll SensApi.dll user32.dll kernel32.dll kernelbase.dll msvcrt.dll winbrand.dll wow64.dll user32.dll gdi32.dll System.Data.Linq.dll lpk.dll usp10.dll advapi32.dll sechost.dll imageres.dll rpcrt4.dll sspicli.dll cryptbase.dll cryptbase.dll imm32.dll msctf.dll apphelp.dll,normal
 ntdll.dll kernel32.dll kernelbase.dll advapi32.dll msvcrt.dll sechost.dll lpk.dll rpcrt4.dll ole32.dll combase.dll ucrtbase.dll bcryptprimitives.dll user32.dll gdi32.dll gdi32full.dll user32.dll spoolss.dll win32u.dll oleaut32.dll msvcp_win.dll xmllite.dll imm32.dll kernel.appcore.dll srvcli.dll uxtheme.dll version.dll rsaenh.dll auditcse.dll tiptsf.dll api-ms-win-downlevel-user32-l1-1-0.dll System.AddIn.Contract.ni.dll clbcatq.dll cryptbase.dll wsmauto.dll ole32.dll crypt32.dll rsaenh.dll apphelp.dll msasn1.dll crypt32.dll miutils.dll wsmsvc.dll dsrole.dll pcwum.dll mi.dll userenv.dll profapi.dll cscapi.dll gpapi.dll clbcatq.dll ole32.dll winhttp.dll NapiNSP.dll wkscli.dll NlsLexicons001b.dll System.Windows.Forms.dll bcrypt.dll netutils.dll sspicli.dll ws2_32.dll ondemandconnroutehelper.dll webio.dll mswsock.dll winnsi.dll nsi.dll dnsapi.dll rasadhlp.dll msv1_0.dll ntlmshared.dll cryptdll.dll,normal
 ntdll.dll kernel32.dll KernelBase.dll advapi32.dll system.core.dll msvcrt.dll sechost.dll gdi32.dll rpcrt4.dll user32.dll gdi32.dll lpk.dll usp10.dll shlwapi.dll sechost.dll imm32.dll msctf.dll System.Configuration.ni.dll ole32.dll oleaut32.dll shell32.dll KernelBase.dll cryptbase.dll clbcatq.dll shlwapi.dll cryptsp.dll kernelbase.dll rsaenh.dll RpcRtRemote.dll crypt32.dll msasn1.dll ws2_32.dll ole32.dll nsi.dll System.dll Wldap32.dll setupapi.dll clr.dll cfgmgr32.dll devobj.dll sxs.dll oleaut32.dll version.dll KernelBase.dll wtsapi32.dll rpcrt4.dll sspicli.dll System.Drawing.dll nlasvc.dll Microsoft.VisualStudio.Tools.Office.HostAdapter.v10.0.ni.dll rasapi32.dll rasman.dll kernel32.dll winhttp.dll webio.dll cryptui.dll comctl32.dll uxtheme.dll duser.dll dwmapi.dll xmllite.dll xmllite.dll winbrand.dll version.dll oleacc.dll WinSCard.dll slc.dll imecfm.dll rsaenh.dll imecfm.dll sppcommdlg.dll sppc.dll sppcomapi.dll rpcrt4.dll sppcext.dll tapi32.dll msi.dll slwga.dll ntdll.dll,normal
 ntdll.dll kernel32.dll kernelbase.dll gdi32.dll user32.dll lpk.dll usp10.dll ntdll.dll shcore.dll msvcrt.dll kernelbase.dll imm32.dll msctf.dll ole32.dll kernel32.dll system.configuration.install.ni.dll rpcrt4.dll oleaut32.dll,normal
 ntdll.dll kernel32.dll msi.dll oleaut32.dll lpk.dll usp10.dll imm32.dll ole32.dll ws2_32.dll sechost.dll clbcatq.dll cryptbase.dll nsi.dll user32.dll msvcrt.dll api-ms-win-service-core-l1-1-0.dll user32.dll advapi32.dll userenv.dll msctf.dll msctf.dll gdi32.dll profapi.dll usp10.dll rpcrt4.dll KernelBase.dll RpcRtRemote.dll cryptbase.dll ole32.dll msvcr120_clr0400.dll bcrypt.dll lpk.dll sfc_os.dll wldap32.dll cryptsp.dll rsaenh.dll ntdsapi.dll secur32.dll wbemcomn2.dll kernelbase.dll fastprox.dll wbemsvc.dll user32.dll cryptbase.dll ntdll.dll kernel32.dll KernelBase.dll advapi32.dll dpx.dll msvcrt.dll cryptsp.dll sechost.dll msctf.dll rpcrt4.dll user32.dll gdi32.dll lpk.dll usp10.dll shlwapi.dll imm32.dll userenv.dll msctf.dll ole32.dll system.data.sqlxml.dll oleaut32.dll shell32.dll dnsapi.dll cryptbase.dll clbcatq.dll cryptsp.dll rsaenh.dll RpcRtRemote.dll kernel32.dll kernel32.dll certcli.dll crypt32.dll msasn1.dll wcp.dll ws2_32.dll nsi.dll setupapi.dll cfgmgr32.dll devobj.dll sxs.dll wtsapi32.dll rasapi32.dll rasman.dll winhttp.dll webio.dll cryptui.dll comctl32.dll kernel32.dll sspicli.dll uxtheme.dll winbrand.dll WinSCard.dll slc.dll sppcommdlg.dll sppc.dll sppcomapi.dll sppcext.dll tapi32.dll msi.dll mscoreei.dll slwga.dll,normal
 Microsoft.Office.Tools.Common.Implementation.dll ntdll.dll kernel32.dll kernelbase.dll msvcrt.dll winbrand.dll user32.dll gdi32.dll lpk.dll auditcse.dll usp10.dll cryptsp.dll api-ms-win-crt-environment-l1-1-0.dll imm32.dll msctf.dll,normal
 ntdll.dll kernel32.dll KernelBase.dll advapi32.dll msvcrt.dll sechost.dll rpcrt4.dll user32.dll gdi32.dll mscoreei.dll lpk.dll usp10.dll ole32.dll wow64.dll oleaut32.dll tquery.dll clr.dll shlwapi.dll imm32.dll ntdll.dll msctf.dll cryptbase.dll msshooks.dll clbcatq.dll msvcr120_clr0400.dll msidle.dll ntdll.dll lsasrv.dll cryptsp.dll rsaenh.dll RpcRtRemote.dll mssprxy.dll mscoreei.dll ieframe.dll api-ms-win-downlevel-advapi32-l1-1-0.dll api-ms-win-downlevel-shlwapi-l1-1-0.dll msvcrt.dll api-ms-win-downlevel-user32-l1-1-0.dll api-ms-win-downlevel-shell32-l1-1-0.dll kernel32.dll cryptsp.dll system.core.dll oleaut32.dll ole32.dll shell32.dll api-ms-win-downlevel-version-l1-1-0.dll ntdll.dll ntdll.dll sechost.dll version.dll api-ms-win-downlevel-normaliz-l1-1-0.dllnormaliz.dll winbrand.dll iertutil.dll comctl32.dll api-ms-win-downlevel-shlwapi-l2-1-0.dll api-ms-win-downlevel-ole32-l1-1-0.dll secur32.dll sspicli.dll mlang.dll propsys.dll wininet.dll userenv.dll profapi.dll api-ms-win-downlevel-advapi32-l2-1-0.dll,normal
 ntdll.dll,normal
 usp10.dll mintdh.dll ntdll.dll kernel32.dll kernelbase.dll gdi32.dll user32.dll lpk.dll usp10.dll msvcrt.dll wow64cpu.dll cryptsp.dll imm32.dll ntdll.dll msctf.dll ole32.dll msutb.dll rpcrt4.dll oleaut32.dll cryptbase.dll clbcatq.dll cryptbase.dll wow64.dll advapi32.dll windows.ui.cred.dll sechost.dll ntdll.dll ntdll.dll Microsoft.Management.Infrastructure.ni.dll ntdll.dll wow64.dll slc.dll System.Windows.Forms.ni.dll wow64win.dll wow64cpu.dll kernel32.dll kernel32.dll kernel32.dll user32.dll kernel32.dll kernelbase.dll msvcrt.dll winbrand.dll user32.dll sechost.dll shlwapi.dll gdi32.dll lpk.dll usp10.dll advapi32.dll sechost.dll rpcrt4.dll sspicli.dll cryptbase.dll smdiagnostics.dll imm32.dll msctf.dll apphelp.dll,normal
 ntdll.dll ntdll.dll cryptsp.dll ole32.dll ntdll.dll rpcrt4.dll dhcpcsvc6.dll sppuinotify.dll wow64.dll wow64win.dll bcryptprimitives.dll dhcpcore.dll wow64cpu.dll kernel32.dll kernel32.dll kernel32.dll user32.dll system.data.oracleclient.dll kernel32.dll kernelbase.dll advapi32.dll msvcrt.dll msvcp110_win.dll sechost.dll rpcrt4.dll sspicli.dll cryptbase.dll dnsapi.dll ws2_32.dll api-ms-win-core-file-l2-1-1.dll nsi.dll winnsi.dll dhcpcsvc.dll advapi32.dll dhcpcsvc6.dll kernel32.dll Microsoft.VisualStudio.Tools.Office.AddInAdapter.v9.0.ni.dll shell32.dll msvcrt.dll api-ms-win-core-sysinfo-l1-2-1.dll system.xml.linq.dll sechost.dll shlwapi.dll gdi32.dll user32.dll lpk.dll usp10.dll ole32.dll sspicli.dll imm32.dll msctf.dll clbcatq.dll cryptbase.dll oleaut32.dll ExplorerFrame.dll cryptsp.dll rsaenh.dll lpk.dll rpcrtremote.dll profapi.dll wevtapi.dll ntdll.dll ntdll.dll wow64.dll wow64win.dll wow64cpu.dll kernel32.dll kernel32.dll kernel32.dll user32.dll system.numerics.ni.dll kernel32.dll kernelbase.dll msvcrt.dll lpk.dll winbrand.dll user32.dll gdi32.dll lpk.dll usp10.dll advapi32.dll sechost.dll rpcrt4.dll sspicli.dll cryptbase.dll imm32.dll msctf.dll apphelp.dll,normal
 ws2_32.dll ntdll.dll kernel32.dll kernelbase.dll apphelp.dll advapi32.dll msvcrt.dll api-ms-win-core-synch-l1-2-0.dll sechost.dll cryptbase.dll System.Security.dll rpcrt4.dll System.Core.dll crypt32.dll gdi32.dll rsaenh.dll ucrtbase.dll msasn1.dll ole32.dll combase.dll bcryptprimitives.dll gdi32.dll gdi32full.dll advapi32.dll msvcp_win.dll user32.dll win32u.dll wship6.dll setupapi.dll imm32.dll amsi.dll oleaut32.dll shlwapi.dll shell32.dll cryptsp.dll cfgmgr32.dll shcore.dll windows.storage.dll wow64.dll cryptbase.dll kernel.appcore.dll powrprof.dll sechost.dll profapi.dll filterlib.dll msctf.dll setupapi.dll api-ms-win-downlevel-advapi32-l2-1-0.dll wldap32.dll cryptdll.dll netapi32.dll lpk.dll System.Web.Services.dll samlib.dll secur32.dll userenv.dll version.dll winsta.dll devobj.dll cryptsp.dll cryptbase.dll logoncli.dll srvcli.dll bcrypt.dll sspicli.dll imm32.dll hid.dll winscard.dll netutils.dll wkscli.dll rsaenh.dll vaultcli.dll wintrust.dll wintypes.dll,mimikatz
 ntdll.dll ntdll.dll iertutil.dll wow64.dll winsta.dll wow64win.dll oleaut32.dll wow64cpu.dll kernel32.dll cscapi.dll system.runtime.serialization.formatters.soap.dll kernel32.dll kernel32.dll user32.dll kernel32.dll msctf.dll kernelbase.dll msvcrt.dll ole32.dll gdi32.dll crypt32.dll user32.dll system.deployment.dll advapi32.dll msi.dll advapi32.dll msctf.dll sechost.dll System.Data.dll rpcrt4.dll sspicli.dll cryptbase.dll lpk.dll usp10.dll wevtapi.dll imm32.dll msctf.dll clbcatq.dll oleaut32.dll cryptsp.dll bcrypt.dll shell32.dll rsaenh.dll system.transactions.dll rpcrtremote.dll uxtheme.dll shell32.dll shlwapi.dll rsaenh.dll comctl32.dll actxprxy.dll crypt32.dll ntdll.dll msvcrt.dll ntdll.dll wow64.dll wow64win.dll wow64cpu.dll system.configuration.dll kernel32.dll msctf.dll kernel32.dll kernel32.dll user32.dll kernel32.dll kernelbase.dll msvcrt.dll KernelBase.dll winbrand.dll user32.dll gdi32.dll lpk.dll usp10.dll cryptsp.dll KernelBase.dll advapi32.dll netprofm.dll sechost.dll rpcrt4.dll sspicli.dll userenv.dll cryptbase.dll setupapi.dll imm32.dll msctf.dll apphelp.dll w32time.dll System.Data.ni.dll ole32.dll ntdll.dll ntdll.dll bcrypt.dll kernel32.dll wow64.dll wow64win.dll System.Data.dll gdi32.dll wow64cpu.dll kernel32.dll kernel32.dll kernel32.dll user32.dll rsaenh.dll kernel32.dll kernelbase.dll advapi32.dll msvcrt.dll sechost.dll rpcrt4.dll sxs.dll sspicli.dll cryptbase.dll msvcr120_clr0400.dll version.dll mscoree.dll ole32.dll mscoreei.dll sxs.dll gdi32.dll user32.dll kernel32.dll wkscli.dll lpk.dll usp10.dll oleaut32.dll imm32.dll kernel32.dll msctf.dll windows.cortana.pal.desktop.dll cryptsp.dll advapi32.dll rsaenh.dll imm32.dll rpcrtremote.dll clbcatq.dll kernelbase.dll sxs.dll mscoreei.dll wow64.dll clr.dll shlwapi.dll imm32.dll mscorlib.ni.dll clrjit.dll system.ni.dll system.core.ni.dll dwmapi.dll system.data.ni.dll version.dll system.data.oracleclient.ni.dll mscorlib.dll mscorlib.dll system.data.dll system.data.dll imm32.dll system.dll system.data.oracleclient.dll system.data.oracleclient.dll msvcrt.dll system.dll system.core.dll kernel32.dll system.core.dll system.data.oracleclient.dll system.data.dll system.configuration.ni.dll system.configuration.dll system.configuration.dll system.transactions.ni.dll system.transactions.dll system.transactions.dll system.transactions.dll system.enterpriseservices.ni.dll system.xml.ni.dll system.xml.dll system.xml.dll system.numerics.ni.dll system.numerics.dll system.numerics.dll system.security.ni.dll system.security.dll system.security.dll,normal
 aepic.dll,normal
 ntdll.dll kernel32.dll kernelbase.dll advapi32.dll version.dll msvcrt.dll sechost.dll usp10.dll rpcrt4.dll ole32.dll gdi32.dll version.dll user32.dll gpapi.dll lpk.dll msxml6.dll usp10.dll rpcrt4.dll ole32.dll cryptsp.dll oleaut32.dll imm32.dll msctf.dll usp10.dll sechost.dll api-ms-win-core-synch-l1-2-0.dll vcruntime140.dll api-ms-win-crt-runtime-l1-1-0.dll ucrtbase.dll api-ms-win-core-timezone-l1-1-0.dll api-ms-win-core-file-l2-1-0.dll api-ms-win-core-localization-l1-2-0.dll api-ms-win-core-processthreads-l1-1-1.dll cryptbase.dll rmclient.dll system.numerics.ni.dll api-ms-win-core-file-l1-2-0.dll api-ms-win-crt-string-l1-1-0.dll api-ms-win-crt-heap-l1-1-0.dll cryptbase.dll api-ms-win-crt-stdio-l1-1-0.dll api-ms-win-crt-convert-l1-1-0.dll msvcp140.dll api-ms-win-crt-locale-l1-1-0.dll api-ms-win-crt-math-l1-1-0.dll api-ms-win-crt-multibyte-l1-1-0.dll api-ms-win-crt-time-l1-1-0.dll api-ms-win-crt-filesystem-l1-1-0.dll api-ms-win-crt-environment-l1-1-0.dll api-ms-win-crt-utility-l1-1-0.dll,normal
 ntdll.dll kernel32.dll KernelBase.dll rsaenh.dll user32.dll gdi32.dll user32.dll windows.applicationmodel.background.systemeventsbroker.dll devobj.dll lpk.dll imm32.dll usp10.dll cryptbase.dll imageres.dll shell32.dll clbcatq.dll msvcrt.dll imm32.dll msctf.dll ole32.dll KernelBase.dll sensapi.dll system.runtime.remoting.dll rpcrt4.dll oleaut32.dll ntdll.dll sechost.dll kernel32.dll KernelBase.dll rpcrtremote.dll rpcrt4.dll cryptbase.dll advapi32.dll msvcrt.dll sechost.dll rpcrt4.dll ole32.dll gdi32.dll SensApi.dll user32.dll lpk.dll usp10.dll user32.dll imm32.dll clr.dll imm32.dll clbcatq.dll msctf.dll wdscore.dll oleaut32.dll shell32.dll shlwapi.dll dbghelp.dll cryptbase.dll CbsCore.dll version.dll crypt32.dll msasn1.dll wintrust.dll sxs.dll userenv.dll profapi.dll mobilenetworking.dll ktmw32.dll ntdll.dll dpx.dll dpx.dll kernel32.dll dpx.dll wcp.dll DrUpdate.dll setupapi.dll system.ni.dll cfgmgr32.dll sechost.dll devobj.dll mpr.dll wrpint.dll sxsstore.dll sqmapi.dll winhttp.dll webio.dll winhttp.dll webio.dll SensApi.dll actxprxy.dll gdi32.dll cryptsp.dll GdiPlus.dll sxs.dll rsaenh.dll RpcRtRemote.dll clbcatq.dll CbsApi.dll smipi.dll smiengine.dll ntdll.dll ntdll.dll wow64.dll wow64win.dll api-ms-win-core-stringloader-l1-1-1.dll secur32.dll wow64cpu.dll kernel32.dll ntdll.dll kernel32.dll kernel32.dll user32.dll kernel32.dll KernelBase.dll msvcrt.dll winbrand.dll user32.dll gdi32.dll version.dll lpk.dll usp10.dll advapi32.dll sechost.dll rpcrt4.dll sspicli.dll cryptbase.dll imm32.dll kernel32.dll msctf.dll apphelp.dll,normal
 linkinfo.dll explorerframe.dll ehstorshell.dll cscui.dll cscdll.dll shcore.dll dpx.dll advapi32.dll cscapi.dll ntshrui.dll slc.dll winbrand.dll imageres.dll imageres.dll slc.dll imageres.dll imageres.dll cmitrust.dll api-ms-win-downlevel-shlwapi-l1-1-0.dll imageres.dll ws2_32.dll imageres.dll imageres.dll imageres.dll imageres.dll imageres.dll dhcpcsvc6.dll microsoft.mediacenter.interop.dll imageres.dll imageres.dll ieframe.dll msftedit.dll msls31.dll tiptsf.dll searchfolder.dll structuredquery.dll advapi32.dll secur32.dll shlwapi.dll mssvp.dll mapi32.dll msctf.dll ntdll.dll thumbcache.dll wbemprox.dll kernel32.dll profapi.dll psapi.dll shdocvw.dll samcli.dll samlib.dll mssprxy.dll lpk.dll imageres.dll crypt32.dll imageres.dll api-ms-win-downlevel-normaliz-l1-1-0.dllnormaliz.dll wow64.dll imageres.dll gdi32.dll imageres.dll imageres.dll imageres.dll imageres.dll ntdll.dll imageres.dll davclnt.dll networkexplorer.dll vmhgfs.dll drprov.dll System.Runtime.Serialization.ni.dll winsta.dll ntlanman.dll gdi32.dll davhlpr.dll imageres.dll mscorlib.ni.dll lpk.dll wpdshext.dll clbcatq.dll winmm.dll clrjit.dll imageres.dll imageres.dll wow64cpu.dll imageres.dll imageres.dll imageres.dll imageres.dll imageres.dll microsoft.jscript.ni.dll imageres.dll imageres.dll api-ms-win-core-rtlsupport-l1-1-0.dll imageres.dll imageres.dll imageres.dll imageres.dll imm32.dll portabledeviceapi.dll networkitemfactory.dll dtsh.dll firewallapi.dll wintrust.dll portabledevicetypes.dll setupapi.dll imageres.dll ehstorapi.dll gdi32.dll wbemprox.dll Microsoft.VisualStudio.Tools.Office.Runtime.Internal.dll wbemcomn.dll wbemsvc.dll fastprox.dll npmproxy.dll fundisc.dll msxml6.dll fdproxy.dll fdwcn.dll wcnapi.dll dnsapi.dll oleaut32.dll fdwnet.dll dfscli.dll browcli.dll dhcpcsvc6.dll dhcpcsvc.dll msftedit.dll mssvp.dll mapi32.dll wpdshext.dll mssvp.dll mapi32.dll,normal
 ntdll.dll system.core.ni.dll sppwinob.dll cryptsp.dll ntdll.dll cryptsp.dll ntdll.dll wow64.dll wow64win.dll wow64cpu.dll userenv.dll kernel32.dll kernel32.dll sensapi.dll kernel32.dll kernel32.dll user32.dll kernel32.dll KernelBase.dll advapi32.dll msvcrt.dll sechost.dll rpcrt4.dll KernelBase.dll sspicli.dll cryptbase.dll oleaut32.dll dnsapi.dll ntdll.dll wtsapi32.dll ws2_32.dll nsi.dll winnsi.dll dhcpcsvc.dll dhcpcsvc6.dll shell32.dll kernel32.dll shlwapi.dll kernelbase.dll gdi32.dll user32.dll lpk.dll cryptnet.dll usp10.dll smiengine.dll ole32.dll imm32.dll wow64cpu.dll System.Windows.Forms.dll msctf.dll msvcp110_win.dll comctl32.dll clbcatq.dll kernelbase.dll oleaut32.dll system.core.ni.dll cryptsp.dll rsaenh.dll RpcRtRemote.dll wevtapi.dll ntdll.dll ntdll.dll wow64.dll wow64win.dll wow64cpu.dll wintrust.dll kernel32.dll kernel32.dll imagehlp.dll kernel32.dll imm32.dll user32.dll kernel32.dll KernelBase.dll msvcrt.dll winbrand.dll user32.dll gdi32.dll lpk.dll usp10.dll advapi32.dll sechost.dll rpcrt4.dll sspicli.dll cryptbase.dll imm32.dll msctf.dll apphelp.dll,normal
 ntdll.dll ntdll.dll wow64.dll wow64win.dll msvcr120_clr0400.dll wow64cpu.dll wininet.dll kernel32.dll kernel32.dll kernel32.dll userenv.dll user32.dll kernel32.dll kernelbase.dll msvcrt.dll oleaut32.dll imm32.dll winbrand.dll bcrypt.dll tipres.dll user32.dll gdi32.dll lpk.dll usp10.dll advapi32.dll sechost.dll rpcrt4.dll sspicli.dll cryptsp.dll mssvp.dll cryptbase.dll advapi32.dll imm32.dll msctf.dll apphelp.dll,normal
 sxs.dll,normal
 ntdll.dll bcp47mrm.dll ntdll.dll ntdll.dll win32u.dll wow64.dll usp10.dll wow64win.dll wow64cpu.dll kernel32.dll kernel32.dll kernel32.dll user32.dll kernel32.dll KernelBase.dll KernelBase.dll advapi32.dll msvcrt.dll sechost.dll rpcrt4.dll sspicli.dll ntdll.dll cryptbase.dll msvcr120_clr0400.dll mscoree.dll ole32.dll gdi32.dll user32.dll lpk.dll kernel32.dll usp10.dll oleaut32.dll ntdll.dll imm32.dll msctf.dll cryptsp.dll msvcrt.dll rsaenh.dll kernel32.dll clbcatq.dll kernel32.dll RpcRtRemote.dll clbcatq.dll sxs.dll mscoreei.dll clr.dll shlwapi.dll python27.dll mscorlib.ni.dll gdi32.dll clrjit.dll Microsoft.Office.Tools.Outlook.Implementation.dll mssvp.dll linkinfo.dll npmproxy.dll Microsoft.Office.Tools.Outlook.Implementation.dll gdi32.dll gdi32.dll dwmredir.dll devobj.dll version.dll uiautomationtypes.ni.dll mscorlib.dll mscorlib.dll System.ni.dll KernelBase.dll system.configuration.ni.dll System.Core.ni.dll Microsoft.Office.Tools.Common.Implementation.ni.dll Microsoft.Office.Tools.Common.Implementation.dll Microsoft.Office.Tools.Common.Implementation.dll sechost.dll Microsoft.Office.Tools.Common.ni.dll Microsoft.Office.Tools.Common.dll Microsoft.Office.Tools.Common.dll rasman.dll Microsoft.Office.Tools.ni.dll ole32.dll Microsoft.Office.Tools.dll Microsoft.Office.Tools.dll Microsoft.Office.Tools.Outlook.ni.dll Microsoft.Office.Tools.Outlook.dll Microsoft.Office.Tools.Outlook.dll shell32.dll System.Xml.ni.dll System.Xml.dll ntdll.dll System.Xml.dll System.Xml.dll cryptnet.dll System.Xml.dll System.Xml.dll System.Xml.dll System.dll System.dll System.Drawing.ni.dll System.Drawing.dll System.Activities.dll System.Drawing.dll System.Drawing.dll user32.dll windows.devices.enumeration.dll sspicli.dll System.Drawing.dll System.Drawing.dll System.Drawing.dll System.Windows.Forms.ni.dll System.Windows.Forms.dll System.Windows.Forms.dll System.Windows.Forms.dll System.Windows.Forms.dll System.Windows.Forms.dll mssprxy.dll System.Windows.Forms.dll Microsoft.Office.Tools.v4.0.Framework.dll Microsoft.Office.Tools.v4.0.Framework.dll Microsoft.VisualStudio.Tools.Applications.Runtime.dll Microsoft.VisualStudio.Tools.Applications.Runtime.dll System.Core.dll System.Core.dll Microsoft.Office.Tools.Outlook.Implementation.ni.dll,normal
 ntdll.dll netutils.dll dpx.dll kernel32.dll KernelBase.dll dpx.dll advapi32.dll msvcrt.dll System.Configuration.ni.dll sechost.dll rpcrt4.dll ole32.dll system.servicemodel.dll gdi32.dll user32.dll lpk.dll fontgroupsoverride.dll usp10.dll imm32.dll msctf.dll wdscore.dll oleaut32.dll rpcrt4.dll shell32.dll shlwapi.dll dbghelp.dll cryptbase.dll CbsCore.dll version.dll wshqos.dll crypt32.dll msasn1.dll rpcrtremote.dll wintrust.dll gdi32.dll userenv.dll uiautomationtypes.dll system.directoryservices.protocols.dll profapi.dll ktmw32.dll dpx.dll userenv.dll dpx.dll cryptbase.dll mscoreei.dll dpx.dll wcp.dll DrUpdate.dll system.core.ni.dll setupapi.dll cryptbase.dll cfgmgr32.dll ntdll.dll devobj.dll mpr.dll wrpint.dll sxsstore.dll sensapi.dll sqmapi.dll winhttp.dll api-ms-win-downlevel-shlwapi-l1-1-0.dll webio.dll msasn1.dll winhttp.dll webio.dll SensApi.dll cryptsp.dll api-ms-win-core-io-l1-1-1.dll GdiPlus.dll rsaenh.dll RpcRtRemote.dll clbcatq.dll CbsApi.dll smipi.dll smiengine.dll ntdll.dll kernel32.dll KernelBase.dll gdi32.dll oleaut32.dll user32.dll msctf.dll rpcrt4.dll lpk.dll usp10.dll msvcrt.dll imm32.dll msctf.dll ole32.dll rpcrt4.dll oleaut32.dll,normal
 ntdll.dll ntdll.dll wow64.dll SensApi.dll mscorlib.dll wow64win.dll wow64cpu.dll kernel32.dll kernelbase.dll msctf.dll kernel32.dll kernel32.dll shlwapi.dll user32.dll kernel32.dll usp10.dll msctf.dll usp10.dll KernelBase.dll advapi32.dll sechost.dll msvcrt.dll sechost.dll rpcrt4.dll sspicli.dll cryptbase.dll dnsapi.dll ws2_32.dll nsi.dll KernelBase.dll winnsi.dll dhcpcsvc.dll dhcpcsvc6.dll shell32.dll shlwapi.dll gdi32.dll user32.dll lpk.dll cfgmgr32.dll usp10.dll ole32.dll imm32.dll fontgroupsoverride.dll msctf.dll clbcatq.dll comctl32.dll oleaut32.dll cryptsp.dll rsaenh.dll System.Transactions.dll RpcRtRemote.dll wevtapi.dll ntdll.dll kernel32.dll KernelBase.dll gdi32.dll user32.dll lpk.dll usp10.dll msvcrt.dll kernel32.dll imm32.dll msctf.dll ole32.dll rpcrt4.dll oleaut32.dll cryptbase.dll oleaut32.dll clbcatq.dll advapi32.dll sechost.dll oleaut32.dll oleaut32.dll combase.dll user32.dll sfc_os.dll ntdll.dll kernel32.dll ole32.dll KernelBase.dll advapi32.dll gdi32.dll user32.dll lpk.dll policymanager.dll usp10.dll wow64cpu.dll msvcrt.dll imm32.dll sechost.dll msctf.dll nsi.dll profapi.dll ole32.dll rpcrt4.dll kernel32.dll oleaut32.dll spoolss.dll ntdll.dll kernel32.dll user32.dll api-ms-win-core-string-l2-1-0.dll wucltux.dll KernelBase.dll usp10.dll user32.dll gdi32.dll shlwapi.dll user32.dll lpk.dll usp10.dll msvcrt.dll imm32.dll PresentationCore.dll msctf.dll ole32.dll rpcrt4.dll oleaut32.dll sensapi.dll kernel32.dll cryptbase.dll clbcatq.dll oleaut32.dll setupapi.dll advapi32.dll sechost.dll ntdll.dll ntdll.dll mscoreei.dll wow64.dll cryptsp.dll wow64win.dll wow64cpu.dll kernel32.dll kernel32.dll kernel32.dll user32.dll kernel32.dll KernelBase.dll msvcrt.dll winbrand.dll user32.dll gdi32.dll lpk.dll usp10.dll advapi32.dll sechost.dll userenv.dll rpcrt4.dll sspicli.dll cryptbase.dll imm32.dll msctf.dll apphelp.dll,normal
 ntdll.dll ntdll.dll fusion.dll wow64.dll wow64win.dll wow64cpu.dll kernel32.dll kernel32.dll oleaut32.dll kernel32.dll user32.dll kernel32.dll sxs.dll kernel32.dll kernelbase.dll msvcrt.dll system.web.dll winbrand.dll kernel32.dll user32.dll devobj.dll wkscli.dll gdi32.dll lpk.dll ntdll.dll usp10.dll advapi32.dll sechost.dll rpcrt4.dll sspicli.dll cryptbase.dll imm32.dll msctf.dll system.xml.ni.dll apphelp.dll,normal
 nsi.dll prnfldr.dll RpcRtRemote.dll imageres.dll imageres.dll imageres.dll imageres.dll,normal
 ieproxy.dll sfc.dll sfc_os.dll mpr.dll devrtl.dll searchfolder.dll Wldap32.dll advapi32.dll networkexplorer.dll ieframe.dll psapi.dll system.numerics.ni.dll version.dll mlang.dll,normal
 ntdll.dll,normal
 ntdll.dll ntdll.dll system.data.dll wow64.dll wow64win.dll cryptbase.dll ntdll.dll wow64cpu.dll user32.dll kernel32.dll kernel32.dll kernel32.dll user32.dll kernel32.dll KernelBase.dll msvcrt.dll propsys.dll winbrand.dll user32.dll gdi32.dll lpk.dll usp10.dll kernel32.dll advapi32.dll dinput8.dll mscms.dll sechost.dll rpcrt4.dll sspicli.dll cryptbase.dll imm32.dll RpcRtRemote.dll setupapi.dll msctf.dll apphelp.dll,normal
 ntdll.dll kernel32.dll KernelBase.dll advapi32.dll msvcrt.dll sechost.dll srvcli.dll rpcrt4.dll loadperf.dll gdi32.dll user32.dll kernel32.dll rpcrt4.dll lpk.dll usp10.dll msswch.dll winmm.dll dwmapi.dll GdiPlus.dll ole32.dll oleacc.dll bcrypt.dll oleaut32.dll shlwapi.dll wmsgapi.dll duser.dll system.directoryservices.protocols.dll uxtheme.dll imm32.dll msctf.dll ws2_32.dll ntdll.dll cryptbase.dll dui70.dll cmiadapter.dll rpcrt4.dll System.AddIn.dll ntdll.dll comctl32.dll xmllite.dll msvcrt.dll clbcatq.dll d3d10level9.dll crypt32.dll tabskb.dll ntdll.dll cryptsp.dll rsaenh.dll RpcRtRemote.dll cfgmgr32.dll atl.dll WindowsCodecs.dll InkObj.dll ntdll.dll imm32.dll kernel32.dll KernelBase.dll advapi32.dll tquery.dll sppc.dll gdi32full.dll msvcrt.dll sechost.dll shlwapi.dll cfgmgr32.dll rpcrt4.dll msvcr120_clr0400.dll iertutil.dll mscoree.dll ole32.dll slwga.dll gdi32.dll user32.dll lpk.dll usp10.dll oleaut32.dll imm32.dll mpr.dll cryptbase.dll msctf.dll cryptsp.dll msctf.dll msasn1.dll rsaenh.dll RpcRtRemote.dll imm32.dll clbcatq.dll kernel32.dll sxs.dll mscoreei.dll mscorwks.dll msvcr80.dll shlwapi.dll shell32.dll profapi.dll combase.dll rpcrt4.dll imm32.dll nlaapi.dll mscorlib.ni.dll windows.globalization.dll mscorjit.dll mscorlib.dll sechost.dll kernelbase.dll mscorlib.dll version.dll system.data.oracleclient.dll mscorlib.dll mscorlib.dll System.ni.dll Microsoft.Security.ApplicationId.PolicyManagement.PolicyModel.ni.dll cryptsp.dll imageres.dll Microsoft.Security.ApplicationId.PolicyManagement.XmlHelper.ni.dll cryptbase.dll System.Xml.ni.dll System.Configuration.ni.dll System.Data.SqlXml.ni.dll System.Security.ni.dll ntdll.dll ntdll.dll crypt32.dll usp10.dll kernel32.dll KernelBase.dll advapi32.dll msvcrt.dll sechost.dll rpcrt4.dll msvcr120_clr0400.dll sechost.dll mscoree.dll ole32.dll gdi32.dll user32.dll lpk.dll usp10.dll userenv.dll oleaut32.dll imm32.dll msctf.dll cryptbase.dll cryptsp.dll rsaenh.dll RpcRtRemote.dll clbcatq.dll apphelp.dll sxs.dll system.numerics.dll tbs.dll mscoreei.dll mscorwks.dll winmmbase.dll kernel32.dll shell32.dll msvcr80.dll shlwapi.dll shell32.dll profapi.dll mscorlib.ni.dll System.Core.ni.dll mscorjit.dll wow64win.dll mscorlib.dll mscorlib.dll version.dll mscorlib.dll mscorlib.dll System.ni.dll System.IdentityModel.ni.dll System.Runtime.Serialization.ni.dll System.Xml.ni.dll SMDiagnostics.ni.dll System.Web.ni.dll System.Web.dll kernel32.dll System.Web.dll System.Web.dll System.Web.dll wininet.dll setupapi.dll oleaut32.dll clrjit.dll actxprxy.dll oleaut32.dll msctf.dll System.Security.ni.dll System.Configuration.ni.dll crypt32.dll ntdll.dll System.Data.SqlXml.ni.dll ncrypt.dll System.Drawing.ni.dll System.Data.ni.dll System.Data.dll System.Data.dll System.Data.dll System.Data.dll System.Data.dll ws2_32.dll system.web.services.dll comctl32.dll nsi.dll crypt32.dll gdi32full.dll msasn1.dll System.Web.Services.ni.dll msvcrt.dll system.data.dll rpcrt4.dll System.DirectoryServices.ni.dll userenv.dll System.DirectoryServices.Protocols.ni.dll System.EnterpriseServices.ni.dll sechost.dll System.EnterpriseServices.dll System.EnterpriseServices.dll System.Design.ni.dll System.ServiceProcess.ni.dll System.Windows.Forms.ni.dll System.Web.RegularExpressions.ni.dll Microsoft.VisualC.ni.dll System.Transactions.ni.dll msidle.dll setupapi.dll System.Transactions.dll System.Transactions.dll sensapi.dll System.Transactions.dll System.Transactions.dll System.Transactions.dll System.Runtime.Remoting.ni.dll System.Runtime.Serialization.Formatters.Soap.ni.dll magnification.dll System.Drawing.Design.ni.dll ntdll.dll system.transactions.ni.dll System.Data.OracleClient.ni.dll cfgmgr32.dll System.Core.dll System.Data.OracleClient.dll System.Data.OracleClient.dll System.Data.OracleClient.dll ws2_32.dll sechost.dll System.Data.OracleClient.dll gdi32.dll credui.dll kernel32.dll cryptbase.dll sens.dll sspicli.dll System.Data.OracleClient.dll Accessibility.ni.dll lpk.dll System.Deployment.ni.dll System.Configuration.Install.ni.dll sppc.dll ntdll.dll kernel32.dll apphelp.dll KernelBase.dll advapi32.dll shlwapi.dll msvcrt.dll sechost.dll user32.dll rpcrt4.dll msvcr120_clr0400.dll mscoree.dll ole32.dll clbcatq.dll iertutil.dll gdi32.dll cryptsp.dll oleaut32.dll user32.dll lpk.dll usp10.dll system.servicemodel.activation.dll oleaut32.dll imm32.dll msctf.dll cryptbase.dll cryptsp.dll rsaenh.dll RpcRtRemote.dll clbcatq.dll sxs.dll mscoreei.dll clr.dll System.IdentityModel.dll shlwapi.dll kernelbase.dll mscorlib.ni.dll user32.dll comctl32.dll clrjit.dll version.dll mscorlib.dll mscorlib.dll Microsoft.Office.Tools.ni.dll System.ni.dll System.Core.ni.dll Microsoft.VisualStudio.Tools.Applications.Runtime.ni.dll System.Drawing.ni.dll System.Windows.Forms.ni.dll system.enterpriseservices.ni.dll Microsoft.VisualStudio.Tools.Applications.Hosting.ni.dll Microsoft.VisualStudio.Tools.Office.Runtime.Internal.ni.dll ntdll.dll kernel32.dll MpClient.dll KernelBase.dll advapi32.dll msvcrt.dll sechost.dll rpcrt4.dll rpcrt4.dll msctf.dll msvcr120_clr0400.dll mscoree.dll ole32.dll gdi32.dll user32.dll apphelp.dll lpk.dll usp10.dll oleaut32.dll imm32.dll System.Data.OracleClient.dll msctf.dll cryptbase.dll cryptsp.dll msctf.dll rsaenh.dll RpcRtRemote.dll kernelbase.dll clbcatq.dll sxs.dll mscoreei.dll clr.dll shlwapi.dll mscorlib.ni.dll clrjit.dll System.ni.dll System.Core.ni.dll System.Deployment.ni.dll version.dll mscorlib.dll mscorlib.dll System.Security.ni.dll System.Xml.ni.dll System.Drawing.ni.dll System.Windows.Forms.ni.dll System.Configuration.ni.dll dwmapi.dll System.Numerics.ni.dll ntdll.dll kernel32.dll KernelBase.dll shcore.dll advapi32.dll msvcrt.dll sechost.dll rpcrt4.dll msvcr120_clr0400.dll mscoree.dll ole32.dll gdi32.dll user32.dll lpk.dll usp10.dll oleaut32.dll imm32.dll msctf.dll cryptbase.dll cryptsp.dll mscms.dll rsaenh.dll RpcRtRemote.dll clbcatq.dll sxs.dll mscoreei.dll clr.dll shlwapi.dll mscorlib.ni.dll clrjit.dll System.ni.dll System.ServiceProcess.ni.dll version.dll mscorlib.dll api-ms-win-crt-convert-l1-1-0.dll mscorlib.dll System.Configuration.Install.ni.dll System.Drawing.ni.dll System.Windows.Forms.ni.dll System.Core.ni.dll System.Configuration.ni.dll System.Xml.ni.dll,normal
 ntdll.dll System.DirectoryServices.dll kernel32.dll kernelbase.dll lpk.dll advapi32.dll msvcrt.dll sechost.dll rpcrt4.dll gdi32.dll user32.dll lpk.dll usp10.dll comdlg32.dll ole32.dll perfctrs.dll wmsgapi.dll userenv.dll system.configuration.dll ole32.dll profapi.dll advapi32.dll winsta.dll crypt32.dll msasn1.dll msctf.dll imm32.dll shlwapi.dll secur32.dll sspicli.dll shlwapi.dll shell32.dll cryptbase.dll mscorwks.dll wintrust.dll cryptsp.dll oleaut32.dll rsaenh.dll wow64cpu.dll imagehlp.dll bcrypt.dll bcryptprimitives.dll ncrypt.dll structuredquery.dll gpapi.dll system.web.dll wldap32.dll version.dll clbcatq.dll oleaut32.dll urlmon.dll msvcrt.dll api-ms-win-downlevel-ole32-l1-1-0.dll SensApi.dll api-ms-win-downlevel-shlwapi-l1-1-0.dll ntdll.dll mscorsec.dll api-ms-win-downlevel-advapi32-l1-1-0.dll propsys.dll api-ms-win-downlevel-user32-l1-1-0.dll msctf.dll api-ms-win-downlevel-version-l1-1-0.dll imm32.dll api-ms-win-downlevel-normaliz-l1-1-0.dll normaliz.dll cryptbase.dll nsi.dll iertutil.dll wininet.dll wtsapi32.dll cryptnet.dll sensapi.dll comctl32.dll uxtheme.dll msimg32.dll winmm.dll msctfmonitor.dll msutb.dll,normal
 chrome_elf.dll version.dll userenv.dll shlwapi.dll gdi32.dll advapi32.dll user32.dll lpk.dll usp10.dll system.xaml.dll advapi32.dll sechost.dll windowsbase.dll msasn1.dll kernel32.dll rpcrt4.dll srvcli.dll winmm.dll crypt32.dll userenv.dll profapi.dll imm32.dll msctf.dll cryptbase.dll ntdll.dll kernel32.dll kernelbase.dll msvcrt.dll shell32.dll,normal
 usp10.dll ntdll.dll kernel32.dll advapi32.dll kernelbase.dll gdi32.dll ntdll.dll user32.dll lpk.dll kernel32.dll usp10.dll msvcrt.dll mpr.dll rpcrt4.dll System.Runtime.DurableInstancing.ni.dll imm32.dll msctf.dll taskschd.dll DxpTaskSync.dll ole32.dll rpcrt4.dll System.Xml.dll clbcatq.dll oleaut32.dll cryptbase.dll clbcatq.dll advapi32.dll user32.dll sechost.dll sxssrv.dll ntdll.dll ntdll.dll wow64.dll wow64win.dll wow64cpu.dll kernel32.dll kernel32.dll kernel32.dll user32.dll user32.dll kernel32.dll kernelbase.dll msvcrt.dll winbrand.dll user32.dll oleaut32.dll gdi32.dll lpk.dll usp10.dll advapi32.dll sechost.dll rpcrt4.dll termsrv.dll sspicli.dll cryptbase.dll imm32.dll msctf.dll apphelp.dll,normal
 netprofm.dll iertutil.dll netprofm.dll npfproxy.dll npmproxy.dll twinapi.appcore.dll twinapi.appcore.dll rmclient.dll rmclient.dll netprofm.dll netprofm.dll profapi.dll npfproxy.dll sechost.dll netapi32.dll PresentationFramework.dll mscorlib.dll npmproxy.dll twinapi.appcore.dll twinapi.appcore.dll rmclient.dll rmclient.dll,normal
 ntdll.dll shell32.dll kernel32.dll kernelbase.dll msvcrt.dll oleaut32.dll msvcp_win.dll ucrtbase.dll combase.dll rpcrt4.dll wship6.dll bcryptprimitives.dll advapi32.dll imm32.dll sechost.dll windows.storage.dll oleaut32.dll shlwapi.dll gdi32.dll gdi32full.dll msi.dll bcryptprimitives.dll user32.dll win32u.dll ole32.dll kernel.appcore.dll shcore.dll profapi.dll msswch.dll powrprof.dll fltlib.dll imm32.dll msidle.dll tquery.dll dhcpcsvc6.dll sechost.dll cryptdll.dll clbcatq.dll ole32.dll dsuiext.dll mssprxy.dll profapi.dll mssph.dll,normal
 ntdll.dll kernel32.dll KernelBase.dll advapi32.dll KernelBase.dll msvcrt.dll sechost.dll user32.dll system.security.dll ntdll.dll rpcrt4.dll msvcr120_clr0400.dll mscoree.dll ole32.dll system.configuration.ni.dll gdi32.dll dhcpcsvc.dll audiodev.dll gdi32.dll user32.dll ntdll.dll lpk.dll gpapi.dll usp10.dll oleaut32.dll clbcatq.dll imm32.dll msctf.dll cryptbase.dll cryptsp.dll rsaenh.dll RpcRtRemote.dll clbcatq.dll sxs.dll mscoreei.dll mscorwks.dll msvcr80.dll shlwapi.dll ws2_32.dll shell32.dll smiengine.dll profapi.dll mscorlib.ni.dll dhcpcsvc.dll mscorjit.dll mscorlib.dll mscorlib.dll vm3dum64.dll version.dll mscorlib.dll rpcrt4.dll mscorlib.dll System.ni.dll System.Management.Automation.ni.dll policymanager.dll advapi32.dll version.dll Microsoft.PowerShell.ConsoleHost.ni.dll cscapi.dll DeviceUxRes.dll System.Xml.ni.dll System.Configuration.Install.ni.dll System.Transactions.ni.dll System.Transactions.dll msvcrt.dll microsoft.visualstudio.tools.office.runtime.v10.0.dll biwinrt.dll usp10.dll System.Transactions.dll System.Transactions.dll System.Transactions.dll mscoree.dll usp10.dll sxs.dll System.Transactions.dll System.Management.ni.dll System.DirectoryServices.ni.dll System.Data.ni.dll System.Data.dll system.web.dll kernel32.dll System.Data.dll Microsoft.Office.Tools.Common.Implementation.ni.dll System.Data.dll System.Data.dll System.Data.dll ws2_32.dll nsi.dll crypt32.dll msasn1.dll system.dll System.Configuration.ni.dll System.Security.ni.dll System.Data.SqlXml.ni.dll System.Runtime.Serialization.Formatters.Soap.ni.dll System.Drawing.ni.dll System.Windows.Forms.ni.dll Accessibility.ni.dll System.Deployment.ni.dll System.EnterpriseServices.ni.dll System.EnterpriseServices.dll sspicli.dll system.xml.ni.dll System.EnterpriseServices.dll System.Runtime.Remoting.ni.dll Microsoft.VisualC.ni.dll explorerframe.dll System.Web.ni.dll System.Web.dll System.Web.dll System.Web.dll System.Web.dll System.Web.Services.ni.dll uxtheme.dll System.DirectoryServices.Protocols.ni.dll System.Design.ni.dll System.ServiceProcess.ni.dll System.Web.RegularExpressions.ni.dll System.Drawing.Design.ni.dll System.Data.OracleClient.ni.dll System.Data.OracleClient.dll System.Data.OracleClient.dll System.Data.OracleClient.dll System.Data.OracleClient.dll System.Data.OracleClient.dll Microsoft.JScript.ni.dll Microsoft.Vsa.ni.dll,normal
 ntdll.dll kernel32.dll kernelbase.dll advapi32.dll msvcrt.dll sechost.dll rpcrt4.dll ole32.dll combase.dll gdi32.dll user32.dll oleaut32.dll mscoree.dll atl.dll clbcatq.dll imm32.dll wow64.dll System.ni.dll msctf.dll kernel.appcore.dll bcryptprimitives.dll uxtheme.dll gdi32.dll ntdll.dll KernelBase.dll clbcatq.dll system.data.sqlxml.dll windows.storage.dll shlwapi.dll oleaut32.dll ntprint.dll kernelbase.dll shcore.dll dnsapi.dll powrprof.dll profapi.dll shell32.dll userenv.dll propsys.dll cfgmgr32.dll api-ms-win-downlevel-normaliz-l1-1-0.dllnormaliz.dll bcp47langs.dll cryptsp.dll msvcrt.dll bcrypt.dll msvcrt.dll ntdll.dll sechost.dll rsaenh.dll cryptbase.dll linkinfo.dll sspicli.dll usp10.dll srvcli.dll ntmarta.dll imageres.dll advapi32.dll usp10.dll ntshrui.dll mscoreei.dll dcntel.dll version.dll clr.dll imm32.dll msvcr120_clr0400.dll mscorlib.ni.dll system.ni.dll advapi32.dll wow64.dll system.core.ni.dll profapi.dll cscapi.dll cscapi.dll microsoft.powershell.consolehost.ni.dll system.xml.ni.dll clrjit.dll system.configuration.dll system.configuration.ni.dll secur32.dll crypt32.dll msasn1.dll wintrust.dll gpapi.dll system.management.automation.ni.dll psapi.dll msctf.dll diasymreader.dll System.Runtime.Serialization.Formatters.Soap.dll system.numerics.ni.dll amsi.dll cfgmgr32.dll bcryptprimitives.dll microsoft.management.infrastructure.ni.dll usp10.dll ole32.dll msctf.dll system.directoryservices.ni.dll system.management.ni.dll system.configuration.install.ni.dll system.transactions.ni.dll system.transactions.dll microsoft.powershell.security.ni.dll wldp.dll coreuicomponents.dll wow64win.dll shell32.dll mpoav.dll advapi32.dll mpclient.dll ws2_32.dll nsi.dll system.data.ni.dll gpapi.dll system.data.dll system.runtime.serialization.dll cryptbase.dll system.runtime.serialization.ni.dll api-ms-win-core-threadpool-l1-2-0.dll smdiagnostics.dll smdiagnostics.ni.dll system.servicemodel.internals.dll system.servicemodel.internals.ni.dll shlwapi.dll mswsock.dll ondemandconnroutehelper.dll winnsi.dll dhcpcsvc6.dll dhcpcsvc.dll lpk.dll microsoft.powershell.commands.utility.ni.dll rasapi32.dll msctfmonitor.dll rasman.dll rtutils.dll winhttp.dll system.security.dll system.security.ni.dll wbemcomn.dll wbemprox.dll microsoft.powershell.commands.management.ni.dll wmiutils.dll wminet_utils.dll wminet_utils.dll napinsp.dll dnsapi.dll pnrpnsp.dll rasadhlp.dll nlaapi.dll wbemsvc.dll fastprox.dll winrnr.dll wshbth.dll,empire
 wow64cpu.dll ntdll.dll msctf.dll kernel32.dll KernelBase.dll gdi32.dll user32.dll lpk.dll usp10.dll msvcrt.dll gdi32.dll imm32.dll system.servicemodel.ni.dll msctf.dll wow64.dll ole32.dll rpcrt4.dll oleaut32.dll cryptbase.dll clbcatq.dll advapi32.dll sechost.dll ntdll.dll ntdll.dll wcp.dll wow64.dll wow64win.dll rpcrt4.dll dnsapi.dll wow64cpu.dll kernel32.dll kernel32.dll kernel32.dll sechost.dll KernelBase.dll KernelBase.dll user32.dll kernel32.dll KernelBase.dll advapi32.dll msvcrt.dll System.Xml.ni.dll sechost.dll rpcrt4.dll win32u.dll sspicli.dll kernel32.dll cryptbase.dll gdi32.dll user32.dll crypt32.dll version.dll winnsi.dll lpk.dll ole32.dll usp10.dll imm32.dll dnsapi.dll ws2_32.dll nsi.dll winnsi.dll dhcpcsvc.dll version.dll dhcpcsvc6.dll shell32.dll shlwapi.dll ole32.dll apphelp.dll wer.dll clbcatq.dll oleaut32.dll crypt32.dll cryptsp.dll rsaenh.dll RpcRtRemote.dll wevtapi.dll msctf.dll ntdll.dll ntdll.dll system.configuration.dll wow64.dll windowsbase.dll ntdll.dll wow64win.dll wow64cpu.dll kernel32.dll kernel32.dll kernel32.dll user32.dll sechost.dll user32.dll kernel32.dll kernel32.dll lpk.dll mscorsec.dll KernelBase.dll ieui.dll user32.dll advapi32.dll msvcrt.dll dxgi.dll shcore.dll sechost.dll rpcrt4.dll sspicli.dll cryptbase.dll dnsapi.dll ws2_32.dll nsi.dll winnsi.dll dhcpcsvc.dll dhcpcsvc6.dll ole32.dll shell32.dll shlwapi.dll gdi32.dll user32.dll lpk.dll usp10.dll d3d10level9.dll imm32.dll ole32.dll imm32.dll msctf.dll clbcatq.dll oleaut32.dll cryptsp.dll rsaenh.dll RpcRtRemote.dll wevtapi.dll,normal
 ntdll.dll kernel32.dll KernelBase.dll sechost.dll gdi32.dll gdi32.dll user32.dll lpk.dll secur32.dll usp10.dll mskeyprotect.dll System.ServiceModel.Internals.dll msvcrt.dll imm32.dll msctf.dll ole32.dll rpcrt4.dll oleaut32.dll cryptbase.dll clbcatq.dll ntdll.dll advapi32.dll sechost.dll,normal
 ntdll.dll kernel32.dll lpk.dll kernelbase.dll advapi32.dll msvcrt.dll advapi32.dll ntshrui.dll sechost.dll rpcrt4.dll gdi32.dll user32.dll gdi32.dll ntdll.dll lpk.dll usp10.dll ole32.dll wow64.dll localsec.dll shell32.dll shlwapi.dll oleaut32.dll srvcli.dll msxml6.dll cryptdll.dll setupapi.dll cfgmgr32.dll devobj.dll authz.dll imm32.dll msctf.dll cryptbase.dll rpcrt4.dll SearchFolder.dll dimsjob.dll rpcrtremote.dll KernelBase.dll clbcatq.dll wow64cpu.dll shlwapi.dll cryptsp.dll rsaenh.dll netutils.dll dsparse.dll version.dll netapi32.dll wkscli.dll bdatunepia.ni.dll atl.dll propsys.dll samcli.dll es.dll vssapi.dll vsstrace.dll samlib.dll System.Transactions.ni.dll clusapi.dll resutils.dll xolehlp.dll mfcsubs.dll catsrvut.dll virtdisk.dll fltlib.dll vss_ps.dll,normal
 ntdll.dll kernel32.dll kernelbase.dll gdi32.dll user32.dll lpk.dll usp10.dll msvcrt.dll imm32.dll msctf.dll ole32.dll gdi32.dll rpcrt4.dll oleaut32.dll cryptbase.dll msctf.dll clbcatq.dll lpk.dll advapi32.dll sechost.dll ntdll.dll cryptbase.dll ntdll.dll dhcpcsvc.dll wow64.dll diasymreader.dll user32.dll msctf.dll wow64win.dll wow64cpu.dll sechost.dll msasn1.dll kernel32.dll dhcpcsvc6.dll kernel32.dll advapi32.dll rpcrt4.dll kernel32.dll user32.dll kernel32.dll kernelbase.dll system.data.dll msvcrt.dll winbrand.dll user32.dll gdi32.dll winmm.dll lpk.dll usp10.dll advapi32.dll sechost.dll rpcrt4.dll wow64.dll sspicli.dll cryptbase.dll imm32.dll msctf.dll apphelp.dll,normal
 ntdll.dll kernel32.dll deviceaccess.dll clbcatq.dll kernelbase.dll api-ms-win-downlevel-normaliz-l1-1-0.dllnormaliz.dll ntdll.dll gdi32.dll user32.dll winbrand.dll lpk.dll usp10.dll msvcrt.dll imm32.dll msctf.dll ole32.dll rpcrt4.dll oleaut32.dll,normal
 ntdll.dll mscorlib.dll kernel32.dll advapi32.dll KernelBase.dll user32.dll shlwapi.dll gdi32.dll user32.dll lpk.dll usp10.dll msvcrt.dll imm32.dll msctf.dll ole32.dll nsi.dll rpcrt4.dll msctf.dll msi.dll oleaut32.dll cryptbase.dll msctf.dll lpk.dll clbcatq.dll advapi32.dll sechost.dll ntdll.dll wow64.dll ntdll.dll shlwapi.dll ntlanman.dll wow64win.dll DeviceCenter.dll wow64cpu.dll kernel32.dll shell32.dll kernel32.dll kernel32.dll mscoreei.dll user32.dll kernel32.dll kernel.appcore.dll KernelBase.dll mscoree.dll msvcrt.dll SensApi.dll ole32.dll sxsstore.dll oleaut32.dll ole32.dll gdi32.dll user32.dll advapi32.dll sechost.dll rpcrt4.dll sspicli.dll msctf.dll webio.dll cryptbase.dll sechost.dll lpk.dll usp10.dll sechost.dll imm32.dll msctf.dll version.dll clbcatq.dll msshooks.dll vbscript.dll advapi32.dll wintrust.dll crypt32.dll msasn1.dll cryptsp.dll rsaenh.dll msisip.dll wshext.dll comctl32.dll shell32.dll scrobj.dll msi.dll scrrun.dll sxs.dll shlwapi.dll,normal
 ntdll.dll wow64.dll msasn1.dll wow64win.dll ole32.dll wow64cpu.dll kernel32.dll kernel32.dll KernelBase.dll nsi.dll oleaut32.dll ole32.dll msvcrt.dll gdi32.dll user32.dll advapi32.dll sechost.dll rpcrt4.dll kernelbase.dll sspicli.dll ws2_32.dll cryptbase.dll nsi.dll kernelbase.dll lpk.dll usp10.dll imm32.dll msctf.dll shlwapi.dll version.dll clbcatq.dll Wldap32.dll msctf.dll mscoree.dll mscoreei.dll wtsapi32.dll Mso99Lwin32client.dll fusion.dll clr.dll clr.dll msvcr120_clr0400.dll ntdll.dll ntdll.dll kernel32.dll kernel32.dll kernel32.dll kernel32.dll KernelBase.dll sechost.dll sxs.dll msvcrt.dll rpcrt4.dll clbcatq.dll bcrypt.dll dmprocessxmlfiltered.dll gdi32.dll user32.dll msvcr80.dll dxgi.dll user32.dll lpk.dll usp10.dll mscorlib.ni.dll ole32.dll oleaut32.dll imm32.dll mscorsvc.dll taskschd.dll,normal
 ntdll.dll kernel32.dll cryptbase.dll cryptbase.dll KernelBase.dll gdi32.dll user32.dll lpk.dll usp10.dll msvcrt.dll imm32.dll msctf.dll user32.dll ole32.dll rpcrt4.dll rpcrt4.dll oleaut32.dll cryptbase.dll clbcatq.dll kernel32.dll advapi32.dll sechost.dll ntdll.dll wups.dll ntdll.dll comctl32.dll wow64.dll wow64win.dll wow64cpu.dll kernel32.dll srvcli.dll system.xml.ni.dll kernel32.dll mscorwks.dll kernel32.dll powrprof.dll user32.dll kernel32.dll KernelBase.dll msvcrt.dll cryptsp.dll wow64.dll msswch.dll winbrand.dll user32.dll wow64win.dll gdi32.dll lpk.dll ncrypt.dll usp10.dll advapi32.dll sechost.dll rpcrt4.dll sspicli.dll cryptbase.dll imm32.dll msctf.dll apphelp.dll,normal
 ntdll.dll cryptui.dll wow64.dll ntdll.dll lpk.dll wow64win.dll wow64cpu.dll kernel32.dll webio.dll kernel32.dll kernelbase.dll kernel32.dll System.ServiceModel.Web.ni.dll oleaut32.dll ole32.dll msvcrt.dll gdi32.dll ktmw32.dll user32.dll advapi32.dll rsaenh.dll sechost.dll cfgmgr32.dll rpcrt4.dll usp10.dll api-ms-win-crt-runtime-l1-1-0.dll sspicli.dll lpk.dll cryptbase.dll lpk.dll usp10.dll imm32.dll netutils.dll msctf.dll shlwapi.dll version.dll ucrtbase.dll clbcatq.dll mscoree.dll usp10.dll mscoreei.dll fusion.dll clr.dll clr.dll comctl32.dll msvcr120_clr0400.dll kernel32.dll user32.dll msctf.dll ntdll.dll ntdll.dll kernel32.dll kernel32.dll kernel32.dll kernelbase.dll kernel32.dll msvcrt.dll advapi32.dll cryptbase.dll bcryptprimitives.dll sechost.dll rpcrt4.dll shlwapi.dll gdi32.dll sensapi.dll user32.dll user32.dll advapi32.dll lpk.dll usp10.dll ole32.dll oleaut32.dll imm32.dll cfgmgr32.dll setupapi.dll devobj.dll cryptbase.dll fusion.dll mscorsvc.dll version.dll msvcrt.dll shell32.dll System.Deployment.dll taskschd.dll mscorsvc.dll msidle.dll msctf.dll winsta.dll msvcr120_clr0400.dll mscoree.dll mscoreei.dll version.dll clr.dll clr.dll wtsapi32.dll system.configuration.dll powrprof.dll clbcatq.dll rpcrt4.dll sspicli.dll kernel32.dll oleacc.dll taskschd.dll clr.dll clbcatq.dll mscorwks.dll mscorwks.dll mscorwks.dll mscorwks.dll usp10.dll mscorwks.dll mscorwks.dll dnsapi.dll mscorwks.dll mscorwks.dll mscorwks.dll system.configuration.dll mscorwks.dll ntdll.dll imm32.dll mscorwks.dll mscorwks.dll KernelBase.dll msshooks.dll mscorwks.dll mscorwks.dll mscorwks.dll ws2_32.dll mscorwks.dll mscorwks.dll mscorwks.dll twinapi.appcore.dll mscorwks.dll mscorwks.dll mscorwks.dll mscorwks.dll ntdll.dll gdi32.dll mscorwks.dll mscorwks.dll winmm.dll mscorwks.dll mscorwks.dll mscorwks.dll mscorwks.dll mscorwks.dll system.numerics.dll dhcpcsvc.dll mscorwks.dll mscorwks.dll mscorwks.dll mscorwks.dll mscorwks.dll mscorwks.dll mscorwks.dll mscorwks.dll mscorwks.dll mscorwks.dll mscorwks.dll mscorwks.dll mscorwks.dll ncrypt.dll mscorwks.dll wintrust.dll mscorwks.dll mscorwks.dll mscorwks.dll mscorwks.dll mscorwks.dll mscorwks.dll mscorwks.dll mscorwks.dll apphelp.dll cryptsp.dll rsaenh.dll rpcrtremote.dll sxs.dll,normal
 ntdll.dll ntdll.dll ntdll.dll wow64.dll wow64win.dll wow64cpu.dll kernel32.dll kernel32.dll ntdll.dll dhcpcsvc6.dll auditcse.dll system.configuration.install.ni.dll kernel32.dll oleacc.dll msasn1.dll user32.dll kernel32.dll kernelbase.dll msvcrt.dll oleaut32.dll ole32.dll gdi32.dll user32.dll mssvp.dll advapi32.dll devobj.dll sechost.dll mscorlib.dll wevtapi.dll ole32.dll rpcrt4.dll sspicli.dll cryptbase.dll wow64win.dll mscorlib.dll lpk.dll usp10.dll version.dll msctf.dll imm32.dll msctf.dll sxs.dll clbcatq.dll advapi32.dll vbscript.dll crypt32.dll wintrust.dll msasn1.dll system.configuration.dll cryptsp.dll rsaenh.dll msisip.dll wshext.dll ntmarta.dll shell32.dll shlwapi.dll comctl32.dll scrobj.dll msi.dll scrrun.dll,normal
 advapi32.dll shcore.dll userenv.dll profapi.dll sechost.dll esent.dll wer.dll msvcrt.dll advapi32.dll appxdeploymentserver.dll auditcse.dll tdh.dll wevtapi.dll urlmon.dll appxpackaging.dll System.Configuration.dll System.Management.Automation.ni.dll netprofm.dll uianimation.dll xmllite.dll opcservices.dll ole32.dll shlwapi.dll iertutil.dll wininet.dll cryptsp.dll rsaenh.dll appxstreamingdatasourceps.dll,normal
 ntdll.dll System.XML.dll dbghelp.dll kernel32.dll kernelbase.dll msvcrt.dll ole32.dll gdi32.dll oleaut32.dll user32.dll lpk.dll usp10.dll rpcrt4.dll imm32.dll system.security.ni.dll msctf.dll cryptbase.dll clbcatq.dll advapi32.dll sechost.dll oleaut32.dll secur32.dll cryptsp.dll shell32.dll kernel32.dll rsaenh.dll rpcrtremote.dll rpcrt4.dll lpk.dll uxtheme.dll thumbcache.dll shlwapi.dll version.dll comctl32.dll psapi.dll propsys.dll shell32.dll,normal
 Accessibility.ni.dll apphelp.dll ntdll.dll ntdll.dll wow64.dll wow64win.dll msxml3.dll wow64cpu.dll kernel32.dll kernel32.dll kernel32.dll user32.dll kernel32.dll wininet.dll System.ni.dll KernelBase.dll kernel32.dll System.DirectoryServices.dll advapi32.dll userenv.dll msvcrt.dll sechost.dll rpcrt4.dll system.web.regularexpressions.dll sspicli.dll cryptbase.dll msvcr120_clr0400.dll mscoree.dll ole32.dll gdi32.dll user32.dll lpk.dll usp10.dll mscorlib.dll sechost.dll oleaut32.dll imm32.dll msctf.dll cryptsp.dll rsaenh.dll RpcRtRemote.dll clbcatq.dll sxs.dll shell32.dll mscoreei.dll clr.dll shlwapi.dll ntdll.dll mscorlib.ni.dll uxtheme.dll clrjit.dll netutils.dll System.ni.dll System.Core.ni.dll WindowsBase.ni.dll PresentationCore.ni.dll version.dll user32.dll wow64win.dll PresentationCore.dll sechost.dll PresentationCore.dll profapi.dll msv1_0.dll mscorlib.dll System.Security.ni.dll kernel32.dll api-ms-win-core-handle-l1-1-0.dll windows.staterepositoryps.dll mscorlib.dll WindowsBase.dll user32.dll msctf.dll ntdll.dll WindowsBase.dll System.Core.dll System.Core.dll System.dll System.dll gdi32.dll System.Xaml.ni.dll System.Xaml.dll System.Xaml.dll UIAutomationTypes.ni.dll shell32.dll UIAutomationTypes.dll UIAutomationTypes.dll ntdll.dll System.Configuration.ni.dll System.Configuration.dll System.Configuration.dll UIAutomationProvider.ni.dll UIAutomationProvider.dll UIAutomationProvider.dll System.Windows.Input.Manipulations.ni.dll System.Xml.ni.dll System.Xml.dll system.configuration.dll System.Xml.dll setupapi.dll System.Deployment.ni.dll System.Deployment.dll System.Deployment.dll Accessibility.ni.dll Accessibility.dll Accessibility.dll System.Security.ni.dll System.Security.dll System.Security.dll System.Numerics.ni.dll System.Numerics.dll System.Numerics.dll,normal
 api-ms-win-core-localization-l1-2-0.dll ntdll.dll kernel32.dll KernelBase.dll advapi32.dll msvcrt.dll sechost.dll user32.dll rpcrt4.dll version.dll user32.dll gdi32.dll lpk.dll usp10.dll dwrite.dll ole32.dll comctl32.dll shlwapi.dll KernelBase.dll shell32.dll dui70.dll imm32.dll msctf.dll msasn1.dll EhStorShell.dll system.security.dll cryptbase.dll ntdll.dll wow64.dll mscorlib.dll kernel32.dll KernelBase.dll gdi32.dll user32.dll gdi32.dll lpk.dll apphelp.dll usp10.dll kernelbase.dll credui.dll imm32.dll lpk.dll system.web.services.ni.dll msvcrt.dll imm32.dll System.Data.dll msctf.dll usp10.dll sxs.dll ole32.dll rpcrt4.dll usp10.dll oleaut32.dll cryptbase.dll clbcatq.dll kernelbase.dll advapi32.dll sechost.dll ntdll.dll ntdll.dll wow64.dll wow64win.dll wow64cpu.dll kernel32.dll wintrust.dll kernel32.dll kernel32.dll user32.dll kernel32.dll user32.dll KernelBase.dll bcryptprimitives.dll msvcrt.dll vm3dum64.dll oleaut32.dll ole32.dll gdi32.dll ntdll.dll kernel32.dll user32.dll advapi32.dll sechost.dll rpcrt4.dll sspicli.dll mscorjit.dll cryptbase.dll lpk.dll lpk.dll usp10.dll version.dll imm32.dll msctf.dll sxs.dll clbcatq.dll vbscript.dll advapi32.dll wintrust.dll crypt32.dll ole32.dll msasn1.dll cryptsp.dll rsaenh.dll msisip.dll wshext.dll comctl32.dll shell32.dll shlwapi.dll scrobj.dll msi.dll scrrun.dll,normal
 dwmapi.dll dwmapi.dll,normal
 ntdll.dll ntdll.dll wow64.dll wow64win.dll sechost.dll wow64cpu.dll kernel32.dll kernel32.dll sechost.dll kernel32.dll user32.dll kernel32.dll KernelBase.dll advapi32.dll msvcrt.dll ntdll.dll sechost.dll rpcrt4.dll System.ServiceModel.Internals.dll system.data.dll sspicli.dll sensapi.dll cryptbase.dll msvcr120_clr0400.dll mscoree.dll ole32.dll system.xml.ni.dll gdi32.dll user32.dll lpk.dll usp10.dll oleaut32.dll imm32.dll msctf.dll cryptsp.dll ole32.dll ws2_32.dll rsaenh.dll RpcRtRemote.dll clbcatq.dll sxs.dll mscoreei.dll advapi32.dll clr.dll shlwapi.dll SensApi.dll mscorlib.ni.dll msasn1.dll clrjit.dll propsys.dll Microsoft.Powershell.Workflow.ServiceCore.dll Microsoft.Powershell.Workflow.ServiceCore.dll version.dll mscorlib.dll fltlib.dll wpdshext.dll mscorlib.dll windowsbase.ni.dll imagehlp.dll System.ni.dll gdi32.dll System.Core.ni.dll System.Activities.ni.dll System.Transactions.dll ntdll.dll System.Activities.dll shell32.dll system.dll sensapi.dll cryptsp.dll System.Activities.dll System.Activities.dll System.Activities.dll System.Activities.dll System.Activities.dll uxtheme.dll System.Management.Automation.dll System.Management.Automation.dll System.Core.dll System.Core.dll advapi32.dll System.dll wow64.dll System.dll System.Runtime.DurableInstancing.ni.dll system.configuration.dll System.Runtime.DurableInstancing.dll System.Runtime.DurableInstancing.dll System.Runtime.DurableInstancing.dll System.Runtime.DurableInstancing.dll System.Runtime.DurableInstancing.dll shlwapi.dll oleaut32.dll system.runtime.serialization.ni.dll System.Runtime.DurableInstancing.dll kernel32.dll system.configuration.dll System.Management.ni.dll mscoreei.dll System.Management.dll msvcrt.dll System.Management.dll api-ms-win-downlevel-advapi32-l1-1-0.dll shlwapi.dll Microsoft.Management.Infrastructure.ni.dll Microsoft.Management.Infrastructure.dll Microsoft.Management.Infrastructure.dll System.Transactions.ni.dll System.Transactions.dll system.enterpriseservices.wrapper.dll System.Transactions.dll UIAutomationProvider.ni.dll System.Transactions.dll System.Transactions.dll System.Transactions.dll System.Transactions.dll System.Transactions.dll System.ServiceModel.Internals.ni.dll System.ServiceModel.Internals.dll ntprint.dll System.ServiceModel.Internals.dll System.ServiceModel.Internals.dll System.ServiceModel.Internals.dll System.ServiceModel.Internals.dll profapi.dll System.ServiceModel.Internals.dll System.Xml.Linq.ni.dll System.Xml.Linq.dll System.Xml.Linq.dll System.Xml.Linq.dll System.Xml.Linq.dll kernel32.dll System.Xml.Linq.dll taskschd.dll System.Xml.Linq.dll System.Xaml.ni.dll System.Xaml.dll System.Xaml.dll ntdll.dll imageres.dll System.Xaml.dll System.Xaml.dll System.Xaml.dll System.Xaml.dll System.Xml.ni.dll System.Xml.dll System.Xml.dll System.Xml.dll System.Xml.dll imageres.dll System.Xml.dll System.Xml.dll Microsoft.Build.ni.dll Microsoft.Build.dll Microsoft.Build.dll Microsoft.Build.Framework.ni.dll lpk.dll api-ms-win-core-url-l1-1-0.dll Microsoft.Build.Framework.dll Microsoft.Build.Framework.dll cryptbase.dll Microsoft.VisualStudio.Tools.Applications.Contract.v9.0.dll api-ms-win-core-file-l1-2-0.dll System.Runtime.Serialization.ni.dll imageres.dll System.Runtime.Serialization.dll System.Runtime.Serialization.dll System.Runtime.Serialization.dll System.Runtime.Serialization.dll bcryptprimitives.dll wow64cpu.dll System.Runtime.Serialization.dll System.Runtime.Serialization.dll System.Security.ni.dll comctl32.dll System.Security.dll System.Security.dll System.Security.dll ntdll.dll System.Security.dll System.Security.dll SensApi.dll System.Security.dll Microsoft.PowerShell.Commands.Management.ni.dll Microsoft.Management.Infrastructure.CimCmdlets.ni.dll rsaenh.dll Microsoft.Powershell.Commands.Management.dll gdi32.dll Microsoft.Powershell.Commands.Management.dll Microsoft.Management.Infrastructure.CimCmdlets.dll Microsoft.Management.Infrastructure.CimCmdlets.dll SMDiagnostics.ni.dll SMDiagnostics.dll SensApi.dll scrobj.dll SMDiagnostics.dll SMDiagnostics.dll SMDiagnostics.dll SMDiagnostics.dll SMDiagnostics.dll kernel32.dll Microsoft.Management.Infrastructure.Native.ni.dll Microsoft.Management.Infrastructure.Native.dll rasadhlp.dll nlaapi.dll dwmapi.dll Microsoft.Management.Infrastructure.Native.dll bcrypt.dll bcryptprimitives.dll Microsoft.PowerShell.Workflow.ServiceCore.ni.dll ntdll.dll kernel32.dll KernelBase.dll msvcrt.dll sechost.dll rpcrt4.dll advapi32.dll ole32.dll gdi32.dll user32.dll rpcrt4.dll lpk.dll usp10.dll wship6.dll imm32.dll msctf.dll imm32.dll cryptbase.dll oleaut32.dll advapi32.dll clbcatq.dll oleaut32.dll ws2_32.dll nsi.dll msftedit.dll secur32.dll sspicli.dll RpcRtRemote.dll authz.dll cryptsp.dll mswsock.dll wship6.dll credssp.dll version.dll winnsi.dll dhcpcsvc6.dll dhcpcsvc.dll FirewallAPI.dll FwRemoteSvr.dll,normal
 ntdll.dll ntdll.dll system.runtime.serialization.ni.dll mscorlib.ni.dll setupapi.dll wow64.dll wow64win.dll wow64cpu.dll ntdll.dll kernel32.dll windows.devices.enumeration.dll system.data.dll kernel32.dll user32.dll kernel32.dll user32.dll kernel32.dll system.web.applicationservices.dll KernelBase.dll msvcrt.dll winbrand.dll msvcrt.dll user32.dll gdi32.dll lpk.dll usp10.dll advapi32.dll sechost.dll rpcrt4.dll sspicli.dll cryptbase.dll imm32.dll msctf.dll cfgmgr32.dll apphelp.dll ntdll.dll oleaut32.dll sxsstore.dll kernel32.dll KernelBase.dll imm32.dll advapi32.dll wshbth.dll msvcrt.dll sechost.dll rpcrt4.dll msvcr120_clr0400.dll clbcatq.dll mscoree.dll ole32.dll gdi32.dll gdi32.dll user32.dll lpk.dll System.Xml.ni.dll usp10.dll uxtheme.dll framedynos.dll api-ms-win-core-memory-l1-1-2.dll oleaut32.dll imm32.dll msctf.dll cryptbase.dll cryptsp.dll lpk.dll rsaenh.dll kernel32.dll clbcatq.dll RpcRtRemote.dll sxs.dll mscoreei.dll msvcrt.dll wldp.dll kernel32.dll clr.dll shlwapi.dll rpcrtremote.dll mscorlib.ni.dll clrjit.dll System.ni.dll wow64.dll System.Core.ni.dll System.Data.ni.dll kernelbase.dll profapi.dll version.dll cryptsp.dll user32.dll System.Data.dll System.Data.dll mscorlib.dll vm3dum64.dll mscorlib.dll System.Data.dll System.Xml.ni.dll imm32.dll System.Xml.ni.dll System.Transactions.ni.dll sechost.dll System.Transactions.dll System.Transactions.dll cryptbase.dll smipi.dll System.Transactions.dll System.Numerics.ni.dll System.Configuration.ni.dll System.EnterpriseServices.ni.dll userenv.dll System.Security.ni.dll ntdll.dll ntdll.dll ncryptsslp.dll user32.dll kernel32.dll wow64.dll ntdll.dll microsoft.powershell.workflow.servicecore.dll user32.dll sspicli.dll wow64win.dll imm32.dll dhcpcsvc6.dll nsi.dll wow64cpu.dll kernel32.dll sechost.dll kernel32.dll kernel32.dll user32.dll kernel32.dll KernelBase.dll advapi32.dll msvcrt.dll uxtheme.dll sechost.dll tquery.dll windows.storage.dll vbscript.dll clbcatq.dll mscorlib.dll rpcrt4.dll sspicli.dll cryptbase.dll msvcr120_clr0400.dll mscoree.dll ole32.dll gdi32.dll system.serviceprocess.ni.dll user32.dll lpk.dll usp10.dll oleaut32.dll imm32.dll msctf.dll cryptsp.dll rsaenh.dll RpcRtRemote.dll wow64cpu.dll clbcatq.dll sxs.dll mscoreei.dll mscorwks.dll smiengine.dll msvcr80.dll shlwapi.dll shell32.dll PresentationCore.dll profapi.dll presentationframework.ni.dll mscorlib.ni.dll mscorjit.dll mscorlib.dll mscorlib.dll version.dll mscorlib.dll mscorlib.dll System.ni.dll api-ms-win-downlevel-advapi32-l1-1-0.dll MMCFxCommon.ni.dll kernel32.dll MMCFxCommon.dll MMCFxCommon.dll clbcatq.dll System.dll System.dll System.dll devobj.dll cmitrust.dll System.dll System.Drawing.ni.dll System.Windows.Forms.ni.dll shcore.dll System.Windows.Forms.dll System.Windows.Forms.dll oleaut32.dll System.Windows.Forms.dll System.Windows.Forms.dll System.Drawing.dll System.Drawing.dll System.Drawing.dll KernelBase.dll System.Drawing.dll user32.dll user32.dll System.Configuration.ni.dll System.configuration.dll System.configuration.dll System.configuration.dll System.configuration.dll System.Xml.ni.dll System.XML.dll gdi32.dll microsoft.visualstudio.tools.applications.runtime.ni.dll System.XML.dll cryptsp.dll System.XML.dll dbghelp.dll System.XML.dll System.Security.ni.dll system.deployment.ni.dll System.Data.dll System.Security.dll shlwapi.dll wldap32.dll System.Security.dll System.Security.dll System.Security.dll System.Data.SqlXml.ni.dll System.Data.SqlXml.dll perfproc.dll System.Data.SqlXml.dll System.Data.SqlXml.dll System.Data.SqlXml.dll Accessibility.ni.dll Accessibility.dll Accessibility.dll Accessibility.dll Accessibility.dll gdi32.dll profext.dll ncrypt.dll System.Runtime.Serialization.Formatters.Soap.ni.dll comctl32.dll System.Runtime.Serialization.Formatters.Soap.dll System.Runtime.Serialization.Formatters.Soap.dll System.Deployment.ni.dll System.Deployment.dll System.Deployment.dll system.printing.dll System.Deployment.dll System.Deployment.dll ntdll.dll ntdll.dll shlwapi.dll wow64.dll wow64win.dll accessibility.dll wow64cpu.dll kernel32.dll kernel32.dll kernel32.dll user32.dll kernel32.dll KernelBase.dll ws2_32.dll advapi32.dll msvcrt.dll sechost.dll rpcrt4.dll sspicli.dll usp10.dll cryptbase.dll msvcr120_clr0400.dll mscoree.dll ole32.dll gdi32.dll user32.dll lpk.dll msctf.dll sechost.dll usp10.dll oleaut32.dll imm32.dll msctf.dll cryptsp.dll rsaenh.dll RpcRtRemote.dll clbcatq.dll sxs.dll mscoreei.dll mscorwks.dll msvcr80.dll shlwapi.dll shell32.dll atl.dll profapi.dll mscorlib.ni.dll cryptbase.dll mscorjit.dll mscorlib.dll mscorlib.dll version.dll mscorlib.dll mscorlib.dll PresentationFramework.Royale.ni.dll System.ni.dll WindowsBase.ni.dll netprofm.dll PresentationFramework.Royale.dll PresentationFramework.Royale.dll ntdll.dll PresentationFramework.Royale.dll PresentationFramework.Royale.dll PresentationCore.ni.dll PresentationFramework.ni.dll PresentationFramework.dll PresentationFramework.dll PresentationFramework.dll PresentationFramework.dll WindowsBase.dll WindowsBase.dll WindowsBase.dll WindowsBase.dll System.dll System.dll System.dll System.dll PresentationCore.dll PresentationCore.dll PresentationCore.dll PresentationCore.dll,normal
 ntdll.dll dinput8.dll kernel32.dll KernelBase.dll gdi32.dll WindowsCodecs.dll user32.dll ntdll.dll lpk.dll imagehlp.dll usp10.dll atl.dll vsstrace.dll msvcrt.dll cryptbase.dll imm32.dll msctf.dll clbcatq.dll ole32.dll vaultcli.dll rpcrt4.dll oleaut32.dll uxtheme.dll dwmapi.dll advapi32.dll msvcrt.dll sechost.dll comctl32.dll shlwapi.dll cryptbase.dll clbcatq.dll shell32.dll comctl32.dll oleacc.dll imecfm.dll version.dll,normal
 xmllite.dll System.Data.ni.dll xmllite.dll wow64.dll system.configuration.ni.dll mfmediaengine.dll mfmediaengine.dll msvcrt.dll windows.shell.servicehostbuilder.dll windows.shell.servicehostbuilder.dll ws2_32.dll ws2_32.dll inkobj.dll certprop.dll windows.media.dll windows.media.dll mfsrcsnk.dll msisip.dll mfsrcsnk.dll System.dll cryptnet.dll resampledmo.dll msdmo.dll msdmo.dll nlaapi.dll mfmediaengine.dll mfmediaengine.dll xmllite.dll xmllite.dll ntdll.dll windows.shell.servicehostbuilder.dll windows.shell.servicehostbuilder.dll ntdll.dll windows.media.dll api-ms-win-core-rtlsupport-l1-1-0.dll windows.media.dll ws2_32.dll ws2_32.dll mfsrcsnk.dll mfsrcsnk.dll msvcrt.dll resampledmo.dll msdmo.dll msdmo.dll xmllite.dll nsi.dll xmllite.dll ws2_32.dll WindowsBase.ni.dll crypt32.dll ws2_32.dll mfmediaengine.dll mfmediaengine.dll wow64.dll windows.shell.servicehostbuilder.dll windows.shell.servicehostbuilder.dll windows.media.dll windows.media.dll mfsrcsnk.dll mfsrcsnk.dll resampledmo.dll msdmo.dll msdmo.dll windows.shell.servicehostbuilder.dll windows.shell.servicehostbuilder.dll,normal
 taskschd.dll xmllite.dll,normal
 ntdll.dll ntdll.dll rsaenh.dll wow64.dll System.Runtime.Serialization.ni.dll wow64win.dll wow64cpu.dll oleaut32.dll kernel32.dll kernel32.dll kernel32.dll user32.dll kernel32.dll kernelbase.dll shlwapi.dll advapi32.dll msvcrt.dll sechost.dll rpcrt4.dll sspicli.dll kernel32.dll Windows.UI.dll cryptbase.dll dnsapi.dll ws2_32.dll nsi.dll winnsi.dll dhcpcsvc.dll kernelbase.dll dhcpcsvc6.dll shell32.dll msimg32.dll shlwapi.dll gdi32.dll api-ms-win-core-file-l2-1-1.dll jscript9.dll api-ms-win-eventing-provider-l1-1-0.dll msasn1.dll user32.dll lpk.dll wow64cpu.dll usp10.dll ole32.dll imm32.dll msctf.dll clbcatq.dll oleaut32.dll cryptsp.dll cryptsp.dll rsaenh.dll rpcrtremote.dll advapi32.dll wevtapi.dll ntdll.dll imm32.dll kernel32.dll ntdll.dll wow64.dll wow64win.dll wow64.dll ktmw32.dll wow64cpu.dll cbsapi.dll kernel32.dll kernel32.dll kernel32.dll user32.dll kernel32.dll kernelbase.dll mssvp.dll msvcrt.dll oleaut32.dll gdi32.dll winbrand.dll user32.dll gdi32.dll ntdll.dll lpk.dll usp10.dll advapi32.dll system.security.ni.dll sechost.dll rpcrt4.dll sspicli.dll cryptbase.dll imm32.dll msctf.dll apphelp.dll,normal
 ntdll.dll wow64.dll wow64win.dll wow64cpu.dll kernel32.dll kernel32.dll KernelBase.dll advapi32.dll rpcrt4.dll msvcrt.dll system.data.services.design.dll wintrust.dll sechost.dll rpcrt4.dll sspicli.dll cryptbase.dll microsoft.vsa.ni.dll SMdiagnostics.dll nsi.dll cryptbase.dll ole32.dll imm32.dll gdi32.dll setupapi.dll user32.dll propsys.dll lpk.dll usp10.dll winbrand.dll oleaut32.dll imm32.dll cfgmgr32.dll msctf.dll msvcr80.dll shlwapi.dll version.dll wtsapi32.dll winsta.dll nsi.dll setupapi.dll cfgmgr32.dll devobj.dll mscoree.dll mscoreei.dll profapi.dll fusion.dll clr.dll wcp.dll clr.dll msvcr120_clr0400.dll clbcatq.dll dxgi.dll clr.dll ntdll.dll kernel32.dll smipi.dll kernel32.dll user32.dll mscorsvc.dll taskschd.dll msidle.dll powrprof.dll mscorwks.dll mscorwks.dll mscorwks.dll mscorwks.dll adwsres.dll mscorwks.dll mscorwks.dll mscorwks.dll mscorwks.dll mscorwks.dll bcryptprimitives.dll wow64win.dll msvcr80.dll mscorlib.dll mscorwks.dll mscorwks.dll mscorwks.dll mscorwks.dll dpx.dll pautoenr.dll setupapi.dll mscorwks.dll mscorwks.dll mscorwks.dll wow64.dll oledb32.dll mscorwks.dll mscorwks.dll wevtapi.dll mscorwks.dll mscorwks.dll mscorwks.dll mscorwks.dll mscorwks.dll mscorwks.dll dnsapi.dll dhcpcsvc.dll mscorwks.dll nsi.dll mscorwks.dll mscorwks.dll KernelBase.dll sechost.dll msvcr120_clr0400.dll mscorwks.dll mscorwks.dll mscorwks.dll mscorwks.dll mscorwks.dll mscorwks.dll mscorwks.dll mscorwks.dll mscorwks.dll mscorwks.dll mscorwks.dll mscorwks.dll RpcRtRemote.dll ntdll.dll mscorwks.dll mscorwks.dll mscorwks.dll mscorjit.dll mscorwks.dll filterlib.dll mscorwks.dll sechost.dll dhcpcsvc6.dll mscorwks.dll mscorwks.dll mscorwks.dll mscorwks.dll user32.dll clbcatq.dll System.Core.dll mscorwks.dll ntdll.dll msasn1.dll mscorwks.dll mscorwks.dll apphelp.dll mprapi.dll cryptsp.dll system.security.dll winbrand.dll bcrypt.dll rsaenh.dll RpcRtRemote.dll sxs.dll System.Xml.ni.dll mscorwks.dll mscorwks.dll mscorwks.dll edputil.dll rpcrt4.dll mscorwks.dll mscorwks.dll sechost.dll mscorwks.dll microsoft.office.tools.outlook.implementation.dll mscorwks.dll mscorwks.dll wow64.dll system.data.oracleclient.dll mscorwks.dll mscorwks.dll mscorwks.dll mscorwks.dll mscorwks.dll sspicli.dll mscorwks.dll mscorwks.dll mscorwks.dll mscorwks.dll mscorwks.dll mscorwks.dll mscorwks.dll mscorwks.dll mscorwks.dll mscorwks.dll mscorwks.dll mscorwks.dll mscorwks.dll mscorwks.dll mscorwks.dll mscorwks.dll mscorwks.dll mscorwks.dll mscorwks.dll mscorwks.dll mscorwks.dll mscorwks.dll mscorwks.dll mscorwks.dll mscorwks.dll mscorwks.dll mscorwks.dll mscorwks.dll mscorwks.dll mscorwks.dll mscorwks.dll mscorwks.dll mscorwks.dll mscorwks.dll mscorwks.dll mscorwks.dll mscorwks.dll,normal
 ntdll.dll ntdll.dll wow64.dll wow64win.dll wow64cpu.dll kernel32.dll kernel32.dll kernel32.dll user32.dll msvcrt.dll clbcatq.dll system.servicemodel.dll cryptsp.dll user32.dll kernel32.dll KernelBase.dll msvcrt.dll winbrand.dll kernel32.dll msctf.dll user32.dll gdi32.dll ntdll.dll lpk.dll usp10.dll advapi32.dll sspicli.dll sechost.dll rpcrt4.dll sspicli.dll msadrh15.dll cryptbase.dll imm32.dll msctf.dll apphelp.dll,normal
 ntdll.dll kernel32.dll KernelBase.dll msvcrt.dll ole32.dll gdi32.dll user32.dll lpk.dll usp10.dll lpk.dll rpcrt4.dll advapi32.dll mpoav.dll sechost.dll System.Data.Services.Client.ni.dll oleaut32.dll mpr.dll shlwapi.dll imm32.dll setupapi.dll imm32.dll imageres.dll msctf.dll shell32.dll setupapi.dll profapi.dll wucltux.dll system.addin.contract.dll usp10.dll GdiPlus.dll fltlib.dll msimg32.dll shell32.dll oleacc.dll slc.dll kernel32.dll uxtheme.dll KernelBase.dll duser.dll cabinet.dll crypt32.dll KernelBase.dll psapi.dll Wldap32.dll gdi32.dll msasn1.dll WindowsCodecs.dll wintrust.dll comctl32.dll cryptbase.dll clbcatq.dll system.identitymodel.ni.dll cryptsp.dll rsaenh.dll RpcRtRemote.dll wups2.dll ntdll.dll System.Web.Services.dll winbrand.dll kernel32.dll KernelBase.dll advapi32.dll msvcrt.dll System.Data.dll kernelbase.dll lpk.dll sechost.dll msimg32.dll msvcrt.dll sspicli.dll rpcrt4.dll gdi32.dll user32.dll lpk.dll usp10.dll ole32.dll system.xml.linq.dll msimg32.dll gdi32.dll wmsgapi.dll wtsapi32.dll winmm.dll kernel32.dll ieframe.dll ntdll.dll userenv.dll ntdll.dll profapi.dll winsta.dll crypt32.dll msasn1.dll System.AddIn.Contract.dll wow64cpu.dll MsCtfMonitor.dll msctf.dll imm32.dll msutb.dll system.web.ni.dll comctl32.dll shlwapi.dll secur32.dll sspicli.dll shell32.dll wudfplatform.dll mscorlib.dll usp10.dll cryptbase.dll uxtheme.dll dwmapi.dll gdi32.dll wintrust.dll cryptsp.dll rsaenh.dll imagehlp.dll Microsoft.Windows.Diagnosis.Commands.GetDiagInput.ni.dll sspicli.dll bcrypt.dll bcryptprimitives.dll ncrypt.dll gpapi.dll cryptnet.dll usp10.dll Wldap32.dll version.dll clbcatq.dll oleaut32.dll dxgi.dll urlmon.dll api-ms-win-downlevel-ole32-l1-1-0.dll api-ms-win-downlevel-shlwapi-l1-1-0.dll api-ms-win-downlevel-advapi32-l1-1-0.dll api-ms-win-downlevel-user32-l1-1-0.dll api-ms-win-downlevel-version-l1-1-0.dll api-ms-win-downlevel-normaliz-l1-1-0.dllnormaliz.dll iertutil.dll wininet.dll credui.dll authui.dll cryptui.dll GdiPlus.dll dui70.dll oleacc.dll duser.dll MMDevAPI.dll propsys.dll imecfm.dll xmllite.dll imageres.dll setupapi.dll cfgmgr32.dll devobj.dll msutb.dll,normal
 msftedit.dll,normal
 sendmail.dll mydocs.dll,normal
 ntdll.dll msctf.dll kernel32.dll dnsapi.dll kernelbase.dll gdi32.dll user32.dll lpk.dll msvcrt.dll KernelBase.dll usp10.dll msvcrt.dll imm32.dll msctf.dll imm32.dll ole32.dll rpcrt4.dll oleaut32.dll cryptbase.dll clbcatq.dll advapi32.dll sechost.dll wpdshext.dll msvcr80.dll shell32.dll System.XML.dll lpk.dll ntdll.dll kernel32.dll kernelbase.dll gdi32.dll user32.dll lpk.dll winnsi.dll usp10.dll msvcrt.dll imm32.dll msctf.dll grooveintlresource.dll ole32.dll winmm.dll rpcrt4.dll oleaut32.dll cryptbase.dll clbcatq.dll advapi32.dll sechost.dll ntdll.dll ntdll.dll wow64.dll msvcrt.dll wow64win.dll dhcpcsvc6.dll wow64cpu.dll mprmsg.dll kernel32.dll SensApi.dll kernel32.dll kernel32.dll user32.dll kernel32.dll ole32.dll kernelbase.dll advapi32.dll setupapi.dll msvcrt.dll sechost.dll rpcrt4.dll sspicli.dll comctl32.dll cryptbase.dll RstrtMgr.dll dnsapi.dll ws2_32.dll msvcrt.dll nsi.dll winnsi.dll dhcpcsvc.dll dhcpcsvc6.dll rasapi32.dll sechost.dll sechost.dll system.data.dll shell32.dll shlwapi.dll system.data.linq.dll gdi32.dll user32.dll user32.dll lpk.dll usp10.dll ole32.dll imm32.dll msctf.dll oleaut32.dll comctl32.dll clbcatq.dll oleaut32.dll sspicli.dll cryptsp.dll gdi32.dll rsaenh.dll rpcrtremote.dll wevtapi.dll clbcatq.dll ntdll.dll kernel32.dll mpr.dll system.drawing.ni.dll microsoft.visualbasic.compatibility.data.dll msctf.dll kernelbase.dll shlwapi.dll gdi32.dll user32.dll lpk.dll usp10.dll msvcrt.dll imm32.dll msctf.dll system.ni.dll ole32.dll rpcrt4.dll oleaut32.dll cryptbase.dll clbcatq.dll advapi32.dll sechost.dll ntdll.dll mscorsec.dll kernel32.dll kernel32.dll windows.globalization.dll kernelbase.dll gdi32.dll user32.dll lpk.dll usp10.dll msvcrt.dll imm32.dll msctf.dll ole32.dll rpcrt4.dll oleaut32.dll cryptbase.dll clbcatq.dll advapi32.dll sechost.dll,normal
 ntdll.dll System.Xml.dll kernel32.dll shell32.dll user32.dll kernelbase.dll advapi32.dll msvcrt.dll usp10.dll ntdll.dll api-ms-win-core-io-l1-1-1.dll imagehlp.dll oleaut32.dll msvcr120_clr0400.dll ole32.dll rpcrt4.dll secur32.dll crypt32.dll sechost.dll profapi.dll combase.dll gdi32.dll user32.dll sspicli.dll msasn1.dll userenv.dll profapi.dll gpapi.dll mpclient.dll wintrust.dll version.dll version.dll version.dll,normal
 tquery.dll ntdll.dll sechost.dll kernel32.dll kernel32.dll KernelBase.dll ntdll.dll gdi32.dll user32.dll lpk.dll usp10.dll kernel32.dll kernelbase.dll system.transactions.ni.dll KernelBase.dll msvcrt.dll ntdll.dll imm32.dll msctf.dll ole32.dll rpcrt4.dll oleaut32.dll cryptbase.dll clbcatq.dll advapi32.dll sechost.dll ntdll.dll ntdll.dll wow64.dll wow64win.dll smiengine.dll cryptbase.dll microsoft.powershell.commands.management.ni.dll wow64cpu.dll kernel32.dll system.numerics.dll kernel32.dll kernel32.dll user32.dll kernel32.dll KernelBase.dll tdh.dll msvcrt.dll cryptbase.dll winbrand.dll bcrypt.dll user32.dll gdi32.dll lpk.dll usp10.dll advapi32.dll sechost.dll rpcrt4.dll sspicli.dll cryptbase.dll imm32.dll msctf.dll apphelp.dll,normal
 api-ms-win-devices-config-l1-1-0.dll lpk.dll ntdll.dll kernel32.dll kernelbase.dll ntdll.dll msvcrt.dll combase.dll rpcrt4.dll mssph.dll wow64win.dll kernel.appcore.dll bcryptprimitives.dll cryptsp.dll clbcatq.dll user32.dll gdi32.dll mfc42u.dll sechost.dll cryptsp.dll bcrypt.dll rsaenh.dll cryptbase.dll idstore.dll userenv.dll profapi.dll,normal
 setupapi.dll ntdll.dll advapi32.dll KernelBase.dll mscoree.dll kernel32.dll userenv.dll KernelBase.dll advapi32.dll msvcrt.dll sechost.dll rpcrt4.dll user32.dll gdi32.dll lpk.dll usp10.dll comctl32.dll shlwapi.dll usp10.dll ws2_32.dll imm32.dll msctf.dll wow64win.dll ole32.dll oleaut32.dll shell32.dll winbrand.dll slc.dll sppcommdlg.dll sechost.dll cryptbase.dll clbcatq.dll user32.dll kernel32.dll apphelp.dll cryptsp.dll rsaenh.dll RpcRtRemote.dll sppc.dll msctf.dll kernel32.dll crypt32.dll imm32.dll msasn1.dll sppcomapi.dll sppcext.dll user32.dll WinSCard.dll oleaut32.dll winhttp.dll webio.dll rasapi32.dll gdi32.dll ws2_32.dll nsi.dll setupapi.dll cfgmgr32.dll devobj.dll rasman.dll tapi32.dll wtsapi32.dll cryptui.dll msi.dll slwga.dll sxs.dll,normal
 ntdll.dll kernel32.dll KernelBase.dll rpcrt4.dll PresentationCore.dll user32.dll gdi32.dll mprsnap.dll lpk.dll usp10.dll msvcrt.dll advapi32.dll ole32.dll sechost.dll System.Security.ni.dll rpcrt4.dll combase.dll shell32.dll shlwapi.dll api-ms-win-downlevel-user32-l1-1-0.dll api-ms-win-downlevel-normaliz-l1-1-0.dllnormaliz.dll api-ms-win-downlevel-shlwapi-l1-1-0.dll imm32.dll msvcrt.dll shlwapi.dll msctf.dll cryptbase.dll ieframe.dll ole32.dll oleaut32.dll IEShims.dll uxtheme.dll els.dll api-ms-win-downlevel-ole32-l1-1-0.dll urlmon.dll api-ms-win-downlevel-advapi32-l1-1-0.dll userenv.dll kernel.appcore.dll profapi.dll dwmapi.dll secur32.dll sspicli.dll ws2_32.dll cryptbase.dll clbcatq.dll advapi32.dll nsi.dll msvcrt.dll rsaenh.dll mswsock.dll ncrypt.dll api-ms-win-downlevel-shlwapi-l2-1-0.dll api-ms-win-downlevel-shell32-l1-1-0.dll advapi32.dll atl.dll clbcatq.dll version.dll netprofm.dll cryptsp.dll riched20.dll rsaenh.dll RpcRtRemote.dll wship6.dll winnsi.dll iertutil.dll api-ms-win-downlevel-version-l1-1-0.dll version.dll wevtapi.dll system.runtime.serialization.formatters.soap.ni.dll comctl32.dll dnsapi.dll comdlg32.dll ieproxy.dll system.windows.forms.ni.dll rasadhlp.dll netutils.dll srvcli.dll System.Transactions.ni.dll wkscli.dll wininet.dll apphelp.dll cfgmgr32.dll crypt32.dll msasn1.dll api-ms-win-downlevel-advapi32-l2-1-0.dll ieui.dll winmm.dll winhttp.dll WindowsCodecs.dll gdi32.dll webio.dll user32.dll oleacc.dll wow64win.dll api-ms-win-core-synch-l1-2-0.dll nlaapi.dll sspicli.dll duser.dll clrjit.dll wldap32.dll dui70.dll npmproxy.dll msimg32.dll skydriveshell.dll netapi32.dll msswch.dll ExplorerFrame.dll mpr.dll dhcpcsvc6.dll dhcpcsvc.dll mlang.dll propsys.dll api-ms-win-downlevel-advapi32-l1-1-0.dll wininet.dll sxs.dll setupapi.dll cfgmgr32.dll devobj.dll ntmarta.dll Wldap32.dll msxml3.dll winbrand.dll msxml3.dll user32.dll msxml3.dll kernel32.dll msxml3.dll ole32.dll msxml3.dll lpk.dll sechost.dll msxml3.dll xmllite.dll wshqos.dll kernel.appcore.dll clbcatq.dll sechost.dll wshqos.dll wshqos.dll wshqos.dll nsi.dll credssp.dll schannel.dll ncrypt.dll bcryptprimitives.dll wintrust.dll bcrypt.dll gpapi.dll user32.dll cryptnet.dll SensApi.dll vcruntime140.dll api-ms-win-crt-runtime-l1-1-0.dll ucrtbase.dll nsi.dll api-ms-win-core-timezone-l1-1-0.dll api-ms-win-core-file-l2-1-0.dll api-ms-win-core-localization-l1-2-0.dll mscoree.dll api-ms-win-core-synch-l1-2-0.dll api-ms-win-core-processthreads-l1-1-1.dll api-ms-win-core-file-l1-2-0.dll api-ms-win-crt-string-l1-1-0.dll api-ms-win-crt-heap-l1-1-0.dll api-ms-win-crt-stdio-l1-1-0.dll ntdll.dll api-ms-win-crt-convert-l1-1-0.dll msswch.dll winmm.dll imageres.dll profapi.dll mssprxy.dll wmp.dll wmp.dll wmp.dll msctf.dll wmp.dll credui.dll wmp.dll cbsapi.dll cryptbase.dll wmp.dll tquery.dll StructuredQuery.dll linkinfo.dll Wpc.dll wevtapi.dll samlib.dll samcli.dll ntshrui.dll cscapi.dll slc.dll msswch.dll winmm.dll msswch.dll winmm.dll tquery.dll,normal
 ntdll.dll kernel32.dll kernelbase.dll gdi32.dll user32.dll oleaut32.dll iertutil.dll lpk.dll ole32.dll usp10.dll msvcrt.dll imm32.dll imm32.dll msctf.dll ole32.dll rpcrt4.dll twinui.dll esent.dll oleaut32.dll cryptbase.dll apphelp.dll sspicli.dll clbcatq.dll sspicli.dll advapi32.dll sechost.dll api-ms-win-security-lsapolicy-l1-1-0.dll ntdll.dll kernel32.dll system.xml.dll kernelbase.dll gdi32.dll user32.dll lpk.dll usp10.dll zipfldr.dll system.transactions.dll msvcrt.dll imm32.dll msctf.dll ole32.dll rpcrt4.dll oleaut32.dll cryptbase.dll clbcatq.dll advapi32.dll sechost.dll,normal
 ntdll.dll shcore.dll kernel32.dll kernelbase.dll advapi32.dll crypt32.dll ntdsapi.dll cryptdll.dll kernel32.dll netapi32.dll ole32.dll shlwapi.dll oleaut32.dll rpcrt4.dll gdi32.dll shlwapi.dll samlib.dll msvcrt.dll msisip.dll secur32.dll user32.dll api-ms-win-core-handle-l1-1-0.dll rpcrt4.dll shell32.dll user32.dll userenv.dll version.dll setupapi.dll winsta.dll msasn1.dll msvcrt.dll system.xml.ni.dll sechost.dll hid.dll netutils.dll wininet.dll srvcli.dll wkscli.dll system.xml.ni.dll combase.dll gdi32.dll profapi.dll cfgmgr32.dll devobj.dll cryptsp.dll logoncli.dll sspicli.dll msvcrt.dll imm32.dll msctf.dll Accessibility.dll winscard.dll crypt32.dll wldap32.dll cryptbase.dll cryptbase.dll bcryptprimitives.dll rsaenh.dll wintrust.dll cryptbase.dll vaultcli.dll shcore.dll bcrypt.dll,mimikatz
 ntdll.dll ntdll.dll wow64.dll mscoreei.dll lpk.dll wow64win.dll wow64cpu.dll kernel32.dll kernel32.dll kernel32.dll mscorlib.ni.dll user32.dll kernel32.dll rpcrt4.dll mssph.dll kernelbase.dll usp10.dll cryptbase.dll p2pcollab.dll advapi32.dll msvcrt.dll sechost.dll rpcrt4.dll System.Xml.Linq.dll sspicli.dll gdi32.dll msctf.dll cryptbase.dll dnsapi.dll ws2_32.dll nsi.dll winnsi.dll dhcpcsvc.dll dhcpcsvc6.dll mscorlib.ni.dll shell32.dll shlwapi.dll KernelBase.dll gdi32.dll user32.dll lpk.dll usp10.dll ole32.dll sensapi.dll imm32.dll msctf.dll clbcatq.dll oleaut32.dll cryptsp.dll CbsApi.dll rsaenh.dll rpcrtremote.dll wevtapi.dll,normal
 oleaut32.dll ntdll.dll System.Security.ni.dll dpx.dll ntdll.dll wow64.dll wow64win.dll winmm.dll wow64cpu.dll kernel32.dll kernel32.dll kernel32.dll user32.dll kernel32.dll api-ms-win-downlevel-shlwapi-l1-1-0.dll msvcrt.dll KernelBase.dll advapi32.dll mscoree.dll msvcrt.dll sechost.dll comsvcs.dll rpcrt4.dll sspicli.dll msimg32.dll cryptbase.dll oleaut32.dll ole32.dll gdi32.dll user32.dll wow64win.dll lpk.dll usp10.dll credui.dll kernel32.dll imm32.dll msctf.dll shlwapi.dll wevtapi.dll ucrtbase.dll user32.dll system.runtime.serialization.formatters.soap.ni.dll comctl32.dll drupdate.dll ntdll.dll ntdll.dll kernel32.dll clr.dll KernelBase.dll advapi32.dll msvcrt.dll sechost.dll kernel32.dll rpcrt4.dll shlwapi.dll gdi32.dll user32.dll lpk.dll usp10.dll msctf.dll imm32.dll msctf.dll accessibility.dll mscorlib.ni.dll uxtheme.dll ole32.dll cryptbase.dll api-ms-win-core-xstate-l2-1-0.dll clrjit.dll oleaut32.dll mscoree.dll cryptsp.dll rsaenh.dll System.ni.dll System.Drawing.ni.dll System.Windows.Forms.ni.dll ntmarta.dll d3d10level9.dll Wldap32.dll RpcRtRemote.dll wshqos.dll System.Core.ni.dll System.Configuration.ni.dll wow64cpu.dll System.Xml.ni.dll nlaapi.dll dnsapi.dll psapi.dll netutils.dll msctf.dll shell32.dll comctl32.dll bcrypt.dll comctl32.dll ws2_32.dll nsi.dll kernelbase.dll winnsi.dll System.Runtime.Serialization.ni.dll msvcrt.dll SMDiagnostics.ni.dll user32.dll urlmon.dll api-ms-win-downlevel-ole32-l1-1-0.dll api-ms-win-downlevel-shlwapi-l1-1-0.dll msdtcvsp1res.dll api-ms-win-downlevel-advapi32-l1-1-0.dll kernelbase.dll api-ms-win-downlevel-user32-l1-1-0.dll ntdll.dll user32.dll api-ms-win-downlevel-version-l1-1-0.dll cryptsp.dll api-ms-win-downlevel-normaliz-l1-1-0.dllnormaliz.dll iertutil.dll wininet.dll clbcatq.dll iertutil.dll kernel32.dll userenv.dll profapi.dll secur32.dll imm32.dll sspicli.dll ntdll.dll dmdskres2.dll ucrtbase.dll api-ms-win-downlevel-advapi32-l2-1-0.dll System.ServiceModel.Internals.ni.dll ntdll.dll System.Transactions.ni.dll System.Transactions.dll system.xml.ni.dll credssp.dll mscoree.dll mscoreei.dll version.dll clr.dll audioses.dll clr.dll clr.dll oleacc.dll clr.dll msctf.dll clr.dll dhcpcsvc.dll msvcr120_clr0400.dll user32.dll uxtheme.dll nlssorting.dll dwmapi.dll GdiPlus.dll sechost.dll System.Data.ni.dll System.Data.dll crypt32.dll msasn1.dll mswsock.dll wship6.dll NapiNSP.dll pnrpnsp.dll winrnr.dll netapi32.dll srvcli.dll wkscli.dll dhcpcsvc6.dll clbcatq.dll oleacc.dll winbrand.dll imecfm.dll msswch.dll kernelbase.dll winmm.dll oleaut32.dll dhcpcsvc.dll WindowsCodecs.dll System.ServiceModel.ni.dll System.ServiceModel.Web.ni.dll System.WorkflowServices.ni.dll System.IdentityModel.ni.dll System.EnterpriseServices.ni.dll System.EnterpriseServices.Wrapper.dll System.EnterpriseServices.Wrapper.dll System.EnterpriseServices.Wrapper.dll system.configuration.ni.dll System.EnterpriseServices.Wrapper.dll msv1_0.dll cryptdll.dll System.Numerics.ni.dll System.Xaml.ni.dll diasymreader.dll,normal
 ole32.dll ntdll.dll ntdll.dll wow64.dll wow64win.dll wow64cpu.dll kernel32.dll iertutil.dll kernel32.dll uiautomationprovider.ni.dll kernel32.dll user32.dll wow64cpu.dll kernel32.dll kernelbase.dll advapi32.dll msvcrt.dll sechost.dll rpcrt4.dll sspicli.dll kernelbase.dll cryptbase.dll oleaut32.dll ole32.dll rpcrt4.dll gdi32.dll user32.dll lpk.dll kernel32.dll usp10.dll imm32.dll sspicli.dll credui.dll imm32.dll msctf.dll npmproxy.dll shlwapi.dll wevtapi.dll sechost.dll rpcrtremote.dll comctl32.dll ntdll.dll kernel32.dll version.dll kernelbase.dll advapi32.dll version.dll msvcrt.dll sechost.dll kernelbase.dll rpcrt4.dll shlwapi.dll gdi32.dll user32.dll lpk.dll wow64.dll usp10.dll imm32.dll msctf.dll mscorlib.ni.dll ole32.dll cryptbase.dll api-ms-win-core-xstate-l2-1-0.dll scrrun.dll clrjit.dll oleaut32.dll cryptsp.dll kernel32.dll rsaenh.dll system.ni.dll system.xml.ni.dll system.drawing.ni.dll system.windows.forms.ni.dll api-ms-win-downlevel-version-l1-1-0.dll ntmarta.dll wldap32.dll rpcrtremote.dll system.core.ni.dll ntdll.dll usp10.dll system.configuration.ni.dll system.xml.ni.dll nlaapi.dll dnsapi.dll psapi.dll netutils.dll shell32.dll comctl32.dll comctl32.dll usp10.dll ole32.dll ws2_32.dll lpk.dll wininet.dll ntdll.dll nsi.dll winnsi.dll system.runtime.serialization.ni.dll smdiagnostics.ni.dll urlmon.dll onecorecommonproxystub.dll advapi32.dll PresentationCFFRasterizer.dll api-ms-win-downlevel-ole32-l1-1-0.dll api-ms-win-downlevel-shlwapi-l1-1-0.dll api-ms-win-downlevel-advapi32-l1-1-0.dll msctf.dll api-ms-win-downlevel-user32-l1-1-0.dll wintrust.dll gdi32.dll api-ms-win-downlevel-version-l1-1-0.dll api-ms-win-downlevel-normaliz-l1-1-0.dll kernel32.dll crypt32.dll normaliz.dll setupapi.dll iertutil.dll shlwapi.dll wininet.dll rsaenh.dll userenv.dll kernelbase.dll profapi.dll secur32.dll MPSSVC.dll setupapi.dll sspicli.dll api-ms-win-downlevel-advapi32-l2-1-0.dll system.servicemodel.internals.ni.dll system.transactions.ni.dll rsaenh.dll combase.dll system.transactions.dll credssp.dll mscoree.dll mscoreei.dll mscoreei.dll version.dll shlwapi.dll advapi32.dll clr.dll clr.dll clr.dll clr.dll shlwapi.dll clr.dll msvcr120_clr0400.dll uxtheme.dll nlssorting.dll dwmapi.dll gdiplus.dll system.data.ni.dll sechost.dll system.data.dll crypt32.dll msasn1.dll mswsock.dll wship6.dll napinsp.dll msvcrt.dll kernel32.dll pnrpnsp.dll winrnr.dll netapi32.dll srvcli.dll wkscli.dll dhcpcsvc6.dll user32.dll clbcatq.dll rpcrt4.dll oleacc.dll imecfm.dll System.Web.dll msswch.dll ole32.dll winmm.dll dhcpcsvc.dll windowscodecs.dll system.servicemodel.ni.dll system.servicemodel.web.ni.dll ntdll.dll system.workflowservices.ni.dll system.identitymodel.ni.dll system.enterpriseservices.ni.dll system.enterpriseservices.wrapper.dll system.enterpriseservices.wrapper.dll system.enterpriseservices.wrapper.dll system.enterpriseservices.wrapper.dll msv1_0.dll cryptdll.dll system.numerics.ni.dll system.xaml.ni.dll diasymreader.dll,normal
 imageres.dll sfc.dll sfc_os.dll oleaut32.dll,normal
 comctl32.dll advapi32.dll system.drawing.dll ntdll.dll ntdll.dll wow64.dll wow64win.dll wow64cpu.dll msctf.dll bcryptprimitives.dll SensApi.dll kernel32.dll kernel32.dll kernel32.dll user32.dll kernel32.dll KernelBase.dll advapi32.dll msvcrt.dll sechost.dll comctl32.dll rpcrt4.dll sspicli.dll cryptbase.dll dnsapi.dll ws2_32.dll imecfm.dll nsi.dll winnsi.dll dhcpcsvc.dll dhcpcsvc6.dll shell32.dll shlwapi.dll kernel32.dll gdi32.dll user32.dll lpk.dll kernel.appcore.dll winnsi.dll wow64.dll usp10.dll ole32.dll kerberos.dll imm32.dll msctf.dll clbcatq.dll oleaut32.dll rpcrt4.dll cryptsp.dll rsaenh.dll lpk.dll RpcRtRemote.dll wevtapi.dll,normal
 wdi.dll ntdll.dll kernel32.dll wshbth.dll kernelbase.dll advapi32.dll imm32.dll msvcrt.dll comctl32.dll sechost.dll rpcrt4.dll system.windows.forms.dll gdi32.dll user32.dll lpk.dll usp10.dll uxtheme.dll msctf.dll ole32.dll msimg32.dll wmsgapi.dll wtsapi32.dll api-ms-win-core-localization-l1-2-0.dll winmm.dll userenv.dll profapi.dll winsta.dll crypt32.dll msasn1.dll msctfmonitor.dll oleaut32.dll msctf.dll SensApi.dll imm32.dll msutb.dll comctl32.dll shlwapi.dll msctf.dll sspicli.dll secur32.dll sspicli.dll msvcrt.dll shell32.dll cryptbase.dll uxtheme.dll wintrust.dll imm32.dll cryptsp.dll msshooks.dll rsaenh.dll imagehlp.dll bcrypt.dll bcryptprimitives.dll gpapi.dll ncrypt.dll gpapi.dll sechost.dll cryptnet.dll wldap32.dll mlang.dll lpk.dll kernel32.dll sensapi.dll version.dll clbcatq.dll advapi32.dll oleaut32.dll UIAutomationTypes.dll urlmon.dll api-ms-win-downlevel-ole32-l1-1-0.dll api-ms-win-downlevel-shlwapi-l1-1-0.dll api-ms-win-downlevel-advapi32-l1-1-0.dll api-ms-win-downlevel-user32-l1-1-0.dll api-ms-win-downlevel-version-l1-1-0.dll api-ms-win-downlevel-normaliz-l1-1-0.dll normaliz.dll iertutil.dll wininet.dll,normal
 kernel32.dll msvcp_win.dll ntdll.dll wow64win.dll kernel32.dll KernelBase.dll cryptsp.dll rpcrt4.dll secur32.dll wow64win.dll system.security.dll gdi32.dll pautoenr.dll user32.dll lpk.dll usp10.dll lpk.dll msvcrt.dll imm32.dll msctf.dll ole32.dll shlwapi.dll rpcrt4.dll oleaut32.dll tabskb.dll cryptbase.dll clbcatq.dll advapi32.dll sechost.dll ntdll.dll kernel32.dll KernelBase.dll msvcr120_clr0400.dll advapi32.dll msvcrt.dll sechost.dll rpcrt4.dll gdi32.dll cdp.dll user32.dll usp10.dll lpk.dll winmm.dll msvcrt.dll usp10.dll ole32.dll msimg32.dll wmsgapi.dll wow64.dll wtsapi32.dll winmm.dll userenv.dll profapi.dll winsta.dll crypt32.dll sfc.dll sspicli.dll msasn1.dll MsCtfMonitor.dll msctf.dll imm32.dll msutb.dll comctl32.dll shlwapi.dll secur32.dll sspicli.dll shell32.dll cryptbase.dll msi.dll uxtheme.dll System.ni.dll wintrust.dll cryptsp.dll rsaenh.dll rsaenh.dll imagehlp.dll bcrypt.dll gdi32.dll winsta.dll bcryptprimitives.dll ncrypt.dll gdi32.dll gpapi.dll cryptnet.dll Wldap32.dll msctf.dll SensApi.dll rpcrtremote.dll version.dll clbcatq.dll oleaut32.dll urlmon.dll api-ms-win-downlevel-ole32-l1-1-0.dll api-ms-win-downlevel-shlwapi-l1-1-0.dll api-ms-win-downlevel-advapi32-l1-1-0.dll api-ms-win-downlevel-user32-l1-1-0.dll api-ms-win-downlevel-version-l1-1-0.dll api-ms-win-downlevel-normaliz-l1-1-0.dllnormaliz.dll iertutil.dll wininet.dll,normal
 wintrust.dll msctf.dll SensApi.dll ntdll.dll System.ni.dll kernel32.dll kernelbase.dll msvcrt.dll rpcrt4.dll gdi32.dll user32.dll lpk.dll usp10.dll shell32.dll ole32.dll wersvc.dll oleaut32.dll imm32.dll,normal
 ntdll.dll ntdll.dll wow64.dll wow64win.dll System.Runtime.Serialization.dll wow64cpu.dll kernel32.dll kernel32.dll propsys.dll kernel32.dll user32.dll ntdll.dll kernel32.dll api-ms-win-downlevel-shell32-l1-1-0.dll KernelBase.dll msvcrt.dll ole32.dll gdi32.dll wow64.dll user32.dll advapi32.dll kernel32.dll sechost.dll rpcrt4.dll msvcrt.dll sspicli.dll cryptbase.dll lpk.dll msvcrt.dll mscorlib.dll sspicli.dll usp10.dll imm32.dll msctf.dll ole32.dll clbcatq.dll oleaut32.dll cryptsp.dll rsaenh.dll RpcRtRemote.dll shell32.dll shlwapi.dll wevtapi.dll uxtheme.dll wintrust.dll actxprxy.dll comctl32.dll,normal
 ntdll.dll kernel32.dll apphelp.dll kernelbase.dll wbemsvc.dll msvcrt.dll combase.dll rpcrt4.dll kernel.appcore.dll cryptbase.dll imageres.dll bcryptprimitives.dll clbcatq.dll user32.dll system.security.dll gdi32.dll sechost.dll dhcpcsvc6.dll imm32.dll cryptsp.dll rsaenh.dll userenv.dll bcrypt.dll idstore.dll userenv.dll profapi.dll,normal
 ntdll.dll kernel32.dll KernelBase.dll gdi32.dll user32.dll lpk.dll kernel32.dll sspicli.dll usp10.dll cbscore.dll msvcrt.dll imm32.dll webio.dll System.Transactions.dll dwmapi.dll ntdll.dll msctf.dll ole32.dll rpcrt4.dll oleaut32.dll cryptbase.dll clbcatq.dll advapi32.dll sechost.dll ntdll.dll ntdll.dll wow64.dll wow64win.dll wow64cpu.dll kernel32.dll mscoreei.dll kernel32.dll kernel32.dll user32.dll user32.dll KernelBase.dll kernel32.dll user32.dll KernelBase.dll msvcrt.dll winbrand.dll user32.dll tabskb.dll ole32.dll gdi32.dll lpk.dll usp10.dll wow64win.dll advapi32.dll win32u.dll sechost.dll shlwapi.dll rpcrt4.dll sspicli.dll cryptbase.dll imm32.dll msctf.dll apphelp.dll,normal
 ntdll.dll ntdll.dll kernel32.dll kernelbase.dll kernelbase.dll advapi32.dll msvcrt.dll advapi32.dll gdi32.dll user32.dll mfc42u.dll rpcrt4.dll msvcrt.dll system.data.dll kernel32.dll msvcrt.dll comdlg32.dll comdlg32.dll user32.dll shell32.dll system.directoryservices.protocols.dll ole32.dll System.Security.dll shlwapi.dll winmm.dll comctl32.dll oleaut32.dll propsys.dll propsys.dll adtschema.dll wow64.dll rpcrt4.dll rpcrt4.dll vm3dum64_10.dll msvcrt.dll winmm.dll wow64.dll system.windows.forms.ni.dll urlmon.dll urlmon.dll xmllite.dll xmllite.dll gdi32.dll sechost.dll sechost.dll sechost.dll ntdll.dll odbc32.dll odbc32.dll combase.dll winmmbase.dll mscorlib.dll iertutil.dll iertutil.dll gpapi.dll system.data.dll wininet.dll wininet.dll shcore.dll shcore.dll msvcr120_clr0400.dll setupapi.dll shlwapi.dll cfgmgr32.dll devobj.dll imecfm.dll userenv.dll userenv.dll msshooks.dll profapi.dll imm32.dll msctf.dll kernel32.dll kernel.appcore.dll kernel.appcore.dll cryptbase.dll cryptbase.dll bcryptprimitives.dll bcryptprimitives.dll uxtheme.dll uxtheme.dll clbcatq.dll msxml3.dll msxml3.dll win32u.dll lpk.dll bcrypt.dll bcrypt.dll msftedit.dll msimg32.dll uiribbon.dll rpcrt4.dll uiribbon.dll lpk.dll gdiplus.dll dwmapi.dll inetpp.dll System.Configuration.ni.dll devobj.dll dwmapi.dll windows.globalization.dll windows.globalization.dll bcp47lang.dll bcp47langs.dll globinputhost.dll globinputhost.dll system.data.oracleclient.ni.dll cryptsp.dll cryptsp.dll bcp47langs.dll SensApi.dll rsaenh.dll rsaenh.dll eppmanifest.dll oleacc.dll uiribbonres.dll wincorlib.dll uiribbonres.dll kernel32.dll windowscodecs.dll dpx.dll msasn1.dll fms.dll propsys.dll msxml6.dll msxml6.dll advapi32.dll ntdll.dll ntdll.dll kernel32.dll kernelbase.dll kernelbase.dll advapi32.dll cryptsp.dll advapi32.dll msvcrt.dll System.Web.Services.dll msvcrt.dll user32.dll ole32.dll msctf.dll oleaut32.dll wow64cpu.dll shcore.dll ole32.dll shcore.dll imm32.dll sechost.dll sechost.dll rpcrt4.dll rpcrt4.dll gdi32.dll combase.dll shlwapi.dll msctf.dll kernel.appcore.dll system.data.oracleclient.dll kernel.appcore.dll cryptbase.dll cryptbase.dll bcryptprimitives.dll kernel32.dll bcryptprimitives.dll msidle.dll tquery.dll tquery.dll msshooks.dll cryptsp.dll msshooks.dll clbcatq.dll uxtheme.dll cryptsp.dll cryptsp.dll rsaenh.dll rsaenh.dll bcrypt.dll bcrypt.dll mssprxy.dll mssprxy.dll mssph.dll mssph.dll mapi32.dll authz.dll authz.dll,normal
 mscorlib.dll ntdll.dll kernel32.dll msasn1.dll conhostv2.dll combase.dll ucrtbase.dll rpcrt4.dll updatenotificationhelpers.dll cryptbase.dll netapi32.dll bcryptprimitives.dll clrjit.dll kernel32.dll gdi32.dll wow64.dll gdi32full.dll user32.dll advapi32.dll win32u.dll kernel32.dll imm32.dll user32.dll oleaut32.dll ole32.dll msvcp_win.dll propsys.dll sechost.dll RpcRtRemote.dll shcore.dll shell32.dll cfgmgr32.dll windows.storage.dll powrprof.dll advapi32.dll kernelbase.dll sspicli.dll shlwapi.dll kernel32.dll kernel.appcore.dll profapi.dll api-ms-win-devices-config-l1-1-1.dll uxtheme.dll msvcrt.dll advapi32.dll ssdpsrv.dll ntdll.dll kernel32.dll kernelbase.dll msvcrt.dll combase.dll ucrtbase.dll rpcrt4.dll bcryptprimitives.dll shcore.dll imagehlp.dll sechost.dll twinapi.appcore.dll bcrypt.dll user32.dll win32u.dll gdi32.dll gdi32full.dll windows.storage.applicationdata.dll,normal
 ntdll.dll ntdll.dll kernel32.dll shlwapi.dll kernelbase.dll webio.dll kernelbase.dll user32.dll system.transactions.dll msvcrt.dll msvcrt.dll msctf.dll ole32.dll wininet.dll wininet.dll iertutil.dll iertutil.dll oleaut32.dll gdi32.dll combase.dll rpcrt4.dll rpcrt4.dll sechost.dll sechost.dll userenv.dll userenv.dll profapi.dll msvcrt.dll imm32.dll msctf.dll secur32.dll shell32.dll secur32.dll sspicli.dll sspicli.dll shell32.dll shlwapi.dll shcore.dll shcore.dll ws2_32.dll ws2_32.dll version.dll nsi.dll clbcatq.dll nsi.dll nsi.dll userenv.dll powrprof.dll ondemandconnroutehelper.dll ondemandconnroutehelper.dll msvcrt.dll ws2_32.dll gdi32full.dll user32.dll tquery.dll kernel.appcore.dll wow64cpu.dll msi.dll kernel.appcore.dll user32.dll winhttp.dll winhttp.dll urlmon.dll urlmon.dll advapi32.dll advapi32.dll iphlpapi.dll msctf.dll winnsi.dll winnsi.dll oleaut32.dll dnsapi.dll mswsock.dll mswsock.dll,normal
 ntdll.dll kernel32.dll kernelbase.dll System.Core.dll api-ms-win-downlevel-normaliz-l1-1-0.dllnormaliz.dll ntdll.dll uxtheme.dll advapi32.dll msvcrt.dll sechost.dll rpcrt4.dll msvcr120_clr0400.dll mscoree.dll ole32.dll gdi32.dll user32.dll lpk.dll usp10.dll oleaut32.dll imm32.dll msctf.dll cryptbase.dll aeinv.dll cryptsp.dll rsaenh.dll rpcrtremote.dll clbcatq.dll microsoft.grouppolicy.interop.dll fastprox.dll sxs.dll usp10.dll oleaut32.dll mscoreei.dll mscorwks.dll cryptsp.dll msvcr80.dll shlwapi.dll shell32.dll profapi.dll mscorlib.ni.dll winbrand.dll system.drawing.dll mscorjit.dll mscorlib.dll mscorlib.dll system.runtime.remoting.ni.dll samlib.dll npmproxy.dll version.dll mscorlib.dll imm32.dll lpk.dll mscorlib.dll microsoft-windows-homegroupdiagnostic.netlistmgr.interop.dll System.EnterpriseServices.dll microsoft-windows-homegroupdiagnostic.netlistmgr.interop.dll microsoft-windows-homegroupdiagnostic.netlistmgr.interop.dll stdole.ni.dll mscorsec.dll Microsoft.VisualStudio.Tools.Office.AddInAdapter.v9.0.dll wintrust.dll crypt32.dll winsta.dll msasn1.dll comctl32.dll riched20.dll wrpint.dll imagehlp.dll ncrypt.dll bcrypt.dll imm32.dll bcryptprimitives.dll userenv.dll gpapi.dll cryptnet.dll advapi32.dll wldap32.dll combase.dll sensapi.dll microsoft-windows-homegroupdiagnostic.netlistmgr.interop.dll microsoft-windows-homegroupdiagnostic.netlistmgr.interop.dll microsoft-windows-homegroupdiagnostic.netlistmgr.interop.ni.dll microsoft-windows-homegroupdiagnostic.netlistmgr.interop.ni.dll microsoft-windows-homegroupdiagnostic.netlistmgr.interop.ni.dll ntdll.dll gdi32.dll kernel32.dll cryptbase.dll kernelbase.dll advapi32.dll msvcrt.dll cryptbase.dll sechost.dll system.windows.forms.ni.dll rpcrt4.dll combase.dll msvcr120_clr0400.dll mscoree.dll ole32.dll comctl32.dll gdi32.dll user32.dll lpk.dll usp10.dll gdi32.dll oleaut32.dll npmproxy.dll ntdll.dll imm32.dll api-ms-win-core-string-l1-1-0.dll msctf.dll cryptbase.dll cryptsp.dll rsaenh.dll rpcrtremote.dll clbcatq.dll sxs.dll tquery.dll advapi32.dll mscoreei.dll cryptbase.dll mscorwks.dll msvcr80.dll shlwapi.dll KernelBase.dll shell32.dll schannel.dll profapi.dll mscorlib.ni.dll kernel32.dll mscorjit.dll shell32.dll mscorlib.dll d3d10level9.dll shell32.dll mscorlib.dll version.dll mscorlib.dll mscorlib.dll sdiagprv.dll system.ni.dll winmm.dll mscorsec.dll wintrust.dll psapi.dll crypt32.dll ws2_32.dll msasn1.dll riched20.dll cryptsp.dll imagehlp.dll msvcr120_clr0400.dll ncrypt.dll comctl32.dll bcrypt.dll bcryptprimitives.dll userenv.dll gpapi.dll cryptnet.dll sensapi.dll wldap32.dll system.serviceprocess.ni.dll system.management.ni.dll system.configuration.ni.dll system.xml.ni.dll system.security.ni.dll system.data.sqlxml.ni.dll system.configuration.install.ni.dll system.drawing.ni.dll system.windows.forms.ni.dll system.runtime.serialization.formatters.soap.ni.dll accessibility.ni.dll system.deployment.ni.dll microsoft.jscript.ni.dll microsoft.vsa.ni.dll ole32.dll,normal
 sechost.dll ntdll.dll kernel32.dll kernelbase.dll gdi32.dll user32.dll lpk.dll rpcrt4.dll usp10.dll api-ms-win-core-file-l2-1-0.dll msvcrt.dll imm32.dll fundisc.dll msctf.dll ole32.dll System.XML.dll rpcrt4.dll oleaut32.dll imm32.dll cryptbase.dll clbcatq.dll mscorwks.dll advapi32.dll sechost.dll system.core.dll ntdll.dll ntdll.dll wow64.dll wow64win.dll wow64cpu.dll kernel32.dll kernel32.dll kernel32.dll user32.dll kernel32.dll kernelbase.dll msvcrt.dll clbcatq.dll kernel32.dll msvcr120_clr0400.dll winbrand.dll user32.dll gdi32.dll lpk.dll usp10.dll kernel32.dll advapi32.dll gdi32.dll netprofm.dll sechost.dll rpcrt4.dll sspicli.dll cryptbase.dll version.dll imm32.dll msctf.dll lpk.dll apphelp.dll,normal
 ntdll.dll kernel32.dll kernelbase.dll msvcrt.dll combase.dll msvcrt.dll wdscore.dll rpcrt4.dll advapi32.dll sechost.dll system.data.oracleclient.dll uxtheme.dll imm32.dll oleaut32.dll imm32.dll rsaenh.dll user32.dll gdi32.dll microsoft.visualstudio.tools.applications.runtime.v9.0.ni.dll msctf.dll tquery.dll msshooks.dll usp10.dll kernel.appcore.dll bcryptprimitives.dll clbcatq.dll cryptsp.dll ntdll.dll bcrypt.dll rsaenh.dll cryptbase.dll mssprxy.dll shcore.dll,normal
 ntdll.dll kernel32.dll kernelbase.dll advapi32.dll cryptbase.dll uiautomationprovider.ni.dll msvcrt.dll sechost.dll System.Security.dll rpcrt4.dll crypt32.dll msasn1.dll cryptdll.dll System.Windows.Forms.ni.dll wssync.dll netapi32.dll netutils.dll wkscli.dll logoncli.dll shell32.dll ole32.dll wow64win.dll wintypes.dll oleaut32.dll gdi32.dll user32.dll lpk.dll gdi32.dll oleaut32.dll spoolss.dll usp10.dll oleaut32.dll shlwapi.dll samlib.dll secur32.dll kernelbase.dll sspicli.dll certadm.dll shell32.dll shlwapi.dll userenv.dll profapi.dll version.dll hid.dll setupapi.dll msvcrt.dll kernel.appcore.dll cfgmgr32.dll devobj.dll winscard.dll winsta.dll wldap32.dll imm32.dll msctf.dll cryptbase.dll rsaenh.dll usp10.dll vaultcli.dll wintrust.dll srvcli.dll bcrypt.dll bcryptprimitives.dll cryptsp.dll,mimikatz
 ntdll.dll kernel32.dll KernelBase.dll kernel32.dll advapi32.dll msvcrt.dll sechost.dll wow64win.dll nlaapi.dll rpcrt4.dll nsi.dll msvcr120_clr0400.dll mscoree.dll ole32.dll urlmon.dll gdi32.dll System.Web.RegularExpressions.ni.dll user32.dll lpk.dll usp10.dll oleaut32.dll imm32.dll msctf.dll cryptbase.dll cryptsp.dll rsaenh.dll RpcRtRemote.dll clbcatq.dll sxs.dll mscoreei.dll mscorwks.dll msvcr80.dll shlwapi.dll imm32.dll user32.dll shell32.dll mscorlib.dll profapi.dll mscorlib.ni.dll msxml6.dll gdi32.dll mscorjit.dll mscorlib.dll mscorlib.dll version.dll mscorlib.dll propsys.dll mscorlib.dll mscorsec.dll wintrust.dll crypt32.dll npmproxy.dll microsoft.management.infrastructure.native.dll msasn1.dll comctl32.dll riched20.dll imagehlp.dll ncrypt.dll bcrypt.dll bcryptprimitives.dll cryptbase.dll userenv.dll gpapi.dll cryptnet.dll wow64win.dll mscorlib.dll cryptsp.dll Wldap32.dll api-ms-win-core-memory-l1-1-1.dll SensApi.dll System.AddIn.Contract.ni.dll user32.dll msvcr120_clr0400.dll user32.dll Microsoft.VisualStudio.Tools.Applications.Contract.v10.0.dll Microsoft.VisualStudio.Tools.Applications.Contract.v10.0.dll Microsoft.VisualStudio.Tools.Applications.Contract.v10.0.ni.dll Microsoft.VisualStudio.Tools.Applications.Contract.v10.0.ni.dll wow64win.dll Microsoft.VisualStudio.Tools.Applications.Contract.v10.0.ni.dll mswsock.dll ntdll.dll kernel32.dll cscdll.dll KernelBase.dll propsys.dll RpcRtRemote.dll PresentationFramework.ni.dll advapi32.dll msvcrt.dll mscorlib.dll imageres.dll System.Data.SqlXml.dll sechost.dll rpcrt4.dll msvcr120_clr0400.dll mscoree.dll ole32.dll kernel32.dll rpcrt4.dll gdi32.dll wtsapi32.dll user32.dll microsoft.mediacenter.tv.tuners.interop.dll lpk.dll usp10.dll oleaut32.dll wbemprox.dll imm32.dll msctf.dll cryptbase.dll cryptsp.dll rsaenh.dll sspicli.dll DrUpdate.dll nsi.dll RpcRtRemote.dll msvcrt.dll system.security.dll clbcatq.dll sxs.dll KernelBase.dll mscoreei.dll clr.dll sensapi.dll shlwapi.dll system.messaging.dll mscorlib.ni.dll system.deployment.dll clrjit.dll System.ni.dll advapi32.dll System.Web.RegularExpressions.dll System.AddIn.ni.dll version.dll mscorlib.dll devrtl.dll mscorlib.dll System.AddIn.Contract.ni.dll System.Runtime.Remoting.ni.dll System.Core.ni.dll winsta.dll user32.dll System.Configuration.ni.dll System.Xml.ni.dll ntdll.dll ntdll.dll user32.dll wow64.dll msvcp_win.dll wow64win.dll wow64win.dll wow64cpu.dll system.numerics.ni.dll comctl32.dll kernel32.dll kernel32.dll kernel32.dll user32.dll d3d10level9.dll user32.dll kernel32.dll dxgi.dll KernelBase.dll cryptbase.dll advapi32.dll msvcrt.dll sechost.dll ole32.dll rpcrt4.dll sspicli.dll cryptbase.dll msvcr120_clr0400.dll mscoree.dll ole32.dll gdi32.dll version.dll user32.dll lpk.dll usp10.dll oleaut32.dll System.EnterpriseServices.dll advapi32.dll rpcrt4.dll wtsapi32.dll mscorwks.dll profapi.dll mscorlib.dll imm32.dll msctf.dll cryptsp.dll rsaenh.dll RpcRtRemote.dll wow64.dll System.AddIn.ni.dll clbcatq.dll sxs.dll system.dll imm32.dll mscoreei.dll mscorwks.dll usp10.dll msvcr80.dll shlwapi.dll shell32.dll profapi.dll msctf.dll mscorlib.ni.dll clbcatq.dll mscorjit.dll mscorlib.dll mscorlib.dll version.dll usp10.dll msvcp110_win.dll wow64win.dll mscorlib.dll rpcrt4.dll mscorlib.dll System.ni.dll System.IdentityModel.ni.dll System.IdentityModel.dll System.IdentityModel.dll System.IdentityModel.dll System.IdentityModel.dll oleaut32.dll System.dll updatepolicy.dll diasymreader.dll System.dll System.dll System.dll System.Runtime.Serialization.ni.dll msvcrt.dll System.Runtime.Serialization.dll System.Runtime.Serialization.dll System.Runtime.Serialization.dll lpk.dll System.Runtime.Serialization.dll System.Xml.ni.dll System.XML.dll System.XML.dll System.XML.dll System.XML.dll wshext.dll SMDiagnostics.ni.dll SMdiagnostics.dll SMdiagnostics.dll SMdiagnostics.dll SMdiagnostics.dll dhcpcsvc.dll System.Web.ni.dll System.Web.dll System.Web.dll System.Web.dll System.Web.dll System.Security.ni.dll imm32.dll System.Security.dll windowsbase.dll System.Security.dll System.Security.dll System.Security.dll System.Configuration.ni.dll System.configuration.dll advapi32.dll System.configuration.dll System.configuration.dll System.configuration.dll System.Data.SqlXml.ni.dll System.Data.SqlXml.dll clbcatq.dll System.Data.SqlXml.dll System.Data.SqlXml.dll cryptbase.dll System.Data.SqlXml.dll winmgmtr.dll System.Drawing.ni.dll Win32_Tpm.dll System.Drawing.dll System.Drawing.dll System.Drawing.dll cryptsp.dll System.Drawing.dll System.Data.ni.dll System.Data.dll System.Data.dll netapi32.dll lpk.dll System.Data.dll System.Data.dll wow64cpu.dll mscorlib.ni.dll kernel32.dll System.Data.dll cryptsp.dll ws2_32.dll nsi.dll mswb7.dll ntprint.dll crypt32.dll system.componentmodel.composition.ni.dll msasn1.dll System.Web.Services.ni.dll System.Web.Services.dll ole32.dll System.Web.Services.dll System.Web.Services.dll kernelbase.dll System.Web.Services.dll System.DirectoryServices.ni.dll System.DirectoryServices.dll System.DirectoryServices.dll System.DirectoryServices.dll System.DirectoryServices.dll System.DirectoryServices.Protocols.ni.dll System.DirectoryServices.Protocols.dll System.DirectoryServices.Protocols.dll mscoreei.dll System.DirectoryServices.Protocols.dll System.Windows.Forms.ni.dll kernel32.dll System.DirectoryServices.Protocols.dll cryptsp.dll System.EnterpriseServices.ni.dll System.EnterpriseServices.dll cryptbase.dll msvcrt.dll usp10.dll System.EnterpriseServices.dll System.Design.ni.dll System.Design.dll System.Design.dll nlaapi.dll System.ServiceProcess.ni.dll ntdll.dll System.ServiceProcess.dll System.ServiceProcess.dll sspicli.dll oleaut32.dll System.Windows.Forms.ni.dll System.Windows.Forms.dll imm32.dll System.Windows.Forms.dll System.Windows.Forms.dll System.Windows.Forms.dll System.Web.RegularExpressions.ni.dll dhcpcsvc6.dll System.Web.RegularExpressions.dll System.Web.RegularExpressions.dll System.Web.RegularExpressions.dll msvcp_win.dll System.Web.RegularExpressions.dll Microsoft.VisualC.ni.dll System.Transactions.ni.dll System.Transactions.dll System.Transactions.dll system.data.oracleclient.dll System.Transactions.dll kernel32.dll msctf.dll System.Transactions.dll shell32.dll rpcrt4.dll System.Transactions.dll System.Runtime.Remoting.ni.dll odbc32.dll System.Runtime.Remoting.dll nsi.dll System.Runtime.Remoting.dll System.Runtime.Serialization.Formatters.Soap.ni.dll sechost.dll user32.dll version.dll System.Runtime.Serialization.Formatters.Soap.dll System.Runtime.Serialization.Formatters.Soap.dll System.Drawing.Design.ni.dll System.Drawing.Design.dll System.Drawing.Design.dll clr.dll System.Data.OracleClient.ni.dll System.Data.OracleClient.dll System.Data.OracleClient.dll System.Data.OracleClient.dll System.Data.OracleClient.dll System.Data.OracleClient.dll Accessibility.ni.dll Accessibility.dll Accessibility.dll Accessibility.dll Accessibility.dll System.Deployment.ni.dll System.Deployment.dll System.Deployment.dll System.Deployment.dll System.Deployment.dll System.Configuration.Install.ni.dll System.Configuration.Install.dll System.Configuration.Install.dll wow64.dll ntdll.dll ntdll.dll system.addin.contract.ni.dll sspicli.dll presentationcore.dll wow64.dll sxs.dll wow64win.dll profapi.dll wow64cpu.dll dsrole.dll kernel32.dll kernel32.dll kernel32.dll user32.dll kernel32.dll user32.dll KernelBase.dll advapi32.dll msvcrt.dll sechost.dll rpcrt4.dll sspicli.dll cryptbase.dll usp10.dll msvcr120_clr0400.dll mscoree.dll ole32.dll netprofm.dll gdi32.dll user32.dll lpk.dll usp10.dll advapi32.dll oleaut32.dll profapi.dll imm32.dll msctf.dll cryptsp.dll kernel32.dll cryptsp.dll rsaenh.dll api-ms-win-core-localization-l1-2-0.dll RpcRtRemote.dll clbcatq.dll sxs.dll mscoreei.dll clr.dll shlwapi.dll mscorlib.ni.dll clrjit.dll System.ni.dll version.dll mscorlib.dll shell32.dll mscorlib.dll user32.dll System.IO.Compression.FileSystem.ni.dll System.dll cryptsp.dll advapi32.dll SensApi.dll System.dll System.IO.Compression.ni.dll winmm.dll System.Core.ni.dll System.Configuration.ni.dll System.Configuration.dll System.Configuration.dll System.Core.dll msctf.dll System.Core.dll System.Xml.ni.dll dsreg.dll mfc140jpn.dll msvcrt.dll System.Xml.dll System.Xml.dll ntdll.dll crypt32.dll ntdll.dll wow64.dll wow64win.dll wow64cpu.dll kernel32.dll kernel32.dll kernel32.dll user32.dll kernel32.dll KernelBase.dll advapi32.dll msvcrt.dll imm32.dll sechost.dll rpcrt4.dll sspicli.dll RpcRtRemote.dll cryptbase.dll msvcr120_clr0400.dll mscoree.dll ole32.dll powrprof.dll gdi32.dll user32.dll lpk.dll usp10.dll oleaut32.dll imm32.dll msctf.dll cryptsp.dll rsaenh.dll RpcRtRemote.dll clbcatq.dll sxs.dll mscoreei.dll clr.dll shlwapi.dll mscorlib.ni.dll clrjit.dll System.ni.dll System.Core.ni.dll version.dll mscorlib.dll mscorlib.dll System.dll System.dll System.Core.dll System.Core.dll System.ServiceModel.ni.dll System.ServiceModel.dll System.ServiceModel.dll System.ServiceModel.Routing.ni.dll System.Transactions.ni.dll System.Transactions.dll System.Transactions.dll System.Transactions.dll System.Runtime.DurableInstancing.ni.dll System.Runtime.DurableInstancing.dll System.Runtime.DurableInstancing.dll System.ServiceModel.Internals.ni.dll System.ServiceModel.Internals.dll System.ServiceModel.Internals.dll System.Runtime.Serialization.ni.dll System.Runtime.Serialization.dll System.Runtime.Serialization.dll System.Configuration.ni.dll System.Configuration.dll System.Configuration.dll System.Xml.ni.dll System.Xml.dll System.Xml.dll System.Numerics.ni.dll System.Numerics.dll System.Numerics.dll System.Security.ni.dll System.Security.dll System.Security.dll,normal
 system.web.dll ntdll.dll kernel32.dll kernelbase.dll chrome_elf.dll version.dll msvcrt.dll shell32.dll shlwapi.dll gdi32.dll ntdll.dll user32.dll lpk.dll mswsock.dll System.ServiceModel.ni.dll usp10.dll advapi32.dll sechost.dll rpcrt4.dll secur32.dll msvcr80.dll winmm.dll userenv.dll profapi.dll imm32.dll msctf.dll System.AddIn.Contract.dll webio.dll kernelbase.dll wow64win.dll winnsi.dll gdi32.dll kernel32.dll sechost.dll api-ms-win-core-memory-l1-1-1.dll ole32.dll oleaut32.dll msidle.dll oleacc.dll advapi32.dll uiautomationcore.dll sechost.dll psapi.dll wtsapi32.dll wintrust.dll crypt32.dll msasn1.dll dwrite.dll dxgi.dll comctl32.dll winhttp.dll lpk.dll webio.dll secur32.dll sspicli.dll cryptbase.dll imm32.dll ws2_32.dll nsi.dll dhcpcsvc.dll chrome_child.dll dwmapi.dll dbghelp.dll comdlg32.dll urlmon.dll wininet.dll iertutil.dll,normal
 msctf.dll EppManifest.dll sendmail.dll mydocs.dll wpdshext.dll,normal
 ntdll.dll advapi32.dll sysntfy.dll ntdll.dll wow64.dll mscorlib.dll kernel32.dll wow64win.dll wow64cpu.dll kernel32.dll api-ms-win-crt-heap-l1-1-0.dll kernel32.dll kernel32.dll advapi32.dll user32.dll user32.dll winsta.dll api-ms-win-core-processthreads-l1-1-2.dll kernel32.dll sdiagprv.dll kernelbase.dll advapi32.dll msvcrt.dll cryptbase.dll sechost.dll rpcrt4.dll sspicli.dll cryptbase.dll dnsapi.dll pnidui.dll ws2_32.dll nsi.dll winnsi.dll dhcpcsvc.dll dhcpcsvc6.dll gdi32full.dll sppc.dll system.enterpriseservices.dll shell32.dll shlwapi.dll gdi32.dll msctf.dll user32.dll lpk.dll kbd106.dll spoolss.dll usp10.dll ole32.dll imm32.dll msctf.dll clbcatq.dll oleaut32.dll cryptsp.dll rsaenh.dll nsi.dll kernel32.dll rpcrtremote.dll wevtapi.dll ntdll.dll ntdll.dll wow64.dll wow64win.dll wow64cpu.dll nsi.dll kernel32.dll kernel32.dll kernel32.dll user32.dll kernel32.dll kernelbase.dll shell32.dll PresentationCore.ni.dll msvcrt.dll winbrand.dll termsrv.dll user32.dll gdi32.dll lpk.dll usp10.dll lpk.dll advapi32.dll sechost.dll rpcrt4.dll sspicli.dll cryptbase.dll imm32.dll msctf.dll apphelp.dll,normal
 gdi32.dll ntdll.dll kernel32.dll kernel32.dll kernelbase.dll advapi32.dll gdi32.dll system.deployment.dll msvcrt.dll sechost.dll rpcrt4.dll bcryptprimitives.dll version.dll kernel.appcore.dll,normal
 ntdll.dll ntdll.dll wow64.dll ehiVidCtl.ni.dll wow64win.dll wow64cpu.dll api-ms-win-crt-time-l1-1-0.dll kernel32.dll usp10.dll profapi.dll imm32.dll kernel32.dll kernel32.dll clbcatq.dll kernel32.dll user32.dll kernel32.dll wintrust.dll KernelBase.dll msvcrt.dll winbrand.dll user32.dll gdi32.dll lpk.dll rsaenh.dll msctf.dll usp10.dll advapi32.dll sechost.dll rpcrt4.dll sspicli.dll cryptbase.dll imm32.dll msctf.dll apphelp.dll,normal
 ntdll.dll bcryptprimitives.dll propsys.dll kernel32.dll msctf.dll kernelbase.dll msvcrt.dll advapi32.dll ole32.dll gdi32.dll user32.dll shlwapi.dll lpk.dll usp10.dll rpcrt4.dll imm32.dll wow64cpu.dll msctf.dll cryptbase.dll bcryptprimitives.dll clbcatq.dll advapi32.dll sechost.dll lpk.dll oleaut32.dll cryptsp.dll rsaenh.dll rpcrtremote.dll shacct.dll comctl32.dll gpapi.dll shlwapi.dll riched20.dll userenv.dll profapi.dll idstore.dll,normal
 ntdll.dll kernel32.dll KernelBase.dll gdi32.dll user32.dll lpk.dll usp10.dll msvcrt.dll System.dll oleaut32.dll imm32.dll IDStore.dll kernel32.dll msctf.dll gdi32.dll ole32.dll rpcrt4.dll msctf.dll oleaut32.dll msswch.dll mrmdeploy.dll cfgmgr32.dll comdlg32.dll advapi32.dll sechost.dll winmm.dll cryptbase.dll clbcatq.dll shell32.dll shlwapi.dll profapi.dll comctl32.dll oleacc.dll sensapi.dll imecfm.dll version.dll uxtheme.dll ntdll.dll imm32.dll ntdll.dll system.xml.ni.dll wow64.dll wow64win.dll sspicli.dll wow64cpu.dll kernel32.dll version.dll kernel32.dll kernel32.dll user32.dll kernel32.dll KernelBase.dll system.xml.ni.dll cryptsp.dll api-ms-win-core-privateprofile-l1-1-0.dll msvcrt.dll winbrand.dll user32.dll usp10.dll gdi32.dll lpk.dll usp10.dll advapi32.dll sechost.dll rpcrt4.dll sspicli.dll odbc32.dll cryptbase.dll imm32.dll msctf.dll apphelp.dll,normal
 ntdll.dll System.Runtime.Remoting.dll ntdll.dll mscorwks.dll wow64.dll clbcatq.dll wow64win.dll wow64cpu.dll kernel32.dll kernel32.dll kernel32.dll user32.dll kernel32.dll msvcr120_clr0400.dll KernelBase.dll msvcrt.dll oleaut32.dll ole32.dll rpcrt4.dll advapi32.dll gdi32.dll user32.dll System.Messaging.dll advapi32.dll sechost.dll rpcrt4.dll clbcatq.dll sspicli.dll iertutil.dll cryptbase.dll api-ms-win-core-sysinfo-l1-2-1.dll System.dll sspicli.dll lpk.dll usp10.dll version.dll imm32.dll msctf.dll usp10.dll sxs.dll clbcatq.dll vbscript.dll advapi32.dll wintrust.dll crypt32.dll msasn1.dll cryptsp.dll rsaenh.dll msisip.dll wshext.dll comctl32.dll shell32.dll shlwapi.dll scrobj.dll msi.dll scrrun.dll ntdll.dll kernel32.dll rsaenh.dll KernelBase.dll mssprxy.dll gdi32.dll advapi32.dll user32.dll lpk.dll usp10.dll msvcrt.dll conhostv2.dll rpcrt4.dll wow64.dll system.transactions.ni.dll api-ms-win-eventing-legacy-l1-1-0.dll KernelBase.dll msvcrt.dll rpcrt4.dll imm32.dll msctf.dll winsta.dll system.security.ni.dll ole32.dll rpcrt4.dll dhcpcore.dll KernelBase.dll oleaut32.dll cryptbase.dll cryptbase.dll clbcatq.dll advapi32.dll sechost.dll clbcatq.dll ntdll.dll ntdll.dll apphelp.dll system.xml.ni.dll winnsi.dll wow64.dll winmm.dll wow64win.dll wow64cpu.dll kernel32.dll kernel32.dll kernel32.dll user32.dll kernel32.dll KernelBase.dll Microsoft.VisualStudio.Tools.Office.Excel.AddInProxy.v9.0.dll ws2_32.dll advapi32.dll ntdll.dll system.xml.dll msvcrt.dll sechost.dll rpcrt4.dll srvcli.dll sspicli.dll cryptbase.dll imm32.dll system.security.ni.dll dnsapi.dll propsys.dll advapi32.dll ws2_32.dll nsi.dll winnsi.dll dhcpcsvc.dll dhcpcsvc6.dll shell32.dll shlwapi.dll gdi32.dll user32.dll dpapi.dll usp10.dll lpk.dll usp10.dll kernel32.dll ole32.dll imm32.dll msctf.dll clbcatq.dll oleaut32.dll cryptsp.dll System.Web.RegularExpressions.dll rsaenh.dll msutb.dll RpcRtRemote.dll nlslexicons0009.dll wevtapi.dll ntdll.dll kernel32.dll system.addin.ni.dll KernelBase.dll gdi32.dll SensApi.dll user32.dll lpk.dll usp10.dll msvcrt.dll imm32.dll wkscli.dll msctf.dll ole32.dll rpcrt4.dll oleaut32.dll cryptbase.dll clbcatq.dll nsi.dll cryptbase.dll advapi32.dll sechost.dll ntdll.dll ntdll.dll wow64.dll oleacc.dll wow64win.dll wow64cpu.dll accessibility.ni.dll kernel32.dll winnsi.dll kernel32.dll kernel32.dll powrprof.dll system.configuration.install.ni.dll user32.dll kernel32.dll KernelBase.dll msvcrt.dll oleaut32.dll oleaut32.dll sspicli.dll ole32.dll usp10.dll gdi32.dll user32.dll advapi32.dll kernel.appcore.dll sechost.dll rpcrt4.dll vsstrace.dll sspicli.dll System.Management.Automation.ni.dll cryptbase.dll lpk.dll usp10.dll RpcRtRemote.dll version.dll imm32.dll rsaenh.dll msctf.dll iphlpsvc.dll sxs.dll sechost.dll clbcatq.dll vbscript.dll advapi32.dll kernelbase.dll wintrust.dll crypt32.dll msasn1.dll cryptsp.dll rsaenh.dll msisip.dll wshext.dll comctl32.dll usp10.dll shell32.dll shlwapi.dll system.runtime.serialization.formatters.soap.dll scrobj.dll msi.dll scrrun.dll ntdll.dll microsoft.visualstudio.tools.office.appinfodocument.v9.0.dll msvcrt.dll secur32.dll user32.dll kernel32.dll KernelBase.dll gdi32.dll ucrtbase.dll user32.dll usp10.dll lpk.dll usp10.dll msvcrt.dll imm32.dll msctf.dll ole32.dll rpcrt4.dll oleaut32.dll cryptbase.dll clbcatq.dll advapi32.dll sechost.dll ntdll.dll ntdll.dll wow64.dll wow64win.dll wow64cpu.dll kernel32.dll oleaut32.dll kernel32.dll kernel32.dll user32.dll kernel32.dll KernelBase.dll msvcrt.dll winbrand.dll user32.dll gdi32.dll lpk.dll oleaut32.dll usp10.dll advapi32.dll sechost.dll rpcrt4.dll sspicli.dll cryptbase.dll imm32.dll msctf.dll apphelp.dll,normal
 ntdll.dll kernel32.dll kernelbase.dll gdi32.dll user32.dll lpk.dll usp10.dll msvcrt.dll system.security.dll shlwapi.dll imm32.dll msctf.dll msctf.dll lpk.dll imm32.dll ole32.dll rpcrt4.dll oleaut32.dll cryptbase.dll oleaut32.dll clbcatq.dll advapi32.dll sechost.dll,normal
 chrome_elf.dll ws2_32.dll version.dll userenv.dll shlwapi.dll gdi32.dll user32.dll lpk.dll system.data.services.client.ni.dll msvcrt.dll usp10.dll dsparse.dll kernel32.dll advapi32.dll sechost.dll shlwapi.dll rpcrt4.dll winmm.dll d3d11.dll profapi.dll imm32.dll msctf.dll cryptbase.dll user32.dll ntdll.dll kernel32.dll kernelbase.dll msvcrt.dll shell32.dll,normal
 ntdll.dll kernel32.dll comctl32.dll kernelbase.dll gdi32.dll advapi32.dll user32.dll lpk.dll advapi32.dll wtsapi32.dll usp10.dll microsoft.visualc.ni.dll System.ni.dll msvcrt.dll msvcrt.dll imm32.dll gdi32.dll msctf.dll ole32.dll rpcrt4.dll oleaut32.dll cryptbase.dll clbcatq.dll advapi32.dll sechost.dll ntdll.dll kernel32.dll kernelbase.dll gdi32.dll user32.dll lpk.dll kernel32.dll usp10.dll msvcrt.dll imm32.dll msctf.dll ole32.dll mscorlib.dll rpcrt4.dll kernel32.dll oleaut32.dll gdi32.dll cryptbase.dll clbcatq.dll devobj.dll advapi32.dll advapi32.dll sechost.dll ntdll.dll winbrand.dll ntdll.dll wow64.dll rpcrt4.dll kernel32.dll system.transactions.dll wow64win.dll wow64cpu.dll kernel32.dll imm32.dll rpcrt4.dll kernel32.dll kernel32.dll cryptbase.dll user32.dll kernel32.dll kernelbase.dll cryptbase.dll mscoreei.dll msvcrt.dll winbrand.dll user32.dll gdi32.dll lpk.dll usp10.dll advapi32.dll sechost.dll rpcrt4.dll sspicli.dll cryptbase.dll imm32.dll msctf.dll apphelp.dll,normal
 clbcatq.dll ntdll.dll ntdll.dll kernel32.dll kernelbase.dll imageres.dll imm32.dll kernelbase.dll sensapi.dll svrmgrnc.dll advapi32.dll mscoree.dll advapi32.dll msvcrt.dll msvcrt.dll combase.dll spoolss.dll oleaut32.dll user32.dll kernel32.dll tquery.dll tquery.dll imm32.dll msshooks.dll msshooks.dll shlwapi.dll sechost.dll clr.dll sensapi.dll sechost.dll rpcrt4.dll bcrypt.dll rpcrt4.dll presentationframework.royale.dll imm32.dll gdi32.dll msctf.dll PresentationFramework.Luna.dll kernel.appcore.dll kernel.appcore.dll cryptbase.dll cryptbase.dll bcryptprimitives.dll bcryptprimitives.dll clbcatq.dll msctf.dll cryptsp.dll cryptsp.dll rsaenh.dll rsaenh.dll bcrypt.dll bcrypt.dll mssprxy.dll system.security.dll mssprxy.dll shcore.dll shcore.dll,normal
 msftedit.dll,normal
 uxtheme.dll ntdll.dll kernel32.dll KernelBase.dll advapi32.dll cfgmgr32.dll advapi32.dll sspicli.dll msvcrt.dll shcore.dll sechost.dll rpcrt4.dll msvcr120_clr0400.dll mscoree.dll cryptsp.dll sechost.dll ole32.dll gdi32.dll user32.dll lpk.dll usp10.dll perfproc.dll oleaut32.dll imm32.dll msctf.dll cryptbase.dll cryptsp.dll rsaenh.dll RpcRtRemote.dll clbcatq.dll npmproxy.dll sxs.dll mscoreei.dll mscorwks.dll els.dll mscms.dll msvcr80.dll api-ms-win-core-kernel32-private-l1-1-1.dll sechost.dll shlwapi.dll msdtcVSp1res.dll wow64win.dll shell32.dll profapi.dll mscorlib.ni.dll mscorjit.dll mscorlib.dll mscorlib.dll version.dll mscorlib.dll mscorlib.dll System.ni.dll rasapi32.dll System.Drawing.ni.dll System.Configuration.ni.dll System.Xml.ni.dll,normal
 ntdll.dll ntdll.dll wow64.dll wow64win.dll linkinfo.dll wow64cpu.dll kernel32.dll kernel32.dll system.runtime.serialization.formatters.soap.ni.dll kernel32.dll user32.dll kernel32.dll KernelBase.dll msvcrt.dll winbrand.dll userenv.dll user32.dll gdi32.dll oleaut32.dll msctf.dll lpk.dll usp10.dll advapi32.dll oleaut32.dll shlwapi.dll msctf.dll clrjit.dll gdi32.dll sechost.dll rpcrt4.dll sspicli.dll cryptbase.dll imm32.dll imageres.dll usocore.dll msctf.dll ntdll.dll apphelp.dll system.configuration.dll ntdll.dll kernel32.dll KernelBase.dll api-ms-win-eventing-controller-l1-1-0.dll advapi32.dll msvcrt.dll sechost.dll advapi32.dll rpcrt4.dll msvcr120_clr0400.dll mscoree.dll ole32.dll gdi32.dll user32.dll lpk.dll usp10.dll shlwapi.dll sechost.dll nsi.dll RpcRtRemote.dll oleaut32.dll imm32.dll msvcrt.dll msctf.dll cryptbase.dll cryptsp.dll rsaenh.dll RpcRtRemote.dll ole32.dll ntdll.dll dwmapi.dll clbcatq.dll sxs.dll msasn1.dll mscoreei.dll combase.dll mscorwks.dll msvcr80.dll shlwapi.dll shell32.dll shell32.dll profapi.dll mscorlib.ni.dll mscorjit.dll system.xml.dll mscorlib.dll mscorlib.dll version.dll api-ms-win-crt-multibyte-l1-1-0.dll sspicli.dll mscorlib.dll wow64cpu.dll shlwapi.dll api-ms-win-core-file-l1-2-0.dll profapi.dll mscorlib.dll System.ni.dll WindowsBase.ni.dll PresentationCore.ni.dll credui.dll filemgmt.dll PresentationCore.dll dsrole.dll PresentationCore.dll PresentationCore.dll PresentationCore.dll System.Security.ni.dll Microsoft.VisualC.ni.dll UIAutomationProvider.ni.dll bcrypt.dll UIAutomationTypes.ni.dll kernel32.dll sxs.dll System.Xml.ni.dll System.Deployment.ni.dll ntdll.dll PresentationCFFRasterizer.ni.dll System.Drawing.ni.dll System.Configuration.ni.dll System.Security.ni.dll System.Data.SqlXml.ni.dll dfscli.dll Accessibility.ni.dll System.Windows.Forms.ni.dll UcAddinRes.dll System.Runtime.Serialization.Formatters.Soap.ni.dll ntdll.dll ntdll.dll wow64.dll System.Web.dll wow64win.dll wow64cpu.dll oleaut32.dll kernel32.dll kernel32.dll msvcrt.dll kernel32.dll user32.dll kernel32.dll KernelBase.dll advapi32.dll msvcrt.dll sechost.dll rpcrt4.dll sspicli.dll cryptbase.dll msvcr120_clr0400.dll mscoree.dll ole32.dll ntdll.dll gdi32.dll user32.dll lpk.dll usp10.dll oleaut32.dll imm32.dll msctf.dll cryptsp.dll rsaenh.dll RpcRtRemote.dll urlmon.dll clbcatq.dll sxs.dll dwmapi.dll mscoreei.dll sendmail.dll clr.dll spoolss.dll shlwapi.dll mscorlib.ni.dll dhcpcsvc6.dll msvcrt.dll clrjit.dll System.ni.dll System.Core.ni.dll shlwapi.dll wow64.dll System.Web.ni.dll version.dll System.Web.dll System.Web.dll mscorlib.dll mscorlib.dll System.dll msctf.dll gdi32.dll System.dll sensapi.dll System.Core.dll System.Core.dll System.Drawing.ni.dll oleaut32.dll System.Drawing.dll cryptbase.dll System.Drawing.dll System.Configuration.ni.dll System.Configuration.dll cryptsp.dll System.Configuration.dll System.Data.ni.dll sechost.dll System.Data.dll System.Data.dll cryptbase.dll lpk.dll System.Data.dll ws2_32.dll System.Xml.ni.dll System.Xml.dll System.Xml.dll System.DirectoryServices.ni.dll System.DirectoryServices.dll System.DirectoryServices.dll System.EnterpriseServices.ni.dll System.Web.RegularExpressions.ni.dll System.Design.ni.dll System.Web.ApplicationServices.ni.dll rpcrt4.dll System.Web.ApplicationServices.dll ole32.dll System.Web.ApplicationServices.dll System.ComponentModel.DataAnnotations.ni.dll System.ComponentModel.DataAnnotations.dll System.ComponentModel.DataAnnotations.dll System.DirectoryServices.Protocols.ni.dll System.DirectoryServices.Protocols.dll System.DirectoryServices.Protocols.dll schedsvc.dll System.Security.ni.dll usp10.dll System.Security.dll System.Security.dll System.Runtime.Caching.ni.dll System.Runtime.Caching.dll System.Runtime.Caching.dll System.ServiceProcess.ni.dll System.Web.Services.ni.dll System.Web.Services.dll System.Web.Services.dll Microsoft.Build.Utilities.v4.0.ni.dll Microsoft.Build.Framework.ni.dll Microsoft.Build.Tasks.v4.0.ni.dll System.Windows.Forms.ni.dll System.Windows.Forms.dll System.Windows.Forms.dll System.Numerics.ni.dll System.Numerics.dll System.Numerics.dll,normal
 pla.dll kernel32.dll cryptsp.dll dhcpcsvc.dll ntdll.dll system.management.ni.dll kernel32.dll system.core.ni.dll kernelbase.dll cryptsp.dll advapi32.dll SensApi.dll policymanager.dll msvcrt.dll vbajet32.dll wow64.dll sechost.dll wintrust.dll lpk.dll rpcrt4.dll user32.dll gdi32.dll lpk.dll usp10.dll ole32.dll oleaut32.dll shlwapi.dll tquery.dll tquery.dll mssrch.dll mssrch.dll imm32.dll msctf.dll psapi.dll dhcpcsvc6.dll shell32.dll KernelBase.dll profapi.dll Microsoft.VisualStudio.Tools.Office.Excel.AddInProxy.v9.0.dll cryptbase.dll System.Xaml.dll rpchttp.dll secur32.dll profapi.dll sspicli.dll cryptsp.dll credssp.dll esent.dll clbcatq.dll powrprof.dll setupapi.dll sensapi.dll cfgmgr32.dll devobj.dll cryptsp.dll cscsvc.dll rsaenh.dll rpcrtremote.dll msidle.dll mssprxy.dll propsys.dll SensApi.dll System.Data.dll tquery.dll vbscript.dll ntmarta.dll wldap32.dll vssapi.dll ole32.dll dropboxext64.27.0.dll rpcrt4.dll atl.dll netutils.dll wtsapi32.dll wintrust.dll vsstrace.dll wtsapi32.dll winsta.dll samcli.dll samlib.dll es.dll cfgmgr32.dll userenv.dll sxs.dll apphelp.dll crypt32.dll msasn1.dll naturallanguage6.dll nlsdata0009.dll nlslexicons0009.dll comctl32.dll setupapi.dll devobj.dll elscore.dll elstrans.dll elslad.dll nlsdata000c.dll nlslexicons000c.dll nlsdata0009.dll nlslexicons0009.dll nlsdata000c.dll nlslexicons000c.dll powrprof.dll,normal
 ntdll.dll dbghelp.dll sechost.dll msvcr80.dll kernel32.dll kernelbase.dll msvcrt.dll conhostv2.dll usp10.dll combase.dll ucrtbase.dll rpcrt4.dll Microsoft.VisualStudio.Tools.Applications.Hosting.v9.0.dll bcryptprimitives.dll gdi32.dll gdi32full.dll user32.dll win32u.dll imm32.dll oleaut32.dll msvcp_win.dll sdiagschd.dll propsys.dll sechost.dll shcore.dll shell32.dll usp10.dll cfgmgr32.dll batt.dll System.Core.ni.dll windows.storage.dll powrprof.dll advapi32.dll shlwapi.dll kernel32.dll winnsi.dll kernel.appcore.dll system.drawing.ni.dll profapi.dll uxtheme.dll msctf.dll dwmapi.dll comctl32.dll,normal
 ntdll.dll kernel32.dll kernelbase.dll KernelBase.dll gdi32.dll user32.dll lpk.dll AcGenral.dll usp10.dll msvcrt.dll ntdll.dll msvcp_win.dll msvcr120_clr0400.dll imm32.dll mscorlib.dll cryptsp.dll msctf.dll ole32.dll clbcatq.dll remotepg.dll rpcrt4.dll microsoft.jscript.dll oleaut32.dll cryptbase.dll sechost.dll clbcatq.dll advapi32.dll sechost.dll ntdll.dll System.Drawing.dll ntdll.dll wow64.dll wow64win.dll wow64cpu.dll kernel32.dll kernel32.dll kernel32.dll user32.dll tipskins.dll kernel32.dll kernelbase.dll api-ms-win-downlevel-shlwapi-l1-1-0.dll msvcrt.dll sensapi.dll winbrand.dll user32.dll gdi32.dll lpk.dll usp10.dll advapi32.dll sechost.dll rpcrt4.dll sspicli.dll secur32.dll cryptbase.dll imm32.dll msctf.dll apphelp.dll,normal
 api-ms-win-service-private-l1-1-0.dll cryptbase.dll mrmcorer.dll ntdll.dll rsaenh.dll kernel32.dll KernelBase.dll advapi32.dll profapi.dll msvcrt.dll sechost.dll rpcrt4.dll ole32.dll sechost.dll gdi32.dll sxs.dll user32.dll lpk.dll usp10.dll imm32.dll msctf.dll wdscore.dll msvcr120_clr0400.dll oleaut32.dll shell32.dll shlwapi.dll dbghelp.dll dnsapi.dll cryptbase.dll CbsCore.dll version.dll ole32.dll lpk.dll security.dll crypt32.dll msasn1.dll kernelbase.dll ntdll.dll wintrust.dll imageres.dll userenv.dll idstore.dll profapi.dll ktmw32.dll dpx.dll msctf.dll dpx.dll api-ms-win-core-localization-obsolete-l1-2-0.dll cscapi.dll dpx.dll wcp.dll DrUpdate.dll cryptsp.dll setupapi.dll cfgmgr32.dll devobj.dll mpr.dll wrpint.dll gdi32.dll sxsstore.dll sqmapi.dll cryptsp.dll winhttp.dll webio.dll winhttp.dll webio.dll SensApi.dll cryptsp.dll mscorlib.ni.dll rsaenh.dll RpcRtRemote.dll clbcatq.dll kernel.appcore.dll CbsApi.dll smipi.dll system.configuration.install.ni.dll smiengine.dll ntdll.dll bcryptprimitives.dll ntdll.dll ntdll.dll wow64.dll wow64win.dll cryptbase.dll wow64cpu.dll kernel32.dll kernel32.dll cfgmgr32.dll kernel32.dll user32.dll kernel32.dll KernelBase.dll msvcrt.dll winbrand.dll user32.dll gdi32.dll lpk.dll usp10.dll advapi32.dll smdiagnostics.ni.dll sechost.dll rpcrt4.dll sspicli.dll cryptbase.dll imm32.dll msctf.dll apphelp.dll,normal
 api-ms-win-downlevel-user32-l1-1-0.dll ntdll.dll usp10.dll ntdll.dll wow64.dll gdi32.dll wow64win.dll winbrand.dll wow64cpu.dll dnsapi.dll cryptbase.dll kernel32.dll kernel32.dll kernel32.dll user32.dll kernel32.dll microsoft.visualstudio.tools.applications.runtime.v9.0.dll kernelbase.dll advapi32.dll nsi.dll msvcrt.dll sechost.dll rpcrt4.dll sspicli.dll cryptbase.dll dnsapi.dll ws2_32.dll dnsapi.dll nsi.dll winnsi.dll dhcpcsvc.dll dhcpcsvc6.dll shell32.dll shlwapi.dll gdi32.dll system.core.ni.dll System.Drawing.dll user32.dll lpk.dll dhcpcsvc6.dll usp10.dll wow64.dll ole32.dll imm32.dll mssprxy.dll msctf.dll mscorwks.dll wevtapi.dll system.messaging.dll clbcatq.dll sechost.dll oleaut32.dll cryptsp.dll rsaenh.dll setupapi.dll sspicli.dll rpcrtremote.dll nsi.dll wevtapi.dll ntdll.dll kernel32.dll kernelbase.dll oleaut32.dll dwmapi.dll gdi32.dll user32.dll lpk.dll usp10.dll slc.dll msvcrt.dll uxtheme.dll imm32.dll msctf.dll sechost.dll chrome_elf.dll advapi32.dll sechost.dll rpcrt4.dll kernel32.dll windowscodecs.dll ole32.dll mscorlib.dll version.dll dwmapi.dll setupapi.dll cfgmgr32.dll sxs.dll oleaut32.dll devobj.dll dwmredir.dll wintrust.dll crypt32.dll msasn1.dll setupapi.dll cfgmgr32.dll oleaut32.dll devobj.dll dwmcore.dll d3d10_1.dll d3d10_1core.dll dxgi.dll psapi.dll,normal
 rpcrt4.dll ntdll.dll ntdll.dll wow64.dll wow64win.dll wow64cpu.dll kernel32.dll webio.dll kernel32.dll gdi32.dll kernel32.dll user32.dll sechost.dll kernel32.dll kernel32.dll KernelBase.dll msvcrt.dll ole32.dll oleaut32.dll ole32.dll gdi32.dll user32.dll advapi32.dll sechost.dll sechost.dll rpcrt4.dll sspicli.dll cryptbase.dll lpk.dll usp10.dll oleaut32.dll ntdll.dll version.dll imm32.dll vm3dum_10.dll msctf.dll sxs.dll msvcrt.dll profapi.dll clbcatq.dll vbscript.dll kernel32.dll advapi32.dll wintrust.dll crypt32.dll msasn1.dll ole32.dll cryptsp.dll rsaenh.dll msisip.dll wshext.dll comctl32.dll PresentationCore.dll shell32.dll shell32.dll tquery.dll shlwapi.dll scrobj.dll msi.dll scrrun.dll ntdll.dll kernel32.dll imm32.dll msasn1.dll KernelBase.dll gdi32.dll user32.dll lpk.dll user32.dll usp10.dll ole32.dll msvcrt.dll gpapi.dll imm32.dll msctf.dll ole32.dll rpcrt4.dll comctl32.dll oleaut32.dll ntdll.dll ntdll.dll KernelBase.dll ws2_32.dll powrprof.dll wow64.dll wow64win.dll wow64cpu.dll kernel32.dll kernel32.dll rsaenh.dll kernel32.dll ucrtbase.dll taskschd.dll user32.dll sechost.dll kernel32.dll sxs.dll KernelBase.dll msvcrt.dll psapi.dll winbrand.dll user32.dll gdi32.dll lpk.dll usp10.dll advapi32.dll sechost.dll rpcrt4.dll sspicli.dll cryptbase.dll imm32.dll msctf.dll apphelp.dll,normal
 msftedit.dll rpcrt4.dll windows.globalization.dll bcp47langs.dll globinputhost.dll imecfm.dll mssprxy.dll shell32.dll winnsi.dll mscoree.dll mscoree.dll mssvp.dll mapi32.dll sechost.dll shacct.dll powrprof.dll idstore.dll provsvc.dll cryptsp.dll nsi.dll ehstorshell.dll cscui.dll networkitemfactory.dll cscdll.dll dtsh.dll ole32.dll advapi32.dll firewallapi.dll npmproxy.dll fundisc.dll fdproxy.dll fdwcn.dll wcnapi.dll fdwnet.dll mssvp.dll mapi32.dll winmm.dll winmmbase.dll devobj.dll,normal
 ntdll.dll ntdll.dll wow64.dll usp10.dll wow64win.dll cryptsp.dll wow64cpu.dll system.security.dll advapi32.dll kernel32.dll version.dll kernel32.dll cryptbase.dll kernel32.dll user32.dll Microsoft.VisualStudio.Tools.Applications.Runtime.v9.0.dll ntdll.dll windows.staterepository.dll kernel32.dll kernelbase.dll ntdll.dll wow64win.dll msvcrt.dll advapi32.dll ws2_32.dll oleaut32.dll api-ms-win-downlevel-advapi32-l1-1-0.dll system.ni.dll advapi32.dll system.xml.dll sechost.dll rpcrt4.dll sspicli.dll mprmsg.dll taskschdps.dll msvcr120_clr0400.dll cryptbase.dll version.dll user32.dll winbrand.dll gdi32.dll lpk.dll usp10.dll shlwapi.dll imm32.dll kernel32.dll msvcr80.dll system.data.services.client.ni.dll msctf.dll api-ms-win-downlevel-shell32-l1-1-0.dll version.dll msctf.dll iertutil.dll api-ms-win-downlevel-version-l1-1-0.dll shell32.dll ieframe.dll api-ms-win-downlevel-user32-l1-1-0.dll ole32.dll ole32.dll lpk.dll oleaut32.dll comctl32.dll ieshims.dll secur32.dll api-ms-win-downlevel-advapi32-l2-1-0.dll ws2_32.dll version.dll nsi.dll winhttp.dll system.transactions.dll psapi.dll webio.dll mswsock.dll wship6.dll winnsi.dll api-ms-win-downlevel-normaliz-l1-1-0.dll cryptsp.dll rsaenh.dll rpcrtremote.dll clbcatq.dll sspicli.dll ieproxy.dll api-ms-win-downlevel-shlwapi-l2-1-0.dll sqmapi.dll system.data.dll normaliz.dll mshtml.dll d2d1.dll msvcr80.dll dwrite.dll cfgmgr32.dll setupapi.dll dxgi.dll setupapi.dll dsrole.dll cfgmgr32.dll iertutil.dll PresentationCore.ni.dll dnsapi.dll devobj.dll wintrust.dll perfdisk.dll crypt32.dll usp10.dll system.configuration.ni.dll msasn1.dll bcrypt.dll bcryptprimitives.dll api-ms-win-downlevel-shlwapi-l1-1-0.dll d3d11.dll vm3dum_10.dll winmm.dll dbghelp.dll vm3dum.dll d3d10level9.dll comdlg32.dll apphelp.dll msimg32.dll comctl32.dll wsock32.dll olepro32.dll api-ms-win-downlevel-ole32-l1-1-0.dll system.xml.dll uxtheme.dll ieui.dll sxs.dll urlmon.dll wininet.dll mscoreei.dll userenv.dll nsi.dll mshtml.dll profapi.dll ieframe.dll dnsapi.dll shlwapi.dll wininet.dll mlang.dll dwmapi.dll lspweb.dll lspweb.dll lspweb.dll lspweb.dll system.configuration.dll ieapfltr.dll jscript9.dll msimtf.dll system.core.ni.dll msctf.dll msctf.dll nsi.dll setupapi.dll cfgmgr32.dll System.Security.dll devobj.dll system.deployment.dll kernel32.dll propsys.dll vm3dum_10.dll msvcrt.dll System.Data.dll stdole.dll winmm.dll dbghelp.dll vm3dum.dll d3d10level9.dll setupapi.dll mrmcore.dll gdi32.dll cfgmgr32.dll rpcrt4.dll devobj.dll d3d10warp.dll setupapi.dll cfgmgr32.dll devobj.dll ole32.dll wow64cpu.dll oleacc.dll uiautomationcore.dll psapi.dll xmllite.dll rasadhlp.dll wshqos.dll wshqos.dll wshqos.dll wshqos.dll kernel32.dll credssp.dll schannel.dll ncrypt.dll gpapi.dll p2pcollab.dll acppage.dll p2pcollab.dll cryptnet.dll wldap32.dll comctl32.dll sensapi.dll lspwaoie.dll imagehlp.dll windowscodecs.dll powrprof.dll sensapi.dll setupapi.dll bcrypt.dll cfgmgr32.dll devobj.dll oleaut32.dll SensApi.dll winmm.dll imgutil.dll msrating.dll msxml6.dll netapi32.dll netutils.dll winmm.dll srvcli.dll wkscli.dll winhttp.dll webio.dll dhcpcsvc6.dll user32.dll dhcpcsvc.dll gdi32.dll cfgmgr32.dll windowscodecsext.dll ws2_32.dll kernel32.dll mfplat.dll avrt.dll mshtmlmedia.dll mf.dll atl.dll ksuser.dll jsintl.dll uianimation.dll msxml3.dll netprofm.dll nlaapi.dll npmproxy.dll actxprxy.dll,normal
 msvcr120_clr0400.dll microsoft.visualstudio.tools.office.runtime.v10.0.dll mscoree.dll mscoreei.dll version.dll clr.dll clr.dll api-ms-win-downlevel-normaliz-l1-1-0.dllnormaliz.dll wtsapi32.dll system.drawing.dll cryptbase.dll powrprof.dll system.directoryservices.ni.dll msctf.dll kernelbase.dll ntdll.dll kernel32.dll KernelBase.dll msvcrt.dll advapi32.dll ntdll.dll sechost.dll rpcrt4.dll shlwapi.dll usocore.dll gdi32.dll user32.dll system.directoryservices.ni.dll lpk.dll wow64win.dll wow64cpu.dll usp10.dll ole32.dll oleaut32.dll System.Data.Linq.ni.dll imm32.dll system.enterpriseservices.dll cfgmgr32.dll setupapi.dll devobj.dll cryptbase.dll Accessibility.dll RpcRtRemote.dll fusion.dll mscorsvc.dll ntdll.dll npmproxy.dll msidle.dll winsta.dll ntdll.dll system.xml.ni.dll usp10.dll ntdll.dll ntdll.dll sensapi.dll wow64.dll wow64win.dll api-ms-win-core-privateprofile-l1-1-1.dll wow64cpu.dll kernel32.dll ntdll.dll gdi32.dll advapi32.dll kernel32.dll playtodevice.dll mssvp.dll kernel32.dll system.drawing.design.ni.dll user32.dll kernel32.dll api-ms-win-core-localization-l1-2-0.dll microsoft-windows-homegroupdiagnostic.netlistmgr.interop.dll KernelBase.dll ucrtbase.dll advapi32.dll msvcrt.dll sechost.dll rpcrt4.dll sspicli.dll cryptbase.dll msvcr120_clr0400.dll mscoree.dll ole32.dll gdi32.dll user32.dll lpk.dll usp10.dll oleaut32.dll imm32.dll msctf.dll rasadhlp.dll cryptsp.dll riched20.dll rsaenh.dll RpcRtRemote.dll windows.storage.dll clbcatq.dll sxs.dll mscms.dll wow64win.dll mscoreei.dll clr.dll shlwapi.dll mscorlib.ni.dll cfgmgr32.dll clrjit.dll sechost.dll Microsoft.Powershell.Commands.Utility.dll Microsoft.Powershell.Commands.Utility.dll System.Management.Automation.dll System.Management.Automation.dll version.dll mscorlib.dll mscorlib.dll fusion.dll mofd.dll msisip.dll System.ni.dll dnsapi.dll System.dll System.dll System.Core.ni.dll npmproxy.dll kernel.appcore.dll System.Web.ni.dll System.Web.Extensions.ni.dll System.Web.Extensions.dll kernel32.dll presentationframework.ni.dll uiautomationprovider.dll System.Web.Extensions.dll secur32.dll System.Web.dll System.Web.dll System.Core.dll msvcrt.dll System.Core.dll System.Xml.Linq.ni.dll System.Xml.Linq.dll System.Xml.Linq.dll igd10iumd64.dll wkscli.dll System.Xml.ni.dll System.Xml.dll System.Xml.dll rsaenh.dll System.Drawing.ni.dll System.Drawing.dll System.Drawing.dll cryptsp.dll System.Numerics.ni.dll System.Numerics.dll System.Numerics.dll Microsoft.JScript.dll Microsoft.JScript.dll Microsoft.JScript.dll Microsoft.JScript.dll Microsoft.JScript.dll Microsoft.JScript.dll msctf.dll System.Runtime.Serialization.ni.dll System.Runtime.Serialization.dll System.Runtime.Serialization.dll System.Security.ni.dll shcore.dll System.Security.dll System.Security.dll System.Configuration.ni.dll System.Configuration.dll System.Configuration.dll ntdll.dll ntdll.dll wow64.dll wow64win.dll wow64cpu.dll kernel32.dll kernel32.dll kernel32.dll mswsock.dll user32.dll kernel32.dll KernelBase.dll advapi32.dll msvcrt.dll sechost.dll rpcrt4.dll sspicli.dll mpr.dll cryptbase.dll msvcr120_clr0400.dll mscoree.dll ole32.dll imm32.dll KernelBase.dll apphelp.dll rpcrt4.dll gdi32.dll user32.dll cryptsp.dll bcryptprimitives.dll kernel32.dll lpk.dll usp10.dll usp10.dll webio.dll mscorlib.dll oleaut32.dll rsaenh.dll imm32.dll ole32.dll msctf.dll cryptsp.dll rsaenh.dll RpcRtRemote.dll clbcatq.dll sxs.dll mscoreei.dll mscorwks.dll msvcr80.dll uxtheme.dll shlwapi.dll shell32.dll profapi.dll user32.dll mscorlib.ni.dll mscorjit.dll mscorlib.dll wtsapi32.dll api-ms-win-crt-multibyte-l1-1-0.dll mscorlib.dll version.dll mscorlib.dll mscorlib.dll powrprof.dll System.ni.dll System.Design.ni.dll msasn1.dll System.Design.dll System.Design.dll System.dll shell32.dll cryptsp.dll ntdll.dll System.dll System.dll shlwapi.dll wow64win.dll System.dll System.Data.ni.dll System.Data.dll System.Data.dll System.Data.dll mscorwks.dll System.Data.dll System.Data.dll system.drawing.ni.dll ws2_32.dll nsi.dll crypt32.dll shlwapi.dll lpk.dll msasn1.dll System.Xml.ni.dll System.Xml.ni.dll System.XML.dll System.XML.dll System.XML.dll System.XML.dll System.Drawing.ni.dll System.Drawing.dll sechost.dll System.Drawing.dll System.Drawing.dll System.Drawing.dll System.Windows.Forms.ni.dll filterlib.dll System.Windows.Forms.dll System.Windows.Forms.dll dpx.dll System.Windows.Forms.dll System.Windows.Forms.dll System.Drawing.Design.ni.dll System.Drawing.Design.dll System.Drawing.Design.dll System.Web.ni.dll System.Web.dll sechost.dll System.Web.dll System.Web.dll System.Web.dll System.Configuration.ni.dll System.configuration.dll System.configuration.dll System.configuration.dll System.configuration.dll ole32.dll System.Data.OracleClient.ni.dll System.Data.OracleClient.dll System.Data.OracleClient.dll System.Data.OracleClient.dll System.Data.OracleClient.dll System.Data.OracleClient.dll System.Runtime.Serialization.Formatters.Soap.ni.dll System.Runtime.Serialization.Formatters.Soap.dll System.Runtime.Serialization.Formatters.Soap.dll Accessibility.ni.dll Accessibility.dll Accessibility.dll Accessibility.dll Accessibility.dll System.Web.RegularExpressions.ni.dll System.Web.RegularExpressions.dll System.Web.RegularExpressions.dll System.Web.RegularExpressions.dll System.Web.RegularExpressions.dll,normal
 ntdll.dll ntdll.dll msvcr120_clr0400.dll wow64.dll wow64win.dll wow64cpu.dll kernel32.dll shlwapi.dll kernel32.dll kernel32.dll user32.dll advapi32.dll kernel32.dll KernelBase.dll profapi.dll scrrun.dll msvcrt.dll cryptbase.dll winbrand.dll kernel32.dll user32.dll gdi32.dll lpk.dll usp10.dll advapi32.dll imm32.dll sechost.dll cryptbase.dll rpcrt4.dll sspicli.dll system.directoryservices.ni.dll cryptbase.dll imm32.dll msctf.dll apphelp.dll,normal
 ntdll.dll ntdll.dll wow64.dll wow64win.dll ntdll.dll lpk.dll wow64cpu.dll msctf.dll kernel32.dll kernel32.dll kernel32.dll user32.dll kernel32.dll lpk.dll wow64.dll msctf.dll kernelbase.dll msacm32.dll python27.dll user32.dll oleaut32.dll gdi32.dll lpk.dll kernel32.dll usp10.dll sqlceqp30.dll msvcrt.dll advapi32.dll sechost.dll rpcrt4.dll sspicli.dll cryptbase.dll shell32.dll shlwapi.dll msvcr90.dll imm32.dll msctf.dll,normal
 ntdll.dll,normal
 devobj.dll ntdll.dll uiautomationprovider.dll ntdll.dll samsrv.dll wow64.dll wow64win.dll wow64cpu.dll dbghelp.dll kernel32.dll rpcrt4.dll kernel32.dll kernel32.dll user32.dll advapi32.dll System.Configuration.dll kernelbase.dll kernel32.dll kernelbase.dll msvcr80.dll winhttp.dll advapi32.dll msvcrt.dll sechost.dll rpcrt4.dll sspicli.dll cryptbase.dll dnsapi.dll ws2_32.dll shell32.dll nsi.dll winnsi.dll dhcpcsvc.dll dhcpcsvc6.dll RpcRtRemote.dll shell32.dll system.configuration.ni.dll shlwapi.dll gdi32.dll win32u.dll user32.dll lpk.dll wow64cpu.dll usp10.dll ole32.dll imm32.dll msctf.dll clbcatq.dll oleaut32.dll cryptsp.dll rsaenh.dll rpcrtremote.dll wevtapi.dll,normal
 samlib.dll mpr.dll,normal
 ntdll.dll kernel32.dll kernelbase.dll user32.dll gdi32.dll user32.dll msvcrt.dll imm32.dll oleaut32.dll api-ms-win-core-localization-l1-2-1.dll msvcrt.dll advapi32.dll combase.dll msctf.dll rpcrt4.dll sspicli.dll sechost.dll dbghelp.dll kernel.appcore.dll cryptbase.dll bcryptprimitives.dll FCRegSvc.dll clbcatq.dll,normal
 ntdll.dll kernel32.dll mscorlib.dll kernelbase.dll version.dll advapi32.dll msvcrt.dll sechost.dll rpcrt4.dll user32.dll ntdll.dll win32u.dll shell32.dll gdi32.dll gdi32full.dll rpcrt4.dll combase.dll ucrtbase.dll user32.dll msvcp110_win.dll accessibility.dll bcryptprimitives.dll shell32.dll cfgmgr32.dll windows.storage.dll powrprof.dll shlwapi.dll kernel.appcore.dll version.dll shcore.dll imm32.dll profapi.dll fastprox.dll ole32.dll lpk.dll imm32.dll msvcrt.dll uxtheme.dll msctf.dll oleaut32.dll msvcp_win.dll dwmapi.dll,normal
 lpk.dll msswch.dll ntdll.dll kernel32.dll kernelbase.dll msvcrt.dll conhostv1.dll user32.dll gdi32.dll ncrypt.dll imm32.dll KernelBase.dll msctf.dll oleaut32.dll combase.dll rpcrt4.dll,normal
 ntdll.dll,normal
 diagperf.dll diagperf.dll mydocs.dll pnpts.dll pnpts.dll diagperf.dll diagperf.dll msvcr80.dll pnpts.dll davclnt.dll pnpts.dll diagperf.dll diagperf.dll pnpts.dll microsoft.mediacenter.tv.tuners.interop.ni.dll pnpts.dll,normal
 msvcrt.dll sspicli.dll ntdll.dll ntdll.dll webio.dll wow64.dll wow64win.dll wow64cpu.dll msvcrt.dll kernel32.dll kernel32.dll kernel32.dll sensapi.dll user32.dll kernel32.dll KernelBase.dll clbcatq.dll kernelbase.dll advapi32.dll msvcrt.dll sechost.dll setupapi.dll setupapi.dll sechost.dll rpcrt4.dll sspicli.dll mscorlib.ni.dll cryptbase.dll System.XML.dll dnsapi.dll ws2_32.dll nsi.dll winnsi.dll dhcpcsvc.dll dhcpcsvc6.dll shell32.dll shlwapi.dll gdi32.dll ntdll.dll user32.dll lpk.dll kernel32.dll usp10.dll mi.dll cryptbase.dll ntdll.dll ole32.dll imm32.dll RpcRtRemote.dll msctf.dll dnsapi.dll clbcatq.dll oleaut32.dll ole32.dll cryptsp.dll rsaenh.dll uxtheme.dll PresentationCFFRasterizer.dll RpcRtRemote.dll wevtapi.dll ntdll.dll shlwapi.dll kernel32.dll KernelBase.dll kernel32.dll advapi32.dll gdi32.dll System.Drawing.dll msvcrt.dll sechost.dll cryptbase.dll sechost.dll rpcrt4.dll cryptsp.dll Query.dll clr.dll user32.dll mscorlib.dll oleaut32.dll gdi32.dll lpk.dll usp10.dll sqmapi.dll userenv.dll ole32.dll comctl32.dll shlwapi.dll rpcrt4.dll shell32.dll dui70.dll userenv.dll imm32.dll cryptsp.dll msctf.dll cryptbase.dll ntdll.dll imm32.dll rpcrt4.dll sechost.dll ntdll.dll wow64.dll wow64win.dll wow64cpu.dll kernel32.dll bcp47langs.dll bcryptprimitives.dll mcstore.ni.dll kernel32.dll kernel32.dll user32.dll kernel32.dll KernelBase.dll msvcrt.dll oleaut32.dll system.design.dll ole32.dll gdi32.dll ole32.dll user32.dll user32.dll advapi32.dll sechost.dll rpcrt4.dll sspicli.dll cryptbase.dll msxml3.dll lpk.dll usp10.dll version.dll mscorlib.dll system.configuration.dll imm32.dll msctf.dll kernelbase.dll sxs.dll clbcatq.dll vbscript.dll presentationcore.ni.dll advapi32.dll wintrust.dll crypt32.dll msasn1.dll cryptsp.dll rsaenh.dll msisip.dll wshext.dll comctl32.dll shell32.dll clbcatq.dll shlwapi.dll scrobj.dll msi.dll lpk.dll scrrun.dll credui.dll ntdll.dll clbcatq.dll kernel32.dll rpcrtremote.dll KernelBase.dll umpo.dll updatepolicy.dll advapi32.dll kernel32.dll msvcrt.dll dxgi.dll ncrypt.dll ole32.dll sechost.dll wtsapi32.dll rpcrt4.dll gdi32.dll sxs.dll user32.dll lpk.dll wbemprox.dll usp10.dll ole32.dll msimg32.dll adtschema.dll wmsgapi.dll wtsapi32.dll rsaenh.dll winmm.dll userenv.dll profapi.dll winsta.dll crypt32.dll msasn1.dll MsCtfMonitor.dll winbrand.dll msctf.dll imm32.dll msutb.dll api-ms-win-security-cryptoapi-l1-1-0.dll comctl32.dll shlwapi.dll secur32.dll sspicli.dll shell32.dll kernel32.dll System.Xml.ni.dll cryptbase.dll clbcatq.dll wintrust.dll cryptsp.dll rsaenh.dll imagehlp.dll bcrypt.dll bcryptprimitives.dll ncrypt.dll gpapi.dll cryptnet.dll ntdll.dll Wldap32.dll SensApi.dll setupapi.dll cfgmgr32.dll oleaut32.dll devobj.dll cabinet.dll devrtl.dll version.dll shlwapi.dll cryptbase.dll clbcatq.dll oleaut32.dll urlmon.dll wininet.dll iertutil.dll ntdll.dll kernel32.dll KernelBase.dll sppcommdlg.dll msvcrt.dll ole32.dll gdi32.dll user32.dll lpk.dll rpcrt4.dll usp10.dll rpcrt4.dll imm32.dll msctf.dll cryptbase.dll clbcatq.dll advapi32.dll sechost.dll oleaut32.dll cryptsp.dll rsaenh.dll RpcRtRemote.dll shlwapi.dll shacct.dll userenv.dll profapi.dll comctl32.dll ntdll.dll kernel32.dll KernelBase.dll gdi32.dll user32.dll lpk.dll usp10.dll msvcrt.dll imm32.dll msctf.dll ole32.dll rpcrt4.dll oleaut32.dll cryptbase.dll clbcatq.dll advapi32.dll sechost.dll,normal
 ntdll.dll kernel32.dll KernelBase.dll advapi32.dll api-ms-win-devices-config-l1-1-0.dll msvcrt.dll sechost.dll winmm.dll system.windows.forms.ni.dll rpcrt4.dll gdi32.dll sspicli.dll user32.dll ncobjapi.dll userenv.dll gdi32.dll lpk.dll webio.dll usp10.dll winmm.dll dwmapi.dll GdiPlus.dll ole32.dll msctf.dll oleacc.dll oleaut32.dll shlwapi.dll wmsgapi.dll duser.dll dhcpcsvc.dll uxtheme.dll imm32.dll msctf.dll msswch.dll ntdll.dll ntdll.dll mscorwks.dll cryptbase.dll ntdll.dll wow64.dll wow64win.dll rasadhlp.dll system.runtime.serialization.formatters.soap.dll wow64cpu.dll kernel32.dll user32.dll mscorlib.dll bcryptprimitives.dll kernel32.dll kernel32.dll cfgmgr32.dll user32.dll kernel32.dll KernelBase.dll msvcrt.dll winbrand.dll user32.dll gdi32.dll lpk.dll usp10.dll advapi32.dll sechost.dll rpcrt4.dll sspicli.dll cryptbase.dll imm32.dll msctf.dll apphelp.dll,normal
 ntdll.dll cabinet.dll kernel32.dll ole32.dll cryptbase.dll oleaut32.dll shlwapi.dll imm32.dll shell32.dll KernelBase.dll cryptbase.dll sechost.dll msvcrt.dll gdi32.dll user32.dll lpk.dll mscorjit.dll usp10.dll rpcrt4.dll GdiPlus.dll shell32.dll clbcatq.dll kernel32.dll oleacc.dll winhttp.dll accessibility.dll kernelbase.dll advapi32.dll duser.dll sechost.dll usp10.dll crypt32.dll msasn1.dll cryptbase.dll ntdll.dll msctf.dll kernel32.dll cryptsp.dll rsaenh.dll RpcRtRemote.dll msctf.dll wintrust.dll rpcrt4.dll profapi.dll wmsgapi.dll wucltux.dll msimg32.dll slc.dll uxtheme.dll cabinet.dll WindowsCodecs.dll wintrust.dll system.windows.forms.dll comctl32.dll clbcatq.dll dnsapi.dll wups2.dll actxprxy.dll setupapi.dll cfgmgr32.dll devobj.dll ntmarta.dll apphelp.dll shdocvw.dll ExplorerFrame.dll propsys.dll usp10.dll dui70.dll sxs.dll shdocvw.dll dui70.dll ExplorerFrame.dll shdocvw.dll ExplorerFrame.dll dui70.dll,normal
 ntdll.dll kernel32.dll kernel32.dll winbrand.dll imageres.dll kernelbase.dll gdi32.dll user32.dll lpk.dll usp10.dll msvcrt.dll imm32.dll msctf.dll advapi32.dll ole32.dll rpcrt4.dll oleaut32.dll cryptbase.dll clbcatq.dll advapi32.dll sechost.dll uxtheme.dll ntdll.dll ntdll.dll kernel32.dll kernelbase.dll advapi32.dll msvcrt.dll msado15.dll sechost.dll rpcrt4.dll mscoreei.dll System.XML.dll gpapi.dll msvcr120_clr0400.dll mscoree.dll ole32.dll gdi32.dll msvcrt.dll user32.dll lpk.dll usp10.dll oleaut32.dll imm32.dll rsaenh.dll system.directoryservices.protocols.dll msctf.dll msasn1.dll cryptbase.dll cryptsp.dll rsaenh.dll rpcrtremote.dll clbcatq.dll sxs.dll mscoreei.dll rsaenh.dll clr.dll logoncli.dll shlwapi.dll slc.dll System.dll mscorlib.ni.dll clrjit.dll system.ni.dll system.drawing.ni.dll version.dll kernel32.dll kernel32.dll mscorlib.dll wow64cpu.dll mscorlib.dll system.core.ni.dll system.configuration.ni.dll msvcr120_clr0400.dll sspicli.dll system.xml.ni.dll ntdll.dll kernel32.dll kernelbase.dll advapi32.dll msvcrt.dll sechost.dll rpcrt4.dll msvcr120_clr0400.dll version.dll atl.dll mscoree.dll ole32.dll gdi32.dll user32.dll sspicli.dll user32.dll lpk.dll dbgcore.dll usp10.dll oleaut32.dll imm32.dll drupdate.dll oleaut32.dll msctf.dll winsta.dll cryptbase.dll cryptsp.dll rsaenh.dll rpcrtremote.dll clbcatq.dll system.xml.linq.dll sxs.dll mscoreei.dll clr.dll sxs.dll shlwapi.dll mscorlib.ni.dll clrjit.dll system.ni.dll system.runtime.remoting.ni.dll version.dll System.Security.dll apphelp.dll wcp.dll mscorlib.dll mscorlib.dll system.core.ni.dll system.web.ni.dll winnsi.dll system.web.dll system.web.dll system.xml.ni.dll system.runtime.serialization.formatters.soap.ni.dll system.directoryservices.ni.dll system.configuration.ni.dll,normal
 ntdll.dll ntdll.dll kernel32.dll kernelbase.dll kernelbase.dll advapi32.dll advapi32.dll clbcatq.dll msvcrt.dll kernel32.dll advapi32.dll msvcrt.dll cryptsp.dll user32.dll bcryptprimitives.dll ole32.dll oleaut32.dll lpk.dll tquery.dll usp10.dll tquery.dll shcore.dll iertutil.dll shcore.dll msshooks.dll ntdll.dll msshooks.dll imm32.dll sechost.dll sechost.dll rpcrt4.dll apphelp.dll rpcrt4.dll gdi32.dll msvcrt.dll combase.dll shlwapi.dll msctf.dll kernel.appcore.dll kernel.appcore.dll kernelbase.dll cryptbase.dll Microsoft.VisualStudio.Tools.Applications.Runtime.v9.0.dll rsaenh.dll cryptbase.dll bcryptprimitives.dll System.Data.dll imm32.dll gdiplus.dll bcryptprimitives.dll rpcrtremote.dll msidle.dll clbcatq.dll cryptsp.dll cryptsp.dll rsaenh.dll rsaenh.dll bcrypt.dll bcrypt.dll mssprxy.dll mssprxy.dll mssph.dll mssph.dll mapi32.dll,normal
 ntdll.dll kernel32.dll oleaut32.dll kernelbase.dll msvcrt.dll conhostv2.dll combase.dll ucrtbase.dll msctf.dll lpk.dll rpcrt4.dll bcryptprimitives.dll gdi32.dll userenv.dll gdi32full.dll user32.dll win32u.dll imm32.dll oleaut32.dll msvcp_win.dll cryptbase.dll ntdll.dll kernel32.dll cryptbase.dll propsys.dll sechost.dll shcore.dll api-ms-win-crt-convert-l1-1-0.dll advapi32.dll kernel.appcore.dll ntdll.dll profapi.dll cfgmgr32.dll gdi32.dll windows.storage.dll powrprof.dll shlwapi.dll clbcatq.dll msctf.dll shell32.dll,normal
 winbrand.dll system.transactions.dll ntdll.dll kernel32.dll KernelBase.dll gdi32.dll user32.dll lpk.dll usp10.dll msvcrt.dll imm32.dll msctf.dll wmsgapi.dll usp10.dll ole32.dll rpcrt4.dll sechost.dll oleaut32.dll cryptbase.dll imm32.dll clbcatq.dll advapi32.dll sechost.dll ntdll.dll crypt32.dll ntdll.dll wow64.dll system.configuration.dll usercpl.dll wow64win.dll wow64cpu.dll kernel32.dll kernel32.dll kernel32.dll user32.dll user32.dll version.dll kernel32.dll KernelBase.dll msvcrt.dll winbrand.dll user32.dll gdi32.dll lpk.dll nsi.dll ole32.dll usp10.dll advapi32.dll sechost.dll rpcrt4.dll imagehlp.dll System.Drawing.dll sspicli.dll sechost.dll cryptbase.dll imm32.dll msctf.dll apphelp.dll,normal
 sendmail.dll mydocs.dll wpdshext.dll audiodev.dll KernelBase.dll,normal
 clbcatq.dll System.DirectoryServices.Protocols.dll adtschema.dll System.Configuration.ni.dll ntdll.dll ntdll.dll wow64.dll wow64win.dll kernel32.dll kernel32.dll advapi32.dll kernel32.dll system.drawing.design.dll user32.dll wow64cpu.dll kernel32.dll kernelbase.dll oleaut32.dll msvcp_win.dll ntdll.dll system.core.dll ucrtbase.dll twinapi.dll combase.dll clbcatq.dll rpcrt4.dll npmproxy.dll sspicli.dll cryptbase.dll bcryptprimitives.dll user32.dll sechost.dll cryptbase.dll user32.dll win32u.dll gdi32.dll gdi32full.dll advapi32.dll msvcrt.dll msvcr120_clr0400.dll ntdll.dll mscoree.dll mscoreei.dll shlwapi.dll gdi32.dll kernel.appcore.dll version.dll mscorsvc.dll ole32.dll fusion.dll clbcatq.dll taskschd.dll xmllite.dll,normal
 ntdll.dll cbscore.dll kernel32.dll wow64.dll msshooks.dll kernelbase.dll advapi32.dll UIAutomationProvider.ni.dll system.configuration.dll msvcrt.dll sechost.dll rpcrt4.dll msvcr120_clr0400.dll mscoree.dll ole32.dll gdi32.dll shcore.dll user32.dll msvcrt.dll lpk.dll usp10.dll oleaut32.dll imm32.dll msctf.dll ntdll.dll microsoft.powershell.commands.diagnostics.ni.dll cryptbase.dll cryptsp.dll shlwapi.dll mscorlib.dll rsaenh.dll rpcrtremote.dll ExplorerFrame.dll clbcatq.dll api-ms-win-core-timezone-l1-1-0.dll sxs.dll mscoreei.dll clr.dll gdi32.dll shlwapi.dll KernelBase.dll mscorlib.ni.dll System.Transactions.ni.dll clrjit.dll system.ni.dll version.dll mscorlib.dll mscorlib.dll system.drawing.ni.dll system.windows.forms.datavisualization.ni.dll system.windows.forms.ni.dll system.core.ni.dll system.data.ni.dll system.data.dll system.data.dll system.data.dll system.xml.ni.dll system.configuration.ni.dll,normal
 ntdll.dll System.Runtime.Serialization.ni.dll kernel32.dll kernelbase.dll msvcrt.dll imm32.dll cmdext.dll user32.dll advapi32.dll sechost.dll rpcrt4.dll,normal
 ntdll.dll kernel32.dll kernelbase.dll System.Data.SqlXml.dll advapi32.dll msvcrt.dll kernel32.dll sechost.dll rpcrt4.dll gdi32.dll user32.dll lpk.dll usp10.dll ole32.dll msimg32.dll wmsgapi.dll wtsapi32.dll winmm.dll bcp47langs.dll userenv.dll profapi.dll winsta.dll taskschd.dll crypt32.dll system.xml.ni.dll cryptbase.dll sensapi.dll msasn1.dll msctfmonitor.dll msctf.dll imm32.dll msutb.dll comctl32.dll System.configuration.dll shlwapi.dll KernelBase.dll System.Windows.Forms.dll secur32.dll sechost.dll sspicli.dll crypt32.dll shell32.dll sechost.dll cryptbase.dll uxtheme.dll wintrust.dll cryptsp.dll rsaenh.dll sxs.dll imagehlp.dll wow64.dll wininet.dll bcrypt.dll bcryptprimitives.dll ncrypt.dll gpapi.dll cryptnet.dll lpk.dll wldap32.dll ntdll.dll rsaenh.dll sensapi.dll advapi32.dll ntdll.dll version.dll lpk.dll CbsCore.dll clbcatq.dll rsaenh.dll oleaut32.dll profapi.dll urlmon.dll usp10.dll api-ms-win-downlevel-ole32-l1-1-0.dll api-ms-win-downlevel-shlwapi-l1-1-0.dll api-ms-win-downlevel-advapi32-l1-1-0.dll kernelbase.dll api-ms-win-downlevel-user32-l1-1-0.dll api-ms-win-downlevel-version-l1-1-0.dll api-ms-win-downlevel-normaliz-l1-1-0.dll normaliz.dll iertutil.dll wininet.dll advapi32.dll ntdll.dll dmcmnutils.dll ntdll.dll wow64.dll apphelp.dll wow64win.dll wow64cpu.dll kernel32.dll kernel32.dll kernel32.dll user32.dll kernel32.dll kernelbase.dll msvcrt.dll kernelbase.dll winbrand.dll user32.dll gdi32.dll wintrust.dll lpk.dll usp10.dll advapi32.dll sechost.dll rpcrt4.dll sspicli.dll cryptbase.dll imm32.dll msctf.dll apphelp.dll,normal
 ntdll.dll imm32.dll kernel32.dll KernelBase.dll msvcrt.dll ws2_32.dll onecorecommonproxystub.dll user32.dll gdi32.dll lpk.dll usp10.dll ole32.dll rpcrt4.dll imm32.dll oleaut32.dll shlwapi.dll ktmw32.dll imm32.dll msctf.dll version.dll system.data.dll dsrole.dll sechost.dll cryptbase.dll advapi32.dll clbcatq.dll taskschd.dll sspicli.dll system.web.dll system.security.dll,normal
 ntdll.dll kernel32.dll KernelBase.dll advapi32.dll atl.dll usp10.dll msvcrt.dll system.data.ni.dll msvcrt.dll sechost.dll rpcrt4.dll msvcr120_clr0400.dll mscoree.dll ole32.dll fastprox.dll imm32.dll gdi32.dll user32.dll kernelbase.dll lpk.dll lpk.dll usp10.dll lpk.dll oleaut32.dll usp10.dll kernelbase.dll imm32.dll msctf.dll cryptbase.dll cryptsp.dll mscorlib.ni.dll rsaenh.dll wow64cpu.dll RpcRtRemote.dll clbcatq.dll rpcrt4.dll sxs.dll oleaut32.dll mscoreei.dll mscorwks.dll msvcr80.dll shlwapi.dll shell32.dll profapi.dll mscorlib.ni.dll clbcatq.dll mscorjit.dll mscorlib.dll mscorlib.dll version.dll mscorlib.dll mscorlib.dll wldap32.dll shlwapi.dll mscorsec.dll wintrust.dll crypt32.dll ntdll.dll cfgmgr32.dll msvcp110_win.dll msasn1.dll comctl32.dll riched20.dll cfgmgr32.dll imagehlp.dll ncrypt.dll bcrypt.dll bcryptprimitives.dll userenv.dll gpapi.dll cryptnet.dll sechost.dll ws2_32.dll Wldap32.dll SensApi.dll normaliz.dll System.ni.dll System.AddIn.ni.dll Microsoft.VisualStudio.Tools.Office.AddInAdapter.v9.0.ni.dll kernelbase.dll advapi32.dll user32.dll System.ni.dll System.AddIn.ni.dll Microsoft.VisualStudio.Tools.Applications.AddInAdapter.v9.0.ni.dll System.ni.dll imm32.dll System.AddIn.ni.dll api-ms-win-crt-stdio-l1-1-0.dll winmmbase.dll System.AddIn.Contract.ni.dll Microsoft.VisualStudio.Tools.Office.Excel.AddInAdapter.v9.0.dll kernel32.dll Microsoft.VisualStudio.Tools.Office.Excel.AddInAdapter.v9.0.dll Microsoft.VisualStudio.Tools.Office.Excel.AddInAdapter.v9.0.ni.dll Microsoft.VisualStudio.Tools.Office.Excel.AddInAdapter.v9.0.ni.dll sxs.dll Microsoft.VisualStudio.Tools.Office.Excel.AddInAdapter.v9.0.ni.dll ntdll.dll ntdll.dll wow64.dll nsi.dll system.design.ni.dll system.transactions.dll wow64win.dll user32.dll sxs.dll advapi32.dll wow64cpu.dll kernel32.dll kernel32.dll gdi32.dll cryptsp.dll ncobjapi.dll kernel32.dll user32.dll kernel32.dll KernelBase.dll advapi32.dll msvcrt.dll sechost.dll kernel32.dll rpcrt4.dll msvcrt.dll sspicli.dll cryptbase.dll msvcr120_clr0400.dll mscoree.dll oleaut32.dll msvcrt.dll sspicli.dll sechost.dll advapi32.dll ole32.dll gdi32.dll user32.dll lpk.dll usp10.dll oleaut32.dll imm32.dll user32.dll msctf.dll cryptsp.dll wow64.dll System.ServiceModel.dll rsaenh.dll RpcRtRemote.dll clbcatq.dll sxs.dll mscoreei.dll mscorwks.dll advapi32.dll wups.dll wevtapi.dll comctl32.dll advapi32.dll shell32.dll msvcr80.dll shlwapi.dll shell32.dll nlaapi.dll profapi.dll mscorlib.ni.dll oleaut32.dll gdi32.dll mscorjit.dll mrmdeploy.dll rasman.dll crypt32.dll mscorlib.dll mscorlib.dll version.dll mscorlib.dll KernelBase.dll mscorlib.dll System.ni.dll System.Core.ni.dll System.Data.Entity.ni.dll user32.dll System.Data.Entity.dll System.Data.Entity.dll System.Data.Entity.dll System.Data.Entity.dll System.Core.dll System.Core.dll System.Core.dll System.Core.dll mscss7en.dll System.dll System.dll System.dll System.Configuration.ni.dll System.dll System.Data.ni.dll System.Data.dll wow64.dll wincorlib.dll System.Data.dll System.Data.dll System.Data.dll system.deployment.dll System.Data.dll ws2_32.dll nsi.dll crypt32.dll msasn1.dll System.Xml.ni.dll System.XML.dll System.XML.dll System.XML.dll System.XML.dll atl.dll System.Transactions.ni.dll System.Transactions.dll System.Transactions.dll System.Transactions.dll System.Transactions.dll System.Transactions.dll System.Runtime.Serialization.ni.dll gdi32.dll System.Runtime.Serialization.dll System.Runtime.Serialization.dll advapi32.dll System.Runtime.Serialization.dll System.Runtime.Serialization.dll kernel32.dll cryptsp.dll System.Configuration.ni.dll system.design.ni.dll System.configuration.dll System.configuration.dll kernel32.dll System.configuration.dll System.Drawing.dll shlwapi.dll System.configuration.dll System.Security.ni.dll System.Security.dll System.Security.dll System.Security.dll System.Security.dll bcryptprimitives.dll System.Data.SqlXml.ni.dll System.Data.SqlXml.dll System.Data.SqlXml.dll System.Data.SqlXml.dll System.Data.SqlXml.dll Microsoft.VisualC.ni.dll msctf.dll System.EnterpriseServices.ni.dll dhcpcsvc.dll System.EnterpriseServices.dll System.EnterpriseServices.dll System.DirectoryServices.ni.dll System.DirectoryServices.dll System.DirectoryServices.dll System.DirectoryServices.dll System.DirectoryServices.dll System.Runtime.Remoting.ni.dll msvcp110_win.dll secur32.dll system.xml.dll user32.dll System.Runtime.Remoting.dll shell32.dll System.Runtime.Remoting.dll System.Web.ni.dll gpapi.dll System.Web.dll System.Web.dll System.Web.dll user32.dll System.Web.dll System.Runtime.Serialization.Formatters.Soap.ni.dll System.Runtime.Serialization.Formatters.Soap.dll System.Runtime.Serialization.Formatters.Soap.dll System.Drawing.ni.dll System.Drawing.dll System.Drawing.dll System.Drawing.dll mscorlib.ni.dll System.Drawing.dll api-ms-win-core-datetime-l1-1-1.dll System.Web.Services.ni.dll rpcrtremote.dll msvcp_win.dll System.Web.Services.dll System.Web.Services.dll System.Web.Services.dll System.Web.Services.dll mrmcorer.dll mscoree.dll comctl32.dll System.DirectoryServices.Protocols.ni.dll System.DirectoryServices.Protocols.dll System.DirectoryServices.Protocols.dll System.DirectoryServices.Protocols.dll System.DirectoryServices.Protocols.dll System.Design.ni.dll System.Design.dll System.Design.dll System.ServiceProcess.ni.dll System.ServiceProcess.dll system.data.entity.dll ktmw32.dll winmmbase.dll system.identitymodel.ni.dll System.ServiceProcess.dll System.Windows.Forms.ni.dll System.Windows.Forms.dll System.Windows.Forms.dll System.Windows.Forms.dll System.Windows.Forms.dll System.Web.RegularExpressions.ni.dll System.Web.RegularExpressions.dll sspicli.dll System.Web.RegularExpressions.dll System.Web.RegularExpressions.dll System.Web.RegularExpressions.dll System.Drawing.Design.ni.dll ole32.dll System.Drawing.Design.dll System.Drawing.Design.dll wow64.dll System.Data.OracleClient.ni.dll System.Data.OracleClient.dll System.Data.OracleClient.dll System.Data.OracleClient.dll System.Data.OracleClient.dll System.Data.OracleClient.dll Accessibility.ni.dll Accessibility.dll Accessibility.dll Accessibility.dll mmcex.ni.dll Accessibility.dll System.Deployment.ni.dll comctl32.dll System.Deployment.dll msvcrt.dll System.Deployment.dll System.Deployment.dll System.Deployment.dll kernel32.dll sechost.dll System.Configuration.Install.ni.dll System.Configuration.Install.dll System.Configuration.Install.dll SMDiagnostics.ni.dll SMdiagnostics.dll SMdiagnostics.dll SMdiagnostics.dll SMdiagnostics.dll rpcrt4.dll ntdll.dll sfc.dll ntdll.dll wow64.dll ngcpopkeysrv.dll wow64win.dll wow64cpu.dll kernel32.dll rpcrt4.dll kernel32.dll kernel32.dll user32.dll kernel32.dll kernelbase.dll KernelBase.dll advapi32.dll msvcrt.dll sechost.dll rpcrt4.dll sspicli.dll cryptbase.dll msvcr120_clr0400.dll mscoree.dll ole32.dll gdi32.dll user32.dll lpk.dll usp10.dll oleaut32.dll imm32.dll version.dll msctf.dll cryptsp.dll ntdll.dll rsaenh.dll RpcRtRemote.dll clbcatq.dll sxs.dll mscoreei.dll mscorlib.dll shlwapi.dll KernelBase.dll system.security.dll rpcrtremote.dll clr.dll mscorlib.ni.dll clrjit.dll System.ni.dll version.dll AspNetMMCExt.ni.dll mscorlib.dll mscorlib.dll System.dll wiarpc.dll System.dll System.Drawing.ni.dll System.Drawing.dll System.Drawing.dll System.Windows.Forms.ni.dll System.Windows.Forms.dll System.Windows.Forms.dll System.Core.ni.dll System.Web.ni.dll System.Web.dll System.Web.dll System.Core.dll System.Core.dll rpcrt4.dll System.Configuration.ni.dll System.Configuration.dll System.Configuration.dll System.Xml.ni.dll System.Xml.dll System.Xml.dll,normal
 ntdll.dll ntdll.dll user32.dll kernel32.dll kernel32.dll kernelbase.dll imm32.dll kernelbase.dll atcuf64.dll sechost.dll sechost.dll rpcrt4.dll rpcrt4.dll ucrtbase.dll ucrtbase.dll combase.dll bcryptprimitives.dll bcryptprimitives.dll ole32.dll msctf.dll kernel.appcore.dll kernel.appcore.dll msvcrt.dll msvcrt.dll mswb7.dll imageres.dll mscorjit.dll user32.dll win32u.dll gdi32.dll lpk.dll gdi32full.dll version.dll msvcp_win.dll rpcrt4.dll msvcp_win.dll wldp.dll wldp.dll crypt32.dll msasn1.dll msasn1.dll UIAutomationTypes.dll wintrust.dll advapi32.dll System.dll advapi32.dll powrprof.dll mscorlib.ni.dll gdi32.dll wtsapi32.dll System.Xml.Linq.ni.dll wtsapi32.dll winsta.dll winsta.dll wdi.dll wdi.dll radardt.dll radardt.dll,normal
 ntdll.dll kernel32.dll kernel32.dll KernelBase.dll user32.dll cryptbase.dll gdi32.dll clbcatq.dll kernel32.dll rpcrt4.dll lpk.dll usp10.dll msvcrt.dll shlwapi.dll atl.dll shell32.dll ole32.dll netprofm.dll rpcrt4.dll mpr.dll imm32.dll msctf.dll comctl32.dll msvcrt.dll system.drawing.dll cabinet.dll advapi32.dll sechost.dll cryptbase.dll dsrole.dll samcli.dll bcryptprimitives.dll samlib.dll clbcatq.dll lpk.dll oleaut32.dll netplwiz.dll imecfm.dll version.dll netutils.dll uxtheme.dll oleacc.dll,normal
 ntdll.dll version.dll ntdll.dll wow64.dll sensapi.dll PeerDistSh.dll wow64win.dll wow64cpu.dll kernel32.dll kernel32.dll kernel32.dll user32.dll kernel32.dll system.configuration.ni.dll user32.dll kernelbase.dll kernel32.dll oleaut32.dll kernelbase.dll System.dll advapi32.dll webio.dll msvcrt.dll gdi32.dll sechost.dll rpcrt4.dll sspicli.dll cryptbase.dll RpcRtRemote.dll user32.dll gdi32.dll System.ServiceModel.Internals.dll lpk.dll usp10.dll shlwapi.dll shell32.dll dnsapi.dll ole32.dll oleaut32.dll crypt32.dll msasn1.dll clbcatq.dll system.xml.ni.dll kernelbase.dll imm32.dll CbsApi.dll microsoft.visualc.ni.dll msctf.dll iertutil.dll shlwapi.dll urlmon.dll comctl32.dll profapi.dll comctl32.dll ws2_32.dll kernel32.dll nsi.dll dnsapi.dll msctf.dll winnsi.dll kernelbase.dll clbcatq.dll nlaapi.dll cryptxml.dll advapi32.dll cryptsp.dll rsaenh.dll tabskb.dll rpcrtremote.dll msvcrt.dll wininet.dll linkinfo.dll apphelp.dll sensapi.dll nlaapi.dll ieframe.dll psapi.dll oleacc.dll msimg32.dll napinsp.dll mswsock.dll winrnr.dll uxtheme.dll oleacc.dll dnsapi.dll version.dll gdi32.dll netprofm.dll propsys.dll api-ms-win-core-timezone-l1-1-0.dll setupapi.dll npmproxy.dll cfgmgr32.dll devobj.dll comdlg32.dll nsi.dll ucrtbase.dll ole32.dll ole32.dll comctl32.dll msctf.dll msctf.dll sqmapi.dll MsCtfMonitor.dll ntmarta.dll propsys.dll wldap32.dll ieframe.dll rasapi32.dll rasman.dll rtutils.dll sxs.dll rasadhlp.dll shell32.dll ieui.dll wship6.dll ieproxy.dll url.dll xmllite.dll explorerframe.dll duser.dll dui70.dll sechost.dll imecfm.dll msfeeds.dll mlang.dll normaliz.dll oleaut32.dll lspwaoie.dll wsock32.dll imagehlp.dll msxml3.dll shell32.dll userenv.dll,normal
 ntdll.dll ntdll.dll ntdll.dll secur32.dll cryptbase.dll crypt32.dll kernel32.dll KernelBase.dll gdi32.dll user32.dll lpk.dll usp10.dll msvcrt.dll oleaut32.dll imm32.dll lpk.dll msctf.dll wow64win.dll ole32.dll system.transactions.dll rpcrt4.dll oleaut32.dll cryptbase.dll System.Deployment.dll clbcatq.dll advapi32.dll sechost.dll ntdll.dll kernel32.dll KernelBase.dll advapi32.dll msvcrt.dll sechost.dll rpcrt4.dll msvcr120_clr0400.dll mscoree.dll ole32.dll rpcrt4.dll Microsoft.MediaCenter.UI.ni.dll gdi32.dll user32.dll lpk.dll usp10.dll oleaut32.dll SensApi.dll imm32.dll apphelp.dll msctf.dll cryptbase.dll api-ms-win-core-url-l1-1-0.dll cryptsp.dll rsaenh.dll KernelBase.dll RpcRtRemote.dll system.security.ni.dll wevtapi.dll clbcatq.dll sxs.dll mscoreei.dll mscorwks.dll msvcr80.dll shlwapi.dll shell32.dll profapi.dll mscorlib.ni.dll oleaut32.dll mscorjit.dll mscorlib.dll mscorlib.dll shell32.dll version.dll mscorlib.dll mscorlib.dll System.ni.dll System.Management.Automation.ni.dll Microsoft.Windows.Diagnosis.Commands.GetDiagInput.ni.dll advapi32.dll System.Configuration.Install.ni.dll devobj.dll System.Transactions.ni.dll System.Transactions.dll system.transactions.dll System.Transactions.dll System.Transactions.dll System.Transactions.dll System.Transactions.dll netutils.dll rpcrt4.dll wbemsvc.dll imm32.dll System.Xml.ni.dll System.Management.ni.dll Microsoft.Windows.Diagnosis.SDHost.ni.dll System.DirectoryServices.ni.dll System.Data.ni.dll mscoree.dll System.Data.dll System.Data.dll accessibility.dll UmOutlookStrings.dll combase.dll execmodelproxy.dll System.Data.dll shell32.dll System.Data.dll System.Data.dll ws2_32.dll gdi32.dll nsi.dll kernel32.dll crypt32.dll msasn1.dll System.Configuration.ni.dll System.Security.ni.dll RpcRtRemote.dll System.Data.SqlXml.ni.dll ws2_32.dll System.Runtime.Serialization.Formatters.Soap.ni.dll System.Drawing.ni.dll sxs.dll System.Windows.Forms.ni.dll kernel32.dll Accessibility.ni.dll System.Deployment.ni.dll System.EnterpriseServices.ni.dll System.EnterpriseServices.dll System.EnterpriseServices.dll System.Runtime.Remoting.ni.dll Microsoft.VisualC.ni.dll nsi.dll System.Web.ni.dll System.Web.dll System.Transactions.dll System.Web.dll ntdll.dll System.Web.dll System.AddIn.Contract.dll System.Web.dll ntdll.dll System.Core.dll System.Web.Services.ni.dll System.DirectoryServices.Protocols.ni.dll System.Design.ni.dll System.ServiceProcess.ni.dll wpdshserviceobj.dll System.Web.RegularExpressions.ni.dll System.Drawing.Design.ni.dll wminet_utils.dll rpcrt4.dll dui70.dll System.dll System.Data.OracleClient.ni.dll System.Data.OracleClient.dll usp10.dll system.data.oracleclient.dll cfgmgr32.dll devobj.dll ws2_32.dll devobj.dll System.Data.OracleClient.dll System.Data.OracleClient.dll System.Data.OracleClient.dll System.Data.OracleClient.dll Microsoft.JScript.ni.dll Microsoft.Vsa.ni.dll Microsoft.Windows.Diagnosis.Commands.UpdateDiagRootcause.ni.dll Microsoft.Windows.Diagnosis.Commands.UpdateDiagReport.ni.dll Microsoft.Windows.Diagnosis.Commands.WriteDiagProgress.ni.dll ntdll.dll kernel32.dll KernelBase.dll advapi32.dll msvcrt.dll sechost.dll mscorlib.dll rpcrt4.dll kbdnec.dll msvcr120_clr0400.dll ntdll.dll bdatunepia.dll system.data.dll sechost.dll mscoree.dll ole32.dll gdi32.dll user32.dll lpk.dll usp10.dll oleaut32.dll imm32.dll msctf.dll cryptbase.dll mscms.dll cryptsp.dll rsaenh.dll ntdll.dll RpcRtRemote.dll clbcatq.dll sxs.dll mscoreei.dll user32.dll clr.dll shlwapi.dll mscorlib.ni.dll clrjit.dll version.dll netutils.dll mscorlib.dll mscorlib.dll msctf.dll System.ni.dll Microsoft.Office.Tools.v4.0.Framework.ni.dll user32.dll mpr.dll shlwapi.dll imm32.dll uxtheme.dll ntdll.dll gpsvc.dll cryptui.dll ntdll.dll wow64.dll wow64win.dll wow64cpu.dll kernel32.dll kernel32.dll mydocs.dll kernel32.dll user32.dll user32.dll system.management.automation.ni.dll kernel32.dll KernelBase.dll advapi32.dll system.configuration.ni.dll msvcrt.dll nsi.dll mapi32.dll sechost.dll rpcrt4.dll sspicli.dll IDStore.dll cryptbase.dll bcp47mrm.dll msvcr120_clr0400.dll mscoree.dll ole32.dll msasn1.dll gdi32.dll user32.dll lpk.dll usp10.dll oleaut32.dll imm32.dll msctf.dll cryptsp.dll rsaenh.dll RpcRtRemote.dll advapi32.dll clbcatq.dll sxs.dll mscoreei.dll mscorwks.dll msvcr80.dll shlwapi.dll shell32.dll profapi.dll mscorlib.ni.dll mscorjit.dll mscorlib.dll mscorlib.dll version.dll mscorlib.dll mscorlib.dll System.ni.dll System.Xml.ni.dll System.XML.dll System.XML.dll System.XML.dll System.XML.dll System.dll System.dll System.dll System.dll System.Configuration.ni.dll System.configuration.dll System.configuration.dll System.configuration.dll System.configuration.dll System.Data.SqlXml.ni.dll System.Data.SqlXml.dll System.Data.SqlXml.dll System.Data.SqlXml.dll System.Data.SqlXml.dll,normal
 ntdll.dll kernel32.dll kernelbase.dll wkscli.dll advapi32.dll msvcrt.dll System.Security.dll sechost.dll user32.dll rpcrt4.dll winnsi.dll spoolss.dll user32.dll profapi.dll gdi32.dll lpk.dll SensApi.dll usp10.dll imm32.dll msctf.dll nsi.dll ws2_32.dll mswsock.dll,normal
 fltlib.dll usp10.dll bcd.dll msi.dll storageusage.dll kernel32.dll storsvc.dll appxdeploymentclient.dll unistore.dll dssvc.dll crypt32.dll wdi.dll msvcrt.dll nlssorting.dll mpr.dll pcadm.dll pcacli.dll wtsapi32.dll,normal
 ntdll.dll ntdll.dll wow64.dll wow64win.dll wow64cpu.dll kernel32.dll kernel32.dll kernel32.dll sensapi.dll user32.dll kernel32.dll kernelbase.dll advapi32.dll msvcrt.dll ntdsmsg.dll sechost.dll rpcrt4.dll sspicli.dll sspicli.dll system.configuration.ni.dll msvcr80.dll System.Web.dll cryptbase.dll dnsapi.dll mscorwks.dll ntdll.dll ntdll.dll ntdll.dll shlwapi.dll ws2_32.dll nsi.dll winnsi.dll dhcpcsvc.dll dhcpcsvc6.dll shlwapi.dll shell32.dll oleaut32.dll advapi32.dll shlwapi.dll gdi32.dll user32.dll lpk.dll dhcpcsvc.dll comctl32.dll usp10.dll ole32.dll api-ms-win-core-errorhandling-l1-1-1.dll winbrand.dll devicecenter.dll System.DirectoryServices.Protocols.dll imm32.dll lpk.dll msctf.dll user32.dll clbcatq.dll oleaut32.dll cryptsp.dll rsaenh.dll rpcrtremote.dll wevtapi.dll ntdll.dll ntdll.dll wow64.dll wow64win.dll SmartcardCredentialProvider.dll wow64cpu.dll kernel32.dll kernel32.dll kernel32.dll user32.dll msctf.dll kernel32.dll kernelbase.dll advapi32.dll msvcrt.dll sechost.dll system.directoryservices.ni.dll rpcrt4.dll sspicli.dll cryptbase.dll dnsapi.dll sspicli.dll ws2_32.dll nsi.dll kernel32.dll cryptsp.dll winnsi.dll dhcpcsvc.dll dhcpcsvc6.dll shell32.dll shlwapi.dll imm32.dll gdi32.dll shell32.dll user32.dll lpk.dll usp10.dll ole32.dll system.ni.dll imm32.dll msctf.dll clbcatq.dll oleaut32.dll gdi32.dll windows.storage.dll gdi32.dll cryptsp.dll rsaenh.dll gdi32.dll rpcrtremote.dll gdi32.dll cryptdll.dll kernel32.dll wevtapi.dll ntdll.dll ntdll.dll msjetoledb40.dll rsaenh.dll wow64.dll wow64win.dll system.ni.dll mscoree.dll wow64cpu.dll kernel32.dll kernel32.dll kernel32.dll dhcpcsvc.dll user32.dll cfgmgr32.dll imageres.dll user32.dll vbajet32.dll kernel32.dll ntdll.dll kernelbase.dll advapi32.dll msvcrt.dll sechost.dll rpcrt4.dll mscorwks.dll oleaut32.dll sspicli.dll cryptbase.dll msvcp140.dll dnsapi.dll ws2_32.dll nsi.dll winnsi.dll dhcpcsvc.dll dhcpcsvc6.dll shell32.dll sechost.dll shlwapi.dll gdi32.dll user32.dll lpk.dll usp10.dll cryptbase.dll ole32.dll imagehlp.dll imm32.dll msctf.dll clbcatq.dll oleaut32.dll wow64cpu.dll cryptsp.dll rsaenh.dll system.drawing.dll rpcrtremote.dll windowsbase.ni.dll wevtapi.dll kernel32.dll ntdll.dll ntdll.dll wow64.dll wow64win.dll wow64cpu.dll kernel32.dll kernel32.dll kernel32.dll user32.dll kernel32.dll kernelbase.dll advapi32.dll msvcrt.dll sechost.dll rpcrt4.dll sspicli.dll cryptbase.dll dnsapi.dll ws2_32.dll nsi.dll uxtheme.dll winnsi.dll dhcpcsvc.dll dhcpcsvc6.dll shell32.dll Accessibility.dll shlwapi.dll gdi32.dll user32.dll lpk.dll usp10.dll ole32.dll imm32.dll msctf.dll clbcatq.dll oleaut32.dll cryptsp.dll rsaenh.dll rpcrtremote.dll wevtapi.dll,normal
 ntdll.dll ntdll.dll wow64.dll wow64win.dll wow64cpu.dll kernel32.dll msctf.dll kernel32.dll avrt.dll lpk.dll System.dll kernel32.dll user32.dll kernel32.dll KernelBase.dll System.Runtime.Serialization.Formatters.Soap.ni.dll advapi32.dll msvcrt.dll sechost.dll rpcrt4.dll sspicli.dll cryptbase.dll dnsapi.dll ws2_32.dll nsi.dll api-ms-win-downlevel-shell32-l1-1-0.dll winnsi.dll dhcpcsvc.dll KernelBase.dll wow64win.dll ntdll.dll sechost.dll dhcpcsvc6.dll shell32.dll system.xml.dll shlwapi.dll iertutil.dll gdi32.dll user32.dll lpk.dll usp10.dll scrobj.dll ole32.dll imm32.dll audiodev.dll msctf.dll clbcatq.dll oleaut32.dll clrjit.dll cryptsp.dll rsaenh.dll RpcRtRemote.dll rasadhlp.dll user32.dll wevtapi.dll system.core.dll usp10.dll ntdll.dll ntdll.dll wow64.dll wow64win.dll accessibility.dll wow64cpu.dll kernel32.dll api-ms-win-core-processtopology-obsolete-l1-1-0.dll shlwapi.dll sqmapi.dll userenv.dll msvcrt.dll kernel32.dll kernel32.dll user32.dll kernel32.dll KernelBase.dll advapi32.dll msvcrt.dll nsi.dll sechost.dll rpcrt4.dll rpcrt4.dll cryptsp.dll sspicli.dll cryptbase.dll dnsapi.dll ws2_32.dll nsi.dll winnsi.dll dhcpcsvc.dll dhcpcsvc6.dll shell32.dll shlwapi.dll devobj.dll gdi32.dll user32.dll lpk.dll usp10.dll ole32.dll imm32.dll msctf.dll clbcatq.dll oleaut32.dll wshext.dll cryptsp.dll rsaenh.dll RpcRtRemote.dll wevtapi.dll,normal
 system.drawing.ni.dll ntdll.dll imageres.dll kernel32.dll kernel32.dll user32.dll System.Runtime.Caching.dll ntdll.dll wow64.dll wow64win.dll spoolss.dll wow64cpu.dll kernel32.dll gdi32.dll kernel32.dll sechost.dll rsaenh.dll kernelbase.dll oleaut32.dll ole32.dll msvcrt.dll gdi32.dll user32.dll advapi32.dll sechost.dll kernel32.dll rpcrt4.dll sspicli.dll cryptbase.dll kernel32.dll setupapi.dll system.runtime.remoting.ni.dll adtschema.dll advapi32.dll lpk.dll usp10.dll shell32.dll SensApi.dll shlwapi.dll lpk.dll ws2_32.dll nsi.dll imm32.dll msctf.dll clbcatq.dll dnsapi.dll cryptsp.dll rsaenh.dll winnsi.dll dhcpcsvc.dll dhcpcsvc6.dll rpcrtremote.dll wevtapi.dll,normal
 ntdll.dll kernel32.dll KernelBase.dll gdi32.dll user32.dll lpk.dll lpk.dll usp10.dll msvcrt.dll netprofm.dll imm32.dll msctf.dll ole32.dll rpcrt4.dll oleaut32.dll wevtapi.dll lpk.dll mssvp.dll cryptbase.dll rpcrtremote.dll clbcatq.dll advapi32.dll gdi32.dll sechost.dll shell32.dll shlwapi.dll comctl32.dll oleacc.dll imecfm.dll rpcrt4.dll system.web.abstractions.ni.dll version.dll uxtheme.dll,normal
 ntdll.dll ntdll.dll wow64.dll wow64win.dll sechost.dll lpk.dll ole32.dll wow64cpu.dll kernel32.dll kernel32.dll kernel32.dll kernel.appcore.dll user32.dll kernel32.dll kernel32.dll KernelBase.dll advapi32.dll msvcrt.dll sechost.dll gdi32.dll rpcrt4.dll sspicli.dll cryptbase.dll sechost.dll oleaut32.dll ole32.dll kernel32.dll gdi32.dll KernelBase.dll user32.dll lpk.dll usp10.dll gdi32.dll system.identitymodel.ni.dll credui.dll devicemetadataretrievalclient.dll wevtapi.dll imm32.dll msctf.dll comctl32.dll shlwapi.dll ntdll.dll kernelbase.dll kernelbase.dll ole32.dll ntdll.dll wow64.dll wow64win.dll wow64cpu.dll kernel32.dll kernel32.dll netprofm.dll kernel32.dll user32.dll nsi.dll kernel.appcore.dll kernel32.dll advapi32.dll sechost.dll rpcrt4.dll sspicli.dll wtsapi32.dll cryptbase.dll usp10.dll System.Activities.dll sechost.dll shlwapi.dll shell32.dll ole32.dll iertutil.dll urlmon.dll wininet.dll oleaut32.dll winbrand.dll crypt32.dll dhcpcsvc6.dll msasn1.dll imm32.dll msctf.dll ieframe.dll psapi.dll webservices.dll shell32.dll setupapi.dll comctl32.dll RpcRtRemote.dll clbcatq.dll propsys.dll profapi.dll setupapi.dll imm32.dll cfgmgr32.dll mscoree.dll System.EnterpriseServices.ni.dll devobj.dll system.core.dll comdlg32.dll msctf.dll sqmapi.dll ws2_32.dll nsi.dll dnsapi.dll winnsi.dll cryptsp.dll rsaenh.dll apphelp.dll ieframe.dll uxtheme.dll dnsapi.dll KernelBase.dll version.dll ntmarta.dll Wldap32.dll msvcrt.dll user32.dll sxs.dll imm32.dll RpcRtRemote.dll system.windows.forms.ni.dll gdi32.dll ntdll.dll lpk.dll oleacc.dll IEShims.dll api-ms-win-downlevel-normaliz-l1-1-0.dll ieproxy.dll comctl32.dll combase.dll sspicli.dll system.xaml.ni.dll imecfm.dll mlang.dll wow64win.dll mshtml.dll msls31.dll dwmapi.dll iesetup.dll advpack.dll msimtf.dll ole32.dll ole32.dll msctf.dll msctf.dll shell32.dll d3d10warp.dll LspWaoIe.dll wsock32.dll imagehlp.dll,normal
 ntdll.dll kernel32.dll lpk.dll kernel32.dll imm32.dll kernelbase.dll advapi32.dll msvcrt.dll advapi32.dll user32.dll sechost.dll rpcrt4.dll user32.dll gdi32.dll lpk.dll usp10.dll mpr.dll ole32.dll oleaut32.dll secur32.dll sspicli.dll wow64.dll ws2_32.dll nsi.dll netapi32.dll netutils.dll srvcli.dll wkscli.dll logoncli.dll framedynos.dll wtsapi32.dll version.dll slc.dll imm32.dll iertutil.dll ntdll.dll Wldap32.dll msctf.dll msctf.dll rsaenh.dll ntdsapi.dll cryptbase.dll clbcatq.dll wbemprox.dll ieframe.dll wbemcomn.dll ntdll.dll kernel32.dll mssprxy.dll wow64lg2.dll gdi32.dll slc.dll kernelbase.dll gdi32.dll advapi32.dll user32.dll lpk.dll msvcrt.dll system.ni.dll usp10.dll msvcrt.dll imm32.dll msctf.dll ole32.dll rpcrt4.dll oleaut32.dll cryptbase.dll clbcatq.dll advapi32.dll msctf.dll sechost.dll,normal
 ntdll.dll ntdll.dll wow64.dll rpcrt4.dll msctf.dll wow64win.dll wow64cpu.dll kernel32.dll shlwapi.dll kernel32.dll kernel32.dll user32.dll kernel32.dll rsaenh.dll user32.dll kernelbase.dll wevtapi.dll msvcrt.dll System.Xml.ni.dll oleaut32.dll ole32.dll gdi32.dll sppcext.dll rsaenh.dll user32.dll oleaut32.dll advapi32.dll sechost.dll rpcrt4.dll sspicli.dll cryptbase.dll lpk.dll usp10.dll version.dll imm32.dll System.ServiceModel.Internals.dll olepro32.dll mscorlib.dll msctf.dll gpedit.dll gdi32.dll sxs.dll clbcatq.dll mscoreei.dll vbscript.dll advapi32.dll wintrust.dll crypt32.dll msasn1.dll wow64.dll mssvp.dll cryptsp.dll user32.dll wow64win.dll rsaenh.dll devicecenter.dll msisip.dll wshext.dll comctl32.dll shell32.dll umpo.dll wow64cpu.dll shlwapi.dll scrobj.dll msi.dll scrrun.dll ntdll.dll mscorlib.ni.dll kernel32.dll cryptsp.dll kernelbase.dll gdi32.dll user32.dll lpk.dll usp10.dll rpcrt4.dll msvcrt.dll imm32.dll msctf.dll ntprint.dll ole32.dll cabinet.dll rpcrt4.dll oleaut32.dll ntdll.dll ntdll.dll SensApi.dll wpdshext.dll wow64.dll wow64win.dll wow64cpu.dll kernel32.dll kernel32.dll kernel32.dll user32.dll api-ms-win-service-core-l1-1-1.dll kernel32.dll kernelbase.dll msvcrt.dll winbrand.dll user32.dll advapi32.dll gdi32.dll lpk.dll usp10.dll advapi32.dll sechost.dll rpcrt4.dll sspicli.dll cryptbase.dll imm32.dll msctf.dll apphelp.dll,normal
 cbsapi.dll ntdll.dll ntdll.dll wow64.dll cfgmgr32.dll rsaenh.dll wow64win.dll wow64cpu.dll WindowsBase.ni.dll kernel32.dll kernel32.dll kernel32.dll sechost.dll user32.dll user32.dll kernel32.dll wintrust.dll kernelbase.dll msvcrt.dll wow64win.dll msvcrt.dll winbrand.dll user32.dll advapi32.dll gdi32.dll lpk.dll usp10.dll advapi32.dll sechost.dll rpcrt4.dll sspicli.dll cryptbase.dll imm32.dll msctf.dll apphelp.dll,normal
 windows.storage.dll ntdll.dll kernel32.dll KernelBase.dll gdi32.dll user32.dll lpk.dll sechost.dll usp10.dll msvcrt.dll imm32.dll sechost.dll msctf.dll shlwapi.dll sspicli.dll msctf.dll ole32.dll rpcrt4.dll oleaut32.dll cryptbase.dll clbcatq.dll advapi32.dll sechost.dll,normal
 mshtml.dll ntdll.dll msctf.dll kernel32.dll KernelBase.dll secur32.dll msctf.dll usp10.dll rpcrt4.dll user32.dll gdi32.dll lpk.dll usp10.dll msvcrt.dll System.Web.RegularExpressions.ni.dll shlwapi.dll netplwiz.dll imm32.dll shell32.dll ole32.dll system.enterpriseservices.ni.dll rpcrt4.dll mpr.dll imm32.dll imm32.dll msctf.dll comctl32.dll uxtheme.dll shlwapi.dll dwmapi.dll advapi32.dll sechost.dll cryptbase.dll dsrole.dll samcli.dll samlib.dll netutils.dll msswch.dll winmm.dll oleaut32.dll,normal
 taskschd.dll taskschd.dll xmllite.dll taskschd.dll oleaut32.dll xmllite.dll ole32.dll System.Security.ni.dll taskschd.dll xmllite.dll netprofm.dll npmproxy.dll taskschd.dll ucrtbase.dll,normal
 usp10.dll msctf.dll cryptbase.dll ntdll.dll kernel32.dll KernelBase.dll msvcrt.dll rpcrt4.dll imm32.dll gdi32.dll user32.dll sfc.dll comctl32.dll lpk.dll usp10.dll ole32.dll oleaut32.dll System.Data.OracleClient.dll sxs.dll imm32.dll system.configuration.ni.dll ole32.dll ntdll.dll cryptsp.dll ntdll.dll wow64.dll wow64win.dll wow64cpu.dll kernel32.dll kernel32.dll Windows.Globalization.dll kernel32.dll advapi32.dll user32.dll msctf.dll msvcr120_clr0400.dll kernel32.dll KernelBase.dll advapi32.dll msvcrt.dll sechost.dll rpcrt4.dll sspicli.dll cryptbase.dll shlwapi.dll gdi32.dll user32.dll lpk.dll usp10.dll ole32.dll ntdll.dll msctf.dll imm32.dll msctf.dll wow64.dll rpcrt4.dll clbcatq.dll oleaut32.dll cryptsp.dll rsaenh.dll dnsapi.dll ole32.dll RpcRtRemote.dll ws2_32.dll nsi.dll kernel32.dll winnsi.dll dhcpcsvc.dll dhcpcsvc6.dll shell32.dll wevtapi.dll,normal
 system.web.services.dll lpk.dll sspicli.dll ntdll.dll ntdll.dll wow64.dll wow64win.dll wow64cpu.dll kernel32.dll kernel32.dll advapi32.dll Accessibility.dll kernel32.dll System.Windows.Forms.dll cryptbase.dll user32.dll kernel32.dll kernelbase.dll msctf.dll rpcrt4.dll msvcrt.dll winbrand.dll user32.dll gdi32.dll sechost.dll lpk.dll usp10.dll advapi32.dll sechost.dll rpcrt4.dll sspicli.dll cryptbase.dll imm32.dll msctf.dll apphelp.dll,normal
 msvcr120_clr0400.dll ntdll.dll kernel32.dll KernelBase.dll clr.dll advapi32.dll odbc32.dll msvcrt.dll sechost.dll ole32.dll rpcrt4.dll cryptbase.dll shlwapi.dll shell32.dll shlwapi.dll gdi32.dll user32.dll lpk.dll usp10.dll imm32.dll msctf.dll,normal
 ntdll.dll ntdll.dll wow64.dll rpcrt4.dll wow64win.dll wow64cpu.dll kernel32.dll kernel32.dll gdi32.dll kernel32.dll system.drawing.ni.dll user32.dll windowsbase.dll kernel32.dll kernelbase.dll kernelbase.dll advapi32.dll msvcrt.dll kernelbase.dll certadm.dll ws2_32.dll sechost.dll cryptsp.dll api-ms-win-core-comm-l1-1-0.dll user32.dll avrt.dll rpcrt4.dll sspicli.dll cryptbase.dll dnsapi.dll ws2_32.dll msvcrt.dll nsi.dll winnsi.dll dhcpcsvc.dll dhcpcsvc6.dll cryptsp.dll shell32.dll shlwapi.dll gdi32.dll user32.dll lpk.dll usp10.dll ole32.dll imm32.dll msctf.dll System.Xml.Linq.ni.dll clbcatq.dll cryptbase.dll oleaut32.dll cryptsp.dll sechost.dll msdtcvsp1res.dll oleaut32.dll iertutil.dll CbsApi.dll rsaenh.dll rpcrtremote.dll wevtapi.dll ntdll.dll sspicli.dll ntdll.dll cfgmgr32.dll wow64.dll wow64win.dll usp10.dll wow64cpu.dll kernel32.dll kernel32.dll kernel32.dll user32.dll kernel32.dll kernelbase.dll msvcrt.dll winbrand.dll user32.dll gdi32.dll System.Transactions.dll lpk.dll usp10.dll advapi32.dll sechost.dll rpcrt4.dll sspicli.dll cryptbase.dll imm32.dll msctf.dll apphelp.dll,normal
 ntdll.dll kernel32.dll advapi32.dll ole32.dll KernelBase.dll advapi32.dll msvcrt.dll sechost.dll rpcrt4.dll usp10.dll msvcr120_clr0400.dll capabilityaccessmanager.dll mscoree.dll ole32.dll gdi32.dll user32.dll lpk.dll usp10.dll oleaut32.dll ntdll.dll msvcrt.dll imm32.dll msctf.dll cryptbase.dll cryptsp.dll rsaenh.dll RpcRtRemote.dll clbcatq.dll sxs.dll mscoreei.dll mscorwks.dll msvcr80.dll profapi.dll cryptbase.dll shlwapi.dll shell32.dll usp10.dll profapi.dll System.Transactions.ni.dll kernelbase.dll mscorlib.ni.dll profapi.dll mscorjit.dll mscorlib.dll mscorlib.dll mscorlib.dll usp10.dll mscorlib.dll usp10.dll version.dll mscorlib.dll mscorlib.dll system.drawing.ni.dll System.ni.dll PresentationBuildTasks.ni.dll System.Xml.ni.dll Microsoft.Build.Utilities.ni.dll Microsoft.Build.Framework.ni.dll System.Configuration.ni.dll System.Security.ni.dll System.Data.SqlXml.ni.dll,normal
 KernelBase.dll ntdll.dll ntdll.dll wow64.dll wow64win.dll wow64cpu.dll kernel32.dll kernel32.dll sechost.dll system.transactions.dll kernel32.dll msvcrt.dll user32.dll imagehlp.dll kernel32.dll SyncCenter.dll KernelBase.dll advapi32.dll api-ms-win-core-file-l1-2-0.dll msvcrt.dll sechost.dll setupapi.dll rpcrt4.dll sspicli.dll smipi.dll gdi32.dll cryptbase.dll msvcr120_clr0400.dll mscoree.dll ole32.dll gdi32.dll user32.dll kernel32.dll lpk.dll usp10.dll oleaut32.dll lpk.dll imm32.dll msctf.dll cryptsp.dll rsaenh.dll RpcRtRemote.dll clbcatq.dll samcli.dll msvcrt.dll kernel32.dll sxs.dll mscoreei.dll clr.dll ucrtbase.dll shlwapi.dll mscorlib.ni.dll imm32.dll clrjit.dll Microsoft.Management.Infrastructure.CimCmdlets.dll Microsoft.Management.Infrastructure.CimCmdlets.dll mscoreei.dll version.dll mscorlib.dll mscorlib.dll System.ni.dll oleacc.dll System.Core.ni.dll Microsoft.Management.Infrastructure.ni.dll Microsoft.Management.Infrastructure.dll Microsoft.Management.Infrastructure.dll bingconfigurationclient.dll System.Management.Automation.dll System.Management.Automation.dll Microsoft.Management.Infrastructure.Native.dll wkscli.dll msctf.dll Microsoft.Management.Infrastructure.Native.dll System.Core.dll System.Core.dll System.dll credui.dll advapi32.dll System.dll Microsoft.Management.Infrastructure.CimCmdlets.ni.dll system.ni.dll ntdll.dll kernel32.dll KernelBase.dll msvcrt.dll ole32.dll System.Runtime.Serialization.dll dhcpcsvc6.dll gdi32.dll netapi32.dll winnsi.dll kernel32.dll KernelBase.dll user32.dll wow64win.dll lpk.dll user32.dll usp10.dll user32.dll wmsgapi.dll gdi32.dll rpcrt4.dll imm32.dll msctf.dll cryptbase.dll clbcatq.dll advapi32.dll sechost.dll oleaut32.dll cryptsp.dll rsaenh.dll sechost.dll RpcRtRemote.dll shacct.dll comctl32.dll shlwapi.dll userenv.dll profapi.dll IDStore.dll dwmapi.dll SensApi.dll ntdll.dll kernel32.dll System.Runtime.Remoting.ni.dll dnsapi.dll KernelBase.dll msvcrt.dll ole32.dll gdi32.dll System.Xml.dll adtschema.dll sechost.dll user32.dll winbrand.dll lpk.dll usp10.dll rpcrt4.dll dhcpcsvc6.dll ws2_32.dll shlwapi.dll imm32.dll oleaut32.dll msctf.dll cryptbase.dll system.xml.dll clbcatq.dll advapi32.dll api-ms-win-core-io-l1-1-1.dll sechost.dll oleaut32.dll system.runtime.remoting.dll authui.dll cryptui.dll crypt32.dll msasn1.dll ole32.dll comctl32.dll shlwapi.dll uxtheme.dll GdiPlus.dll kernel32.dll dui70.dll duser.dll SndVolSSO.dll hid.dll MMDevAPI.dll rpcrtremote.dll propsys.dll setupapi.dll cfgmgr32.dll devobj.dll msvcrt.dll dwmapi.dll xmllite.dll WindowsCodecs.dll winbrand.dll VaultCredProvider.dll wtsapi32.dll SmartcardCredentialProvider.dll cryptsp.dll winsta.dll System.Core.ni.dll RpcRtRemote.dll BioCredProv.dll secur32.dll sspicli.dll winbio.dll credui.dll vaultcli.dll netapi32.dll netutils.dll GdiPlus.dll srvcli.dll secur32.dll wkscli.dll certCredProvider.dll rasplap.dll rasapi32.dll rasman.dll ws2_32.dll nsi.dll rtutils.dll oleacc.dll UIAutomationCore.dll psapi.dll samcli.dll cryptsp.dll rsaenh.dll shell32.dll WinSCard.dll msimg32.dll,normal
 ntdll.dll ntdll.dll wow64.dll wow64win.dll wow64cpu.dll kernel32.dll kernel32.dll kernel32.dll msctf.dll user32.dll kernel32.dll sspicli.dll msutb.dll KernelBase.dll usp10.dll bcryptprimitives.dll radardt.dll advapi32.dll msvcrt.dll sechost.dll rpcrt4.dll sspicli.dll nsi.dll cryptbase.dll msvcr120_clr0400.dll kernel32.dll mscoree.dll ole32.dll user32.dll gdi32.dll clbcatq.dll wow64cpu.dll user32.dll ntdsapi.dll lpk.dll usp10.dll oleaut32.dll imm32.dll msctf.dll cryptsp.dll ntdll.dll rsaenh.dll RpcRtRemote.dll clbcatq.dll sxs.dll mscoreei.dll shell32.dll clr.dll shlwapi.dll wevtapi.dll mscorlib.ni.dll clrjit.dll gdi32.dll Microsoft.PowerShell.Utility.Activities.dll msctf.dll Microsoft.PowerShell.Utility.Activities.dll version.dll mscorlib.dll kernel32.dll mscorlib.dll Microsoft.Powershell.Workflow.ServiceCore.dll Microsoft.Powershell.Workflow.ServiceCore.dll System.Data.OracleClient.dll System.ni.dll System.Core.ni.dll ntdll.dll Microsoft.VisualStudio.Tools.Applications.Adapter.v9.0.dll netprofm.dll System.Activities.ni.dll System.Activities.dll nsi.dll rpcrt4.dll System.Activities.dll System.Activities.dll ntdll.dll mscoree.dll System.Activities.dll api-ms-win-crt-string-l1-1-0.dll System.Activities.dll winmm.dll System.Activities.dll System.Management.Automation.dll System.Management.Automation.dll System.Core.dll mssprxy.dll advapi32.dll System.Core.dll shlwapi.dll sensapi.dll System.Core.dll System.Core.dll System.Core.dll System.Core.dll lpk.dll System.Management.ni.dll System.Management.dll eppmanifest.dll System.Management.dll Microsoft.PowerShell.Commands.Utility.ni.dll Microsoft.Powershell.Commands.Utility.dll Microsoft.Powershell.Commands.Utility.dll System.dll sendmail.dll msasn1.dll System.dll System.Xml.ni.dll secur32.dll System.Xml.dll System.Xml.dll sspicli.dll System.Xml.dll System.Xml.dll System.Xml.dll System.Xml.dll System.ServiceModel.Internals.ni.dll clbcatq.dll System.ServiceModel.Internals.dll System.ServiceModel.Internals.dll System.ServiceModel.Internals.dll System.ServiceModel.Internals.dll System.ServiceModel.Internals.dll System.ServiceModel.Internals.dll shell32.dll wow64cpu.dll System.Transactions.ni.dll System.Transactions.dll System.Transactions.dll wow64win.dll System.Transactions.dll System.Transactions.dll System.Transactions.dll System.Transactions.dll System.Transactions.dll user32.dll Microsoft.PowerShell.Utility.Activities.ni.dll ntdll.dll kernel32.dll KernelBase.dll gdi32.dll user32.dll lpk.dll usp10.dll msvcrt.dll imm32.dll msctf.dll ole32.dll rpcrt4.dll oleaut32.dll cryptbase.dll clbcatq.dll advapi32.dll sechost.dll,normal
 secur32.dll wldap32.dll,normal
 usp10.dll ntdll.dll kernel32.dll nsi.dll kernelbase.dll msvcrt.dll combase.dll ucrtbase.dll rpcrt4.dll culture.dll cryptsp.dll version.dll bcryptprimitives.dll api-ms-win-crt-string-l1-1-0.dll oleaut32.dll msvcp_win.dll system.directoryservices.protocols.dll kernel.appcore.dll sechost.dll kernel32.dll clbcatq.dll gdi32.dll cryptsp.dll dismcoreps.dll dismprov.dll profapi.dll advapi32.dll osprovider.dll ssshim.dll api-ms-win-base-util-l1-1-0.dll lpk.dll system.data.dll msvcr120_clr0400.dll imm32.dll wow64cpu.dll api-ms-win-core-com-l1-1-0.dll mscoreei.dll msvcrt.dll xmllite.dll api-ms-win-core-comm-l1-1-0.dll xmllite.dll api-ms-win-core-console-l1-1-0.dll cryptsp.dll winsta.dll api-ms-win-core-datetime-l1-1-0.dll version.dll user32.dll api-ms-win-core-datetime-l1-1-1.dll api-ms-win-core-debug-l1-1-0.dll api-ms-win-core-debug-l1-1-1.dll api-ms-win-core-delayload-l1-1-0.dll api-ms-win-core-errorhandling-l1-1-0.dll api-ms-win-core-errorhandling-l1-1-1.dll api-ms-win-core-fibers-l1-1-0.dll api-ms-win-core-fibers-l1-1-1.dll user32.dll api-ms-win-core-file-l1-1-0.dll api-ms-win-core-file-l1-2-0.dll api-ms-win-core-file-l1-2-1.dll api-ms-win-core-file-l2-1-0.dll api-ms-win-core-file-l2-1-1.dll api-ms-win-core-handle-l1-1-0.dll iertutil.dll wow64.dll api-ms-win-core-heap-l1-1-0.dll sechost.dll api-ms-win-core-xstate-l2-1-0.dll shlwapi.dll logprovider.dll api-ms-win-core-heap-obsolete-l1-1-0.dll api-ms-win-core-interlocked-l1-1-0.dll api-ms-win-core-io-l1-1-0.dll dbghelp.dll dbgcore.dll wow64.dll api-ms-win-core-io-l1-1-1.dll api-ms-win-core-kernel32-legacy-l1-1-0.dll api-ms-win-core-kernel32-legacy-l1-1-1.dll mscorsec.dll api-ms-win-core-kernel32-private-l1-1-0.dll api-ms-win-core-kernel32-private-l1-1-1.dll uxtheme.dll api-ms-win-core-libraryloader-l1-1-0.dll ntdll.dll api-ms-win-core-libraryloader-l1-1-1.dll api-ms-win-core-localization-l1-2-0.dll api-ms-win-core-localization-l1-2-1.dll System.Xml.Linq.dll api-ms-win-core-localization-obsolete-l1-2-0.dll ssshim.dll cfgmgr32.dll advapi32.dll cryptbase.dll api-ms-win-base-util-l1-1-0.dll api-ms-win-core-com-l1-1-0.dll api-ms-win-core-comm-l1-1-0.dll api-ms-win-core-console-l1-1-0.dll api-ms-win-core-datetime-l1-1-0.dll api-ms-win-core-datetime-l1-1-1.dll api-ms-win-core-debug-l1-1-0.dll api-ms-win-core-debug-l1-1-1.dll kernel32.dll cryptbase.dll api-ms-win-core-delayload-l1-1-0.dll api-ms-win-core-errorhandling-l1-1-0.dll api-ms-win-core-errorhandling-l1-1-1.dll api-ms-win-core-fibers-l1-1-0.dll api-ms-win-core-fibers-l1-1-1.dll api-ms-win-core-memory-l1-1-0.dll api-ms-win-core-file-l1-1-0.dll api-ms-win-core-file-l1-2-0.dll api-ms-win-core-file-l1-2-1.dll api-ms-win-core-file-l2-1-0.dll api-ms-win-core-file-l2-1-1.dll api-ms-win-core-handle-l1-1-0.dll api-ms-win-core-heap-l1-1-0.dll xmllite.dll api-ms-win-core-heap-obsolete-l1-1-0.dll gdi32.dll kernelbase.dll api-ms-win-core-interlocked-l1-1-0.dll api-ms-win-core-io-l1-1-0.dll wow64.dll api-ms-win-core-io-l1-1-1.dll api-ms-win-core-kernel32-legacy-l1-1-0.dll api-ms-win-core-kernel32-legacy-l1-1-1.dll kernel32.dll api-ms-win-core-kernel32-private-l1-1-0.dll api-ms-win-core-kernel32-private-l1-1-1.dll api-ms-win-core-libraryloader-l1-1-0.dll api-ms-win-core-libraryloader-l1-1-1.dll api-ms-win-core-localization-l1-2-0.dll api-ms-win-core-localization-l1-2-1.dll api-ms-win-core-localization-obsolete-l1-2-0.dll api-ms-win-core-memory-l1-1-0.dll api-ms-win-core-memory-l1-1-1.dll api-ms-win-core-memory-l1-1-2.dll advapi32.dll api-ms-win-core-memory-l1-1-2.dll api-ms-win-core-namedpipe-l1-1-0.dll api-ms-win-core-namedpipe-l1-1-0.dll api-ms-win-core-privateprofile-l1-1-0.dll clr.dll api-ms-win-core-privateprofile-l1-1-0.dll api-ms-win-core-privateprofile-l1-1-1.dll api-ms-win-core-privateprofile-l1-1-1.dll winnsi.dll cryptsp.dll KernelBase.dll api-ms-win-core-processenvironment-l1-1-0.dll api-ms-win-core-processenvironment-l1-1-0.dll api-ms-win-core-processenvironment-l1-2-0.dll msvcp110_win.dll shell32.dll api-ms-win-core-processenvironment-l1-2-0.dll api-ms-win-core-processthreads-l1-1-0.dll api-ms-win-core-processthreads-l1-1-0.dll api-ms-win-core-processthreads-l1-1-1.dll api-ms-win-core-processthreads-l1-1-1.dll system.core.ni.dll api-ms-win-core-processthreads-l1-1-2.dll user32.dll api-ms-win-core-processthreads-l1-1-2.dll api-ms-win-core-processtopology-obsolete-l1-1-0.dll api-ms-win-core-processtopology-obsolete-l1-1-0.dll api-ms-win-core-profile-l1-1-0.dll api-ms-win-core-profile-l1-1-0.dll api-ms-win-core-realtime-l1-1-0.dll api-ms-win-core-realtime-l1-1-0.dll api-ms-win-core-registry-l1-1-0.dll imm32.dll clipsvc.dll api-ms-win-core-registry-l1-1-0.dll api-ms-win-core-registry-l2-1-0.dll api-ms-win-core-registry-l2-1-0.dll presentationcore.ni.dll api-ms-win-core-rtlsupport-l1-1-0.dll api-ms-win-core-rtlsupport-l1-1-0.dll api-ms-win-core-shlwapi-legacy-l1-1-0.dll api-ms-win-core-shlwapi-legacy-l1-1-0.dll api-ms-win-core-shlwapi-obsolete-l1-1-0.dll ntdll.dll api-ms-win-core-shlwapi-obsolete-l1-1-0.dll system.web.dll api-ms-win-core-shutdown-l1-1-0.dll api-ms-win-core-shutdown-l1-1-0.dll api-ms-win-core-string-l1-1-0.dll api-ms-win-core-string-l1-1-0.dll api-ms-win-core-string-l2-1-0.dll api-ms-win-core-string-l2-1-0.dll api-ms-win-core-string-obsolete-l1-1-0.dll api-ms-win-core-string-obsolete-l1-1-0.dll api-ms-win-core-stringansi-l1-1-0.dll api-ms-win-core-stringansi-l1-1-0.dll usp10.dll SensApi.dll api-ms-win-core-stringloader-l1-1-1.dll api-ms-win-core-stringloader-l1-1-1.dll crypt32.dll version.dll api-ms-win-core-synch-l1-1-0.dll api-ms-win-core-synch-l1-1-0.dll api-ms-win-core-synch-l1-2-0.dll api-ms-win-core-synch-l1-2-0.dll mscorlib.dll api-ms-win-core-sysinfo-l1-1-0.dll ntdll.dll api-ms-win-core-sysinfo-l1-1-0.dll ntdll.dll api-ms-win-core-sysinfo-l1-2-0.dll api-ms-win-core-sysinfo-l1-2-0.dll api-ms-win-core-sysinfo-l1-2-1.dll api-ms-win-core-sysinfo-l1-2-1.dll api-ms-win-core-threadpool-l1-2-0.dll api-ms-win-core-threadpool-l1-2-0.dll api-ms-win-core-threadpool-legacy-l1-1-0.dll api-ms-win-core-threadpool-legacy-l1-1-0.dll api-ms-win-core-threadpool-private-l1-1-0.dll api-ms-win-core-threadpool-private-l1-1-0.dll sechost.dll api-ms-win-core-timezone-l1-1-0.dll api-ms-win-core-timezone-l1-1-0.dll api-ms-win-core-url-l1-1-0.dll api-ms-win-core-url-l1-1-0.dll api-ms-win-core-file-l1-1-0.dll api-ms-win-core-util-l1-1-0.dll api-ms-win-core-util-l1-1-0.dll api-ms-win-core-version-l1-1-0.dll api-ms-win-core-version-l1-1-0.dll api-ms-win-core-wow64-l1-1-0.dll netutils.dll api-ms-win-core-wow64-l1-1-0.dll api-ms-win-core-xstate-l1-1-0.dll api-ms-win-core-xstate-l1-1-0.dll api-ms-win-core-xstate-l2-1-0.dll rpcrt4.dll api-ms-win-core-xstate-l2-1-0.dll SensApi.dll api-ms-win-devices-config-l1-1-0.dll ntdll.dll api-ms-win-devices-config-l1-1-0.dll api-ms-win-devices-config-l1-1-1.dll apphelp.dll api-ms-win-devices-config-l1-1-1.dll wininet.dll api-ms-win-eventing-classicprovider-l1-1-0.dll api-ms-win-eventing-classicprovider-l1-1-0.dll api-ms-win-eventing-consumer-l1-1-0.dll ntdll.dll sensapi.dll api-ms-win-eventing-consumer-l1-1-0.dll api-ms-win-eventing-controller-l1-1-0.dll wow64win.dll api-ms-win-eventing-controller-l1-1-0.dll api-ms-win-eventing-legacy-l1-1-0.dll api-ms-win-eventing-legacy-l1-1-0.dll gdi32.dll kbdnec.dll system.data.ni.dll api-ms-win-eventing-provider-l1-1-0.dll api-ms-win-eventing-provider-l1-1-0.dll KernelBase.dll imm32.dll winsta.dll xmllite.dll api-ms-win-eventlog-legacy-l1-1-0.dll api-ms-win-eventlog-legacy-l1-1-0.dll api-ms-win-security-base-l1-1-0.dll api-ms-win-security-base-l1-1-0.dll api-ms-win-security-cryptoapi-l1-1-0.dll api-ms-win-security-cryptoapi-l1-1-0.dll api-ms-win-security-lsalookup-l2-1-0.dll api-ms-win-security-lsalookup-l2-1-0.dll api-ms-win-security-lsalookup-l2-1-1.dll wbemcomn.dll api-ms-win-security-lsalookup-l2-1-1.dll api-ms-win-security-lsapolicy-l1-1-0.dll api-ms-win-security-lsapolicy-l1-1-0.dll api-ms-win-security-provider-l1-1-0.dll api-ms-win-security-provider-l1-1-0.dll api-ms-win-security-sddl-l1-1-0.dll api-ms-win-security-sddl-l1-1-0.dll api-ms-win-service-core-l1-1-0.dll api-ms-win-service-core-l1-1-0.dll powrprof.dll api-ms-win-service-core-l1-1-1.dll api-ms-win-service-core-l1-1-1.dll cfgmgr32.dll mshtml.dll mso20win32client.dll api-ms-win-service-management-l1-1-0.dll api-ms-win-service-management-l1-1-0.dll api-ms-win-service-management-l2-1-0.dll api-ms-win-core-timezone-l1-1-0.dll api-ms-win-service-management-l2-1-0.dll api-ms-win-service-private-l1-1-0.dll api-ms-win-service-private-l1-1-0.dll ole32.dll rsaenh.dll api-ms-win-service-private-l1-1-1.dll apphelp.dll rpcrt4.dll system.serviceprocess.dll api-ms-win-service-private-l1-1-1.dll api-ms-win-service-winsvc-l1-1-0.dll sspicli.dll bcrypt.dll rsaenh.dll api-ms-win-service-winsvc-l1-1-0.dll System.Security.ni.dll system.xml.ni.dll shlwapi.dll wow64cpu.dll api-ms-win-core-memory-l1-1-1.dll SensApi.dll ssshim.dll api-ms-win-base-util-l1-1-0.dll api-ms-win-core-com-l1-1-0.dll api-ms-win-core-comm-l1-1-0.dll oleaut32.dll api-ms-win-core-console-l1-1-0.dll system.deployment.dll acropdf.dll api-ms-win-core-datetime-l1-1-0.dll api-ms-win-downlevel-version-l1-1-0.dll mscorlib.dll api-ms-win-core-datetime-l1-1-1.dll api-ms-win-core-debug-l1-1-0.dll api-ms-win-core-debug-l1-1-1.dll rpcrtremote.dll api-ms-win-core-delayload-l1-1-0.dll api-ms-win-core-errorhandling-l1-1-0.dll api-ms-win-core-errorhandling-l1-1-1.dll kernel32.dll api-ms-win-core-fibers-l1-1-0.dll dnsapi.dll api-ms-win-core-fibers-l1-1-1.dll api-ms-win-core-file-l1-1-0.dll sechost.dll api-ms-win-core-file-l1-2-0.dll api-ms-win-core-file-l1-2-1.dll msshooks.dll api-ms-win-core-file-l2-1-0.dll api-ms-win-core-file-l2-1-1.dll usp10.dll riched20.dll api-ms-win-core-handle-l1-1-0.dll api-ms-win-core-heap-l1-1-0.dll api-ms-win-core-heap-obsolete-l1-1-0.dll api-ms-win-core-interlocked-l1-1-0.dll api-ms-win-core-io-l1-1-0.dll acropdf.dll api-ms-win-core-io-l1-1-1.dll api-ms-win-core-kernel32-legacy-l1-1-0.dll api-ms-win-core-kernel32-legacy-l1-1-1.dll api-ms-win-core-kernel32-private-l1-1-0.dll api-ms-win-core-kernel32-private-l1-1-1.dll api-ms-win-core-libraryloader-l1-1-0.dll api-ms-win-core-libraryloader-l1-1-1.dll api-ms-win-core-localization-l1-2-0.dll api-ms-win-core-localization-l1-2-1.dll api-ms-win-core-localization-obsolete-l1-2-0.dll api-ms-win-core-memory-l1-1-0.dll api-ms-win-core-memory-l1-1-1.dll api-ms-win-core-memory-l1-1-2.dll System.Web.RegularExpressions.dll SensApi.dll api-ms-win-core-namedpipe-l1-1-0.dll api-ms-win-core-privateprofile-l1-1-0.dll api-ms-win-core-privateprofile-l1-1-1.dll api-ms-win-core-processenvironment-l1-1-0.dll api-ms-win-core-processenvironment-l1-2-0.dll api-ms-win-core-processthreads-l1-1-0.dll cryptsp.dll msvcrt.dll sfc.dll ntdll.dll api-ms-win-core-processthreads-l1-1-1.dll api-ms-win-core-processthreads-l1-1-2.dll api-ms-win-core-processtopology-obsolete-l1-1-0.dll shell32.dll system.transactions.dll system.data.oracleclient.dll api-ms-win-core-profile-l1-1-0.dll api-ms-win-core-realtime-l1-1-0.dll api-ms-win-core-registry-l1-1-0.dll policymanager.dll api-ms-win-core-registry-l2-1-0.dll api-ms-win-core-rtlsupport-l1-1-0.dll api-ms-win-core-shlwapi-legacy-l1-1-0.dll api-ms-win-core-shlwapi-obsolete-l1-1-0.dll profapi.dll api-ms-win-core-shutdown-l1-1-0.dll msvcrt.dll api-ms-win-core-string-l1-1-0.dll system.web.dll KernelBase.dll api-ms-win-core-string-l2-1-0.dll api-ms-win-core-string-obsolete-l1-1-0.dll api-ms-win-core-stringansi-l1-1-0.dll api-ms-win-core-stringloader-l1-1-1.dll api-ms-win-core-synch-l1-1-0.dll ntdll.dll clbcatq.dll cryptsp.dll dhcpcsvc6.dll api-ms-win-core-synch-l1-2-0.dll api-ms-win-core-sysinfo-l1-1-0.dll api-ms-win-core-sysinfo-l1-2-0.dll api-ms-win-core-sysinfo-l1-2-1.dll gpapi.dll api-ms-win-core-threadpool-l1-2-0.dll sensapi.dll api-ms-win-core-threadpool-legacy-l1-1-0.dll rometadata.dll api-ms-win-core-threadpool-private-l1-1-0.dll api-ms-win-core-timezone-l1-1-0.dll kernel32.dll ucrtbase.dll win32u.dll mscoreei.dll api-ms-win-core-url-l1-1-0.dll dhcpcsvc6.dll api-ms-win-core-util-l1-1-0.dll api-ms-win-core-version-l1-1-0.dll api-ms-win-core-wow64-l1-1-0.dll api-ms-win-core-xstate-l1-1-0.dll api-ms-win-core-xstate-l2-1-0.dll ole32.dll mscorlib.ni.dll api-ms-win-devices-config-l1-1-0.dll api-ms-win-devices-config-l1-1-1.dll api-ms-win-eventing-classicprovider-l1-1-0.dll api-ms-win-eventing-consumer-l1-1-0.dll shlwapi.dll api-ms-win-eventing-controller-l1-1-0.dll api-ms-win-eventing-legacy-l1-1-0.dll api-ms-win-eventing-provider-l1-1-0.dll api-ms-win-eventlog-legacy-l1-1-0.dll oleaut32.dll api-ms-win-security-base-l1-1-0.dll api-ms-win-security-cryptoapi-l1-1-0.dll api-ms-win-security-lsalookup-l2-1-0.dll api-ms-win-security-lsalookup-l2-1-1.dll api-ms-win-security-lsapolicy-l1-1-0.dll mscorlib.dll api-ms-win-security-provider-l1-1-0.dll api-ms-win-security-sddl-l1-1-0.dll api-ms-win-service-core-l1-1-0.dll api-ms-win-service-core-l1-1-1.dll api-ms-win-service-management-l1-1-0.dll api-ms-win-service-management-l2-1-0.dll advapi32.dll api-ms-win-service-private-l1-1-0.dll api-ms-win-service-private-l1-1-1.dll api-ms-win-service-winsvc-l1-1-0.dll ssshim.dll api-ms-win-base-util-l1-1-0.dll api-ms-win-core-com-l1-1-0.dll api-ms-win-core-comm-l1-1-0.dll api-ms-win-core-console-l1-1-0.dll npmproxy.dll ntdll.dll duser.dll advapi32.dll wshbth.dll wow64win.dll api-ms-win-core-datetime-l1-1-0.dll api-ms-win-core-datetime-l1-1-1.dll api-ms-win-core-debug-l1-1-0.dll api-ms-win-core-debug-l1-1-1.dll api-ms-win-core-delayload-l1-1-0.dll api-ms-win-core-errorhandling-l1-1-0.dll rasapi32.dll api-ms-win-core-errorhandling-l1-1-1.dll api-ms-win-core-fibers-l1-1-0.dll api-ms-win-core-fibers-l1-1-1.dll sqmapi.dll api-ms-win-core-file-l1-1-0.dll system.deployment.ni.dll api-ms-win-core-file-l1-2-0.dll rpcrt4.dll api-ms-win-core-file-l1-2-1.dll api-ms-win-core-file-l2-1-0.dll kernelbase.dll api-ms-win-core-file-l2-1-1.dll cryptbase.dll dmcsps.dll api-ms-win-core-handle-l1-1-0.dll api-ms-win-core-heap-l1-1-0.dll system.dll api-ms-win-core-heap-obsolete-l1-1-0.dll cbsprovider.dll oleaut32.dll api-ms-win-core-interlocked-l1-1-0.dll api-ms-win-core-io-l1-1-0.dll api-ms-win-core-io-l1-1-1.dll api-ms-win-core-kernel32-legacy-l1-1-0.dll api-ms-win-core-kernel32-legacy-l1-1-1.dll msctf.dll sspicli.dll api-ms-win-core-kernel32-private-l1-1-0.dll api-ms-win-core-kernel32-private-l1-1-1.dll api-ms-win-core-libraryloader-l1-1-0.dll lpk.dll api-ms-win-core-libraryloader-l1-1-1.dll rpcrt4.dll api-ms-win-core-localization-l1-2-0.dll api-ms-win-core-localization-l1-2-1.dll api-ms-win-core-localization-obsolete-l1-2-0.dll api-ms-win-core-memory-l1-1-0.dll api-ms-win-core-memory-l1-1-1.dll api-ms-win-core-memory-l1-1-2.dll pautoenr.dll api-ms-win-core-namedpipe-l1-1-0.dll api-ms-win-core-privateprofile-l1-1-0.dll api-ms-win-core-privateprofile-l1-1-1.dll api-ms-win-core-processenvironment-l1-1-0.dll api-ms-win-core-processenvironment-l1-2-0.dll winsta.dll rpcrt4.dll api-ms-win-core-processthreads-l1-1-0.dll api-ms-win-core-processthreads-l1-1-1.dll crypt32.dll oleaut32.dll api-ms-win-core-processthreads-l1-1-2.dll api-ms-win-core-processtopology-obsolete-l1-1-0.dll api-ms-win-core-profile-l1-1-0.dll api-ms-win-core-realtime-l1-1-0.dll api-ms-win-core-registry-l1-1-0.dll api-ms-win-core-registry-l2-1-0.dll api-ms-win-core-rtlsupport-l1-1-0.dll api-ms-win-core-shlwapi-legacy-l1-1-0.dll api-ms-win-core-shlwapi-obsolete-l1-1-0.dll api-ms-win-core-shutdown-l1-1-0.dll api-ms-win-core-string-l1-1-0.dll api-ms-win-core-string-l2-1-0.dll api-ms-win-core-string-obsolete-l1-1-0.dll api-ms-win-core-stringansi-l1-1-0.dll api-ms-win-core-stringloader-l1-1-1.dll api-ms-win-core-synch-l1-1-0.dll api-ms-win-core-synch-l1-2-0.dll api-ms-win-core-sysinfo-l1-1-0.dll api-ms-win-core-sysinfo-l1-2-0.dll microsoft.mediacenter.interop.dll api-ms-win-core-sysinfo-l1-2-1.dll api-ms-win-core-threadpool-l1-2-0.dll kernel32.dll api-ms-win-core-threadpool-legacy-l1-1-0.dll api-ms-win-core-threadpool-private-l1-1-0.dll api-ms-win-core-timezone-l1-1-0.dll rpcrtremote.dll api-ms-win-core-url-l1-1-0.dll api-ms-win-core-string-l2-1-0.dll api-ms-win-core-util-l1-1-0.dll api-ms-win-core-version-l1-1-0.dll imm32.dll usp10.dll apphelp.dll api-ms-win-core-wow64-l1-1-0.dll api-ms-win-core-xstate-l1-1-0.dll api-ms-win-core-xstate-l2-1-0.dll user32.dll api-ms-win-devices-config-l1-1-0.dll user32.dll api-ms-win-devices-config-l1-1-1.dll shcore.dll clbcatq.dll KernelBase.dll msvcrt.dll api-ms-win-eventing-classicprovider-l1-1-0.dll ole32.dll System.ni.dll api-ms-win-eventing-consumer-l1-1-0.dll api-ms-win-eventing-controller-l1-1-0.dll cryptbase.dll api-ms-win-eventing-legacy-l1-1-0.dll api-ms-win-eventing-provider-l1-1-0.dll system.dll api-ms-win-eventlog-legacy-l1-1-0.dll api-ms-win-security-base-l1-1-0.dll dxgi.dll cryptbase.dll api-ms-win-security-cryptoapi-l1-1-0.dll shell32.dll shlwapi.dll api-ms-win-security-lsalookup-l2-1-0.dll api-ms-win-security-lsalookup-l2-1-1.dll api-ms-win-security-lsapolicy-l1-1-0.dll api-ms-win-security-provider-l1-1-0.dll api-ms-win-security-sddl-l1-1-0.dll api-ms-win-service-core-l1-1-0.dll api-ms-win-service-core-l1-1-1.dll api-ms-win-service-management-l1-1-0.dll api-ms-win-service-management-l2-1-0.dll api-ms-win-service-private-l1-1-0.dll api-ms-win-service-private-l1-1-1.dll api-ms-win-service-winsvc-l1-1-0.dll kernelbase.dll ssshim.dll api-ms-win-base-util-l1-1-0.dll api-ms-win-core-com-l1-1-0.dll msidle.dll oleaut32.dll api-ms-win-core-comm-l1-1-0.dll api-ms-win-core-console-l1-1-0.dll api-ms-win-core-datetime-l1-1-0.dll api-ms-win-core-datetime-l1-1-1.dll api-ms-win-core-debug-l1-1-0.dll api-ms-win-core-debug-l1-1-1.dll api-ms-win-core-delayload-l1-1-0.dll SensApi.dll api-ms-win-core-errorhandling-l1-1-0.dll api-ms-win-core-errorhandling-l1-1-1.dll api-ms-win-core-fibers-l1-1-0.dll api-ms-win-core-fibers-l1-1-1.dll api-ms-win-core-file-l1-1-0.dll api-ms-win-core-file-l1-2-0.dll api-ms-win-core-file-l1-2-1.dll api-ms-win-core-file-l2-1-0.dll api-ms-win-core-file-l2-1-1.dll api-ms-win-core-handle-l1-1-0.dll api-ms-win-core-heap-l1-1-0.dll rasadhlp.dll api-ms-win-core-heap-obsolete-l1-1-0.dll api-ms-win-core-interlocked-l1-1-0.dll api-ms-win-core-io-l1-1-0.dll api-ms-win-core-io-l1-1-1.dll api-ms-win-core-kernel32-legacy-l1-1-0.dll api-ms-win-core-kernel32-legacy-l1-1-1.dll api-ms-win-core-kernel32-private-l1-1-0.dll api-ms-win-core-kernel32-private-l1-1-1.dll api-ms-win-core-libraryloader-l1-1-0.dll api-ms-win-core-libraryloader-l1-1-1.dll api-ms-win-core-localization-l1-2-0.dll api-ms-win-core-localization-l1-2-1.dll api-ms-win-core-localization-obsolete-l1-2-0.dll api-ms-win-core-memory-l1-1-0.dll api-ms-win-core-memory-l1-1-1.dll api-ms-win-core-memory-l1-1-2.dll api-ms-win-core-namedpipe-l1-1-0.dll api-ms-win-core-privateprofile-l1-1-0.dll api-ms-win-core-privateprofile-l1-1-1.dll api-ms-win-core-processenvironment-l1-1-0.dll api-ms-win-core-processenvironment-l1-2-0.dll WindowsBase.dll api-ms-win-core-processthreads-l1-1-0.dll api-ms-win-core-processthreads-l1-1-1.dll api-ms-win-core-processthreads-l1-1-2.dll api-ms-win-core-processtopology-obsolete-l1-1-0.dll api-ms-win-core-profile-l1-1-0.dll api-ms-win-core-realtime-l1-1-0.dll api-ms-win-core-registry-l1-1-0.dll api-ms-win-core-registry-l2-1-0.dll system.directoryservices.protocols.ni.dll api-ms-win-core-rtlsupport-l1-1-0.dll api-ms-win-core-shlwapi-legacy-l1-1-0.dll api-ms-win-core-shlwapi-obsolete-l1-1-0.dll api-ms-win-core-shutdown-l1-1-0.dll api-ms-win-core-string-l1-1-0.dll api-ms-win-core-string-l2-1-0.dll api-ms-win-core-string-obsolete-l1-1-0.dll api-ms-win-core-stringansi-l1-1-0.dll api-ms-win-core-stringloader-l1-1-1.dll api-ms-win-core-synch-l1-1-0.dll api-ms-win-core-synch-l1-2-0.dll api-ms-win-core-sysinfo-l1-1-0.dll api-ms-win-core-sysinfo-l1-2-0.dll api-ms-win-core-sysinfo-l1-2-1.dll api-ms-win-core-threadpool-l1-2-0.dll api-ms-win-core-threadpool-legacy-l1-1-0.dll api-ms-win-core-threadpool-private-l1-1-0.dll api-ms-win-core-timezone-l1-1-0.dll api-ms-win-core-url-l1-1-0.dll api-ms-win-core-util-l1-1-0.dll api-ms-win-core-version-l1-1-0.dll api-ms-win-core-wow64-l1-1-0.dll api-ms-win-core-xstate-l1-1-0.dll api-ms-win-core-xstate-l2-1-0.dll api-ms-win-devices-config-l1-1-0.dll api-ms-win-devices-config-l1-1-1.dll api-ms-win-eventing-classicprovider-l1-1-0.dll api-ms-win-eventing-consumer-l1-1-0.dll api-ms-win-eventing-controller-l1-1-0.dll api-ms-win-eventing-legacy-l1-1-0.dll api-ms-win-eventing-provider-l1-1-0.dll api-ms-win-eventlog-legacy-l1-1-0.dll api-ms-win-security-base-l1-1-0.dll api-ms-win-security-cryptoapi-l1-1-0.dll api-ms-win-security-lsalookup-l2-1-0.dll api-ms-win-security-lsalookup-l2-1-1.dll api-ms-win-security-lsapolicy-l1-1-0.dll api-ms-win-security-provider-l1-1-0.dll api-ms-win-security-sddl-l1-1-0.dll api-ms-win-service-core-l1-1-0.dll api-ms-win-service-core-l1-1-1.dll api-ms-win-service-management-l1-1-0.dll api-ms-win-service-management-l2-1-0.dll api-ms-win-service-private-l1-1-0.dll api-ms-win-service-private-l1-1-1.dll api-ms-win-service-winsvc-l1-1-0.dll cbsapi.dll,normal
 shcore.dll ntdll.dll presentationcffrasterizer.dll wow64.dll usp10.dll ntshrui.dll wow64win.dll gdi32.dll wow64cpu.dll kernel32.dll tbs.dll ntdll.dll kernel32.dll KernelBase.dll oleaut32.dll ole32.dll msvcrt.dll gdi32.dll RpcRtRemote.dll version.dll user32.dll advapi32.dll system.ni.dll wow64win.dll sechost.dll adsldp.dll rpcrt4.dll sspicli.dll cryptbase.dll windows.ui.xamlhost.dll rpcrt4.dll lpk.dll usp10.dll imm32.dll msctf.dll wow64.dll shlwapi.dll version.dll clbcatq.dll mscoree.dll wintrust.dll mscoreei.dll fusion.dll sspicli.dll clr.dll wow64.dll clr.dll gdi32.dll crypt32.dll msvcr120_clr0400.dll ntdll.dll kernel32.dll kernel32.dll user32.dll mscorsvc.dll taskschd.dll ntdll.dll System.Transactions.dll api-ms-win-core-heap-l1-1-0.dll kernel32.dll oleaut32.dll kernel32.dll System.Management.ni.dll user32.dll ntdll.dll wow64.dll energy.dll wow64win.dll wow64cpu.dll kernel32.dll wow64cpu.dll kernel32.dll KernelBase.dll oleaut32.dll ole32.dll msvcrt.dll system.data.sqlxml.ni.dll comctl32.dll advapi32.dll wdc.dll gdi32.dll user32.dll advapi32.dll system.data.dll sechost.dll cfgmgr32.dll rpcrt4.dll sspicli.dll cryptbase.dll kernelbase.dll lpk.dll lpk.dll usp10.dll msimg32.dll version.dll shell32.dll shell32.dll shlwapi.dll dpx.dll wsock32.dll cryptbase.dll system.directoryservices.ni.dll ws2_32.dll nsi.dll bcryptprimitives.dll netapi32.dll ntdll.dll netutils.dll srvcli.dll wkscli.dll nlslexicons0009.dll imm32.dll msctf.dll gpapi.dll apphelp.dll mpr.dll comctl32.dll olepro32.dll clbcatq.dll samcli.dll nlaapi.dll msctf.dll NapiNSP.dll pnrpnsp.dll mswsock.dll dnsapi.dll winrnr.dll System.Data.Linq.ni.dll cryptsp.dll shell32.dll rsaenh.dll kernel32.dll wtsapi32.dll winsta.dll wow64win.dll winbrand.dll setupapi.dll cfgmgr32.dll devobj.dll uxtheme.dll profapi.dll msvcrt.dll dwmapi.dll propsys.dll ntmarta.dll Wldap32.dll cscapi.dll GdiPlus.dll WindowsCodecs.dll d3d10level9.dll odbc32.dll shdocvw.dll shdocvw.dll msctf.dll kernel32.dll shdocvw.dll shdocvw.dll vcruntime140.dll api-ms-win-crt-runtime-l1-1-0.dll ucrtbase.dll api-ms-win-core-timezone-l1-1-0.dll api-ms-win-core-file-l2-1-0.dll api-ms-win-core-localization-l1-2-0.dll api-ms-win-core-synch-l1-2-0.dll api-ms-win-core-processthreads-l1-1-1.dll api-ms-win-core-file-l1-2-0.dll api-ms-win-crt-string-l1-1-0.dll version.dll api-ms-win-crt-heap-l1-1-0.dll ws2_32.dll api-ms-win-crt-stdio-l1-1-0.dll api-ms-win-crt-convert-l1-1-0.dll msvcp140.dll system.configuration.dll api-ms-win-crt-locale-l1-1-0.dll api-ms-win-crt-math-l1-1-0.dll msasn1.dll api-ms-win-crt-multibyte-l1-1-0.dll api-ms-win-crt-time-l1-1-0.dll api-ms-win-crt-filesystem-l1-1-0.dll system.addin.ni.dll api-ms-win-crt-environment-l1-1-0.dll api-ms-win-crt-utility-l1-1-0.dll msi.dll GrooveIntlResource.dll EhStorShell.dll EhStorShell.dll EhStorShell.dll EhStorShell.dll ntshrui.dll ntshrui.dll ntshrui.dll ntshrui.dll slc.dll imageres.dll imageres.dll imageres.dll imageres.dll imageres.dll imageres.dll imageres.dll imageres.dll imageres.dll imageres.dll imageres.dll imageres.dll kernel32.dll,normal
 ntdll.dll user32.dll urlmon.dll pnrpnsp.dll ole32.dll psapi.dll imm32.dll imagehlp.dll bcryptprimitives.dll kernel32.dll sechost.dll kernel32.dll dropboxext.dll ole32.dll shlwapi.dll mapi32.dll cryptbase.dll wininet.dllnormaliz.dll msctf.dll kernel32.dll uxtheme.dll msctf.dll System.dll Wldap32.dll msvcrt.dll lpk.dll iertutil.dll ws2_32.dll oleaut32.dll advapi32.dll msvcrt.dll clbcatq.dll rpcrt4.dll nsi.dll ntdll.dll msvcrt.dll user32.dll msvcrt.dll mscorlib.dll npmproxy.dll gdi32.dll usp10.dll version.dll shell32.dll api-ms-win-downlevel-version-l1-1-0.dll ole32.dll api-ms-win-downlevel-user32-l1-1-0.dll user32.dll mscorlib.ni.dll shdocvw.dll api-ms-win-downlevel-normaliz-l1-1-0.dll crypt32.dll wintrust.dll kernel32.dll api-ms-win-downlevel-ole32-l1-1-0.dll cfgmgr32.dll api-ms-win-downlevel-advapi32-l1-1-0.dll api-ms-win-downlevel-shlwapi-l1-1-0.dll System.Transactions.dll KernelBase.dll oleaut32.dll userenv.dll profapi.dll msasn1.dll RpcRtRemote.dll winsta.dll cryptbase.dll userenv.dll msctf.dll msvcr120_clr0400.dll sspicli.dll secur32.dll srvcli.dll cryptdll.dll cryptbase.dll xmllite.dll ieui.dll ncrypt.dll bcrypt.dll sxs.dll netjoin.dll kerberos.dll gdi32.dll cryptsp.dll usp10.dll spoolss.dll cryptbase.dll cryptsp.dll mswsock.dll wship6.dll msv1_0.dll usp10.dll shell32.dll dnsapi.dll logoncli.dll schannel.dll rpcrt4.dll rsaenh.dll bcryptprimitives.dll BioCredProv.dll netutils.dll credssp.dll gpapi.dll system.security.ni.dll combase.dll pcwum.dll version.dll mscoree.dll mscoreei.dll clr.dll oleaut32.dll usp10.dll System.Drawing.Design.dll msvcr120_clr0400.dll mscorlib.ni.dll api-ms-win-core-xstate-l2-1-0.dll clrjit.dll System.ni.dll ntdll.dll System.Core.ni.dll System.Configuration.ni.dll System.Xml.ni.dll ole32.dll nlssorting.dll System.ServiceProcess.ni.dll ntmarta.dll nlaapi.dll System.Runtime.Serialization.ni.dll NapiNSP.dll pnrpnsp.dll winrnr.dll netapi32.dll wkscli.dll kernel32.dll user32.dll winnsi.dll diagperf.dll cryptbase.dll msvcrt.dll user32.dll dhcpcsvc6.dll dhcpcsvc.dll mswsock.dll System.Data.ni.dll System.Data.dll System.Transactions.ni.dll System.Transactions.dll SQLite.Interop.dll wtsapi32.dll System.Security.ni.dll System.EnterpriseServices.ni.dll System.EnterpriseServices.Wrapper.dll wuwebv.dll kernel32.dll System.EnterpriseServices.Wrapper.dll System.EnterpriseServices.Wrapper.dll System.EnterpriseServices.Wrapper.dll rasapi32.dll rasman.dll winhttp.dll rtutils.dll winhttp.dll webio.dll rasadhlp.dll system.configuration.install.ni.dll ntdll.dll cryptnet.dll SensApi.dll certcli.dll ntdll.dll atl.dll atl.dll dsrole.dll System.ServiceModel.ni.dll sspicli.dll System.Runtime.Serialization.ni.dll SMDiagnostics.ni.dll System.ServiceModel.Internals.ni.dll System.ServiceModel.Web.ni.dll System.WorkflowServices.ni.dll System.IdentityModel.ni.dll System.Xml.Linq.ni.dll api-ms-win-downlevel-advapi32-l2-1-0.dll System.Management.ni.dll wshqos.dll wshqos.dll profapi.dll wshqos.dll wshqos.dll ntdsapi.dll WMINet_Utils.dll wmiutils.dll wbemcomn2.dll wbemprox.dll fastprox.dll wbemsvc.dll msasn1.dll CyHelper64.dll wscapi.dll System.DirectoryServices.AccountManagement.ni.dll System.DirectoryServices.ni.dll System.DirectoryServices.Protocols.ni.dll activeds.dll adsldpc.dll adsldp.dll System.Xaml.ni.dll diasymreader.dll rpcrt4.dll netfxperf.dll pdh.dll comctl32.dll api-ms-win-core-processenvironment-l1-1-0.dll SMdiagnostics.dll PerfCounter.dll CORPerfMonExt.dll rsaenh.dll aspnet_counters.dll bitsperf.dll rsaenh.dll esentprf.dll ncrypt.dll Aspnet_perf.dll Aspnet_perf.dll Aspnet_perf.dll msdtcuiu.dll msdtcprx.dll mtxclu.dll clbcatq.dll sensapi.dll clusapi.dll imm32.dll resutils.dll ktmw32.dll msscntrs.dll sspicli.dll vcruntime140.dll api-ms-win-crt-runtime-l1-1-0.dll ucrtbase.dll api-ms-win-core-timezone-l1-1-0.dll api-ms-win-core-file-l2-1-0.dll api-ms-win-core-localization-l1-2-0.dll api-ms-win-core-synch-l1-2-0.dll api-ms-win-core-processthreads-l1-1-1.dll api-ms-win-core-file-l1-2-0.dll api-ms-win-crt-string-l1-1-0.dll api-ms-win-crt-heap-l1-1-0.dll api-ms-win-crt-stdio-l1-1-0.dll mscoreei.dll api-ms-win-crt-convert-l1-1-0.dll dhcpcsvc.dll msvcp140.dll api-ms-win-crt-locale-l1-1-0.dll api-ms-win-crt-math-l1-1-0.dll api-ms-win-crt-multibyte-l1-1-0.dll api-ms-win-crt-time-l1-1-0.dll api-ms-win-crt-filesystem-l1-1-0.dll api-ms-win-crt-environment-l1-1-0.dll api-ms-win-crt-utility-l1-1-0.dll GdiPlus.dll comctl32.dll perfdisk.dll Mso20win32client.dll perfnet.dll system.servicemodel.internals.ni.dll browcli.dll perfos.dll perfproc.dll oleaut32.dll sysmain.dll setupapi.dll devobj.dll rasctrs.dll tapiperf.dll perfctrs.dll wow64win.dll perfts.dll msvcrt.dll utildll.dll samcli.dll usbperf.dll WmiApRpl.dll loadperf.dll tquery.dll perfproc.dll netfxperf.dll,normal
 ntdll.dll,normal
 ntdll.dll ntdll.dll wow64.dll wow64win.dll rpcrt4.dll wow64cpu.dll kernel32.dll kernel32.dll kernel32.dll user32.dll kernel32.dll msvcrt.dll kernelbase.dll msvcrt.dll msvcp110_win.dll winbrand.dll user32.dll devobj.dll gdi32.dll mscorlib.ni.dll gdi32.dll lpk.dll clbcatq.dll usp10.dll advapi32.dll wevtapi.dll sechost.dll rpcrt4.dll ntdll.dll sspicli.dll cryptbase.dll imm32.dll system.directoryservices.dll msctf.dll apphelp.dll,normal
 system.web.services.dll ntdll.dll System.configuration.dll imm32.dll oleaut32.dll ntdll.dll wow64.dll ntdll.dll gdi32full.dll system.servicemodel.internals.dll ntdll.dll wow64win.dll windows.security.authentication.onlineid.dll wow64cpu.dll userenv.dll kernel32.dll oleaut32.dll kernel32.dll kernel32.dll user32.dll kernel32.dll KernelBase.dll mscorwks.dll advapi32.dll msvcrt.dll sechost.dll oleacc.dll combase.dll msvcr120_clr0400.dll rpcrt4.dll sspicli.dll cryptbase.dll PresentationFramework.dll dnsapi.dll ws2_32.dll cryptbase.dll nsi.dll winnsi.dll dhcpcsvc.dll dhcpcsvc6.dll shell32.dll shlwapi.dll gdi32.dll user32.dll lpk.dll usp10.dll ole32.dll imm32.dll msctf.dll nsi.dll clbcatq.dll oleaut32.dll cryptsp.dll cryptbase.dll rsaenh.dll RpcRtRemote.dll wevtapi.dll ntdll.dll kernel32.dll kernel32.dll KernelBase.dll gdi32.dll user32.dll sechost.dll lpk.dll usp10.dll msvcrt.dll cryptbase.dll imm32.dll crypt32.dll msctf.dll ole32.dll rpcrt4.dll user32.dll oleaut32.dll cryptbase.dll clbcatq.dll apphelp.dll mscoree.dll imm32.dll advapi32.dll sechost.dll system.web.ni.dll wbemprox.dll ntdll.dll kernel32.dll KernelBase.dll gdi32.dll user32.dll lpk.dll xmllite.dll usp10.dll powrprof.dll msvcrt.dll kernel32.dll imm32.dll msctf.dll ole32.dll rpcrt4.dll oleaut32.dll kernel32.dll cryptbase.dll apphelp.dll clbcatq.dll advapi32.dll sechost.dll ntdll.dll ntdll.dll devobj.dll wow64.dll wow64win.dll wow64cpu.dll kernel32.dll oleaut32.dll kernel32.dll kernel32.dll user32.dll winnsi.dll kernel32.dll SyncInfrastructure.dll KernelBase.dll kernel.appcore.dll rpcrtremote.dll advapi32.dll GdiPlus.dll user32.dll msvcrt.dll sechost.dll rpcrt4.dll sspicli.dll cryptbase.dll dnsapi.dll ws2_32.dll ntdll.dll nsi.dll oleaut32.dll winnsi.dll shell32.dll dhcpcsvc.dll advapi32.dll kernel32.dll dhcpcsvc6.dll kernel32.dll shell32.dll shlwapi.dll gdi32.dll system.directoryservices.dll user32.dll lpk.dll usp10.dll ole32.dll imm32.dll ole32.dll msctf.dll clbcatq.dll msctf.dll oleaut32.dll cryptsp.dll rsaenh.dll RpcRtRemote.dll wevtapi.dll ntdll.dll kernel32.dll KernelBase.dll netapi32.dll gdi32.dll shlwapi.dll user32.dll lpk.dll usp10.dll msvcrt.dll imm32.dll msswch.dll msctf.dll ole32.dll rpcrt4.dll rpcrt4.dll oleaut32.dll ntdll.dll kernel32.dll KernelBase.dll gdi32.dll user32.dll lpk.dll imm32.dll usp10.dll msvcrt.dll imm32.dll msctf.dll ole32.dll rpcrt4.dll oleaut32.dll cryptbase.dll clbcatq.dll advapi32.dll sechost.dll,normal
 ntdll.dll kernel32.dll kernelbase.dll ucrtbase.dll oleaut32.dll combase.dll usp10.dll rpcrt4.dll ole32.dll bcryptprimitives.dll kernel.appcore.dll rpcrtremote.dll msvcrt.dll clbcatq.dll user32.dll kernel32.dll win32u.dll sspicli.dll gdi32.dll gdi32full.dll msvcp_win.dll rpcrt4.dll cryptsp.dll imm32.dll sechost.dll uxtheme.dll bcrypt.dll userenv.dll profapi.dll idstore.dll,normal
 lpk.dll apphelp.dll ntdll.dll kernel32.dll kernelbase.dll advapi32.dll msvcrt.dll sechost.dll ntdll.dll rpcrt4.dll user32.dll microsoft.managementconsole.ni.dll nsi.dll gdi32.dll lpk.dll msvcrt.dll usp10.dll ole32.dll msvcr120_clr0400.dll oleaut32.dll oleaut32.dll lmhsvc.dll tquery.dll shlwapi.dll imm32.dll msctf.dll msshooks.dll cryptbase.dll user32.dll mscoree.dll clbcatq.dll cryptsp.dll rsaenh.dll rpcrtremote.dll mscoreei.dll mssprxy.dll,normal
 ntdll.dll msutb.dll ntdll.dll d3d10level9.dll kernel32.dll KernelBase.dll shcore.dll advapi32.dll msvcrt.dll imm32.dll imm32.dll sechost.dll System.Web.dll shell32.dll shlwapi.dll rpcrt4.dll user32.dll gdi32.dll lpk.dll usp10.dll msvcrt.dll mpr.dll mpr.dll ole32.dll oleaut32.dll secur32.dll sspicli.dll ws2_32.dll ws2_32.dll nsi.dll netapi32.dll netutils.dll srvcli.dll cryptbase.dll wkscli.dll logoncli.dll framedynos.dll msshooks.dll wtsapi32.dll ntdsapi.dll version.dll slc.dll imm32.dll msctf.dll cryptbase.dll clbcatq.dll lpk.dll wbemprox.dll wbemcomn.dll,normal
 ntdll.dll system.deployment.ni.dll ntdll.dll ntdll.dll System.Runtime.DurableInstancing.ni.dll kernel32.dll rpcrt4.dll kernelbase.dll kernelbase.dll system.data.services.client.ni.dll wintrust.dll ws2_32.dll ws2_32.dll sechost.dll sechost.dll rpcrt4.dll oleaut32.dll rpcrt4.dll nsi.dll nsi.dll ucrtbase.dll msctf.dll ucrtbase.dll ucrtbase.dll ucrtbase.dll vcruntime140.dll vcruntime140.dll mswsock.dll mswsock.dll,HTran
 ntdll.dll ntdll.dll kernel32.dll kernelbase.dll api-ms-win-downlevel-shlwapi-l1-1-0.dll sensapi.dll kernelbase.dll ws2_32.dll ws2_32.dll sechost.dll sechost.dll rpcrt4.dll system.xml.ni.dll system.xml.dll rpcrt4.dll nsi.dll nsi.dll winmm.dll shcore.dll vcruntime140.dll vcruntime140.dll ucrtbase.dll lpk.dll ucrtbase.dll mswsock.dll mswsock.dll,HTran
 ntdll.dll srvcli.dll kernel32.dll kernelbase.dll advapi32.dll msvcrt.dll msvcrt.dll oleaut32.dll sechost.dll rpcrt4.dll user32.dll gdi32.dll oleaut32.dll rsaenh.dll msvcrt.dll lpk.dll usp10.dll ole32.dll wintrust.dll oleaut32.dll tquery.dll tquery.dll sspicli.dll shlwapi.dll imm32.dll msctf.dll gdi32.dll msshooks.dll msshooks.dll mscoree.dll gdi32.dll mscoreei.dll cryptbase.dll clbcatq.dll rpcrt4.dll cryptsp.dll rsaenh.dll rpcrtremote.dll mssprxy.dll,normal
 ntdll.dll ntdll.dll wow64.dll rpcrt4.dll wow64win.dll wow64cpu.dll msvcrt.dll kernel32.dll kernel32.dll setupapi.dll gdi32.dll kernel32.dll user32.dll kernel32.dll ktmw32.dll kernel32.dll bcrypt.dll kernelbase.dll kernel32.dll advapi32.dll msvcrt.dll sechost.dll rpcrt4.dll fxsmon.dll sspicli.dll clbcatq.dll cryptbase.dll user32.dll gdi32.dll lpk.dll usp10.dll userenv.dll shlwapi.dll WindowsBase.dll wintrust.dll shell32.dll policymanager.dll ole32.dll msctf.dll imm32.dll rsaenh.dll msctf.dll iertutil.dll ieframe.dll oleacc.dll System.Transactions.dll comctl32.dll cryptbase.dll KernelBase.dll clbcatq.dll urlmon.dll system.runtime.remoting.ni.dll ws2_32.dll api-ms-win-downlevel-shlwapi-l1-1-0.dll peerdistsh.dll nsi.dll dnsapi.dll winnsi.dll wininet.dll oleaut32.dll lpk.dll user32.dll netprofm.dll nlaapi.dll crypt32.dll msasn1.dll psapi.dll profapi.dll rpcrtremote.dll npmproxy.dll clbcatq.dll cryptsp.dll rsaenh.dll ntmarta.dll wldap32.dll comdlg32.dll mswsock.dll wship6.dll rpcrt4.dll sechost.dll version.dll sqmapi.dll rasadhlp.dll uxtheme.dll rasapi32.dll rasman.dll dhcpcsvc.dll rtutils.dll sensapi.dll nlaapi.dll dwmapi.dll gdi32.dll api-ms-win-core-memory-l1-1-1.dll dot3api.dll ieui.dll msimg32.dll cryptsp.dll cscapi.dll msctf.dll napinsp.dll accessibility.dll pnrpnsp.dll winrnr.dll wshbth.dll fms.dll ieproxy.dll apphelp.dll gdi32.dll ole32.dll system.data.sqlxml.dll ieframe.dll url.dll oleacc.dll msctf.dll ole32.dll propsys.dll kernel32.dll uxtheme.dll setupapi.dll cfgmgr32.dll devobj.dll xmllite.dll explorerframe.dll msfeeds.dll duser.dll mscorlib.ni.dll dui70.dll advapi32.dll sxs.dll vm3dum64.dll mlang.dll normaliz.dll shlwapi.dll shell32.dll msxml3.dll api-ms-win-crt-stdio-l1-1-0.dll mssprxy.dll tiptsf.dll naturallanguage6.dll nlsdata0009.dll nlslexicons0009.dll msutb.dll clbcatq.dll shell32.dll windows.storage.dll userenv.dll linkinfo.dll system.windows.forms.ni.dll tquery.dll KernelBase.dll tquery.dll apphelp.dll structuredquery.dll secur32.dll wpc.dll wevtapi.dll sensapi.dll samlib.dll netutils.dll ntshrui.dll srvcli.dll cscapi.dll samcli.dll slc.dll ntdll.dll kernel32.dll kernelbase.dll sxs.dll msvcrt.dll ole32.dll gdi32.dll user32.dll lpk.dll usp10.dll usp10.dll imm32.dll kernel32.dll rpcrt4.dll oleaut32.dll imm32.dll msctf.dll cryptbase.dll secur32.dll sechost.dll advapi32.dll clbcatq.dll lpk.dll racengn.dll wevtapi.dll sqmapi.dll aepic.dll sfc.dll sfc_os.dll version.dll imm32.dll shell32.dll shlwapi.dll profapi.dll sqlceoledb30.dll sqlcese30.dll sqlceqp30.dll winsatapi.dll dxgi.dll dwmapi.dll gdiplus.dll setupapi.dll cfgmgr32.dll devobj.dll wintrust.dll crypt32.dll msasn1.dll powrprof.dll taskschd.dll sspicli.dll xmllite.dll,normal
 cryptsp.dll sendmail.dll rpcrt4.dll mydocs.dll PlayToDevice.dll wpdshext.dll EhStorAPI.dll,normal
 ntdll.dll microsoft.visualstudio.tools.office.hostadapter.v10.0.dll kernel32.dll kernelbase.dll Microsoft.VisualStudio.Tools.Applications.Contract.v9.0.dll rsaenh.dll gdi32.dll user32.dll msvcrt.dll setupapi.dll lpk.dll usp10.dll msvcrt.dll imm32.dll msctf.dll ole32.dll rpcrt4.dll oleaut32.dll cryptbase.dll wow64cpu.dll clbcatq.dll advapi32.dll sechost.dll ntdll.dll system.deployment.dll ntdll.dll msoobeui.dll imm32.dll wow64.dll api-ms-win-eventing-controller-l1-1-0.dll wow64win.dll wow64cpu.dll kernel32.dll adtschema.dll kernel32.dll kernel32.dll wow64.dll user32.dll kernel32.dll kernelbase.dll advapi32.dll msvcrt.dll sechost.dll msvcrt.dll sechost.dll combase.dll clbcatq.dll rpcrt4.dll sspicli.dll cryptbase.dll comctl32.dll dnsapi.dll ntdll.dll ws2_32.dll nsi.dll profapi.dll winnsi.dll msvcrt.dll dhcpcsvc.dll dhcpcsvc6.dll shell32.dll uiautomationprovider.dll msvcrt.dll clbcatq.dll shlwapi.dll gdi32.dll user32.dll lpk.dll usp10.dll ole32.dll imm32.dll msctf.dll clbcatq.dll System.Transactions.dll sspicli.dll oleaut32.dll cryptsp.dll rsaenh.dll rsaenh.dll rpcrtremote.dll wevtapi.dll ntdll.dll ole32.dll kernel32.dll kernelbase.dll gdi32.dll dnsapi.dll user32.dll lpk.dll usp10.dll rpcrt4.dll msvcrt.dll imm32.dll System.Data.dll msctf.dll ole32.dll rpcrt4.dll oleaut32.dll sfc.dll api-ms-win-downlevel-advapi32-l1-1-0.dll wevtapi.dll cryptbase.dll clbcatq.dll advapi32.dll msvcrt.dll sechost.dll msctf.dll SensApi.dll ntdll.dll ntdll.dll wow64.dll srvcli.dll wow64win.dll system.drawing.design.ni.dll wow64cpu.dll kernel32.dll kernel32.dll system.ni.dll kernel32.dll user32.dll mscorlib.ni.dll profapi.dll kernel32.dll clbcatq.dll sensapi.dll sspicli.dll kernelbase.dll ole32.dll SensApi.dll dot3gpclnt.dll oleaut32.dll winrnr.dll System.dll msvcrt.dll oleaut32.dll ole32.dll gdi32.dll user32.dll advapi32.dll sechost.dll rpcrt4.dll sspicli.dll ole32.dll Microsoft.Management.Infrastructure.Native.dll cryptbase.dll System.Drawing.ni.dll lpk.dll usp10.dll version.dll cryptsp.dll imm32.dll edputil.dll msctf.dll profapi.dll sxs.dll clbcatq.dll vbscript.dll sxs.dll advapi32.dll wintrust.dll gdi32.dll crypt32.dll msasn1.dll cryptsp.dll mscorlib.dll rsaenh.dll msisip.dll sechost.dll wshext.dll comctl32.dll shell32.dll shlwapi.dll scrobj.dll msi.dll ieshims.dll scrrun.dll imm32.dll ntdll.dll kernel32.dll kernelbase.dll gdi32.dll user32.dll lpk.dll usp10.dll msctf.dll mscorlib.dll msvcrt.dll profapi.dll user32.dll imm32.dll windows.storage.dll msctf.dll ole32.dll rpcrt4.dll kernel32.dll oleaut32.dll cryptbase.dll wkscli.dll clbcatq.dll advapi32.dll sechost.dll ntdll.dll usp10.dll ntdll.dll webio.dll wow64.dll msctf.dll wow64win.dll apprepapi.dll wow64cpu.dll kernel32.dll kernel32.dll kernel32.dll msctf.dll user32.dll kernel32.dll kernelbase.dll wow64win.dll advapi32.dll msvcrt.dll sechost.dll rpcrt4.dll usp10.dll sspicli.dll cryptbase.dll wow64cpu.dll dnsapi.dll accessibility.dll ws2_32.dll nsi.dll cryptbase.dll winnsi.dll dhcpcsvc.dll dhcpcsvc6.dll shell32.dll shlwapi.dll gdi32.dll user32.dll lpk.dll usp10.dll ole32.dll imm32.dll msctf.dll clbcatq.dll wow64win.dll oleaut32.dll cryptsp.dll rsaenh.dll kernel32.dll rpcrtremote.dll wevtapi.dll ktmw32.dll ntdll.dll imm32.dll clbcatq.dll wow64.dll wow64win.dll wow64cpu.dll devobj.dll ntdll.dll kernel32.dll kernel32.dll kernelbase.dll cryptbase.dll advapi32.dll msvcrt.dll sechost.dll rpcrt4.dll sspicli.dll kernel32.dll cryptbase.dll cryptui.dll gdi32.dll user32.dll gdi32.dll lpk.dll usp10.dll shlwapi.dll shell32.dll ole32.dll PresentationFramework.ni.dll wsock32.dll iertutil.dll urlmon.dll winmm.dll clrjit.dll rpcrt4.dll wininet.dll oleaut32.dll crypt32.dll msasn1.dll imm32.dll imm32.dll msctf.dll cbscore.dll ieframe.dll psapi.dll oleacc.dll comctl32.dll kernel32.dll kernel32.dll profapi.dll advapi32.dll ws2_32.dll nsi.dll dnsapi.dll winnsi.dll clbcatq.dll netprofm.dll netutils.dll kernel32.dll nlaapi.dll system.transactions.dll cryptsp.dll rsaenh.dll sechost.dll ws2_32.dll rpcrtremote.dll reachframework.dll npmproxy.dll comdlg32.dll sqmapi.dll ntmarta.dll wldap32.dll user32.dll apphelp.dll SensApi.dll ieframe.dll rasapi32.dll rasman.dll rtutils.dll sensapi.dll nlaapi.dll sspicli.dll rasadhlp.dll ieui.dll msimg32.dll napinsp.dll mswsock.dll winrnr.dll wship6.dll ieproxy.dll uxtheme.dll url.dll oleacc.dll version.dll propsys.dll xmllite.dll setupapi.dll cfgmgr32.dll devobj.dll ntdll.dll explorerframe.dll duser.dll dui70.dll ole32.dll ole32.dll comctl32.dll msctf.dll msctf.dll imecfm.dll msfeeds.dll sxs.dll mlang.dll shell32.dll normaliz.dll shell32.dll lspwaoie.dll imagehlp.dll wsock32.dll msxml3.dll shell32.dll userenv.dll,normal
 ntdll.dll ntdll.dll wow64.dll wow64win.dll wow64cpu.dll kernel32.dll ole32.dll kernel32.dll bcp47mrm.dll winbrand.dll kernel32.dll user32.dll kernel32.dll kernelbase.dll advapi32.dll msvcrt.dll sechost.dll rpcrt4.dll sspicli.dll lmhsvc.dll cryptbase.dll dnsapi.dll oleaut32.dll devobj.dll ws2_32.dll usp10.dll npmproxy.dll nsi.dll kernel32.dll winnsi.dll dhcpcsvc.dll rsaenh.dll dhcpcsvc6.dll wow64win.dll shell32.dll shlwapi.dll gdi32.dll system.windows.forms.ni.dll sspicli.dll user32.dll lpk.dll usp10.dll microsoft.windows.diagnosis.commands.writediagprogress.dll ole32.dll imm32.dll msctf.dll sqmapi.dll user32.dll clbcatq.dll oleaut32.dll cryptsp.dll advapi32.dll rsaenh.dll rpcrtremote.dll wevtapi.dll ntdll.dll ntdll.dll wow64.dll cryptbase.dll wow64win.dll wow64cpu.dll kernel32.dll oleaut32.dll nsi.dll windows.storage.dll kernel32.dll kernel32.dll user32.dll kernel32.dll kernelbase.dll advapi32.dll usp10.dll msvcrt.dll SensApi.dll sechost.dll rpcrt4.dll sspicli.dll msctf.dll cryptbase.dll gdi32full.dll dnsapi.dll ws2_32.dll nsi.dll winnsi.dll dhcpcsvc.dll dhcpcsvc6.dll shell32.dll shlwapi.dll gdi32.dll user32.dll setupapi.dll wow64win.dll lpk.dll clr.dll usp10.dll ole32.dll mscorlib.dll imm32.dll rsaenh.dll msctf.dll clbcatq.dll oleaut32.dll wldap32.dll cryptsp.dll rsaenh.dll rpcrtremote.dll apphelp.dll wevtapi.dll ntdll.dll ntdll.dll user32.dll wow64.dll user32.dll wow64win.dll wow64cpu.dll wersvc.dll kernel32.dll kernel32.dll kernel32.dll msasn1.dll user32.dll wkscli.dll kernel32.dll kernelbase.dll kernel32.dll msvcrt.dll winbrand.dll user32.dll microsoft.visualc.ni.dll clbcatq.dll gdi32.dll lpk.dll usp10.dll advapi32.dll sechost.dll rpcrt4.dll sspicli.dll cryptbase.dll imm32.dll msctf.dll apphelp.dll,normal
 ntdll.dll kernel32.dll dbgeng.dll synceng.dll KernelBase.dll profapi.dll advapi32.dll kernel32.dll clbcatq.dll mscorlib.dll msvcrt.dll sechost.dll imm32.dll clbcatq.dll clrjit.dll rpcrt4.dll nlasvc.dll gdi32.dll user32.dll msasn1.dll lpk.dll usp10.dll msswch.dll winmm.dll dwmapi.dll GdiPlus.dll ole32.dll oleacc.dll oleaut32.dll shlwapi.dll wmsgapi.dll duser.dll cryptbase.dll uxtheme.dll adtschema.dll imm32.dll msctf.dll cryptbase.dll dui70.dll winnsi.dll comctl32.dll xmllite.dll clbcatq.dll tabskb.dll cryptsp.dll rsaenh.dll RpcRtRemote.dll InkObj.dll cfgmgr32.dll atl.dll WindowsCodecs.dll,normal
 ntdll.dll kernel32.dll api-ms-win-eventing-provider-l1-1-0.dll kernelbase.dll advapi32.dll oleaut32.dll msvcrt.dll sechost.dll shlwapi.dll user32.dll rpcrt4.dll ole32.dll msasn1.dll oleaut32.dll msvcp_win.dll ucrtbase.dll combase.dll api-ms-win-core-stringloader-l1-1-1.dll bcryptprimitives.dll ole32.dll wow64cpu.dll gdi32.dll gdi32full.dll user32.dll win32u.dll crypt32.dll msasn1.dll wkscli.dll wintrust.dll Microsoft.Powershell.GraphicalHost.dll mpclient.dll secur32.dll rsaenh.dll slc.dll bcrypt.dll sppc.dll sspicli.dll version.dll userenv.dll winsta.dll profapi.dll gpapi.dll,normal
 oleaut32.dll ntdll.dll mscorwks.dll kernel32.dll KernelBase.dll advapi32.dll msvcrt.dll sechost.dll rpcrt4.dll user32.dll kernel32.dll deviceaccess.dll gdi32.dll lpk.dll usp10.dll ole32.dll ntdll.dll profapi.dll oleaut32.dll imm32.dll ntdll.dll msctf.dll cryptbase.dll clbcatq.dll cryptsp.dll rsaenh.dll cryptbase.dll RpcRtRemote.dll d3d10warp.dll mscorlib.dll sxs.dll uxtheme.dll winsta.dll shell32.dll shlwapi.dll,normal
 sechost.dll ntdll.dll dbghelp.dll kernel32.dll kernelbase.dll System.Core.dll gdi32.dll user32.dll oleaut32.dll msvcrt.dll imm32.dll oleaut32.dll combase.dll System.Runtime.Serialization.dll msctf.dll rpcrt4.dll msvcr120_clr0400.dll sspicli.dll sechost.dll kernel.appcore.dll cryptbase.dll bcryptprimitives.dll clbcatq.dll,normal
 ntdll.dll ntdll.dll wow64.dll wow64win.dll wow64cpu.dll kernel32.dll mscorlib.ni.dll advapi32.dll kernel32.dll cryptsp.dll user32.dll credui.dll sechost.dll kernel32.dll user32.dll msvcrt.dll kernel32.dll kernelbase.dll api-ms-win-downlevel-user32-l1-1-0.dll user32.dll gdi32.dll System.ServiceProcess.dll webio.dll kernel32.dll sppcommdlg.dll lpk.dll usp10.dll msvcrt.dll advapi32.dll sechost.dll rpcrt4.dll comres.dll rpcrt4.dll sspicli.dll ole32.dll cryptbase.dll ws2_32.dll system.runtime.serialization.formatters.soap.ni.dll nsi.dll shlwapi.dll version.dll imm32.dll msctf.dll ntdll.dll ntdll.dll kernel32.dll system.directoryservices.protocols.dll wow64.dll msswch.dll wow64win.dll wow64cpu.dll kernel32.dll kernel32.dll kernel32.dll netprofm.dll user32.dll kernel32.dll oleaut32.dll imecfm.dll kernelbase.dll advapi32.dll mswsock.dll vm3dum64.dll schannel.dll ntdll.dll msvcrt.dll sechost.dll rsaenh.dll rpcrt4.dll sspicli.dll cryptbase.dll dnsapi.dll ws2_32.dll nsi.dll winnsi.dll kernelbase.dll dhcpcsvc.dll wow64cpu.dll dhcpcsvc6.dll ntdll.dll SensApi.dll shell32.dll shlwapi.dll gdi32.dll user32.dll imm32.dll lpk.dll usp10.dll ole32.dll imm32.dll msctf.dll clbcatq.dll oleaut32.dll cryptsp.dll gdi32.dll rsaenh.dll rpcrtremote.dll wevtapi.dll ntdll.dll ntdll.dll wow64.dll npmproxy.dll wow64win.dll wow64cpu.dll kernel32.dll kernel32.dll kernel32.dll user32.dll kernel32.dll kernelbase.dll msvcrt.dll winbrand.dll user32.dll ntdsapi.dll gdi32.dll mswsock.dll lpk.dll usp10.dll advapi32.dll sechost.dll rpcrt4.dll sspicli.dll cryptbase.dll imm32.dll msctf.dll apphelp.dll,normal
 ntdll.dll ntdll.dll kernel32.dll msvcrt.dll kernelbase.dll kernelbase.dll msvcrt.dll msvcrt.dll System.Windows.Forms.dll ole32.dll combase.dll ucrtbase.dll ucrtbase.dll rpcrt4.dll clbcatq.dll rpcrt4.dll SensApi.dll System.Data.ni.dll api-ms-win-devices-config-l1-1-1.dll bcryptprimitives.dll bcryptprimitives.dll kernel.appcore.dll system.runtime.serialization.ni.dll kernel.appcore.dll advapi32.dll oleaut32.dll twinapi.appcore.dll twinapi.appcore.dll sechost.dll sechost.dll msctf.dll rmclient.dll rmclient.dll wintypes.dll wintypes.dll shcore.dll shcore.dll user32.dll win32u.dll gdi32.dll gdi32full.dll ntdll.dll msvcp_win.dll dhcpcsvc6.dll user32.dll msvcp_win.dll imm32.dll mrmcore.dll mrmcorer.dll profapi.dll onecoreuapcommonproxystub.dll onecoreuapcommonproxystub.dll windows.ui.dll windows.ui.dll textinputframework.dll msvcrt.dll inputhost.dll coremessaging.dll msctf.dll coremessaging.dll coreuicomponents.dll ole32.dll msvcrt.dll lpk.dll wow64cpu.dll coreuicomponents.dll kernel.appcore.dll coreuicomponents.dll oleaut32.dll coreuicomponents.dll advapi32.dll advapi32.dll ntmarta.dll kernel.appcore.dll ntmarta.dll languageoverlayutil.dll System.Data.dll languageoverlayutil.dll wow64win.dll bcp47mrm.dll bcp47mrm.dll System.Security.ni.dll System.ComponentModel.DataAnnotations.dll cryptbase.dll msctf.dll uxtheme.dll msctf.dll uxtheme.dll biwinrt.dll biwinrt.dll oleaut32.dll contentdeliverymanager.background.dll slc.dll slc.dll wldp.dll wldp.dll crypt32.dll msasn1.dll MpOAV.dll msasn1.dll ole32.dll wincorlib.dll wintrust.dll sppc.dll sppc.dll cdp.dll cdp.dll ws2_32.dll ws2_32.dll cfgmgr32.dll bcrypt.dll ole32.dll msutb.dll bcrypt.dll ncrypt.dll lpk.dll ncrypt.dll sspicli.dll sspicli.dll ntasn1.dll msctf.dll winnsi.dll wow64cpu.dll ntasn1.dll windows.storage.applicationdata.dll dcntel.dll ntshrui.dll windows.storage.applicationdata.dll policymanager.dll policymanager.dll msvcp110_win.dll msvcp110_win.dll winhttp.dll winhttp.dll iphlpapi.dll threadpoolwinrt.dll threadpoolwinrt.dll windows.applicationmodel.background.timebroker.dll windows.applicationmodel.background.timebroker.dll logoncli.dll windows.applicationmodel.background.systemeventsbroker.dll windows.applicationmodel.background.systemeventsbroker.dll,normal
 ntdll.dll advapi32.dll ntdll.dll wow64.dll wow64win.dll SensApi.dll wow64cpu.dll kernel32.dll mrmdeploy.dll kernel32.dll userenv.dll kernel32.dll kernel32.dll user32.dll kernel32.dll ole32.dll sfc_os.dll KernelBase.dll msvcrt.dll winbrand.dll Accessibility.dll user32.dll gdi32.dll lpk.dll usp10.dll advapi32.dll sechost.dll cryptsp.dll ntdll.dll rpcrt4.dll sspicli.dll cryptbase.dll imm32.dll msctf.dll apphelp.dll,normal
 ntdll.dll kernel32.dll devobj.dll kernelbase.dll wow64.dll msvcrt.dll ole32.dll gdi32.dll system.activities.dll oleaut32.dll elstrans.dll user32.dll lpk.dll advapi32.dll usp10.dll api-ms-win-downlevel-normaliz-l1-1-0.dll rpcrt4.dll imm32.dll msctf.dll System.Deployment.ni.dll wldap32.dll cryptbase.dll clbcatq.dll advapi32.dll sechost.dll npmproxy.dll oleaut32.dll cryptsp.dll rsaenh.dll rpcrtremote.dll uxtheme.dll shacct.dll comctl32.dll shlwapi.dll userenv.dll profapi.dll idstore.dll,normal
 dwmapi.dll ntdll.dll kernel32.dll KernelBase.dll gdi32.dll cryptbase.dll ntdll.dll oleaut32.dll user32.dll lpk.dll usp10.dll msvcrt.dll imm32.dll msctf.dll sechost.dll ole32.dll rpcrt4.dll oleaut32.dll setupapi.dll cryptbase.dll clbcatq.dll advapi32.dll sechost.dll,normal
 ntdll.dll mapi32.dll kernel32.dll usp10.dll microsoft.visualstudio.tools.applications.serverdocument.v10.0.ni.dll version.dll kernelbase.dll advapi32.dll System.ni.dll user32.dll secur32.dll msvcrt.dll ole32.dll oleaut32.dll msimg32.dll combase.dll wer.dll version.dll shell32.dll shlwapi.dll sechost.dll rpcrt4.dll gdi32.dll imm32.dll msctf.dll kernel.appcore.dll winnsi.dll cryptbase.dll bcryptprimitives.dll uxtheme.dll netsetupengine.dll msasn1.dll clbcatq.dll cryptsp.dll rsaenh.dll advapi32.dll bcrypt.dll msctfp.dll tiptsf.dll,normal
 ntdll.dll logoncli.dll kernel32.dll mscorwks.dll kernelbase.dll usp10.dll advapi32.dll msvcrt.dll sechost.dll rpcrt4.dll shell32.dll shlwapi.dll gdi32.dll user32.dll System.Runtime.Serialization.Formatters.Soap.ni.dll lpk.dll usp10.dll wevtapi.dll imm32.dll msctf.dll ole32.dll cryptbase.dll uxtheme.dll cryptsp.dll oleaut32.dll clbcatq.dll gdi32.dll msvcrt.dll msutb.dll ntmarta.dll wldap32.dll profapi.dll taskschd.dll ole32.dll urlmon.dll api-ms-win-downlevel-ole32-l1-1-0.dll msutb.dll api-ms-win-downlevel-shlwapi-l1-1-0.dll Wldap32.dll oleaut32.dll api-ms-win-downlevel-advapi32-l1-1-0.dll api-ms-win-downlevel-user32-l1-1-0.dll api-ms-win-downlevel-version-l1-1-0.dll tcpipcfg.dll kernel32.dll version.dll api-ms-win-downlevel-normaliz-l1-1-0.dll normaliz.dll iertutil.dll wininet.dll userenv.dll secur32.dll sspicli.dll System.ServiceModel.Internals.dll api-ms-win-downlevel-advapi32-l2-1-0.dll setupapi.dll cfgmgr32.dll devobj.dll propsys.dll comctl32.dll mpr.dll,normal
 aelupsvc.dll apphelp.dll,normal
 appxdeploymentclient.dll imm32.dll wintypes.dll windows.applicationmodel.dll advpack.dll usp10.dll ddores.dll devicemetadataretrievalclient.dll appxstreamingdatasourceps.dll,normal
 ntdll.dll ntdll.dll kernel32.dll kernelbase.dll kernelbase.dll sechost.dll gdi32.dll sechost.dll rpcrt4.dll rpcrt4.dll Microsoft.VisualStudio.Tools.Applications.Runtime.v9.0.dll ucrtbase.dll ucrtbase.dll combase.dll bcryptprimitives.dll sxsstore.dll bcryptprimitives.dll kernel.appcore.dll kernel.appcore.dll imm32.dll Wldap32.dll lpk.dll msvcrt.dll bcryptprimitives.dll sspicli.dll msvcrt.dll user32.dll win32u.dll gdi32.dll api-ms-win-crt-math-l1-1-0.dll ntdll.dll gdi32full.dll msvcp_win.dll msvcp_win.dll appxdeploymentserver.dll appxdeploymentserver.dll shcore.dll sensapi.dll shcore.dll oleaut32.dll kernel32.dll staterepository.core.dll system.printing.dll staterepository.core.dll advapi32.dll advapi32.dll filterlib.dll wow64.dll fltlib.dll profapi.dll tdh.dll ondemandconnroutehelper.dll kernel32.dll winnsi.dll lpk.dll tdh.dll crypt32.dll winhttp.dll mrmcore.dll mrmcorer.dll mrmdeploy.dll mrmdeploy.dll kernel32.dll kernel32.dll mintdh.dll mintdh.dll appxdeploymentclient.dll appxdeploymentclient.dll msasn1.dll msasn1.dll ntmarta.dll ntmarta.dll msctf.dll imagehlp.dll imesearchdll.dll System.Security.ni.dll rpcrt4.dll userenv.dll sppuinotify.dll userenv.dll bcrypt.dll bcrypt.dll wer.dll wer.dll wldp.dll wldp.dll lpk.dll sensapi.dll wintrust.dll wtsapi32.dll mscoreei.dll wtsapi32.dll winsta.dll winsta.dll wevtapi.dll wevtapi.dll tdltotilestoremigrator.dll tdlmigration.dll msvcp110_win.dll msvcp110_win.dll esent.dll esent.dll clbcatq.dll windows.staterepositoryps.dll windows.staterepositoryps.dll,normal
 ntdll.dll imm32.dll kernel32.dll user32.dll kernelbase.dll gdi32.dll imm32.dll user32.dll lpk.dll System.Data.SqlXml.dll usp10.dll msvcrt.dll imm32.dll msctf.dll ole32.dll rpcrt4.dll oleaut32.dll cryptbase.dll clbcatq.dll advapi32.dll sechost.dll adtschema.dll ntdll.dll ucrtbase.dll wevtapi.dll kernel32.dll kernelbase.dll gdi32.dll user32.dll imagehlp.dll mssrch.dll lpk.dll comdlg32.dll usp10.dll msvcrt.dll lpk.dll imm32.dll msvcrt.dll msctf.dll ole32.dll cryptsp.dll rpcrt4.dll oleaut32.dll cryptbase.dll clbcatq.dll advapi32.dll sechost.dll,normal
 rpcrtremote.dll clbcatq.dll ntdll.dll ntdll.dll sechost.dll System.Data.OracleClient.dll wow64.dll wow64win.dll wow64cpu.dll kernel32.dll kernel32.dll kernel32.dll schedsvc.dll api-ms-win-core-processthreads-l1-1-1.dll user32.dll kernel32.dll KernelBase.dll advapi32.dll msvcrt.dll sechost.dll mscms.dll bcrypt.dll rpcrt4.dll ntdll.dll sspicli.dll cryptbase.dll userenv.dll msvcr120_clr0400.dll mscoree.dll ole32.dll netcfgx.dll user32.dll gdi32.dll oleaut32.dll user32.dll lpk.dll powercpl.dll usp10.dll oleaut32.dll userenv.dll imm32.dll msctf.dll cryptsp.dll msswch.dll wow64win.dll rsaenh.dll RpcRtRemote.dll clbcatq.dll sxs.dll nsi.dll mscoreei.dll wow64.dll gdi32.dll clr.dll shlwapi.dll mscorlib.ni.dll clrjit.dll Microsoft.Powershell.Workflow.ServiceCore.dll Microsoft.Powershell.Workflow.ServiceCore.dll msctf.dll version.dll mscorlib.dll mscorlib.dll bcryptprimitives.dll system.drawing.dll System.ni.dll gdi32.dll System.Core.ni.dll webio.dll System.Activities.ni.dll System.Activities.dll wow64cpu.dll System.Activities.dll System.dll System.dll System.Core.dll System.Core.dll System.Management.Automation.dll System.Management.Automation.dll Microsoft.PowerShell.Management.Activities.dll Microsoft.PowerShell.Management.Activities.dll Microsoft.PowerShell.Commands.Management.ni.dll System.ServiceProcess.ni.dll System.Management.ni.dll Microsoft.PowerShell.Activities.ni.dll System.Configuration.ni.dll System.Configuration.dll System.Configuration.dll System.Xml.ni.dll System.Xml.dll System.Xml.dll,normal
 imm32.dll ntdll.dll ntdll.dll kernel32.dll kernelbase.dll sechost.dll kernelbase.dll imm32.dll apphelp.dll bcryptprimitives.dll bcryptprimitives.dll kernel.appcore.dll wow64cpu.dll kernel.appcore.dll twinapi.appcore.dll twinapi.appcore.dll sechost.dll winbrand.dll sechost.dll lpk.dll msvcrt.dll msvcrt.dll shlwapi.dll rmclient.dll rmclient.dll wintypes.dll wintypes.dll shcore.dll msvcrt.dll mscoreei.dll shcore.dll user32.dll System.Core.dll ncrypt.dll win32u.dll gdi32.dll gdi32full.dll imm32.dll combase.dll ucrtbase.dll ucrtbase.dll sensapi.dll mrmcore.dll mrmcorer.dll profapi.dll cbscore.dll windows.ui.dll KernelBase.dll windows.ui.dll textinputframework.dll inputhost.dll coreuicomponents.dll coreuicomponents.dll advapi32.dll shcore.dll advapi32.dll system.security.dll devicecenter.dll rpcrt4.dll ntmarta.dll ntmarta.dll kernelbase.dll coremessaging.dll coremessaging.dll cfgmgr32.dll onecoreuapcommonproxystub.dll imm32.dll shell32.dll onecoreuapcommonproxystub.dll ole32.dll bcp47mrm.dll rpcrt4.dll cryptbase.dll ole32.dll bcp47mrm.dll rpcrt4.dll rpcrt4.dll uxtheme.dll uxtheme.dll dhcpcsvc.dll biwinrt.dll system.configuration.dll biwinrt.dll oleaut32.dll secur32.dll vcruntime140_app.dll vcruntime140_app.dll msvcp_win.dll msvcp_win.dll winmm.dll vccorlib140_app.dll kernelbase.dll kernel32.dll msvcp140_app.dll msvcp140_app.dll winstoretaskswrapper.dll ws2_32.dll gdi32.dll ws2_32.dll crypt32.dll ncrypt.dll ncrypt.dll msasn1.dll msasn1.dll tquery.dll ntdll.dll system.web.dll iphlpapi.dll bcrypt.dll bcrypt.dll sspicli.dll sspicli.dll ntasn1.dll ntasn1.dll xmllite.dll crypt32.dll xmllite.dll msvcp110_win.dll mscoreei.dll msvcp110_win.dll webio.dll wow64cpu.dll SensApi.dll ole32.dll dpapi.dll dpapi.dll mrt100.dll System.DirectoryServices.Protocols.dll mrt100.dll windows.storage.applicationdata.dll windows.storage.applicationdata.dll logoncli.dll windows.applicationmodel.dll windows.applicationmodel.dll system.security.ni.dll windows.globalization.dll windows.globalization.dll bcp47lang.dll bcp47langs.dll rsaenh.dll usermgrproxy.dll mpr.dll usermgrproxy.dll appxdeploymentclient.dll ole32.dll appxdeploymentclient.dll staterepository.core.dll staterepository.core.dll usermgrcli.dll api-ms-win-core-timezone-l1-1-0.dll usermgrcli.dll iertutil.dll vm3dum64.dll iertutil.dll onecorecommonproxystub.dll onecorecommonproxystub.dll powrprof.dll userenv.dll userenv.dll gdi32.dll profext.dll mscorwks.dll profext.dll cabinet.dll cabinet.dll winhttp.dll winhttp.dll cryptsp.dll cryptsp.dll webservices.dll mscorlib.dll bcryptprimitives.dll webservices.dll imm32.dll usp10.dll sspicli.dll windows.storage.dll windows.storage.dll rsaenh.dll shlwapi.dll powrprof.dll filterlib.dll fltlib.dll propsys.dll propsys.dll clr.dll tokenbinding.dll tokenbinding.dll ondemandconnroutehelper.dll ondemandconnroutehelper.dll system.dll system.data.dll ntdll.dll mswsock.dll mswsock.dll firewallapi.dll fwbase.dll fwbase.dll shell32.dll rpcrtremote.dll winnsi.dll winnsi.dll nsi.dll nsi.dll wintrust.dll lpk.dll rsaenh.dll rsaenh.dll rpcrtremote.dll cryptbase.dll cryptbase.dll urlmon.dll urlmon.dll dnsapi.dll rasadhlp.dll rasadhlp.dll fwpuclnt.dll oleacc.dll schannel.dll ole32.dll wtsapi32.dll gdiplus.dll schannel.dll cryptnet.dll certenroll.dll certca.dll wldap32.dll dsparse.dll dsparse.dll mlang.dll winstore.app.dll mrt100_app.dll system.data.sqlxml.dll mrt100_app.dll dmprocessxmlfiltered.dll dmprocessxmlfiltered.dll dmcmnutils.dll lpk.dll dmcmnutils.dll rpcrt4.dll sharedlibrary.dll sharedlibrary.dll system.core.dll normaliz.dll KernelBase.dll normaliz.dll cbscore.dll windows.system.profile.platformdiagnosticsandusagedatasettings.dll windows.system.profile.platformdiagnosticsandusagedatasettings.dll rometadata.dll rometadata.dll advapi32.dll winstore.preview.dll windows.security.authentication.web.core.dll windows.security.authentication.web.core.dll windows.applicationmodel.store.dll windows.applicationmodel.store.dll windows.web.http.dll windows.web.http.dll windows.system.userprofile.diagnosticssettings.dll windows.system.userprofile.diagnosticssettings.dll wininet.dll wininet.dll mskeyprotect.dll mskeyprotect.dll ncryptsslp.dll ncryptsslp.dll,normal
 ntdll.dll kernel32.dll system.security.dll kernel32.dll kernelbase.dll gdi32.dll user32.dll lpk.dll usp10.dll msvcrt.dll imm32.dll usp10.dll msctf.dll ole32.dll system.enterpriseservices.dll rpcrt4.dll oleaut32.dll cryptbase.dll clbcatq.dll clbcatq.dll advapi32.dll ole32.dll usp10.dll sechost.dll ntdll.dll ntdll.dll wow64.dll wow64win.dll wow64cpu.dll kernel32.dll kernel32.dll kernel32.dll user32.dll cryptbase.dll wldap32.dll kernel32.dll ntdll.dll kernelbase.dll advapi32.dll msvcrt.dll sechost.dll rpcrt4.dll sspicli.dll cryptbase.dll dnsapi.dll ws2_32.dll nsi.dll bcrypt.dll winnsi.dll dhcpcsvc.dll wow64win.dll dhcpcsvc6.dll presentationframework.dll netutils.dll msctf.dll Accessibility.ni.dll kernel32.dll gdi32.dll shell32.dll shlwapi.dll gdi32.dll user32.dll kernel32.dll mapi32.dll dnsapi.dll dhcpcsvc.dll eappcfg.dll lpk.dll usp10.dll ole32.dll imm32.dll wow64cpu.dll msctf.dll oleaut32.dll System.Xml.ni.dll msctf.dll cryptbase.dll imagehlp.dll clbcatq.dll oleaut32.dll api-ms-win-crt-filesystem-l1-1-0.dll cryptsp.dll rsaenh.dll rpcrtremote.dll wevtapi.dll ntdll.dll kernel32.dll advapi32.dll sechost.dll kernelbase.dll shell32.dll cryptsp.dll msvcrt.dll profapi.dll rpcrt4.dll shlwapi.dll user32.dll rpcrt4.dll gdi32.dll lpk.dll usp10.dll ole32.dll imm32.dll msctf.dll ntdll.dll ntdll.dll sspicli.dll devobj.dll wow64.dll wow64win.dll gdi32full.dll gdi32.dll System.ServiceProcess.ni.dll wow64cpu.dll kernel32.dll kernel32.dll kernel32.dll user32.dll kernel32.dll kernelbase.dll advapi32.dll msvcrt.dll sechost.dll rpcrt4.dll sspicli.dll cryptbase.dll oleaut32.dll ole32.dll gdi32.dll user32.dll lpk.dll usp10.dll credui.dll wevtapi.dll imm32.dll msctf.dll comctl32.dll shlwapi.dll,normal
 ntdll.dll kernel32.dll ntdll.dll wow64.dll system.xml.dll ntdll.dll wow64win.dll wow64cpu.dll ole32.dll kernel32.dll msvcp_win.dll user32.dll kernel32.dll kernel32.dll user32.dll kernel32.dll KernelBase.dll msvcrt.dll kernel32.dll winbrand.dll user32.dll gdi32.dll lpk.dll schannel.dll rsaenh.dll usp10.dll advapi32.dll sechost.dll rpcrt4.dll sspicli.dll cryptbase.dll imm32.dll msctf.dll System.Transactions.dll apphelp.dll,normal
 user32.dll cryptsp.dll ntdll.dll kernel32.dll ninput.dll KernelBase.dll shcore.dll ucrtbase.dll combase.dll rpcrt4.dll bcryptprimitives.dll advapi32.dll kernel.appcore.dll msvcrt.dll System.XML.dll clbcatq.dll user32.dll win32u.dll gdi32.dll gdi32full.dll msvcp_win.dll sechost.dll IDStore.dll system.dll rsaenh.dll bcrypt.dll userenv.dll profapi.dll,normal
 scecli.dll auditcse.dll,normal
 ntdll.dll winbrand.dll dbghelp.dll ntdll.dll wow64.dll kernel32.dll ntdll.dll kernelbase.dll msctf.dll kernelbase.dll kernel32.dll msvcrt.dll msvcrt.dll kernel32.dll oleaut32.dll msvcp_win.dll SensApi.dll msvcp_win.dll tquery.dll tquery.dll system.security.dll ucrtbase.dll ucrtbase.dll combase.dll msctf.dll combase.dll rpcrt4.dll rpcrt4.dll rpcrt4.dll msctf.dll oleaut32.dll rpcrt4.dll System.Configuration.dll wcp.dll wldp.dll advapi32.dll wininet.dll advapi32.dll sechost.dll sechost.dll bcryptprimitives.dll bcryptprimitives.dll windows.storage.dll mscorlib.dll rpcrt4.dll windows.storage.dll shlwapi.dll System.Drawing.ni.dll cryptdll.dll cryptdll.dll gdi32.dll napinsp.dll gdi32full.dll user32.dll win32u.dll kernel.appcore.dll kernel.appcore.dll shcore.dll shcore.dll profapi.dll powrprof.dll filterlib.dll fltlib.dll imm32.dll msidle.dll clbcatq.dll ole32.dll mssprxy.dll mssprxy.dll mssph.dll mssph.dll,normal
 ntdll.dll ntdll.dll wow64.dll wow64win.dll wow64cpu.dll imm32.dll msimg32.dll mscorsvc.dll kernel32.dll dhcpcsvc.dll kernel32.dll kernel32.dll user32.dll kbd106.dll kernel32.dll kernelbase.dll secur32.dll advapi32.dll msvcrt.dll lpk.dll sechost.dll rpcrt4.dll sspicli.dll cryptbase.dll dnsapi.dll ws2_32.dll system.dll nsi.dll winnsi.dll nsi.dll dhcpcsvc.dll dhcpcsvc6.dll shell32.dll shlwapi.dll gdi32.dll system.data.dll netutils.dll user32.dll dui70.dll lpk.dll usp10.dll cryptbase.dll ole32.dll imm32.dll wevtapi.dll ntdll.dll msctf.dll clbcatq.dll oleaut32.dll cryptsp.dll rsaenh.dll rpcrtremote.dll wevtapi.dll,normal
 sendmail.dll mydocs.dll,normal
 bcp47langs.dll ntdll.dll kernel32.dll microsoft.powershell.consolehost.ni.dll kernelbase.dll advapi32.dll msvcrt.dll system.data.dll apphelp.dll dbghelp.dll kernel32.dll wow64win.dll sechost.dll rpcrt4.dll shell32.dll shlwapi.dll ntdll.dll gdi32.dll user32.dll lpk.dll usp10.dll imm32.dll msctf.dll system.directoryservices.ni.dll ole32.dll sxs.dll comctl32.dll cryptbase.dll uxtheme.dll propsys.dll oleaut32.dll comctl32.dll clbcatq.dll combase.dll ntmarta.dll wldap32.dll profapi.dll urlmon.dll api-ms-win-downlevel-ole32-l1-1-0.dll api-ms-win-downlevel-shlwapi-l1-1-0.dll api-ms-win-downlevel-advapi32-l1-1-0.dll api-ms-win-downlevel-user32-l1-1-0.dll kernel32.dll api-ms-win-downlevel-version-l1-1-0.dll user32.dll ntdll.dll cryptsp.dll version.dll wininet.dll iertutil.dll api-ms-win-downlevel-normaliz-l1-1-0.dll normaliz.dll iertutil.dll wininet.dll userenv.dll secur32.dll ole32.dll sspicli.dll setupapi.dll cfgmgr32.dll devobj.dll clbcatq.dll mpr.dll urlmon.dll api-ms-win-downlevel-ole32-l1-1-0.dll api-ms-win-downlevel-user32-l1-1-0.dll api-ms-win-downlevel-version-l1-1-0.dll version.dll api-ms-win-downlevel-normaliz-l1-1-0.dll normaliz.dll iertutil.dll wininet.dll clbcatq.dll userenv.dll,normal
 ntdll.dll dhcpcsvc6.dll kernel32.dll kernelbase.dll shlwapi.dll wincorlib.dll gdi32.dll dnsapi.dll user32.dll lpk.dll usp10.dll msvcrt.dll imm32.dll msctf.dll ole32.dll rpcrt4.dll msvcrt.dll microsoft.mediacenter.tv.tuners.interop.dll imm32.dll oleaut32.dll cryptbase.dll clbcatq.dll cryptbase.dll bcrypt.dll advapi32.dll sechost.dll mpr.dll msvcrt.dll clbcatq.dll ntdll.dll msvcrt.dll kernel32.dll kernelbase.dll gdi32.dll user32.dll system.web.services.ni.dll lpk.dll usp10.dll glib-2.0.dll msvcrt.dll imm32.dll msctf.dll ole32.dll oleaut32.dll rpcrt4.dll oleaut32.dll cryptbase.dll kernel32.dll wevtapi.dll clbcatq.dll advapi32.dll rpcrt4.dll sechost.dll wow64.dll ntdll.dll ntdll.dll wow64.dll System.Deployment.dll wow64win.dll wow64cpu.dll kernel32.dll kernel32.dll kernel32.dll user32.dll kernel32.dll kernelbase.dll kernel32.dll advapi32.dll msvcrt.dll ole32.dll sechost.dll rpcrt4.dll sspicli.dll cryptbase.dll dnsapi.dll ws2_32.dll nsi.dll cryptsp.dll winnsi.dll dhcpcsvc.dll dhcpcsvc6.dll shell32.dll shlwapi.dll gdi32.dll user32.dll msctf.dll lpk.dll usp10.dll es.dll SMDiagnostics.ni.dll ole32.dll Microsoft.Management.Infrastructure.Native.dll imm32.dll wucltux.dll cfgmgr32.dll msctf.dll PresentationFramework.dll clbcatq.dll oleaut32.dll cryptsp.dll rsaenh.dll rpcrtremote.dll user32.dll user32.dll wevtapi.dll netutils.dll ntdll.dll kernel32.dll kernelbase.dll gdi32.dll user32.dll lpk.dll usp10.dll microsoft.windows.diagnosis.commands.getdiaginput.dll msvcrt.dll imm32.dll msctf.dll ole32.dll rpcrt4.dll oleaut32.dll cryptbase.dll usp10.dll webio.dll winbrand.dll advapi32.dll clbcatq.dll advapi32.dll sechost.dll cryptbase.dll ntdll.dll clbcatq.dll ntdll.dll wow64.dll System.Data.dll wow64win.dll wow64cpu.dll lpk.dll kernel32.dll kernel32.dll kernel32.dll kernel32.dll user32.dll kernel32.dll kernelbase.dll msvcrt.dll winbrand.dll user32.dll gdi32.dll lpk.dll usp10.dll advapi32.dll sechost.dll gdi32.dll rpcrt4.dll sspicli.dll cryptbase.dll imm32.dll msctf.dll apphelp.dll,normal
 ntdll.dll ntdll.dll sechost.dll wow64.dll wow64win.dll wow64cpu.dll kernel32.dll kernel32.dll mpr.dll kernel32.dll user32.dll kernel32.dll goopdate.dll kernelbase.dll advapi32.dll msvcrt.dll system.xml.ni.dll sechost.dll rpcrt4.dll sspicli.dll cryptbase.dll dnsapi.dll ws2_32.dll msi.dll nsi.dll winnsi.dll dhcpcsvc.dll dhcpcsvc6.dll clbcatq.dll ntdll.dll shell32.dll shlwapi.dll bcrypt.dll dwrite.dll gdi32.dll user32.dll lpk.dll usp10.dll ole32.dll usp10.dll imm32.dll system.configuration.dll msctf.dll clbcatq.dll microsoft.transactions.bridge.dll oleaut32.dll cryptsp.dll rsaenh.dll rpcrtremote.dll ws2_32.dll cryptbase.dll winnsi.dll wevtapi.dll userenv.dll ntdll.dll gdi32.dll kernel32.dll msutb.dll kernelbase.dll gdi32.dll cfgmgr32.dll user32.dll gdi32.dll lpk.dll usp10.dll msvcrt.dll imm32.dll msctf.dll ole32.dll rpcrt4.dll oleaut32.dll cryptbase.dll clbcatq.dll scwengb.dll advapi32.dll policymanager.dll profapi.dll sechost.dll sechost.dll sechost.dll msctf.dll ntdll.dll ntdll.dll wow64.dll sxs.dll user32.dll wow64win.dll wow64cpu.dll kernel32.dll kernel32.dll kernel32.dll user32.dll kernel32.dll kernelbase.dll advapi32.dll msvcrt.dll sechost.dll System.ComponentModel.Composition.ni.dll rpcrt4.dll srvcli.dll wow64cpu.dll sspicli.dll wow64win.dll cryptbase.dll dnsapi.dll ws2_32.dll nsi.dll wow64cpu.dll winnsi.dll system.design.ni.dll dhcpcsvc.dll dhcpcsvc6.dll shell32.dll shlwapi.dll mscoreei.dll gdi32.dll System.Activities.dll user32.dll lpk.dll devobj.dll usp10.dll dnsapi.dll ole32.dll imm32.dll imm32.dll msctf.dll clbcatq.dll bcryptprimitives.dll usp10.dll oleaut32.dll cryptsp.dll wow64.dll rpcrtremote.dll rsaenh.dll rpcrtremote.dll wevtapi.dll ntdll.dll wow64win.dll ntdll.dll sechost.dll mscorlib.ni.dll wow64.dll oleaut32.dll dhcpcsvc6.dll wow64win.dll wow64cpu.dll gpapi.dll kernel32.dll kernel32.dll kernel32.dll user32.dll kernel32.dll kernelbase.dll advapi32.dll riched20.dll msvcrt.dll sechost.dll imagehlp.dll rpcrt4.dll System.ni.dll sspicli.dll cryptbase.dll dnsapi.dll user32.dll ws2_32.dll nsi.dll winnsi.dll dhcpcsvc.dll ntdll.dll dhcpcsvc6.dll shell32.dll shlwapi.dll gdi32.dll shlwapi.dll kernel32.dll user32.dll lpk.dll usp10.dll ole32.dll system.drawing.dll imm32.dll profapi.dll msctf.dll clbcatq.dll oleaut32.dll cryptsp.dll ieframe.dll rsaenh.dll rpcrtremote.dll wevtapi.dll WindowsCodecs.dll ntdll.dll ntdll.dll wow64.dll wow64win.dll wow64cpu.dll kernel32.dll wow64win.dll kernel32.dll kernel32.dll user32.dll kernel32.dll kernelbase.dll msvcrt.dll winbrand.dll user32.dll gdi32.dll lpk.dll usp10.dll advapi32.dll sechost.dll rpcrt4.dll sspicli.dll user32.dll cryptbase.dll imm32.dll msctf.dll apphelp.dll,normal
 ntdll.dll imm32.dll user32.dll msvcrt.dll kernel32.dll kernelbase.dll advapi32.dll msvcrt.dll sechost.dll rpcrt4.dll gdi32.dll System.Data.ni.dll user32.dll lpk.dll usp10.dll api-ms-win-downlevel-normaliz-l1-1-0.dll ole32.dll msimg32.dll lpk.dll wmsgapi.dll kernelbase.dll sechost.dll wtsapi32.dll cfgmgr32.dll winmm.dll kernel32.dll winbrand.dll userenv.dll System.Runtime.Serialization.dll profapi.dll winsta.dll crypt32.dll msasn1.dll KernelBase.dll system.management.ni.dll msctfmonitor.dll msctf.dll imm32.dll msutb.dll comctl32.dll nsi.dll shlwapi.dll usp10.dll secur32.dll sspicli.dll shell32.dll cryptbase.dll uxtheme.dll wintrust.dll cryptsp.dll w32time.dll rsaenh.dll imagehlp.dll bcrypt.dll system.data.sqlxml.dll windows.ui.dll bcryptprimitives.dll system.configuration.ni.dll ncrypt.dll usp10.dll gpapi.dll cryptnet.dll wldap32.dll System.DirectoryServices.Protocols.dll sensapi.dll version.dll clbcatq.dll oleaut32.dll urlmon.dll api-ms-win-downlevel-ole32-l1-1-0.dll api-ms-win-downlevel-shlwapi-l1-1-0.dll api-ms-win-downlevel-advapi32-l1-1-0.dll api-ms-win-downlevel-user32-l1-1-0.dll api-ms-win-downlevel-version-l1-1-0.dll api-ms-win-downlevel-normaliz-l1-1-0.dll normaliz.dll iertutil.dll wininet.dll,normal
 ntdll.dll kernel32.dll mscoreei.dll kernelbase.dll advapi32.dll msvcrt.dll sechost.dll msctf.dll ntdll.dll KernelBase.dll rpcrt4.dll shell32.dll duser.dll shlwapi.dll gdi32.dll user32.dll Microsoft.Management.Infrastructure.ni.dll dsound.dll lpk.dll lpk.dll usp10.dll imm32.dll rsaenh.dll advapi32.dll msctf.dll lpk.dll sechost.dll ole32.dll cryptbase.dll uxtheme.dll propsys.dll oleaut32.dll comctl32.dll clbcatq.dll setupapi.dll profapi.dll urlmon.dll api-ms-win-downlevel-ole32-l1-1-0.dll api-ms-win-downlevel-shlwapi-l1-1-0.dll api-ms-win-downlevel-advapi32-l1-1-0.dll api-ms-win-downlevel-user32-l1-1-0.dll api-ms-win-downlevel-version-l1-1-0.dll version.dll api-ms-win-downlevel-normaliz-l1-1-0.dll normaliz.dll usp10.dll iertutil.dll wininet.dll userenv.dll wow64win.dll secur32.dll sspicli.dll setupapi.dll lpk.dll cfgmgr32.dll devobj.dll mpr.dll,normal
 termsrv.dll ntdll.dll uxtheme.dll ntdll.dll wow64.dll wow64win.dll System.Drawing.Design.dll windows.storage.search.dll wow64cpu.dll kernel32.dll lpk.dll kernel32.dll slc.dll lpk.dll kernel32.dll system.directoryservices.ni.dll user32.dll kernel32.dll kernelbase.dll advapi32.dll msswch.dll msvcrt.dll usp10.dll sechost.dll System.Transactions.ni.dll rpcrt4.dll winnsi.dll System.Drawing.dll sspicli.dll oleaut32.dll cryptbase.dll msvcr120_clr0400.dll mscoree.dll ole32.dll rpcrt4.dll gdi32.dll user32.dll lpk.dll usp10.dll oleaut32.dll imm32.dll msutb.dll msctf.dll cryptsp.dll rsaenh.dll rpcrtremote.dll clbcatq.dll sxs.dll system.xml.ni.dll mscoreei.dll clr.dll shlwapi.dll mscorlib.ni.dll clrjit.dll winnsi.dll system.management.automation.dll system.management.automation.dll version.dll mscorlib.dll mscorlib.dll system.ni.dll shlwapi.dll system.dll system.dll microsoft.powershell.scheduledjob.dll microsoft.powershell.scheduledjob.dll oleaut32.dll msasn1.dll system.core.ni.dll microsoft.management.infrastructure.ni.dll system.core.dll system.core.dll system.runtime.serialization.ni.dll system.runtime.serialization.dll system.runtime.serialization.dll ktmw32.dll mscorlib.dll system.xml.ni.dll system.xml.dll system.xml.dll mpr.dll system.configuration.ni.dll system.configuration.dll system.configuration.dll sechost.dll api-ms-win-crt-stdio-l1-1-0.dll system.numerics.ni.dll imm32.dll system.numerics.dll wow64win.dll system.numerics.dll system.security.ni.dll system.security.dll system.security.dll ntdll.dll ntdll.dll wow64.dll perfdisk.dll ole32.dll cryptsp.dll wow64.dll wow64win.dll wow64cpu.dll kernel32.dll kernel32.dll kernel32.dll kernel32.dll user32.dll system.data.dll kernel32.dll kernelbase.dll advapi32.dll msvcrt.dll sechost.dll rpcrt4.dll sspicli.dll cryptbase.dll ws2_32.dll nsi.dll shell32.dll shlwapi.dll gdi32.dll sechost.dll System.Transactions.dll kernel32.dll user32.dll imagehlp.dll shlwapi.dll lpk.dll msvcrt.dll rpcrt4.dll usp10.dll dnsapi.dll ole32.dll imm32.dll msctf.dll clbcatq.dll oleaut32.dll cryptsp.dll rsaenh.dll winnsi.dll dhcpcsvc.dll dhcpcsvc6.dll rpcrtremote.dll wevtapi.dll,normal
 explorerframe.dll presentationcffrasterizer.ni.dll ehstorshell.dll ntshrui.dll imageres.dll imageres.dll imageres.dll imageres.dll vbajet32.dll nsi.dll imageres.dll clbcatq.dll imageres.dll version.dll imageres.dll imageres.dll gdi32.dll webservices.dll imageres.dll imageres.dll imageres.dll imageres.dll ntdll.dll wevtapi.dll msftedit.dll gdi32.dll spoolss.dll msls31.dll searchfolder.dll ntdll.dll linkinfo.dll structuredquery.dll thumbcache.dll shlwapi.dll imageres.dll samlib.dll psapi.dll System.Security.dll shdocvw.dll ieframe.dll imageres.dll imageres.dll oleaut32.dll imageres.dll imageres.dll imageres.dll msvcrt.dll system.runtime.remoting.ni.dll ws2_32.dll imageres.dll imageres.dll drprov.dll ntlanman.dll imageres.dll cryptsp.dll imageres.dll rpcrt4.dll ehstorapi.dll networkexplorer.dll mpr.dll imageres.dll imageres.dll imageres.dll imageres.dll imageres.dll imageres.dll ieproxy.dll imageres.dll api-ms-win-crt-locale-l1-1-0.dll imageres.dll imageres.dll imageres.dll imageres.dll imageres.dll imageres.dll actxprxy.dll imageres.dll,normal
 ntdll.dll kernel32.dll kernelbase.dll advapi32.dll msvcrt.dll sechost.dll rpcrt4.dll msvcrt.dll dnsrslvr.dll vcruntime140.dll api-ms-win-crt-runtime-l1-1-0.dll ole32.dll System.Transactions.dll profapi.dll atl.dll ucrtbase.dll api-ms-win-core-timezone-l1-1-0.dll apphelp.dll api-ms-win-core-file-l2-1-0.dll api-ms-win-core-localization-l1-2-0.dll api-ms-win-core-synch-l1-2-0.dll api-ms-win-core-processthreads-l1-1-1.dll api-ms-win-core-file-l1-2-0.dll api-ms-win-crt-string-l1-1-0.dll api-ms-win-crt-heap-l1-1-0.dll ntdll.dll SensApi.dll api-ms-win-crt-stdio-l1-1-0.dll System.Deployment.dll api-ms-win-crt-convert-l1-1-0.dll msvcp140.dll api-ms-win-crt-locale-l1-1-0.dll api-ms-win-crt-math-l1-1-0.dll api-ms-win-crt-multibyte-l1-1-0.dll api-ms-win-crt-time-l1-1-0.dll api-ms-win-crt-filesystem-l1-1-0.dll api-ms-win-crt-environment-l1-1-0.dll api-ms-win-crt-utility-l1-1-0.dll KernelBase.dll lpk.dll ole32.dll gdi32.dll user32.dll System.Windows.Forms.ni.dll lpk.dll usp10.dll oleaut32.dll imm32.dll msctf.dll avrt.dll,normal
 ntdll.dll kernel32.dll KernelBase.dll gdi32.dll user32.dll msvcrt.dll imm32.dll oleaut32.dll combase.dll msctf.dll microsoft.mediacenter.itv.hosting.ni.dll user32.dll advapi32.dll rpcrt4.dll npmproxy.dll uxtheme.dll System.Security.ni.dll chrome_elf.dll ehiitv.ni.dll tiptsf.dll olepro32.dll dwmapi.dll comctl32.dll ole32.dll winhttp.dll sechost.dll kernel.appcore.dll cryptbase.dll bcryptprimitives.dll System.Configuration.ni.dll gdi32.dll clbcatq.dll oleacc.dll advapi32.dll shell32.dll version.dll shlwapi.dll propsys.dll imm32.dll profapi.dll ntmarta.dll dui70.dll imecfm.dll wer.dll,normal
 system.windows.forms.dll ntdll.dll kernel32.dll kernelbase.dll advapi32.dll msvcrt.dll sechost.dll System.Drawing.dll rpcrt4.dll dnsapi.dll combase.dll ws2_32.dll nsi.dll winnsi.dll profapi.dll dhcpcsvc.dll dhcpcsvc6.dll shell32.dll shlwapi.dll gdi32.dll user32.dll clbcatq.dll system.web.services.ni.dll ntlanman.dll shell32.dll lpk.dll usp10.dll ole32.dll imm32.dll msctf.dll,normal
 ntdll.dll kernel32.dll ole32.dll KernelBase.dll msvcrt.dll winnsi.dll ole32.dll gdi32.dll user32.dll lpk.dll usp10.dll System.configuration.dll rpcrt4.dll mscorlib.dll rpcrt4.dll imm32.dll msctf.dll user32.dll cryptbase.dll clbcatq.dll advapi32.dll sechost.dll oleaut32.dll imm32.dll cryptsp.dll rsaenh.dll RpcRtRemote.dll shacct.dll comctl32.dll shlwapi.dll msctf.dll userenv.dll samlib.dll oleaut32.dll profapi.dll IDStore.dll ntdll.dll cryptbase.dll kernel32.dll KernelBase.dll advapi32.dll msvcrt.dll sechost.dll rpcrt4.dll msvcr120_clr0400.dll user32.dll gdi32.dll lpk.dll usp10.dll gdi32.dll comctl32.dll sppcommdlg.dll shlwapi.dll imm32.dll msctf.dll KernelBase.dll netapi32.dll ole32.dll authui.dll oleaut32.dll shell32.dll winbrand.dll slc.dll NlsData0011.dll sppc.dll cryptbase.dll user32.dll clbcatq.dll cryptsp.dll winbrand.dll rsaenh.dll RpcRtRemote.dll sppcomapi.dll WinSCard.dll winhttp.dll webio.dll mssvp.dll mscorlib.dll sppcext.dll msasn1.dll rasapi32.dll oleaut32.dll rasman.dll rtutils.dll oleaut32.dll msvcr120_clr0400.dll ws2_32.dll nsi.dll setupapi.dll cfgmgr32.dll devobj.dll msi.dll ntdll.dll wtsapi32.dll usp10.dll crypt32.dll oleaut32.dll msasn1.dll cryptui.dll sxs.dll kernel32.dll microsoft.mediacenter.interop.ni.dll advapi32.dll wow64.dll tapi32.dll slwga.dll ntdll.dll ntdll.dll wow64.dll wow64win.dll activeds.dll system.drawing.dll idstore.dll wow64cpu.dll kernel32.dll kernel32.dll kernel32.dll user32.dll smiengine.dll kernel32.dll KernelBase.dll advapi32.dll msvcrt.dll sechost.dll rpcrt4.dll sspicli.dll cryptbase.dll cryptbase.dll kernel.appcore.dll dnsapi.dll ws2_32.dll nsi.dll WindowsBase.dll winnsi.dll dhcpcsvc.dll wow64cpu.dll dhcpcsvc6.dll shell32.dll shlwapi.dll usp10.dll gdi32.dll user32.dll lpk.dll kernelbase.dll usp10.dll system.messaging.dll ole32.dll imm32.dll msctf.dll clbcatq.dll ntdll.dll oleaut32.dll windows.applicationmodel.background.systemeventsbroker.dll cryptsp.dll rsaenh.dll usp10.dll RpcRtRemote.dll wevtapi.dll ntdll.dll kernel32.dll KernelBase.dll advapi32.dll winscard.dll msvcrt.dll sechost.dll rpcrt4.dll msvcr120_clr0400.dll bcryptprimitives.dll rpcrt4.dll winmm.dll mscoree.dll uxtheme.dll ole32.dll gdi32.dll kernel.appcore.dll user32.dll lpk.dll msctf.dll mscorlib.dll msvcrt.dll usp10.dll oleaut32.dll win32u.dll imm32.dll msctf.dll cryptbase.dll wow64.dll cryptsp.dll rsaenh.dll RpcRtRemote.dll clbcatq.dll sxs.dll winnsi.dll mscoreei.dll mscorwks.dll xmllite.dll msvcr80.dll mpr.dll shlwapi.dll shell32.dll ole32.dll profapi.dll mscorlib.ni.dll kernel32.dll System.Transactions.dll mscorjit.dll setupapi.dll mscorlib.dll msasn1.dll usp10.dll mscorlib.dll version.dll sechost.dll mscorlib.dll mscorlib.dll System.ni.dll System.Core.ni.dll usp10.dll System.Security.ni.dll System.Xml.ni.dll smiengine.dll System.Web.Entity.ni.dll System.Configuration.ni.dll dxgi.dll System.Data.SqlXml.ni.dll ntdll.dll dxva2.dll System.DirectoryServices.Protocols.ni.dll rpcrt4.dll kernel.appcore.dll kernel32.dll KernelBase.dll System.ServiceProcess.dll advapi32.dll msvcrt.dll sechost.dll rpcrt4.dll msvcr120_clr0400.dll mscoree.dll cryptbase.dll ole32.dll ntdll.dll gdi32.dll msctf.dll user32.dll lpk.dll lpk.dll usp10.dll windows.globalization.dll gdiplus.dll oleaut32.dll imm32.dll msctf.dll cryptbase.dll SensApi.dll cryptsp.dll rsaenh.dll api-ms-win-security-lsalookup-l2-1-0.dll RpcRtRemote.dll kernel32.dll clbcatq.dll sxs.dll ntdll.dll MPSSVC.dll user32.dll advapi32.dll mscoreei.dll mscorwks.dll msvcr80.dll shlwapi.dll System.ServiceProcess.ni.dll shell32.dll profapi.dll mscorlib.ni.dll wow64.dll mscorjit.dll mscorlib.dll mscorlib.dll version.dll mscorlib.dll winnsi.dll rsaenh.dll mscorlib.dll System.ni.dll kernel32.dll msvcrt.dll windows.ui.dll System.Core.ni.dll System.Web.Entity.Design.ni.dll System.Drawing.ni.dll System.Windows.Forms.ni.dll System.Design.ni.dll System.Web.ni.dll System.Web.dll System.Web.dll System.Web.dll System.Web.dll System.Web.Entity.ni.dll System.Data.Entity.ni.dll System.Data.ni.dll advapi32.dll System.Data.dll System.Data.dll System.Data.dll kernel32.dll System.Data.dll System.Data.dll ws2_32.dll nsi.dll crypt32.dll msasn1.dll ws2_32.dll System.Configuration.ni.dll System.Xml.ni.dll System.Security.ni.dll System.Data.SqlXml.ni.dll ntdll.dll Accessibility.ni.dll System.Runtime.Serialization.Formatters.Soap.ni.dll System.Deployment.ni.dll System.Drawing.Design.ni.dll System.Data.OracleClient.ni.dll System.Data.OracleClient.dll System.Data.OracleClient.dll System.Data.OracleClient.dll System.Data.OracleClient.dll System.Data.OracleClient.dll wow64win.dll System.Web.RegularExpressions.ni.dll Microsoft.VisualC.ni.dll System.Transactions.ni.dll System.Transactions.dll System.Transactions.dll System.Transactions.dll System.Transactions.dll System.Transactions.dll System.EnterpriseServices.ni.dll System.EnterpriseServices.dll System.EnterpriseServices.dll System.DirectoryServices.ni.dll System.Runtime.Remoting.ni.dll mscorlib.dll System.Web.Services.ni.dll System.DirectoryServices.Protocols.ni.dll System.ServiceProcess.ni.dll System.Configuration.Install.ni.dll System.Web.Abstractions.ni.dll System.Web.Extensions.ni.dll System.ServiceModel.ni.dll System.Data.Linq.ni.dll System.Runtime.Serialization.ni.dll System.ServiceModel.Web.ni.dll System.Data.Services.Client.ni.dll System.Data.Services.Design.ni.dll SMDiagnostics.ni.dll System.IdentityModel.ni.dll System.Messaging.ni.dll System.IdentityModel.Selectors.ni.dll Microsoft.Transactions.Bridge.ni.dll System.Xml.Linq.ni.dll WindowsBase.ni.dll,normal
 ntdll.dll policymanager.dll kernel32.dll kernelbase.dll l2nacp.dll msvcrt.dll SensApi.dll ole32.dll gdi32.dll user32.dll system.transactions.dll lpk.dll sensapi.dll clbcatq.dll usp10.dll msctf.dll msvcrt.dll rpcrt4.dll oleaut32.dll ole32.dll imm32.dll msctf.dll sensapi.dll PortableDeviceApi.dll cryptbase.dll clbcatq.dll advapi32.dll System.Management.ni.dll sechost.dll oleaut32.dll mscoree.dll cryptsp.dll system.ni.dll sechost.dll rsaenh.dll rsaenh.dll rpcrtremote.dll uxtheme.dll system.addin.contract.dll shacct.dll comctl32.dll shlwapi.dll userenv.dll profapi.dll idstore.dll ntdll.dll kernel32.dll sensapi.dll kernelbase.dll advapi32.dll setupapi.dll msvcrt.dll sechost.dll Microsoft.VisualStudio.Tools.Office.AddInAdapter.v9.0.dll rpcrt4.dll system.windows.forms.dll msvcr120_clr0400.dll mscoree.dll ole32.dll gdi32.dll user32.dll lpk.dll usp10.dll oleaut32.dll imm32.dll msctf.dll cryptbase.dll cryptsp.dll user32.dll usp10.dll ReAgent.dll rsaenh.dll rpcrtremote.dll dbghelp.dll clbcatq.dll sxs.dll mscoreei.dll mscorwks.dll msvcr80.dll shlwapi.dll imm32.dll msvcrt.dll ws2_32.dll shell32.dll profapi.dll mscorlib.ni.dll mscorjit.dll mscorlib.dll mscorlib.dll comctl32.dll rpcrt4.dll rasapi32.dll version.dll mscorlib.dll mscorlib.dll mscorsec.dll wintrust.dll crypt32.dll msasn1.dll comctl32.dll riched20.dll imagehlp.dll ncrypt.dll appxdeploymentclient.dll bcrypt.dll bcryptprimitives.dll userenv.dll advapi32.dll gpapi.dll cryptnet.dll wldap32.dll sensapi.dll system.ni.dll system.addin.ni.dll microsoft.office.tools.v9.0.ni.dll accessibility.ni.dll usp10.dll system.ni.dll system.drawing.ni.dll system.windows.forms.ni.dll system.addin.ni.dll System.Data.SqlXml.dll system.configuration.install.ni.dll ntdll.dll msvcrt.dll loadperf.dll microsoft.visualstudio.tools.applications.runtime.v9.0.ni.dll microsoft.office.tools.common.v9.0.ni.dll system.drawing.ni.dll crypt32.dll kernel32.dll system.xml.ni.dll usp10.dll gdi32.dll system.core.ni.dll shlwapi.dll system.dll windowsbase.ni.dll presentationcore.dll presentationcore.dll presentationcore.dll user32.dll presentationcore.dll system.dll System.Core.ni.dll presentationcore.dll microsoft.office.tools.word.v9.0.dll microsoft.office.tools.word.v9.0.dll wshext.dll microsoft.office.tools.word.v9.0.ni.dll microsoft.office.tools.word.v9.0.ni.dll ws2_32.dll microsoft.office.tools.word.v9.0.ni.dll ntdll.dll RpcRtRemote.dll msado15.dll kernel32.dll kernelbase.dll system.windows.forms.ni.dll advapi32.dll msvcrt.dll sechost.dll rpcrt4.dll sechost.dll msvcr120_clr0400.dll advapi32.dll mscoree.dll microsoft.powershell.commands.management.ni.dll ole32.dll gdi32.dll dwmapi.dll secur32.dll user32.dll lpk.dll usp10.dll oleaut32.dll imm32.dll clbcatq.dll msctf.dll cryptbase.dll cryptsp.dll rsaenh.dll rpcrtremote.dll clbcatq.dll sxs.dll mscoreei.dll mscorwks.dll lpk.dll system.deployment.dll msvcr80.dll shlwapi.dll shell32.dll profapi.dll mscorlib.ni.dll shlwapi.dll msctf.dll mscorjit.dll mscorlib.dll mscorlib.dll version.dll mscorlib.dll mscorlib.dll mscorlib.dll presentationframework.royale.ni.dll system.ni.dll windowsbase.ni.dll iertutil.dll kernel32.dll presentationcore.ni.dll presentationframework.ni.dll cryptbase.dll presentationcore.dll presentationcore.dll presentationcore.dll presentationcore.dll system.xml.ni.dll gdi32.dll system.web.regularexpressions.ni.dll ntdll.dll uiautomationprovider.ni.dll dsparse.dll mscorlib.dll system.drawing.ni.dll ntdll.dll system.deployment.ni.dll sechost.dll presentationui.ni.dll kernel32.dll system.printing.ni.dll system.printing.dll system.printing.dll system.printing.dll system.printing.dll reachframework.ni.dll uiautomationtypes.ni.dll system.data.ni.dll system.data.dll system.data.dll system.data.dll rpcrtremote.dll system.data.dll system.data.dll ws2_32.dll nsi.dll crypt32.dll msasn1.dll accessibility.ni.dll msctf.dll system.configuration.ni.dll system.security.ni.dll system.data.sqlxml.ni.dll microsoft.visualc.ni.dll system.windows.forms.dll presentationcffrasterizer.ni.dll system.windows.forms.ni.dll version.dll system.runtime.serialization.formatters.soap.ni.dll system.directoryservices.ni.dll system.transactions.ni.dll system.transactions.dll system.transactions.dll system.transactions.dll system.transactions.dll system.transactions.dll system.enterpriseservices.ni.dll system.enterpriseservices.dll system.enterpriseservices.dll system.runtime.remoting.ni.dll system.web.ni.dll system.web.dll system.web.dll system.web.dll system.web.dll system.web.services.ni.dll system.directoryservices.protocols.ni.dll system.design.ni.dll system.serviceprocess.ni.dll system.web.regularexpressions.ni.dll system.drawing.design.ni.dll system.data.oracleclient.ni.dll system.data.oracleclient.dll kernel32.dll system.data.oracleclient.dll system.data.oracleclient.dll system.data.oracleclient.dll system.data.oracleclient.dll system.configuration.install.ni.dll,normal
 ntdll.dll ntdll.dll wow64.dll wow64win.dll wow64cpu.dll System.Security.dll kernel32.dll version.dll system.configuration.dll kernel32.dll kernel32.dll user32.dll kernel32.dll kernelbase.dll dhcpcsvc.dll imm32.dll msvcrt.dll oleaut32.dll ole32.dll gdi32.dll user32.dll advapi32.dll sechost.dll rpcrt4.dll sspicli.dll cryptbase.dll lpk.dll usp10.dll UmOutlookAddin.dll version.dll imm32.dll msctf.dll sxs.dll netprofm.dll clbcatq.dll vbscript.dll advapi32.dll wintrust.dll crypt32.dll kernel32.dll msasn1.dll cryptsp.dll rsaenh.dll msisip.dll wshext.dll kernel32.dll wow64.dll comctl32.dll shell32.dll kernel32.dll shlwapi.dll scrobj.dll msi.dll scrrun.dll ntdll.dll kernel32.dll kernelbase.dll gdi32.dll user32.dll lpk.dll system.dll dpx.dll usp10.dll oleaut32.dll coreuicomponents.dll msvcrt.dll imm32.dll msctf.dll system.security.dll ole32.dll rpcrt4.dll oleaut32.dll cryptbase.dll clbcatq.dll advapi32.dll sechost.dll ntdll.dll ntdll.dll wow64.dll api-ms-win-core-shlwapi-obsolete-l1-1-0.dll samcli.dll System.Xml.Linq.dll netapi32.dll wow64win.dll lpk.dll ktmw32.dll xmllite.dll aelupsvc.dll oleaut32.dll wow64cpu.dll kernel32.dll cryptbase.dll kernel32.dll wow64win.dll kernel32.dll user32.dll kernel32.dll kernelbase.dll winmm.dll advapi32.dll msvcrt.dll sechost.dll rpcrt4.dll system.data.sqlxml.dll sspicli.dll system.drawing.dll cryptbase.dll dnsapi.dll crypt32.dll ws2_32.dll nsi.dll clbcatq.dll setupapi.dll ntdll.dll rsaenh.dll winnsi.dll fusion.dll gdi32.dll dhcpcsvc.dll kernel32.dll dhcpcsvc6.dll onfilter.dll shell32.dll shlwapi.dll oleaut32.dll cryptsp.dll gdi32.dll user32.dll system.core.ni.dll lpk.dll msasn1.dll usp10.dll ole32.dll imm32.dll clbcatq.dll msctf.dll clbcatq.dll oleaut32.dll cryptsp.dll ntdll.dll rsaenh.dll Sens.dll rpcrtremote.dll wevtapi.dll ntdll.dll kernel32.dll kernelbase.dll gdi32.dll user32.dll kernel32.dll lpk.dll usp10.dll windows.globalization.dll combase.dll msvcrt.dll imm32.dll kernel32.dll msctf.dll kernel32.dll ole32.dll wow64cpu.dll system.drawing.ni.dll rpcrt4.dll oleaut32.dll cryptbase.dll api-ms-win-devices-config-l1-1-1.dll clbcatq.dll ncrypt.dll wow64.dll gdi32.dll advapi32.dll sechost.dll ntdll.dll kernel32.dll kernelbase.dll setupapi.dll kernelbase.dll wtsapi32.dll advapi32.dll msvcrt.dll sechost.dll rpcrt4.dll ole32.dll gdi32.dll user32.dll imm32.dll uiautomationcore.dll wtsapi32.dll lpk.dll usp10.dll wevtapi.dll imm32.dll msctf.dll wdscore.dll oleaut32.dll shell32.dll shlwapi.dll dbghelp.dll msvcr120_clr0400.dll version.dll crypt32.dll msctf.dll cryptbase.dll ucrtbase.dll cbscore.dll version.dll sqmapi.dll msvcrt.dll crypt32.dll msasn1.dll wintrust.dll userenv.dll urlmon.dll user32.dll profapi.dll ktmw32.dll smdiagnostics.dll microsoft-windows-kernel-power-events.dll system.data.ni.dll dpx.dll dpx.dll ntdll.dll dpx.dll wcp.dll drupdate.dll comctl32.dll slc.dll setupapi.dll rpcrtremote.dll cfgmgr32.dll devobj.dll api-ms-win-core-string-obsolete-l1-1-0.dll mpr.dll ntshrui.dll wrpint.dll shell32.dll sxsstore.dll sqmapi.dll cryptsp.dll winhttp.dll System.Data.OracleClient.dll webio.dll winhttp.dll clusapi.dll webio.dll sensapi.dll cryptsp.dll rsaenh.dll tquery.dll samlib.dll sechost.dll rpcrtremote.dll clbcatq.dll cbsapi.dll smipi.dll smiengine.dll ntdll.dll kernel32.dll kernelbase.dll msvcrt.dll ole32.dll gdi32.dll user32.dll bcryptprimitives.dll kernel32.dll lpk.dll usp10.dll rpcrt4.dll imm32.dll msctf.dll RpcRtRemote.dll cryptbase.dll clbcatq.dll advapi32.dll kernel32.dll sechost.dll oleaut32.dll Wldap32.dll cryptsp.dll uxtheme.dll rsaenh.dll wow64win.dll rpcrtremote.dll mscoree.dll shlwapi.dll mscorwks.dll msvcr80.dll shell32.dll profapi.dll mscorlib.ni.dll system.ni.dll mscorlib.dll sxs.dll RpcRtRemote.dll microsoft.grouppolicy.reporting.ni.dll mscorjit.dll system.management.ni.dll system.directoryservices.ni.dll microsoft.grouppolicy.interop.ni.dll microsoft.grouppolicy.interop.dll activeds.dll adsldpc.dll user32.dll user32.dll wldap32.dll atl.dll ntdsapi.dll ws2_32.dll nsi.dll ole32.dll dnsapi.dll crypt32.dll dbghelp.dll msasn1.dll netapi32.dll netutils.dll srvcli.dll msswch.dll wkscli.dll dsrole.dll imageres.dll fde.dll mfc42u.dll odbc32.dll comctl32.dll mpr.dll odbcint.dll adsldp.dll System.Data.OracleClient.dll System.ServiceProcess.ni.dll mswsock.dll secur32.dll sspicli.dll credssp.dll pwdssp.dll wship6.dll logoncli.dll winnsi.dll mscorlib.ni.dll rasadhlp.dll msv1_0.dll cryptdll.dll microsoft.security.applicationid.policymanagement.policymodel.ni.dll wsecedit.dll wsecedit.dll wsecedit.dll wsecedit.dll wsecedit.dll wsecedit.dll system.configuration.ni.dll system.xml.ni.dll version.dll shfolder.dll culture.dll system.web.ni.dll ntdll.dll ntdll.dll wow64.dll wow64win.dll wow64cpu.dll advapi32.dll kernel32.dll kernel32.dll kernel32.dll user32.dll kernel32.dll kernelbase.dll msvcrt.dll winbrand.dll user32.dll gdi32.dll lpk.dll usp10.dll advapi32.dll sechost.dll rpcrt4.dll sspicli.dll cryptbase.dll presentationcore.ni.dll imm32.dll msctf.dll apphelp.dll,normal
 ntdll.dll kernel32.dll kernelbase.dll gdi32.dll Display.dll user32.dll lpk.dll usp10.dll msvcrt.dll mscorlib.dll imm32.dll msctf.dll ole32.dll rpcrt4.dll oleaut32.dll msctf.dll uxtheme.dll sechost.dll dwmapi.dll oleaut32.dll msswch.dll bcp47mrm.dll ntdll.dll urlmon.dll advapi32.dll sechost.dll winmm.dll kernel32.dll nsi.dll synceng.dll comctl32.dll shlwapi.dll cryptbase.dll ntdll.dll kernel32.dll kernelbase.dll advapi32.dll advapi32.dll cryptbase.dll msvcrt.dll sechost.dll rpcrt4.dll gdi32.dll user32.dll lpk.dll usp10.dll GdiPlus.dll kernel32.dll ole32.dll msimg32.dll wmsgapi.dll wtsapi32.dll cryptsp.dll sechost.dll kernel32.dll winmm.dll userenv.dll profapi.dll winsta.dll crypt32.dll msasn1.dll msctfmonitor.dll msctf.dll imm32.dll msutb.dll comctl32.dll rpcrt4.dll shlwapi.dll secur32.dll sspicli.dll shell32.dll cryptbase.dll wpdshext.dll oleaut32.dll ole32.dll uxtheme.dll wmsgapi.dll cryptsp.dll sspicli.dll wintrust.dll System.DirectoryServices.Protocols.dll cryptsp.dll profapi.dll api-ms-win-downlevel-shlwapi-l1-1-0.dll rsaenh.dll imagehlp.dll bcrypt.dll bcryptprimitives.dll msvcrt.dll ncrypt.dll gpapi.dll msasn1.dll cryptnet.dll wldap32.dll sensapi.dll version.dll clbcatq.dll vbscript.dll oleaut32.dll urlmon.dll api-ms-win-downlevel-ole32-l1-1-0.dll api-ms-win-downlevel-shlwapi-l1-1-0.dll api-ms-win-downlevel-advapi32-l1-1-0.dll api-ms-win-downlevel-user32-l1-1-0.dll api-ms-win-downlevel-version-l1-1-0.dll api-ms-win-downlevel-normaliz-l1-1-0.dll normaliz.dll iertutil.dll wininet.dll,normal
 ntdll.dll kernel32.dll kernelbase.dll chrome_elf.dll version.dll ws2_32.dll msvcrt.dll shell32.dll sxs.dll shlwapi.dll gdi32.dll ws2_32.dll user32.dll lpk.dll usp10.dll msctf.dll advapi32.dll sechost.dll rpcrt4.dll winmm.dll wow64.dll dhcpcsvc6.dll userenv.dll gdi32.dll profapi.dll imm32.dll System.Configuration.ni.dll wups2.dll msctf.dll winnsi.dll system.web.ni.dll ole32.dll oleaut32.dll oleacc.dll uiautomationcore.dll psapi.dll wtsapi32.dll wintrust.dll crypt32.dll msasn1.dll dwrite.dll rpcrt4.dll dxgi.dll dwmapi.dll comctl32.dll System.XML.dll winhttp.dll webio.dll secur32.dll powrprof.dll rpcrt4.dll ole32.dll sspicli.dll usp10.dll cryptbase.dll user32.dll urlmon.dll ws2_32.dll nsi.dll dhcpcsvc.dll chrome_child.dll netprofm.dll dbghelp.dll comdlg32.dll urlmon.dll wininet.dll iertutil.dll,normal
 ntdll.dll system.configuration.ni.dll dwmapi.dll kernel32.dll fastprox.dll kernelbase.dll gdi32.dll user32.dll lpk.dll usp10.dll msvcrt.dll profapi.dll bcryptprimitives.dll imm32.dll msctf.dll ole32.dll rpcrt4.dll sechost.dll oleaut32.dll wininet.dll cryptbase.dll clbcatq.dll advapi32.dll sechost.dll ntdll.dll,normal
 ntdll.dll rpcrt4.dll kernel.appcore.dll kernel32.dll kernelbase.dll mscorsec.dll clbcatq.dll netprofm.dll advapi32.dll msvcrt.dll cryptsp.dll System.dll sechost.dll rpcrt4.dll ntmarta.dll oleaut32.dll msvcp_win.dll nsi.dll ucrtbase.dll combase.dll bcryptprimitives.dll imecfm.dll Microsoft.VisualStudio.Tools.Office.Outlook.HostAdapter.v10.0.ni.dll ole32.dll gdi32.dll gdi32full.dll user32.dll win32u.dll crypt32.dll msasn1.dll wintrust.dll api-ms-win-core-processenvironment-l1-1-0.dll mpclient.dll secur32.dll slc.dll bcrypt.dll sppc.dll sspicli.dll version.dll userenv.dll profapi.dll gpapi.dll,normal
 ole32.dll advapi32.dll msctf.dll ntdll.dll kernel32.dll wshqos.dll KernelBase.dll msvcrt.dll rpcrt4.dll gdi32.dll KernelBase.dll KernelBase.dll user32.dll lpk.dll ktmw32.dll usp10.dll ole32.dll oleaut32.dll imm32.dll,normal
 ntdll.dll sechost.dll kernel32.dll kernelbase.dll user32.dll msvcrt.dll gdi32.dll imm32.dll msctf.dll lpk.dll combase.dll rpcrt4.dll kernel.appcore.dll cryptbase.dll bcryptprimitives.dll winnsi.dll sechost.dll Accessibility.ni.dll usp10.dll adsnt.dll uxtheme.dll cryptsp.dll rsaenh.dll bcrypt.dll webio.dll clbcatq.dll ole32.dll bcp47langs.dll winsta.dll uxtheme.dll dui70.dll oleaut32.dll shcore.dll dwmapi.dll System.ServiceModel.ni.dll shell32.dll ntdll.dll wintrust.dll shlwapi.dll userenv.dll profapi.dll comctl32.dll ksuser.dll rsaenh.dll duser.dll oleacc.dll mscoree.dll tipskins.dll twinapi.dll api-ms-win-core-registry-l2-1-0.dll gpapi.dll tipres.dll gdiplus.dll windows.ui.dll SensApi.dll ninput.dll tiptsf.dll,normal
 ntdll.dll ntdll.dll wow64.dll wow64win.dll wow64cpu.dll cryptbase.dll kernel32.dll kernel32.dll kernel32.dll user32.dll kernel32.dll KernelBase.dll advapi32.dll msvcrt.dll sechost.dll system.web.regularexpressions.ni.dll System.Configuration.ni.dll ntdll.dll rsaenh.dll sechost.dll rpcrt4.dll sspicli.dll api-ms-win-eventing-provider-l1-1-0.dll cryptbase.dll msvcr120_clr0400.dll mscoree.dll ole32.dll cryptbase.dll gdi32.dll user32.dll lpk.dll comctl32.dll usp10.dll oleaut32.dll imm32.dll system.transactions.dll msctf.dll cryptsp.dll ncrypt.dll rsaenh.dll RpcRtRemote.dll clbcatq.dll sxs.dll gdi32.dll mscoreei.dll rsaenh.dll clr.dll shlwapi.dll logoncli.dll mscorlib.ni.dll api-ms-win-core-io-l1-1-1.dll clrjit.dll Microsoft.Powershell.ConsoleHost.dll normaliz.dll Microsoft.Powershell.ConsoleHost.dll version.dll mscorlib.dll mscorlib.dll System.ni.dll System.dll kernelbase.dll lpk.dll taskbarcpl.dll rpcrtremote.dll System.dll win32u.dll System.Management.Automation.dll rpcrt4.dll System.Management.Automation.dll user32.dll System.Configuration.Install.ni.dll mswstr10.dll wow64cpu.dll System.Configuration.Install.dll System.Configuration.Install.dll System.Core.ni.dll kernelbase.dll System.Core.dll rpcrt4.dll System.Core.dll System.Xml.ni.dll System.Xml.dll version.dll System.Xml.dll System.Xml.dll System.Xml.dll System.Xml.dll system.data.entity.dll System.Xml.dll Microsoft.Management.Infrastructure.ni.dll Microsoft.Management.Infrastructure.dll Microsoft.Management.Infrastructure.dll imm32.dll bcrypt.dll bcryptprimitives.dll Microsoft.PowerShell.ConsoleHost.ni.dll ntdll.dll kernel32.dll KernelBase.dll gdi32.dll kernel32.dll user32.dll lpk.dll usp10.dll msvcrt.dll imm32.dll msctf.dll ole32.dll rpcrt4.dll oleaut32.dll,normal
 ntdll.dll sensapi.dll ntdll.dll wow64.dll wow64win.dll secur32.dll wow64cpu.dll lpk.dll kernel32.dll kernel32.dll system.ni.dll kernel32.dll rsaenh.dll user32.dll kernel32.dll kernelbase.dll advapi32.dll taskschd.dll msvcrt.dll sechost.dll kernelbase.dll GdiPlus.dll rpcrt4.dll presentationui.dll KernelBase.dll sspicli.dll cryptbase.dll kernel32.dll dnsapi.dll ws2_32.dll uxtheme.dll nsi.dll winnsi.dll dhcpcsvc.dll dhcpcsvc6.dll cfgmgr32.dll ngcpopkeysrv.dll shell32.dll shlwapi.dll gdi32.dll user32.dll shcore.dll lpk.dll usp10.dll ole32.dll imm32.dll msctf.dll clbcatq.dll oleaut32.dll cryptsp.dll rsaenh.dll rpcrtremote.dll wevtapi.dll,normal
 System.Web.dll clbcatq.dll msvcrt.dll sechost.dll ntdll.dll ntdll.dll kernel32.dll gdi32.dll kernelbase.dll advapi32.dll msvcrt.dll sechost.dll rpcrt4.dll windows.storage.applicationdata.dll kernel32.dll msvcr120_clr0400.dll mscoree.dll ole32.dll gdi32.dll user32.dll lpk.dll usp10.dll oleaut32.dll imm32.dll usp10.dll msctf.dll cryptbase.dll cryptsp.dll System.Configuration.ni.dll rsaenh.dll rpcrtremote.dll wship6.dll clbcatq.dll dnsapi.dll sxs.dll mscoreei.dll clr.dll normaliz.dll shlwapi.dll mscorlib.ni.dll clrjit.dll system.ni.dll system.core.ni.dll version.dll mscorlib.dll ole32.dll mscorlib.dll presentationframework-systemcore.ni.dll windowsbase.ni.dll presentationcore.ni.dll msctf.dll presentationframework.ni.dll presentationcore.dll presentationcore.dll system.xml.ni.dll sspicli.dll system.numerics.ni.dll system.security.ni.dll imm32.dll system.configuration.ni.dll ntdll.dll ntdll.dll kernel32.dll msvcp_win.dll kernelbase.dll advapi32.dll msvcrt.dll System.Security.ni.dll shlwapi.dll sechost.dll System.Web.dll rpcrt4.dll msvcrt.dll cryptsp.dll msctf.dll msvcr120_clr0400.dll mscoree.dll ole32.dll gdi32.dll user32.dll lpk.dll clr.dll usp10.dll oleaut32.dll imm32.dll msctf.dll cryptbase.dll shlwapi.dll cryptsp.dll rsaenh.dll system.configuration.dll rsaenh.dll rpcrtremote.dll clbcatq.dll System.Security.dll sxs.dll mscoreei.dll clr.dll shlwapi.dll mscorlib.ni.dll kernel32.dll clrjit.dll system.ni.dll system.core.ni.dll system.workflow.componentmodel.ni.dll version.dll ole32.dll mscorlib.dll mscorlib.dll sqmapi.dll system.drawing.ni.dll msctf.dll system.design.ni.dll system.xml.ni.dll system.transactions.ni.dll system.transactions.dll system.transactions.dll advapi32.dll system.transactions.dll system.windows.forms.ni.dll system.configuration.ni.dll system.numerics.ni.dll system.security.ni.dll,normal
 ntdll.dll kernel32.dll mfplat.dll kernelbase.dll msasn1.dll advapi32.dll msvcrt.dll imm32.dll sechost.dll rpcrt4.dll gdi32.dll cfgmgr32.dll cryptsp.dll user32.dll cryptsp.dll user32.dll lpk.dll usp10.dll msswch.dll user32.dll rsaenh.dll winmm.dll dwmapi.dll gdiplus.dll cryptbase.dll ole32.dll oleacc.dll oleaut32.dll shlwapi.dll wmsgapi.dll duser.dll uxtheme.dll imm32.dll clbcatq.dll msctf.dll cryptbase.dll System.Runtime.Serialization.Formatters.Soap.ni.dll dui70.dll comctl32.dll xmllite.dll clbcatq.dll tabskb.dll crypt32.dll cryptsp.dll rsaenh.dll msvcrt.dll rpcrtremote.dll cfgmgr32.dll windowscodecs.dll,normal
 ntdll.dll kernel32.dll kernelbase.dll adwsres.dll msvcrt.dll conhostv2.dll combase.dll ucrtbase.dll rpcrt4.dll bcryptprimitives.dll msctf.dll gdi32.dll gdi32full.dll oleacc.dll user32.dll win32u.dll imm32.dll advapi32.dll user32.dll oleaut32.dll msvcp_win.dll sechost.dll shcore.dll propsys.dll sechost.dll shell32.dll cfgmgr32.dll windows.storage.dll powrprof.dll windowscodecs.dll ole32.dll gdi32.dll ws2_32.dll system.data.sqlxml.dll advapi32.dll shlwapi.dll kernel.appcore.dll profapi.dll clbcatq.dll msctf.dll,normal
 ondemandconnroutehelper.dll,normal
 cryptbase.dll ntdll.dll ntdll.dll wow64.dll wow64win.dll wow64cpu.dll kernel32.dll sspicli.dll kernel32.dll kernel32.dll wow64win.dll kernelbase.dll user32.dll system.windows.forms.dll dhcpcsvc6.dll kernel32.dll KernelBase.dll npmproxy.dll msvcrt.dll winbrand.dll user32.dll gdi32.dll system.xml.ni.dll lpk.dll system.drawing.dll usp10.dll api-ms-win-security-cryptoapi-l1-1-0.dll advapi32.dll sechost.dll rpcrt4.dll sspicli.dll cryptbase.dll imm32.dll msctf.dll apphelp.dll,normal
 ntdll.dll ntdll.dll wow64.dll kernel32.dll wow64win.dll sdiageng.dll wow64cpu.dll kernel32.dll kernel32.dll kernel32.dll user32.dll kernel32.dll rpcrt4.dll mydocs.dll KernelBase.dll advapi32.dll msvcrt.dll twinapi.appcore.dll sechost.dll rpcrt4.dll ntdll.dll dui70.dll imageres.dll sspicli.dll cryptbase.dll dnsapi.dll dwmapi.dll firewallcontrolpanel.dll ws2_32.dll nlsdata0009.dll nsi.dll nsi.dll npmproxy.dll winnsi.dll dhcpcsvc.dll dhcpcsvc6.dll shell32.dll shlwapi.dll gdi32.dll sppwinob.dll user32.dll wdc.dll lpk.dll usp10.dll ole32.dll api-ms-win-service-management-l2-1-0.dll ole32.dll imm32.dll msctf.dll clbcatq.dll oleaut32.dll devrtl.dll kernel32.dll winbrand.dll cryptsp.dll rsaenh.dll RpcRtRemote.dll wevtapi.dll ntdll.dll oleaut32.dll kernel32.dll KernelBase.dll gdi32.dll user32.dll gdi32.dll lpk.dll usp10.dll system.directoryservices.dll msvcrt.dll imm32.dll msctf.dll ole32.dll rpcrt4.dll oleaut32.dll cryptbase.dll clbcatq.dll oleaut32.dll lpk.dll advapi32.dll winnsi.dll sechost.dll KernelBase.dll ntdll.dll dpx.dll kernel32.dll RpcRtRemote.dll KernelBase.dll gdi32.dll user32.dll windows.applicationmodel.background.systemeventsbroker.dll user32.dll lpk.dll rpcrt4.dll usp10.dll shell32.dll msvcrt.dll user32.dll imm32.dll user32.dll msctf.dll ole32.dll rpcrt4.dll oleaut32.dll kernel32.dll winnsi.dll System.Configuration.ni.dll cryptbase.dll dwrite.dll cryptbase.dll clbcatq.dll advapi32.dll sechost.dll ntdll.dll ntdll.dll imm32.dll wow64.dll dui70.dll wow64win.dll wow64cpu.dll kernel32.dll kernel32.dll kernel32.dll System.Configuration.ni.dll user32.dll ntdll.dll kernel32.dll KernelBase.dll advapi32.dll System.Management.Automation.dll msvcrt.dll sechost.dll rpcrt4.dll oleaut32.dll sspicli.dll imm32.dll lpk.dll cryptbase.dll user32.dll accessibility.dll gdi32.dll lpk.dll gpsvc.dll usp10.dll shlwapi.dll shell32.dll ole32.dll iertutil.dll urlmon.dll uxtheme.dll wininet.dll oleaut32.dll user32.dll crypt32.dll msasn1.dll imm32.dll msctf.dll ieframe.dll psapi.dll oleacc.dll comctl32.dll comdlg32.dll oleaut32.dll IEShims.dll RpcRtRemote.dll sqmapi.dll clbcatq.dll rsaenh.dll propsys.dll setupapi.dll cfgmgr32.dll devobj.dll profapi.dll cryptsp.dll ws2_32.dll nsi.dll dnsapi.dll winnsi.dll rsaenh.dll ieproxy.dll apphelp.dll ieframe.dll mlang.dll uxtheme.dll mshtml.dll msls31.dll wintrust.dll version.dll sechost.dll ntmarta.dll gdi32full.dll Wldap32.dll msvcrt.dll dwmapi.dll sxs.dll iesetup.dll advpack.dll msimtf.dll user32.dll ole32.dll ole32.dll comctl32.dll msctf.dll msctf.dll imecfm.dll shell32.dll LspWaoIe.dll imagehlp.dll wsock32.dll,normal
 wow64win.dll netapi32.dll wkscli.dll dsrole.dll mmcfxcommon.ni.dll httpapi.dll version.dll winhttp.dll webio.dll wsmgcdeps.dll System.Data.dll msctf.dll clbcatq.dll comctl32.dll ntdll.dll sxs.dll ntdll.dll kernel32.dll kernel32.dll kernelbase.dll msvcrt.dll advapi32.dll ntasn1.dll sechost.dll rpcrt4.dll mscorlib.dll Microsoft.Office.Tools.v9.0.dll system.web.extensions.dll shell32.dll ntdll.dll shlwapi.dll gdi32.dll user32.dll lpk.dll usp10.dll ole32.dll oleaut32.dll imm32.dll profapi.dll userenv.dll cryptbase.dll netutils.dll srvcli.dll firewallapi.dll shlwapi.dll wsmres.dll,normal
 ntdll.dll kernel32.dll KernelBase.dll user32.dll wldap32.dll win32u.dll gdi32.dll gdi32full.dll mshtml.dll msvcp_win.dll ucrtbase.dll dhcpcsvc.dll msvcrt.dll wow64cpu.dll imm32.dll winnsi.dll combase.dll rpcrt4.dll bcryptprimitives.dll kernel.appcore.dll ole32.dll sechost.dll uxtheme.dll clbcatq.dll ole32.dll onecoreuapcommonproxystub.dll tipskins.dll api-ms-win-core-errorhandling-l1-1-0.dll BCP47Langs.dll oleaut32.dll cdp.dll dwmapi.dll api-ms-win-downlevel-version-l1-1-0.dll twinapi.dll SHCore.dll TextInputFramework.dll CoreUIComponents.dll CoreMessaging.dll advapi32.dll cryptsp.dll ntmarta.dll WinTypes.dll usermgrcli.dll structuredquery.dll system.core.ni.dll msctf.dll storageusage.dll winbrand.dll windows.storage.dll user32.dll shlwapi.dll powrprof.dll profapi.dll userenv.dll gpapi.dll TipRes.dll TipRes.dll dui70.dll msvcrt.dll comctl32.dll duser.dll version.dll GdiPlus.dll msctf.dll atlthunk.dll imm32.dll tiptsf.dll policymanager.dll msvcp110_win.dll lpk.dll tabskb.dll oleacc.dll tipresx.dll tipresx.dll winsta.dll,normal
 ntdll.dll api-ms-win-security-base-l1-1-0.dll ntdll.dll wow64.dll wow64win.dll wow64cpu.dll ws2_32.dll capabilityaccessmanagerclient.dll kernel32.dll kernel32.dll kernel32.dll user32.dll kernel32.dll KernelBase.dll advapi32.dll msvcrt.dll accessibility.ni.dll uxtheme.dll sechost.dll rpcrt4.dll gdi32.dll sspicli.dll wow64.dll cryptbase.dll dnsapi.dll ws2_32.dll nsi.dll winnsi.dll dhcpcsvc.dll clbcatq.dll advapi32.dll dhcpcsvc6.dll shell32.dll shlwapi.dll gdi32.dll user32.dll lpk.dll usp10.dll ole32.dll imm32.dll msctf.dll clbcatq.dll oleaut32.dll cryptsp.dll rsaenh.dll RpcRtRemote.dll wevtapi.dll ntdll.dll shlwapi.dll authui.dll ntdll.dll wow64.dll wow64win.dll wow64cpu.dll System.Xml.dll kernel32.dll kernel32.dll kernel32.dll user32.dll kernel32.dll ntdll.dll KernelBase.dll advapi32.dll msvcrt.dll sechost.dll rpcrt4.dll sspicli.dll ntshrui.dll cryptbase.dll dnsapi.dll cryptbase.dll user32.dll rpcrt4.dll ws2_32.dll advapi32.dll KernelBase.dll nsi.dll sensapi.dll winnsi.dll usp10.dll dhcpcsvc.dll wow64win.dll dhcpcsvc6.dll msvcrt.dll devobj.dll SensApi.dll shell32.dll shlwapi.dll gdi32.dll user32.dll lpk.dll kernel.appcore.dll comdlg32.dll cryptbase.dll cryptsp.dll usp10.dll ole32.dll imm32.dll sqmapi.dll msctf.dll shell32.dll system.runtime.remoting.ni.dll clbcatq.dll oleaut32.dll cryptsp.dll rsaenh.dll RpcRtRemote.dll wevtapi.dll ntdll.dll ntdll.dll kernel32.dll imm32.dll KernelBase.dll advapi32.dll msvcrt.dll user32.dll sechost.dll rpcrt4.dll ole32.dll system.web.regularexpressions.dll oleaut32.dll gdi32.dll certadm.dll user32.dll lpk.dll cryptbase.dll version.dll usp10.dll imm32.dll msctf.dll wdscore.dll oleaut32.dll ntdll.dll propsys.dll shell32.dll shlwapi.dll dbghelp.dll dhcpcsvc6.dll cryptbase.dll CbsCore.dll version.dll shell32.dll crypt32.dll msasn1.dll wintrust.dll gpsvc.dll userenv.dll gdi32.dll bcryptprimitives.dll profapi.dll ktmw32.dll dpx.dll kernel32.dll dpx.dll kernel32.dll wow64win.dll dpx.dll wcp.dll cscapi.dll DrUpdate.dll setupapi.dll cfgmgr32.dll devobj.dll mpr.dll wrpint.dll sxsstore.dll sqmapi.dll oleaut32.dll winhttp.dll ncrypt.dll conhostv2.dll api-ms-win-core-handle-l1-1-0.dll webio.dll winhttp.dll api-ms-win-downlevel-normaliz-l1-1-0.dllnormaliz.dll sspicli.dll webio.dll SensApi.dll clr.dll msctf.dll cryptsp.dll rsaenh.dll RpcRtRemote.dll msvcrt.dll system.security.dll clbcatq.dll CbsApi.dll comctl32.dll smipi.dll smiengine.dll ntdll.dll mscoree.dll kernel32.dll KernelBase.dll gdi32.dll user32.dll lpk.dll usp10.dll msvcrt.dll imm32.dll system.deployment.dll msctf.dll ole32.dll rpcrt4.dll oleaut32.dll cryptbase.dll clbcatq.dll advapi32.dll sechost.dll ntdll.dll kernel32.dll KernelBase.dll gdi32.dll user32.dll lpk.dll usp10.dll msvcrt.dll imm32.dll msctf.dll ole32.dll rpcrt4.dll oleaut32.dll cryptbase.dll clbcatq.dll advapi32.dll sechost.dll,normal
 ntdll.dll kernel32.dll kernelbase.dll cryptbase.dll gdi32.dll user32.dll sechost.dll api-ms-win-crt-runtime-l1-1-0.dll lpk.dll usp10.dll lpk.dll mscorlib.dll msvcrt.dll taskbarcpl.dll imm32.dll msctf.dll ole32.dll rpcrt4.dll oleaut32.dll uxtheme.dll dwmapi.dll cfgmgr32.dll msswch.dll advapi32.dll sechost.dll dhcpcsvc.dll winmm.dll comctl32.dll shlwapi.dll cryptbase.dll,normal
 avrt.dll mmcss.dll es.dll ole32.dll aelupsvc.dll aelupsvc.dll mscorlib.dll aelupsvc.dll,normal
 uiautomationprovider.dll ntdll.dll kernel32.dll KernelBase.dll apphelp.dll gdi32.dll user32.dll lpk.dll dhcpcsvc6.dll usp10.dll msvcrt.dll imm32.dll msctf.dll ole32.dll rpcrt4.dll oleaut32.dll cryptbase.dll clbcatq.dll usp10.dll oleaut32.dll npmproxy.dll advapi32.dll sechost.dll ntdll.dll ntdll.dll wow64.dll System.dll wow64win.dll sspicli.dll system.web.services.ni.dll system.transactions.dll ws2_32.dll kernelbase.dll wow64cpu.dll kernel32.dll kernel32.dll kernel32.dll kernelbase.dll user32.dll kernel32.dll KernelBase.dll winhttp.dll advapi32.dll msvcrt.dll sechost.dll rpcrt4.dll sspicli.dll lpk.dll rsaenh.dll cryptbase.dll dnsapi.dll ws2_32.dll filterlib.dll nsi.dll winnsi.dll dhcpcsvc.dll usp10.dll dnsapi.dll sxs.dll dhcpcsvc6.dll shell32.dll shlwapi.dll gdi32.dll user32.dll lpk.dll usp10.dll ole32.dll imm32.dll SensApi.dll msctf.dll clbcatq.dll ole32.dll oleaut32.dll cryptsp.dll kernelbase.dll rsaenh.dll RpcRtRemote.dll msfeedsbs.dll wevtapi.dll bcryptprimitives.dll ntdll.dll oleaut32.dll kernel32.dll KernelBase.dll msvcrt.dll ole32.dll gdi32.dll KernelBase.dll user32.dll lpk.dll usp10.dll rpcrt4.dll System.Management.dll cfgmgr32.dll imm32.dll msctf.dll uiautomationcore.dll cryptbase.dll clbcatq.dll ntdll.dll advapi32.dll sechost.dll oleaut32.dll spoolss.dll crypt32.dll kernel32.dll microsoft.management.infrastructure.ni.dll msasn1.dll comctl32.dll usp10.dll shlwapi.dll uxtheme.dll GdiPlus.dll dui70.dll duser.dll SndVolSSO.dll hid.dll samcli.dll lpk.dll MMDevAPI.dll propsys.dll setupapi.dll cfgmgr32.dll System.ServiceProcess.ni.dll devobj.dll dwmapi.dll xmllite.dll msvcrt.dll WindowsCodecs.dll msctf.dll kernelbase.dll winbrand.dll RpcRtRemote.dll cryptbase.dll usp10.dll wtsapi32.dll winsta.dll ws2_32.dll advapi32.dll nsi.dll authui.dll cryptsp.dll rsaenh.dll rsaenh.dll oleacc.dll KernelBase.dll UIAutomationCore.dll ntdll.dll winbrand.dll shell32.dll winnsi.dll msimg32.dll cryptui.dll VaultCredProvider.dll SmartcardCredentialProvider.dll certCredProvider.dll rpcrt4.dll rasplap.dll rasapi32.dll rasman.dll version.dll rtutils.dll psapi.dll imecfm.dll version.dll shell32.dll msvcrt.dll user32.dll WinSCard.dll wkscli.dll netutils.dll shacct.dll onex.dll SensApi.dll samlib.dll profapi.dll msswch.dll winmm.dll nlaapi.dll imageres.dll sspicli.dll wintrust.dll crypt32.dll msasn1.dll ntdll.dll ntdll.dll sechost.dll wow64.dll wow64win.dll wow64cpu.dll kernel32.dll system.directoryservices.dll kernel32.dll presentationcore.dll kernel32.dll user32.dll kernel32.dll KernelBase.dll msvcrt.dll winbrand.dll user32.dll gdi32.dll lpk.dll usp10.dll advapi32.dll sechost.dll rpcrt4.dll sspicli.dll cryptbase.dll imm32.dll msctf.dll apphelp.dll,normal
 wevtapi.dll ntdll.dll duser.dll kernel32.dll kernelbase.dll netprofm.dll msvcrt.dll conhostv2.dll combase.dll ucrtbase.dll rpcrt4.dll apphelp.dll bcryptprimitives.dll system.core.ni.dll rasadhlp.dll gdi32.dll gdi32full.dll user32.dll win32u.dll shell32.dll provsvc.dll imm32.dll oleaut32.dll msvcp_win.dll msvcp_win.dll propsys.dll ntdll.dll sechost.dll shcore.dll shell32.dll cfgmgr32.dll windows.storage.dll powrprof.dll advapi32.dll shlwapi.dll kernel.appcore.dll system.xml.dll version.dll profapi.dll uxtheme.dll advapi32.dll msctf.dll tiptsf.dll dwmapi.dll comctl32.dll msctf.dll clbcatq.dll uiautomationcore.dll userenv.dll sxs.dll oleacc.dll ole32.dll System.Xml.dll iertutil.dll version.dll imm32.dll ntmarta.dll crypt32.dll profapi.dll wcp.dll rsaenh.dll ncrypt.dll msasn1.dll bcrypt.dll ntasn1.dll policymanager.dll msvcp110_win.dll dui70.dll urlmon.dll imecfm.dll wer.dll,normal
 ntdll.dll,normal
 ntdll.dll kernel32.dll kernelbase.dll advapi32.dll msvcrt.dll system.data.dll sechost.dll user32.dll rpcrt4.dll msvcr120_clr0400.dll mscoree.dll ole32.dll cryptsp.dll UIAutomationClient.ni.dll ntdll.dll gdi32.dll msvcrt.dll user32.dll lpk.dll lpk.dll usp10.dll cscui.dll oleaut32.dll credui.dll imm32.dll msctf.dll cryptbase.dll ntdll.dll gdi32.dll cryptsp.dll rsaenh.dll rpcrtremote.dll clbcatq.dll ole32.dll ole32.dll sxs.dll mscoreei.dll clr.dll shlwapi.dll mscorlib.ni.dll clrjit.dll system.ni.dll system.core.ni.dll sensapi.dll windowsbase.ni.dll presentationcore.ni.dll version.dll presentationcore.dll presentationcore.dll ntdsapi.dll mscorlib.dll mscorlib.dll system.xaml.ni.dll uiautomationtypes.ni.dll system.configuration.ni.dll lpk.dll Microsoft.VisualBasic.ni.dll system.windows.input.manipulations.ni.dll system.xml.ni.dll uiautomationprovider.ni.dll system.deployment.ni.dll ole32.dll ole32.dll accessibility.ni.dll cbsapi.dll kernel32.dll apphelp.dll system.security.ni.dll comctl32.dll shlwapi.dll system.numerics.ni.dll ntdll.dll kernel.appcore.dll bcrypt.dll wmsgapi.dll kernel32.dll kernelbase.dll ntdll.dll advapi32.dll msvcrt.dll sechost.dll rpcrt4.dll msvcr120_clr0400.dll mscoree.dll ole32.dll ntdll.dll gdi32.dll apphelp.dll nsi.dll authz.dll user32.dll lpk.dll GrooveIntlResource.dll system.activities.ni.dll usp10.dll oleaut32.dll lpk.dll bcrypt.dll imm32.dll msctf.dll nsi.dll cryptbase.dll cryptsp.dll rsaenh.dll wintrust.dll rpcrtremote.dll clbcatq.dll setupapi.dll version.dll msvcrt.dll sxs.dll mscoreei.dll clr.dll shlwapi.dll mscorlib.ni.dll clrjit.dll system.ni.dll system.runtime.serialization.ni.dll version.dll mscorlib.dll mscorlib.dll system.xml.ni.dll system.servicemodel.internals.ni.dll smdiagnostics.ni.dll ntdll.dll system.core.ni.dll user32.dll system.configuration.ni.dll ntdll.dll microsoft.visualc.ni.dll kernel32.dll kernelbase.dll wow64cpu.dll advapi32.dll msvcrt.dll sechost.dll rpcrt4.dll wow64cpu.dll kernel32.dll msvcr120_clr0400.dll ole32.dll sechost.dll mscoree.dll ole32.dll gdi32.dll user32.dll system.data.dll lpk.dll usp10.dll oleaut32.dll imm32.dll msisip.dll msctf.dll cryptbase.dll cryptsp.dll rsaenh.dll rpcrtremote.dll wkscli.dll clbcatq.dll sxs.dll mscoreei.dll appidapi.dll clr.dll dui70.dll version.dll shlwapi.dll mscorlib.ni.dll clrjit.dll sechost.dll system.ni.dll system.core.ni.dll system.web.entity.ni.dll kernelbase.dll version.dll mscorlib.dll mscorlib.dll system.drawing.ni.dll msctf.dll system.web.ni.dll cfgmgr32.dll system.web.dll comctl32.dll system.web.dll system.web.extensions.ni.dll system.data.entity.ni.dll system.data.ni.dll cryptsp.dll KernelBase.dll system.data.dll system.data.dll system.data.dll nsi.dll system.configuration.ni.dll system.xml.ni.dll system.numerics.ni.dll crypt32.dll system.security.ni.dll ntdll.dll wpdshext.dll ntdll.dll wow64.dll ole32.dll wow64win.dll wow64cpu.dll kernel32.dll kernel32.dll kernel32.dll oleacc.dll user32.dll kernel32.dll ntdll.dll kernelbase.dll lpk.dll imetip.dll advapi32.dll msvcrt.dll user32.dll clbcatq.dll sechost.dll msctf.dll rpcrt4.dll tabskb.dll ws2_32.dll sspicli.dll cryptbase.dll sensapi.dll msvcr120_clr0400.dll mscoree.dll ole32.dll lpk.dll gdi32.dll user32.dll lpk.dll cscdll.dll usp10.dll oleaut32.dll imm32.dll msctf.dll cryptsp.dll rsaenh.dll rpcrtremote.dll clbcatq.dll imm32.dll sxs.dll mscoreei.dll mscorwks.dll msvcr80.dll shlwapi.dll shell32.dll profapi.dll mscorlib.ni.dll mscorjit.dll mscorlib.dll mscorlib.dll version.dll mscms.dll mscorlib.dll mscorlib.dll ncrypt.dll rpcrt4.dll microsoft.visualstudio.tools.office.runtime.v10.0.dll microsoft.visualstudio.tools.office.runtime.v10.0.dll icaapi.dll mscorsec.dll wintrust.dll user32.dll crypt32.dll sxs.dll msasn1.dll comctl32.dll riched20.dll imagehlp.dll ncrypt.dll bcrypt.dll els.dll imm32.dll bcryptprimitives.dll userenv.dll mssprxy.dll gpapi.dll cryptnet.dll wldap32.dll sensapi.dll microsoft.visualstudio.tools.office.runtime.v10.0.dll system.ni.dll winnsi.dll cryptbase.dll system.addin.ni.dll system.core.ni.dll kernel32.dll microsoft.visualstudio.tools.applications.runtime.v10.0.ni.dll user32.dll microsoft.visualstudio.tools.applications.runtime.v10.0.dll rpcrtremote.dll microsoft.visualstudio.tools.applications.runtime.v10.0.dll msvcrt.dll system.core.dll system.core.dll shell32.dll system.core.dll propsys.dll rpcrt4.dll system.core.dll system.dll system.dll system.dll system.dll system.addin.dll system.addin.dll microsoft-windows-homegroupdiagnostic.netlistmgr.interop.dll system.addin.dll system.addin.dll system.xml.ni.dll system.xml.dll system.xml.dll system.xml.dll system.xml.dll system.drawing.ni.dll system.windows.forms.ni.dll system.windows.forms.dll system.windows.forms.dll kernel32.dll system.windows.forms.dll system.windows.forms.dll system.drawing.dll system.drawing.dll system.transactions.dll system.drawing.dll msvcrt.dll system.drawing.dll microsoft.visualstudio.tools.applications.hosting.v10.0.ni.dll microsoft.visualstudio.tools.applications.hosting.v10.0.dll microsoft.visualstudio.tools.applications.hosting.v10.0.dll microsoft.visualstudio.tools.applications.serverdocument.v10.0.ni.dll microsoft.visualstudio.tools.applications.serverdocument.v10.0.dll microsoft.visualstudio.tools.applications.serverdocument.v10.0.dll microsoft.visualstudio.tools.applications.runtime.v9.0.ni.dll microsoft.visualstudio.tools.applications.runtime.v9.0.dll cryptsp.dll microsoft.visualstudio.tools.applications.runtime.v9.0.dll microsoft.visualstudio.tools.applications.runtime.v9.0.dll powrprof.dll microsoft.visualstudio.tools.applications.runtime.v9.0.dll system.xml.linq.ni.dll system.xml.linq.dll wldap32.dll system.xml.linq.dll system.xml.linq.dll system.xml.linq.dll system.deployment.ni.dll system.deployment.dll system.deployment.dll system.deployment.dll system.deployment.dll system.security.ni.dll system.security.dll system.security.dll system.security.dll system.security.dll system.configuration.ni.dll system.configuration.dll system.configuration.dll system.configuration.dll system.configuration.dll,normal
 ntdll.dll kernel32.dll kernelbase.dll advapi32.dll msvcrt.dll sechost.dll rpcrt4.dll mscorlib.ni.dll kernel32.dll kernel32.dll user32.dll winnsi.dll msvcrt.dll win32u.dll clbcatq.dll gdi32.dll powrprof.dll system.dll gdi32full.dll msvcp_win.dll ucrtbase.dll wintypes.dll shell32.dll cfgmgr32.dll imm32.dll shcore.dll combase.dll bcryptprimitives.dll windows.storage.dll shlwapi.dll kernel.appcore.dll powrprof.dll profapi.dll uxtheme.dll imm32.dll,normal
 nlsdata0011.dll nlslexicons0011.dll nlsmodels0011.dll nlsdata0009.dll ntdll.dll nlslexicons0009.dll cryptsp.dll nlsdata0000.dll cryptbase.dll wow64.dll nlsdata000a.dll cryptbase.dll nlslexicons000a.dll nlsdata0414.dll nlslexicons0414.dll msctf.dll nlsdata0011.dll nlslexicons0011.dll advapi32.dll nlsmodels0011.dll nlsdata0011.dll nlslexicons0011.dll nlsmodels0011.dll nlsdata0011.dll rpcrt4.dll nlslexicons0011.dll nlsmodels0011.dll nlsdata0011.dll nlslexicons0011.dll nlsmodels0011.dll,normal
 oleaut32.dll ntdll.dll sechost.dll kernel32.dll kernelbase.dll user32.dll msvcrt.dll gdi32.dll imm32.dll shlwapi.dll msctf.dll combase.dll rpcrt4.dll kernel.appcore.dll cryptbase.dll bcryptprimitives.dll sechost.dll uxtheme.dll es.dll actxprxy.dll sechost.dll cryptsp.dll setupapi.dll api-ms-win-downlevel-advapi32-l1-1-0.dll sechost.dll rsaenh.dll bcrypt.dll clbcatq.dll System.dll ole32.dll rpcrt4.dll ehiproxy.ni.dll KernelBase.dll tipskins.dll bcp47langs.dll winsta.dll dui70.dll oleaut32.dll shcore.dll dwmapi.dll twinapi.dll shell32.dll shlwapi.dll userenv.dll ole32.dll profapi.dll gpapi.dll tipres.dll comctl32.dll duser.dll oleaut32.dll gdiplus.dll msvcrt.dll windows.ui.dll ninput.dll tiptsf.dll oleacc.dll,normal
 ntdll.dll mscorlib.dll ntdll.dll dhcpcsvc.dll kernel32.dll rsaenh.dll system.printing.dll kernelbase.dll kernelbase.dll actxprxy.dll sechost.dll sechost.dll rpcrt4.dll rpcrt4.dll ucrtbase.dll ucrtbase.dll combase.dll bcryptprimitives.dll sspicli.dll bcryptprimitives.dll api-ms-win-crt-locale-l1-1-0.dll kernel.appcore.dll kernel.appcore.dll sechost.dll msvcrt.dll ntdll.dll msvcrt.dll api-ms-win-core-fibers-l1-1-0.dll oleacc.dll ieframe.dll user32.dll win32u.dll gdi32.dll gdi32full.dll msvcp_win.dll msvcp_win.dll capabilityaccessmanager.dll capabilityaccessmanager.dll wldp.dll sechost.dll imm32.dll wldp.dll crypt32.dll msasn1.dll msasn1.dll wintrust.dll advapi32.dll user32.dll advapi32.dll KernelBase.dll clbcatq.dll capabilityaccessmanagerclient.dll capabilityaccessmanagerclient.dll capabilityaccesshandlers.dll capabilityaccesshandlers.dll cryptsp.dll policymanager.dll policymanager.dll msvcp110_win.dll msvcp110_win.dll oleaut32.dll ntdll.dll ntdll.dll kernel32.dll msvcrt.dll kernelbase.dll RpcRtRemote.dll kernel32.dll kernelbase.dll user32.dll msvcrt.dll msvcrt.dll oleaut32.dll msvcp_win.dll ws2_32.dll msvcp_win.dll ucrtbase.dll ucrtbase.dll combase.dll advapi32.dll rpcrt4.dll wow64win.dll rpcrt4.dll sensapi.dll bcryptprimitives.dll bcryptprimitives.dll advapi32.dll advapi32.dll sechost.dll rpcrt4.dll sechost.dll rsaenh.dll tquery.dll msctf.dll sechost.dll tquery.dll cryptdll.dll cryptdll.dll imm32.dll clbcatq.dll system.xml.dll user32.dll win32u.dll gdi32.dll gdi32full.dll kernel.appcore.dll kernel.appcore.dll clbcatq.dll mssprxy.dll mssprxy.dll,normal
 ntdll.dll ntdll.dll win32u.dll shlwapi.dll wow64.dll wow64win.dll wow64cpu.dll System.Configuration.Install.ni.dll kernel32.dll kernel32.dll kernel32.dll user32.dll imm32.dll kernel32.dll kernelbase.dll system.web.dll advapi32.dll microsoft.vsa.dll msvcrt.dll sechost.dll rpcrt4.dll sspicli.dll cryptbase.dll dnsapi.dll ws2_32.dll wow64cpu.dll shell32.dll adsldpc.dll nsi.dll winnsi.dll eppmanifest.dll dhcpcsvc.dll user32.dllnormaliz.dll dhcpcsvc6.dll shell32.dll shlwapi.dll gdi32.dll wow64win.dll user32.dll lpk.dll usp10.dll ole32.dll imm32.dll sensapi.dll msvcrt.dll msctf.dll clbcatq.dll oleaut32.dll cryptsp.dll rsaenh.dll rpcrtremote.dll Microsoft.VisualStudio.Tools.Applications.Adapter.v9.0.dll wevtapi.dll,normal
 ntdll.dll dwmapi.dll ntdll.dll microsoft.powershell.commands.utility.dll wow64.dll shcore.dll wow64win.dll policymanager.dll wow64cpu.dll ntdll.dll kernel32.dll system.directoryservices.protocols.ni.dll kernel32.dll npmproxy.dll kernel32.dll user32.dll kernel32.dll api-ms-win-downlevel-shlwapi-l2-1-0.dll KernelBase.dll oleaut32.dll advapi32.dll System.Transactions.dll msvcrt.dll sechost.dll rpcrt4.dll UserAccountControlSettings.dll sspicli.dll cryptbase.dll msvcr120_clr0400.dll ntdll.dll wow64win.dll Microsoft.Office.Tools.Common.Implementation.dll mscoree.dll ole32.dll gdi32.dll user32.dll lpk.dll usp10.dll wow64win.dll oleaut32.dll imm32.dll msctf.dll kernelbase.dll nl7models0009.dll cryptsp.dll rsaenh.dll gdi32.dll imm32.dll cryptsp.dll RpcRtRemote.dll clbcatq.dll ole32.dll sxs.dll version.dll mscoreei.dll mscorwks.dll msvcr80.dll shlwapi.dll shell32.dll profapi.dll mscorlib.ni.dll mscorlib.ni.dll mscorjit.dll mscorlib.dll mscorlib.dll version.dll mscorlib.dll mscorlib.dll System.ni.dll System.Drawing.Design.ni.dll System.Drawing.Design.dll System.Drawing.Design.dll comctl32.dll System.dll System.dll cryptnet.dll System.dll System.dll api-ms-win-core-timezone-l1-1-0.dll System.Drawing.ni.dll System.Drawing.dll System.Drawing.dll cryptbase.dll System.Drawing.dll System.Drawing.dll System.Windows.Forms.ni.dll System.Windows.Forms.dll user32.dll System.Windows.Forms.dll System.Windows.Forms.dll lpk.dll System.Windows.Forms.dll System.Configuration.ni.dll System.configuration.dll System.configuration.dll System.configuration.dll System.configuration.dll System.Xml.ni.dll System.XML.dll System.XML.dll System.XML.dll System.XML.dll,normal
 ntdll.dll lpk.dll msvcrt.dll kernel32.dll kernelbase.dll version.dll advapi32.dll combase.dll api-ms-win-core-file-l2-1-0.dll msvcrt.dll sechost.dll rpcrt4.dll user32.dll gdi32.dll lpk.dll usp10.dll shlwapi.dll ole32.dll winmm.dll shell32.dll usp10.dll winhttp.dll webio.dll usp10.dll System.Drawing.dll powrprof.dll setupapi.dll cryptbase.dll cfgmgr32.dll oleaut32.dll devobj.dll imm32.dll msctf.dll tdh.dll wevtapi.dll apphelp.dll,normal
 racengn.dll,normal
 ntdll.dll kernel32.dll kernelbase.dll advapi32.dll advapi32.dll msvcrt.dll sechost.dll winbrand.dll cryptdll.dll rpcrt4.dll crypt32.dll imm32.dll msasn1.dll cryptdll.dll netapi32.dll netutils.dll wkscli.dll logoncli.dll msvcrt.dll ole32.dll msvcr120_clr0400.dll dhcpcsvc6.dll cryptbase.dll api-ms-win-core-url-l1-1-0.dll system.drawing.dll msvcp_win.dll gdi32.dll ntdll.dll user32.dll lpk.dll winsta.dll usp10.dll System.Deployment.dll oleaut32.dll shlwapi.dll samlib.dll System.Data.SqlXml.ni.dll secur32.dll winbrand.dll sspicli.dll shell32.dll userenv.dll profapi.dll version.dll hid.dll mscorwks.dll setupapi.dll cfgmgr32.dll devobj.dll winscard.dll winsta.dll wldap32.dll imm32.dll msctf.dll cryptbase.dll rsaenh.dll vaultcli.dll wintrust.dll msobjs.dll srvcli.dll bcrypt.dll bcryptprimitives.dll cryptsp.dll,mimikatz
 advapi32.dll ntdll.dll ntdll.dll kernel32.dll kernelbase.dll IDStore.dll kernelbase.dll shell32.dll msvcrt.dll cryptbase.dll msvcrt.dll rpcrtremote.dll cfgmgr32.dll ucrtbase.dll ucrtbase.dll imageres.dll shcore.dll shcore.dll netutils.dll rpcrt4.dll rpcrt4.dll combase.dll ole32.dll gdi32.dll bcryptprimitives.dll samcli.dll gdi32.dll dhcpcsvc.dll system.data.ni.dll bcryptprimitives.dll windows.storage.dll windows.storage.dll cfgmgr32.dll mssvp.dll advapi32.dll advapi32.dll sechost.dll sechost.dll shlwapi.dll shlwapi.dll gdi32.dll wow64win.dll gdi32full.dll msvcp_win.dll ipmiprr.dll msvcp_win.dll system.deployment.dll chrome_child.dll user32.dll win32u.dll system.xml.ni.dll kernel.appcore.dll sensapi.dll kernel.appcore.dll gdi32.dll profapi.dll wcp.dll powrprof.dll filterlib.dll fltlib.dll wevtapi.dll chrome_elf.dll chrome_elf.dll ntdll.dll version.dll version.dll winmm.dll userenv.dll wow64win.dll userenv.dll system.data.oracleclient.dll sechost.dll winmmbase.dll cryptbase.dll cryptbase.dll imm32.dll system.security.dll System.Configuration.ni.dll chrome.dll chrome_child.dll ws2_32.dll ws2_32.dll ole32.dll oleaut32.dll nsi.dll nsi.dll wintrust.dll msasn1.dll msasn1.dll crypt32.dll comdlg32.dll comdlg32.dll iphlpapi.dll oleacc.dll uiautomationcore.dll uiautomationcore.dll wtsapi32.dll wtsapi32.dll dwrite.dll dxgi.dll dxgi.dll dbghelp.dll comctl32.dll usp10.dll winhttp.dll system.configuration.install.dll winhttp.dll urlmon.dll urlmon.dll secur32.dll secur32.dll dhcpcsvc.dll dhcpcsvc.dll nsi.dll nsi.dll propsys.dll userenv.dll propsys.dll bcrypt.dll bcrypt.dll iertutil.dll iertutil.dll sspicli.dll sspicli.dll,normal
 oleaut32.dll ntdll.dll ntdll.dll kernel32.dll shell32.dll kernelbase.dll gdi32.dll imm32.dll user32.dll lpk.dll wow64.dll usp10.dll msvcrt.dll imm32.dll msctf.dll ole32.dll rpcrt4.dll oleaut32.dll,normal
 sechost.dll shlwapi.dll ntdll.dll kernel32.dll KernelBase.dll ucrtbase.dll d3d10level9.dll combase.dll rpcrt4.dll shell32.dll bcryptprimitives.dll kernel.appcore.dll msvcrt.dll clbcatq.dll cryptsp.dll user32.dll win32u.dll tokenbinding.dll gdi32.dll gdi32full.dll kernel.appcore.dll sechost.dll IDStore.dll bcrypt.dll userenv.dll profapi.dll,normal
 winbrand.dll ntdll.dll system.dll msctf.dll system.transactions.dll kernel32.dll KernelBase.dll gdi32.dll user32.dll lpk.dll usp10.dll kernel32.dll msvcrt.dll mfc42u.dll cryptbase.dll ole32.dll api-ms-win-security-base-l1-1-0.dll rpcrt4.dll shcore.dll oleaut32.dll odbc32.dll advapi32.dll sechost.dll sensapi.dll system.data.sqlxml.ni.dll mmcbase.dll shlwapi.dll uxtheme.dll duser.dll imm32.dll msctf.dll odbcint.dll dui70.dll comctl32.dll comctl32.dll kernel32.dll shell32.dll system.directoryservices.dll cryptbase.dll urlmon.dll wininet.dll iertutil.dll crypt32.dll msasn1.dll clbcatq.dll mmcndmgr.dll msxml3.dll oleaut32.dll sxs.dll profapi.dll kernel32.dll apphelp.dll tsuserex.dll ntdll.dll atl.dll RpcRtRemote.dll ntdsapi.dll ws2_32.dll nsi.dll activeds.dll adsldpc.dll Wldap32.dll netutils.dll logoncli.dll srvcli.dll wkscli.dll dsrole.dll secur32.dll shlwapi.dll winsta.dll samlib.dll mscorwks.dll tabskb.dll dnsapi.dll rasuser.dll comctl32.dll kernel32.dll dsprop.dll kernel32.dll sppcomapi.dll dsuiext.dll wow64cpu.dll mpr.dll system.transactions.ni.dll netapi32.dll winnsi.dll sspicli.dll mprsnap.dll ntdll.dll rtrfiltr.dll mprapi.dll rasman.dll bcryptprimitives.dll cryptui.dll browcli.dll advapi32.dll setupapi.dll cfgmgr32.dll devobj.dll slc.dll rtutils.dll dsadmin.dll adprop.dll samcli.dll winbio.dll advapi32.dll credui.dll sspicli.dll ntdll.dll WindowsBase.ni.dll sxs.dll version.dll lpk.dll oleacc.dll cryptsp.dll rsaenh.dll RpcRtRemote.dll propsys.dll mlang.dll dwmapi.dll xmllite.dll System.dll adsldp.dll rpcrtremote.dll sxs.dll msctf.dll kernel32.dll mswsock.dll credssp.dll PwdSSP.dll clbcatq.dll wship6.dll system.dll advapi32.dll rasadhlp.dll msv1_0.dll cryptdll.dll imecfm.dll comdlg32.dll logoncli.dll adsmsext.dll gpedit.dll winnsi.dll gpedit.dll gpedit.dll dssec.dll rsaenh.dll authz.dll dfscli.dll ntdll.dll gpapi.dll framedynos.dll lpk.dll wtsapi32.dll win32u.dll microsoft.stdformat.dll ntmarta.dll comsnap.dll sspicli.dll mfc42.dll KernelBase.dll msvcrt.dll winbrand.dll user32.dll gdi32.dll lpk.dll usp10.dll advapi32.dll sechost.dll rpcrt4.dll sspicli.dll cryptbase.dll gdi32.dll imm32.dll msctf.dll apphelp.dll ntdll.dll ntdll.dll shell32.dll wow64.dll wow64win.dll wow64cpu.dll kernel32.dll kernel32.dll kernel32.dll kernel32.dll user32.dll,normal
 cryptbase.dll ntdll.dll ntdll.dll wow64.dll sxs.dll sechost.dll setupapi.dll umpnpmgr.dll wow64win.dll system.design.ni.dll wow64cpu.dll kernel32.dll system.servicemodel.ni.dll rsaenh.dll microsoft.windows.dns.ni.dll kernel32.dll kernelbase.dll kernel32.dll user32.dll kernel32.dll kernelbase.dll advapi32.dll wpdshext.dll msvcrt.dll sechost.dll rpcrt4.dll sspicli.dll cryptbase.dll user32.dll gdi32.dll lpk.dll usp10.dll presentationframework.ni.dll system.security.dll shlwapi.dll shell32.dll ole32.dll iertutil.dll urlmon.dll wininet.dll oleaut32.dll ntdll.dll crypt32.dll rpcrtremote.dll msasn1.dll imm32.dll msctf.dll dnsapi.dll ieframe.dll psapi.dll oleacc.dll comctl32.dll comdlg32.dll scrobj.dll configmanager2.dll ieshims.dll uxtheme.dll msvcrt.dll devobj.dll rpcrtremote.dll version.dll advapi32.dll dwmapi.dll sqmapi.dll clbcatq.dll oleaut32.dll propsys.dll ntmarta.dll PresentationFramework.ni.dll wldap32.dll profapi.dll setupapi.dll cfgmgr32.dll system.data.entity.design.dll devobj.dll cryptsp.dll ntdll.dll system.management.automation.dll rsaenh.dll ieproxy.dll version.dll normaliz.dll usp10.dll presentationcore.dll mscorlib.dll winnsi.dll System.Transactions.dll ws2_32.dll ole32.dll nsi.dll dnsapi.dll mlang.dll sxs.dll mshtml.dll msls31.dll apphelp.dll ieframe.dll msimtf.dll dxgi.dll ole32.dll ole32.dll xmllite.dll rasapi32.dll rasman.dll rtutils.dll advapi32.dll ntdll.dll ntdll.dll kbdnec.dll sensapi.dll nlaapi.dll rasadhlp.dll dispex.dll winmm.dll napinsp.dll pnrpnsp.dll mmdevapi.dll ksuser.dll msctf.dll avrt.dll mswsock.dll winrnr.dll userenv.dll wintrust.dll schannel.dll shlwapi.dll sspicli.dll wshbth.dll audioses.dll wship6.dll mscoreei.dll sechost.dll msacm32.dll midimap.dll System.configuration.dll credssp.dll schannel.dll secur32.dll ncrypt.dll system.transactions.dll ole32.dll bcrypt.dll bcryptprimitives.dll gpapi.dll cryptnet.dll cabinet.dll webio.dll devrtl.dll iepeers.dll kernel32.dll shell32.dll jscript.dll shell32.dll wow64win.dll msxml3.dll vbscript.dll shdocvw.dll shdocvw.dll dsound.dll usp10.dll powrprof.dll mscms.dll chrome_elf.dll mssprxy.dll api-ms-win-core-synch-l1-2-0.dll rpcrt4.dll dinput8.dll ole32.dll kernel32.dll mscoreei.dll user32.dll shell32.dll msimg32.dll cryptsp.dll sensapi.dll kernel32.dll user32.dll shell32.dll kernelbase.dll kernel32.dll user32.dll shell32.dll lpk.dll GdiPlus.dll msctf.dll ddrawex.dll ddraw.dll dciman32.dll clbcatq.dll vm3dum.dll ntdll.dll dbghelp.dll ws2_32.dll msctf.dll netapi32.dll netutils.dll sspicli.dll wldp.dll wkscli.dll srvcli.dll kernel32.dll adwsres.dll iepeers.dll shell32.dll rsaenh.dll shell32.dll fusion.dll iepeers.dll shell32.dll shell32.dll wpc.dll wevtapi.dll System.Security.dll samcli.dll samlib.dll netutils.dll msctf.dll acropdf.dll acropdfimpl.dll api-ms-win-core-synch-l1-2-0.dll cryptbase.dll gdi32.dll shell32.dll mpr.dll vm3dum64_10.dll msvcp140.dll shell32.dll mscorlib.ni.dll vcruntime140.dll api-ms-win-crt-runtime-l1-1-0.dll wpdshext.dll ucrtbase.dll cryptbase.dll nsi.dll api-ms-win-core-timezone-l1-1-0.dll api-ms-win-core-file-l2-1-0.dll api-ms-win-core-localization-l1-2-0.dll api-ms-win-core-processthreads-l1-1-1.dll rsaenh.dll api-ms-win-core-file-l1-2-0.dll api-ms-win-crt-string-l1-1-0.dll advapi32.dll api-ms-win-crt-heap-l1-1-0.dll api-ms-win-crt-stdio-l1-1-0.dll comdlg32.dll api-ms-win-crt-convert-l1-1-0.dll api-ms-win-crt-locale-l1-1-0.dll api-ms-win-crt-math-l1-1-0.dll api-ms-win-crt-multibyte-l1-1-0.dll api-ms-win-crt-time-l1-1-0.dll api-ms-win-crt-filesystem-l1-1-0.dll api-ms-win-crt-environment-l1-1-0.dll api-ms-win-crt-utility-l1-1-0.dll shell32.dll system.configuration.dll msxml3.dll vbscript.dll msimg32.dll mscms.dll api-ms-win-core-synch-l1-2-0.dll rpcrt4.dll dinput8.dll kernel32.dll user32.dll shell32.dll kernel32.dll user32.dll shell32.dll imageres.dll kernel32.dll shsvcs.dll ntmarta.dll user32.dll shell32.dll profapi.dll msimg32.dll mscms.dll api-ms-win-core-synch-l1-2-0.dll rpcrt4.dll dinput8.dll igc64.dll kernel32.dll user32.dll shell32.dll kernel32.dll user32.dll shell32.dll kernel32.dll user32.dll shell32.dll windowscodecs.dll iepeers.dll shell32.dll shell32.dll msimg32.dll rpcrt4.dll comdlg32.dll kernel32.dll user32.dll shell32.dll kernel32.dll user32.dll shell32.dll kernel32.dll user32.dll shell32.dll mscms.dll api-ms-win-core-synch-l1-2-0.dll dinput8.dll,normal
 ntdll.dll kernel32.dll kernelbase.dll oleaut32.dll advapi32.dll msvcrt.dll sechost.dll rpcrt4.dll msvcr120_clr0400.dll mscoree.dll rpcrt4.dll oleaut32.dll ole32.dll gdi32.dll user32.dll lpk.dll usp10.dll oleaut32.dll System.Security.ni.dll imm32.dll msctf.dll cryptbase.dll system.transactions.dll cryptsp.dll gdi32.dll rsaenh.dll cryptbase.dll secur32.dll rpcrtremote.dll rsaenh.dll clbcatq.dll sxs.dll mscoreei.dll ws2_32.dll clr.dll system.design.dll shlwapi.dll mscorlib.ni.dll msctfmonitor.dll system.enterpriseservices.dll clrjit.dll version.dll oleaccrc.dll mscorlib.dll imm32.dll mscorlib.dll system.ni.dll system.core.ni.dll gdiplus.dll windowsbase.ni.dll presentationcore.ni.dll rpcrt4.dll presentationframework.ni.dll presentationcore.dll presentationcore.dll system.xaml.ni.dll System.Data.dll uiautomationprovider.ni.dll system.componentmodel.composition.ni.dll system.drawing.ni.dll accessibility.ni.dll uiautomationtypes.ni.dll system.data.ni.dll system.configuration.ni.dll uiautomationclient.ni.dll system.xml.ni.dll system.numerics.ni.dll system.security.ni.dll,normal
 ntdll.dll ntdll.dll wow64.dll wow64win.dll KernelBase.dll wow64cpu.dll imm32.dll kernel32.dll kernel32.dll sspicli.dll ncrypt.dll kernel32.dll rpcrt4.dll user32.dll kernel32.dll kernelbase.dll msvcrt.dll winbrand.dll user32.dll gdi32.dll lpk.dll advapi32.dll usp10.dll bcryptprimitives.dll advapi32.dll sechost.dll rpcrt4.dll sspicli.dll wow64win.dll lpk.dll cryptbase.dll mscoreei.dll imm32.dll msctf.dll apphelp.dll,normal
 cbsapi.dll cbsapi.dll netapi32.dll System.Web.ni.dll netutils.dll srvcli.dll samcli.dll logoncli.dll browcli.dll schedcli.dll clbcatq.dll secur32.dll dsrole.dll security.dll secur32.dll cbsapi.dll combase.dll cbsapi.dll ntdll.dll ntdll.dll wow64.dll win32u.dll wow64win.dll wow64cpu.dll sechost.dll kernel32.dll msvcr120_clr0400.dll shlwapi.dll kernel32.dll kernel32.dll user32.dll user32.dll setupapi.dll kernel32.dll kernelbase.dll advapi32.dll msvcrt.dll kernel32.dll sechost.dll rpcrt4.dll sspicli.dll cryptbase.dll wbemcomn.dll msvcr120_clr0400.dll mscoree.dll netprofm.dll setupapi.dll msvcp_win.dll lpk.dll ole32.dll gdi32.dll imm32.dll user32.dll mscorlib.dll crypt32.dll lpk.dll imm32.dll usp10.dll oleaut32.dll nsi.dll imm32.dll msctf.dll cryptsp.dll rsaenh.dll rpcrtremote.dll user32.dll clbcatq.dll sxs.dll mscoreei.dll clr.dll shlwapi.dll mscorlib.ni.dll mscorlib.ni.dll clrjit.dll rpcrtremote.dll kernel32.dll api-ms-win-downlevel-ole32-l1-1-0.dll system.ni.dll msctf.dll system.core.ni.dll setupapi.dll system.data.ni.dll version.dll system.data.dll system.data.dll mscorlib.dll mscorlib.dll system.dll system.dll system.core.dll system.core.dll system.data.dll system.xml.ni.dll system.xml.dll system.xml.dll system.transactions.ni.dll Microsoft.VisualStudio.Tools.Applications.Runtime.v9.0.ni.dll system.transactions.dll cryptbase.dll system.transactions.dll system.transactions.dll system.numerics.ni.dll system.numerics.dll system.numerics.dll system.configuration.ni.dll system.configuration.dll system.configuration.dll system.security.ni.dll system.security.dll system.security.dll lpk.dll KernelBase.dll system.enterpriseservices.ni.dll,normal
 windows.globalization.dll ntdll.dll kernelbase.dll kernel32.dll user32.dll imm32.dll msctf.dll cryptsp.dll msvcrt.dll msctf.dll winbrand.dll gdi32.dll lpk.dll rpcrt4.dll usp10.dll apphelp.dll,normal
 rpcrtremote.dll ntdll.dll kernel32.dll KernelBase.dll msvcrt.dll advapi32.dll sechost.dll rpcrt4.dll lpk.dll shell32.dll shlwapi.dll gdi32.dll user32.dll lpk.dll kernel32.dll wow64cpu.dll usp10.dll wer.dll ole32.dll oleaut32.dll imm32.dll shlwapi.dll msctf.dll profapi.dll sechost.dll SensApi.dll apphelp.dll ntdll.dll kernel32.dll kernel32.dll user32.dll user32.dllnormaliz.dll ntdll.dll wow64.dll user32.dll wow64win.dll wow64cpu.dll clbcatq.dll kernel32.dll kbdnec.dll kernel32.dll bcryptprimitives.dll system.web.services.ni.dll user32.dll KernelBase.dll oleaut32.dll ole32.dll ntdll.dll msvcrt.dll gdi32.dll cryptbase.dll user32.dll api-ms-win-core-stringansi-l1-1-0.dll advapi32.dll sechost.dll rpcrtremote.dll rsaenh.dll rpcrt4.dll sspicli.dll wow64win.dll cryptbase.dll lpk.dll ole32.dll System.Security.ni.dll system.windows.forms.ni.dll System.Security.ni.dll msctf.dll usp10.dll msimg32.dll version.dll comctl32.dll shell32.dll kernel32.dll gdi32.dll shlwapi.dll wsock32.dll ws2_32.dll nsi.dll netapi32.dll netutils.dll srvcli.dll wkscli.dll system.xaml.dll imm32.dll msctf.dll mpr.dll comctl32.dll olepro32.dll ole32.dll user32.dll clbcatq.dll SensApi.dll sxs.dll cryptbase.dll nlaapi.dll NapiNSP.dll pnrpnsp.dll mswsock.dll dnsapi.dll winrnr.dll mscorlib.ni.dll cryptsp.dll rsaenh.dll winnsi.dll rasadhlp.dll RpcRtRemote.dll wtsapi32.dll presentationframework.dll winsta.dll PortableDeviceApi.dll setupapi.dll msvcrt.dll setupapi.dll setupapi.dll cfgmgr32.dll cfgmgr32.dll msshooks.dll cfgmgr32.dll cryptsp.dll devobj.dll netprofm.dll devobj.dll devobj.dll wintrust.dll crypt32.dll msasn1.dll ieframe.dll mscoreei.dll api-ms-win-downlevel-advapi32-l1-1-0.dll dimsroam.dll msvcr120_clr0400.dll api-ms-win-downlevel-shlwapi-l1-1-0.dll wintrust.dll Microsoft.VisualStudio.Tools.Office.Runtime.Internal.dll mapi32.dll api-ms-win-downlevel-user32-l1-1-0.dll wow64lg2.dll api-ms-win-downlevel-shell32-l1-1-0.dll ole32.dll user32.dll api-ms-win-downlevel-version-l1-1-0.dll api-ms-win-downlevel-normaliz-l1-1-0.dll iertutil.dll LspUtil.dll uxtheme.dll profapi.dll dwmapi.dll propsys.dll SensApi.dll SensApi.dll SensApi.dll system.security.ni.dll iertutil.dll SensApi.dll SensApi.dll shcore.dll ntmarta.dll rpcrt4.dll wpdshext.dll system.dll Wldap32.dll system.core.ni.dll SensApi.dll gdi32.dll cryptbase.dll SensApi.dll SensApi.dll wow64win.dll kernel32.dll SensApi.dll comdlg32.dll comdlg32.dll oleacc.dll SensApi.dll SensApi.dll SensApi.dll rsaenh.dll SensApi.dll SensApi.dll sensapi.dll SensApi.dll kernel32.dll SensApi.dll clbcatq.dll SensApi.dll api-ms-win-crt-convert-l1-1-0.dll ntdll.dll SensApi.dll SensApi.dll SensApi.dll SensApi.dll SensApi.dll policymanager.dll api-ms-win-eventing-consumer-l1-1-0.dll SensApi.dll SensApi.dll SensApi.dll SensApi.dll msctf.dll SensApi.dll sxs.dll system.windows.forms.dll api-ms-win-crt-math-l1-1-0.dll SensApi.dll SensApi.dll SensApi.dll SensApi.dll gdi32.dll SensApi.dll SensApi.dll SensApi.dll apphelp.dll ieframe.dll api-ms-win-downlevel-advapi32-l1-1-0.dll api-ms-win-downlevel-shlwapi-l1-1-0.dll api-ms-win-downlevel-user32-l1-1-0.dll gdiplus.dll api-ms-win-downlevel-shell32-l1-1-0.dll api-ms-win-downlevel-version-l1-1-0.dll api-ms-win-downlevel-normaliz-l1-1-0.dllnormaliz.dll iertutil.dll msctf.dll api-ms-win-downlevel-ole32-l1-1-0.dll api-ms-win-downlevel-shlwapi-l2-1-0.dll wininet.dll userenv.dll secur32.dll api-ms-win-downlevel-advapi32-l2-1-0.dll SensApi.dll system.enterpriseservices.ni.dll SensApi.dll SensApi.dll SensApi.dll SensApi.dll SensApi.dll SensApi.dll SensApi.dll SensApi.dll SensApi.dll SensApi.dll SensApi.dll SensApi.dll oleaut32.dll SensApi.dll SensApi.dll dnsapi.dll SensApi.dll SensApi.dll SensApi.dll SensApi.dll SensApi.dll SensApi.dll SensApi.dll SensApi.dll SensApi.dll SensApi.dll SensApi.dll SensApi.dll SensApi.dll SensApi.dll SensApi.dll SensApi.dll SensApi.dll,normal
 ntdll.dll kernel32.dll MPSSVC.dll ole32.dll KernelBase.dll gdi32.dll msvcrt.dll msctf.dll user32.dll lpk.dll usp10.dll msvcrt.dll imm32.dll msctf.dll ole32.dll rpcrt4.dll oleaut32.dll cryptbase.dll usp10.dll clbcatq.dll advapi32.dll usp10.dll cryptbase.dll sechost.dll ntdll.dll ntdll.dll ntshrui.dll devobj.dll gdi32.dll wow64.dll wow64win.dll wow64cpu.dll kernel32.dll kernel32.dll kernel32.dll user32.dll shell32.dll kernel32.dll KernelBase.dll advapi32.dll msvcrt.dll sechost.dll clr.dll rpcrt4.dll shlwapi.dll sspicli.dll advapi32.dll cryptbase.dll dnsapi.dll oleaut32.dll ws2_32.dll rsaenh.dll system.data.dll nsi.dll winnsi.dll msvcrt.dll xmllite.dll dhcpcsvc.dll dhcpcsvc6.dll sxs.dll system.configuration.ni.dll advapi32.dll shell32.dll shlwapi.dll gdi32.dll wow64.dll user32.dll sechost.dll lpk.dll usp10.dll kernel32.dll lpk.dll ole32.dll cdp.dll imm32.dll msctf.dll clbcatq.dll oleaut32.dll cryptsp.dll rsaenh.dll RpcRtRemote.dll winhttp.dll wevtapi.dll firewallapi.dll ntdll.dll kernel32.dll KernelBase.dll user32.dll advapi32.dll msvcrt.dll sechost.dll RpcRtRemote.dll rpcrt4.dll gdi32.dll cryptbase.dll sendmail.dll kernelbase.dll user32.dll lpk.dll wow64win.dll usp10.dll msswch.dll usp10.dll kernel32.dll wow64.dll winmm.dll dwmapi.dll GdiPlus.dll psapi.dll ole32.dll oleacc.dll oleaut32.dll shlwapi.dll wmsgapi.dll system.drawing.ni.dll duser.dll cryptsp.dll uxtheme.dll imm32.dll msctf.dll ntdll.dll msctf.dll kernel32.dll KernelBase.dll user32.dll gdi32.dll lpk.dll usp10.dll msvcrt.dll winsta.dll rpcrt4.dll imm32.dll msctf.dll profapi.dll sechost.dll RpcRtRemote.dll advapi32.dll kbd101.dll kbd106.dll kbdnec.dll kbd106.dll kbd101.dll kbd106.dll kbdnec.dll kbd106.dll apphelp.dll UXInit.dll sspicli.dll,normal
 ntdll.dll ntdll.dll gdi32.dll wow64.dll wow64win.dll mscoree.dll wow64cpu.dll msctf.dll kernel32.dll kernel32.dll kernel32.dll kernel32.dll user32.dll rpcrt4.dll kernel32.dll devobj.dll KernelBase.dll advapi32.dll msvcrt.dll system.xml.dll system.enterpriseservices.dll sechost.dll devobj.dll dhcpcsvc.dll rpcrt4.dll gdi32.dll sspicli.dll cryptbase.dll dnsapi.dll ws2_32.dll System.IdentityModel.Selectors.dll nsi.dll winnsi.dll KernelBase.dll dhcpcsvc.dll cryptui.dll dhcpcsvc6.dll shell32.dll shlwapi.dll gdi32.dll ucrtbase.dll rsaenh.dll gdi32.dll user32.dll lpk.dll usp10.dll ole32.dll imm32.dll msctf.dll oleaut32.dll clbcatq.dll oleaut32.dll wow64.dll cryptsp.dll rsaenh.dll RpcRtRemote.dll tiptsf.dll wevtapi.dll ntdll.dll ntdll.dll wow64.dll wow64win.dll wow64cpu.dll system.core.dll System.dll kernel32.dll kernel32.dll ws2_32.dll api-ms-win-core-timezone-l1-1-0.dll kernel32.dll user32.dll kernel32.dll KernelBase.dll msvcrt.dll winbrand.dll user32.dll gdi32.dll lpk.dll usp10.dll advapi32.dll sechost.dll kernel32.dll rpcrt4.dll sspicli.dll cryptbase.dll imm32.dll msctf.dll apphelp.dll,normal
 msftedit.dll mssvp.dll lsasrv.dll mapi32.dll wpdshext.dll audiodev.dll mssvp.dll devobj.dll mapi32.dll,normal
 ntdll.dll System.Design.dll kernel32.dll WindowsCodecs.dll cryptsp.dll KernelBase.dll KernelBase.dll shcore.dll mscms.dll gdi32.dll user32.dll sspicli.dll lpk.dll user32.dll lpk.dll usp10.dll msvcrt.dll imm32.dll msctf.dll ole32.dll KernelBase.dll ole32.dll imm32.dll rpcrt4.dll oleaut32.dll cryptbase.dll clbcatq.dll advapi32.dll sechost.dll ntdll.dll kernel32.dll KernelBase.dll gdi32.dll user32.dll lpk.dll winbrand.dll npmproxy.dll usp10.dll rpcrt4.dll ncrypt.dll msvcrt.dll imm32.dll msctf.dll ole32.dll rpcrt4.dll oleaut32.dll cryptbase.dll kernelbase.dll clbcatq.dll advapi32.dll sechost.dll ntdll.dll system.web.ni.dll kernel32.dll sechost.dll KernelBase.dll advapi32.dll msvcrt.dll sechost.dll rpcrt4.dll ole32.dll gdi32.dll user32.dll lpk.dll usp10.dll imm32.dll msctf.dll wdscore.dll oleaut32.dll rsaenh.dll shell32.dll shlwapi.dll dbghelp.dll kernelbase.dll cryptbase.dll CbsCore.dll version.dll crypt32.dll msasn1.dll clbcatq.dll wintrust.dll gdi32.dll userenv.dll profapi.dll api-ms-win-core-file-l1-2-0.dll ktmw32.dll user32.dll wow64.dll dpx.dll devobj.dll dpx.dll dpx.dll RpcRtRemote.dll profapi.dll wcp.dll DrUpdate.dll msvcr120_clr0400.dll setupapi.dll cfgmgr32.dll devobj.dll mpr.dll wrpint.dll sxsstore.dll rpcrt4.dll sqmapi.dll winhttp.dll webio.dll winhttp.dll webio.dll SensApi.dll cryptsp.dll sechost.dll SMdiagnostics.dll rsaenh.dll RpcRtRemote.dll clbcatq.dll microsoft.visualstudio.tools.applications.runtime.v9.0.ni.dll CbsApi.dll smipi.dll smiengine.dll ntdll.dll mscorlib.dll ntdll.dll wow64.dll wow64win.dll wow64cpu.dll kernel32.dll kernel32.dll kernel32.dll onex.dll kernel32.dll user32.dll kernel32.dll wmiprov.dll KernelBase.dll System.DirectoryServices.Protocols.dll cryptsp.dll userenv.dll msvcrt.dll winbrand.dll user32.dll gdi32.dll lpk.dll advapi32.dll msimg32.dll usp10.dll advapi32.dll sechost.dll rpcrt4.dll sspicli.dll cryptbase.dll imm32.dll msctf.dll apphelp.dll mscoreei.dll,normal
 ntdll.dll msctf.dll kernel32.dll KernelBase.dll advapi32.dll logoncli.dll accessibility.dll api-ms-win-devices-config-l1-1-0.dll msvcrt.dll sechost.dll rpcrt4.dll msvcr120_clr0400.dll mscoree.dll usp10.dll rsaenh.dll ole32.dll gdi32.dll user32.dll lpk.dll msvcrt.dll cryptsp.dll usp10.dll wrpint.dll oleaut32.dll imm32.dll msctf.dll system.design.dll cryptbase.dll cryptsp.dll kernel32.dll rsaenh.dll RpcRtRemote.dll clbcatq.dll sxs.dll mscoreei.dll System.Data.dll mscorlib.dll clr.dll shlwapi.dll mscorlib.ni.dll clrjit.dll System.ni.dll version.dll mscorlib.dll PresentationFramework-SystemData.ni.dll mscorlib.dll version.dll System.Core.ni.dll msvcrt.dll WindowsBase.ni.dll System.Data.ni.dll setupapi.dll System.Data.dll System.Data.dll System.Data.dll System.Configuration.ni.dll System.Xml.ni.dll,normal
 ntdll.dll ntdll.dll wow64.dll msvcrt.dll wow64win.dll wow64cpu.dll kernel32.dll netutils.dll cryptbase.dll mscorlib.ni.dll kernel32.dll kernel32.dll sspicli.dll user32.dll kernel32.dll kernelbase.dll advapi32.dll msvcrt.dll sechost.dll rpcrt4.dll sechost.dll sspicli.dll cryptbase.dll dnsapi.dll ws2_32.dll nsi.dll winnsi.dll dhcpcsvc.dll dhcpcsvc6.dll shell32.dll system.runtime.serialization.ni.dll shlwapi.dll gdi32.dll user32.dll msvcrt.dll lpk.dll oleaut32.dll usp10.dll ole32.dll advapi32.dll imm32.dll msctf.dll clbcatq.dll winbrand.dll oleaut32.dll cryptsp.dll cryptsp.dll rsaenh.dll rpcrtremote.dll wevtapi.dll ntdll.dll IDStore.dll ntdll.dll msjtes40.dll wow64.dll clbcatq.dll wow64win.dll wow64cpu.dll clr.dll kernel32.dll kernel32.dll kernel32.dll user32.dll kernel32.dll kernelbase.dll msvcrt.dll oleaut32.dll kernel32.dll ole32.dll System.Security.dll gdi32.dll user32.dll shlwapi.dll gpapi.dll imm32.dll RacEngn.dll advapi32.dll msftedit.dll user32.dll sechost.dll KernelBase.dll shlwapi.dll rpcrt4.dll lpk.dll sspicli.dll kernel32.dll cryptbase.dll imecfm.dll sechost.dll lpk.dll usp10.dll sechost.dll System.Xaml.dll version.dll imm32.dll msctf.dll sxs.dll clbcatq.dll vbscript.dll advapi32.dll wintrust.dll crypt32.dll msasn1.dll cryptsp.dll rsaenh.dll msisip.dll wshext.dll comctl32.dll shell32.dll shlwapi.dll scrobj.dll msi.dll scrrun.dll,normal
 ntdll.dll ntdll.dll wow64.dll kernel32.dll kernel32.dll user32.dll sspicli.dll cryptbase.dll msvcr120_clr0400.dll mscoree.dll ole32.dll gdi32.dll user32.dll advapi32.dll lpk.dll usp10.dll oleaut32.dll imm32.dll msctf.dll adsldpc.dll wow64win.dll wow64cpu.dll kernel32.dll kernel32.dll cryptsp.dll rsaenh.dll RpcRtRemote.dll clbcatq.dll sxs.dll KernelBase.dll mscoreei.dll microsoft.visualstudio.tools.applications.serverdocument.ni.dll api-ms-win-core-memory-l1-1-2.dll mscorwks.dll msvcr80.dll webio.dll imm32.dll shlwapi.dll imm32.dll advapi32.dll user32.dll shell32.dll profapi.dll kernel32.dll mscorlib.ni.dll mscorjit.dll mscorlib.dll mscorlib.dll version.dll oleaut32.dll devobj.dll ieframe.dll mscorlib.dll mscorlib.dll msvcrt.dll ntdll.dll cryptbase.dll System.ni.dll gdi32.dll version.dll system.servicemodel.dll sechost.dll WindowsBase.ni.dll sechost.dll wsock32.dll PresentationCore.ni.dll rpcrt4.dll PresentationFramework.ni.dll WindowsBase.dll WindowsBase.dll WindowsBase.dll WindowsBase.dll System.dll msctf.dll wevtapi.dll imageres.dll advapi32.dll System.dll System.dll winbrand.dll System.dll PresentationCore.dll System.Transactions.dll PresentationCore.dll PresentationCore.dll PresentationCore.dll system.identitymodel.dll PresentationFramework.dll api-ms-win-core-xstate-l1-1-0.dll kernel32.dll PresentationFramework.dll PresentationFramework.dll KernelBase.dll PresentationFramework.dll rpcrt4.dll System.XML.dll System.Xml.ni.dll System.XML.dll System.XML.dll System.XML.dll System.XML.dll UIAutomationProvider.ni.dll UIAutomationProvider.dll UIAutomationProvider.dll System.Messaging.dll Microsoft.VisualStudio.Tools.Applications.AddInAdapter.v9.0.dll UIAutomationProvider.dll UIAutomationProvider.dll advapi32.dll System.Drawing.ni.dll System.Drawing.dll System.Drawing.dll System.Drawing.dll System.Drawing.dll System.Deployment.ni.dll shlwapi.dll System.Deployment.dll CbsApi.dll System.Deployment.dll cryptbase.dll system.runtime.serialization.ni.dll System.Deployment.dll System.Deployment.dll PresentationUI.ni.dll clbcatq.dll PresentationUI.dll PresentationUI.dll enterpriseresourcemanager.dll system.dll System.Printing.ni.dll System.Printing.dll System.Xml.ni.dll System.Printing.dll slc.dll System.Printing.dll comctl32.dll kernel32.dll System.Printing.dll ReachFramework.ni.dll UIAutomationTypes.ni.dll mscoreei.dll UIAutomationTypes.dll UIAutomationTypes.dll system.runtime.serialization.dll UIAutomationTypes.dll rascfg.dll UIAutomationTypes.dll devobj.dll ReachFramework.dll ReachFramework.dll System.Data.ni.dll System.Data.dll System.Data.dll System.Data.dll System.Data.dll System.Data.dll ws2_32.dll nsi.dll Accessibility.ni.dll crypt32.dll Accessibility.dll Accessibility.dll system.security.ni.dll Accessibility.dll Accessibility.dll msasn1.dll System.Configuration.ni.dll msftedit.dll System.configuration.dll secur32.dll System.configuration.dll System.configuration.dll System.configuration.dll System.Security.ni.dll System.Security.dll System.Security.dll System.Security.dll System.Security.dll Microsoft.VisualC.ni.dll PresentationCFFRasterizer.ni.dll PresentationCFFRasterizer.dll PresentationCFFRasterizer.dll,normal
 srvcli.dll sechost.dll ntdll.dll kernel32.dll kernelbase.dll gdi32.dll system.servicemodel.activation.dll urlmon.dll wow64.dll user32.dll KernelBase.dll lpk.dll usp10.dll msvcrt.dll imm32.dll msctf.dll rpcrt4.dll ole32.dll system.deployment.ni.dll rpcrt4.dll oleaut32.dll cryptbase.dll sechost.dll mssprxy.dll clbcatq.dll advapi32.dll cryptnet.dll shcore.dll KernelBase.dll ntdll.dll sechost.dll user32.dll ntdll.dll kernel32.dll kernelbase.dll gdi32.dll devobj.dll user32.dll lpk.dll usp10.dll msvcrt.dll imm32.dll msctf.dll ole32.dll rpcrt4.dll oleaut32.dll winscard.dll cryptbase.dll clbcatq.dll advapi32.dll sechost.dll ntdll.dll ntdll.dll wow64.dll sechost.dll wow64win.dll wow64cpu.dll kernel32.dll kernel32.dll oleaut32.dll kernel32.dll user32.dll kernel32.dll wow64cpu.dll kernelbase.dll msvcrt.dll ole32.dll winbrand.dll user32.dll gdi32.dll lpk.dll ole32.dll usp10.dll advapi32.dll wbemprox.dll sechost.dll rpcrt4.dll sspicli.dll cryptbase.dll imm32.dll msctf.dll apphelp.dll,normal
 ntdll.dll kernel32.dll normaliz.dll kernelbase.dll gdi32.dll user32.dll lpk.dll usp10.dll msvcrt.dll imm32.dll msctf.dll winhttp.dll ole32.dll mscoree.dll rpcrt4.dll oleaut32.dll oleaut32.dll cryptbase.dll clbcatq.dll devrtl.dll advapi32.dll winbrand.dll sechost.dll,normal
 ntdll.dll ntdll.dll wow64.dll wow64win.dll wow64cpu.dll kernel32.dll kernel32.dll kernel32.dll kernel32.dll user32.dll kernel32.dll KernelBase.dll advapi32.dll msvcrt.dll winbrand.dll user32.dll gdi32.dll lpk.dll cfgmgr32.dll msvcrt.dll usp10.dll advapi32.dll sechost.dll system.configuration.ni.dll api-ms-win-eventing-controller-l1-1-0.dll pwrshmsg.dll rpcrt4.dll shell32.dll sspicli.dll ntdll.dll wow64.dll cryptbase.dll imm32.dll msctf.dll apphelp.dll,normal
 ntdll.dll usp10.dll kernel32.dll kernelbase.dll kernel32.dll msvcrt.dll conhostv2.dll combase.dll lpk.dll ucrtbase.dll rpcrt4.dll bcryptprimitives.dll gdi32.dll msasn1.dll gdi32full.dll advapi32.dll user32.dll win32u.dll imm32.dll cryptbase.dll oleaut32.dll shlwapi.dll msvcp_win.dll secur32.dll propsys.dll sechost.dll shcore.dll ntdll.dll shell32.dll kernelbase.dll cfgmgr32.dll windows.storage.dll powrprof.dll advapi32.dll shlwapi.dll oleaut32.dll kernel.appcore.dll profapi.dll clbcatq.dll msctf.dll,normal
 ntdll.dll kernel32.dll bcrypt.dll ntdll.dll kernelbase.dll msvcrt.dll sechost.dll System.Core.ni.dll rpcrt4.dll wersvc.dll bcryptprimitives.dll user32.dll advapi32.dll faultrep.dll System.Web.dll user32.dll gdi32.dll lpk.dll rpcrtremote.dll CbsApi.dll usp10.dll imm32.dll msctf.dll wer.dll shell32.dll shlwapi.dll ole32.dll profapi.dll userenv.dll sspicli.dll system.xml.dll apphelp.dll,normal
 user32.dll ntdll.dll ntdll.dll wow64.dll wow64win.dll wow64cpu.dll kernel32.dll kernel32.dll kernel32.dll user32.dll rsaenh.dll PresentationCore.ni.dll clbcatq.dll kernel32.dll gdi32.dll KernelBase.dll msvcrt.dll winbrand.dll user32.dll gdi32.dll sechost.dll lpk.dll KernelBase.dll shlwapi.dll usp10.dll gdi32.dll advapi32.dll ntdll.dll sechost.dll rpcrt4.dll sspicli.dll cryptbase.dll imm32.dll msctf.dll apphelp.dll,normal
 System.Core.ni.dll ntdll.dll kernel32.dll ole32.dll oleaut32.dll shlwapi.dll imm32.dll npmproxy.dll shell32.dll kernelbase.dll advapi32.dll msctf.dll rsaenh.dll msvcrt.dll gdi32.dll user32.dll lpk.dll oleaut32.dll usp10.dll kernel32.dll rsaenh.dll rpcrt4.dll gdiplus.dll shell32.dll kernel32.dll System.Data.Linq.dll oleacc.dll cryptbase.dll advapi32.dll duser.dll sechost.dll crypt32.dll msasn1.dll cryptbase.dll msctf.dll MMDevAPI.dll cryptsp.dll NlsLexicons0009.dll gdi32.dll rsaenh.dll rpcrtremote.dll sechost.dll profapi.dll davclnt.dll msvcrt.dll wucltux.dll msimg32.dll slc.dll uxtheme.dll cabinet.dll rasman.dll windowscodecs.dll accessibility.ni.dll wintrust.dll rpcrt4.dll comctl32.dll clbcatq.dll wups2.dll system.data.oracleclient.dll actxprxy.dll setupapi.dll cfgmgr32.dll devobj.dll apphelp.dll shdocvw.dll explorerframe.dll propsys.dll dui70.dll sxs.dll shdocvw.dll dui70.dll explorerframe.dll shdocvw.dll explorerframe.dll dui70.dll,normal
 userenv.dll system.security.ni.dll system.xml.dll ntdll.dll gdi32.dll ntdll.dll clbcatq.dll wow64.dll wow64win.dll wow64cpu.dll kernel32.dll kernel32.dll kernel32.dll user32.dll kernel32.dll shlwapi.dll kernelbase.dll msvcrt.dll winbrand.dll user32.dll gdi32.dll lpk.dll usp10.dll imm32.dll advapi32.dll sechost.dll dui70.dll rpcrt4.dll sspicli.dll cryptbase.dll shell32.dll imm32.dll msctf.dll apphelp.dll advapi32.dll,normal
 PresentationCore.dll ntdll.dll ntdll.dll kernel32.dll FntCache.dll KernelBase.dll cryptbase.dll gdi32.dll SensApi.dll imm32.dll user32.dll wow64cpu.dll lpk.dll usp10.dll sechost.dll msadce.dll msvcrt.dll iertutil.dll imm32.dll msctf.dll ole32.dll rpcrt4.dll oleaut32.dll cryptbase.dll clbcatq.dll advapi32.dll sechost.dll ntdll.dll ntdll.dll system.drawing.dll wow64.dll wow64win.dll wow64cpu.dll kernel32.dll kernel32.dll kernel32.dll user32.dll wbemsvc.dll kernel32.dll KernelBase.dll msvcrt.dll winbrand.dll clbcatq.dll user32.dll windows.storage.dll gdi32.dll lpk.dll usp10.dll advapi32.dll sechost.dll rpcrt4.dll ws2_32.dll rpcrt4.dll sspicli.dll cryptbase.dll imm32.dll msctf.dll apphelp.dll,normal
 ntdll.dll kernel32.dll imm32.dll kernelbase.dll advapi32.dll msvcrt.dll sechost.dll mscorlib.dll shlwapi.dll sxs.dll kernel32.dll system.xml.dll cryptbase.dll rpcrt4.dll user32.dll gdi32.dll System.ServiceModel.Internals.dll gdi32.dll lpk.dll usp10.dll ole32.dll mcstoredb.ni.dll oleaut32.dll shlwapi.dll imm32.dll ntdll.dll msctf.dll msshooks.dll dnsapi.dll mscorjit.dll system.directoryservices.protocols.ni.dll oleaut32.dll mscoree.dll mscoreei.dll cryptbase.dll tquery.dll clbcatq.dll shell32.dll imm32.dll cryptsp.dll psapi.dll sechost.dll api-ms-win-core-util-l1-1-0.dll rsaenh.dll explorerframe.dll rpcrtremote.dll mssprxy.dll shell32.dll msctf.dll ntdll.dll kernel32.dll kernelbase.dll vcruntime140.dll api-ms-win-crt-runtime-l1-1-0.dll ucrtbase.dll api-ms-win-core-timezone-l1-1-0.dll api-ms-win-core-file-l2-1-0.dll api-ms-win-core-localization-l1-2-0.dll api-ms-win-core-synch-l1-2-0.dll ntmarta.dll api-ms-win-core-processthreads-l1-1-1.dll api-ms-win-core-file-l1-2-0.dll winnsi.dll api-ms-win-crt-string-l1-1-0.dll SensApi.dll api-ms-win-crt-heap-l1-1-0.dll api-ms-win-crt-stdio-l1-1-0.dll api-ms-win-crt-convert-l1-1-0.dll advapi32.dll WinSCard.dll msctf.dll comdlg32.dll uxtheme.dll msvcrt.dll sechost.dll rpcrt4.dll msvcp140.dll api-ms-win-crt-locale-l1-1-0.dll api-ms-win-crt-math-l1-1-0.dll api-ms-win-crt-multibyte-l1-1-0.dll api-ms-win-crt-time-l1-1-0.dll api-ms-win-crt-filesystem-l1-1-0.dll ole32.dll api-ms-win-crt-environment-l1-1-0.dll RpcRtRemote.dll api-ms-win-crt-utility-l1-1-0.dll ole32.dll gdi32.dll kernelbase.dll cryptdll.dll user32.dll lpk.dll msasn1.dll usp10.dll gdiplus.dll imm32.dll msctf.dll oleaut32.dll mso20win32client.dll oleaut32.dll System.Transactions.dll System.Data.dll cryptbase.dll mso30win32client.dll fusion.dll mso40uiwin32client.dll mso99lwin32client.dll sechost.dll msimg32.dll slc.dll sppc.dll System.Data.dll msi.dll user32.dll dnsapi.dll shell32.dll shlwapi.dll d2d1.dll comctl32.dll user32.dll uxtheme.dll wtsapi32.dll winsta.dll ntmarta.dll dxgi.dll ws2_32.dll version.dll dwmapi.dll setupapi.dll cryptbase.dll cfgmgr32.dll devobj.dll wintrust.dll crypt32.dll Microsoft.VisualStudio.Tools.Applications.AddInAdapter.v9.0.ni.dll msasn1.dll msvcrt.dll vm3dum64.dll vm3dum64.dll d3d10_1.dll d3d10_1core.dll presentationframework.royale.ni.dll kernel32.dll d3d11.dll kernel32.dll setupapi.dll ucrtbase.dll cfgmgr32.dll devobj.dll d3d10warp.dll setupapi.dll sechost.dll vm3dum64.dll imm32.dll cfgmgr32.dll advapi32.dll devobj.dll vm3dum64.dll vm3dum64.dll System.Data.OracleClient.dll vm3dum64.dll vm3dum64.dll vm3dum64.dll vm3dum64_10.dll winmm.dll vm3dum64_10.dll wldap32.dll cryptsp.dll winmm.dll vm3dum64_10.dll system.transactions.dll winmm.dll vm3dum64.dll system.web.ni.dll shlwapi.dll d3d10level9.dll msasn1.dll vm3dum64.dll d3d10level9.dll vm3dum64.dll usp10.dll mrmcorer.dll d3d10level9.dll wow64cpu.dll user32.dll mssph.dll setupapi.dll cfgmgr32.dll devobj.dll clbcatq.dll msimtf.dll msointl30.dll dwrite.dll mscoree.dll advapi32.dll rpcrt4.dll mscoreei.dll mscorwks.dll mscorwks.dll profapi.dll kernel32.dll cryptsp.dll System.ServiceModel.Internals.ni.dll PresentationBuildTasks.ni.dll rsaenh.dll rpcrtremote.dll msswch.dll winmm.dll mpr.dll windowscodecs.dll kernelbase.dll System.Data.dll shlwapi.dll xmllite.dll mscoree.dll clbcatq.dll system.data.dll setupapi.dll cfgmgr32.dll devobj.dll actxprxy.dll mssvp.dll propsys.dll mlang.dll msxml6.dll bcrypt.dll msvcr100.dll hlink.dll wow64.dll urlmon.dll api-ms-win-downlevel-ole32-l1-1-0.dll sechost.dll api-ms-win-downlevel-shlwapi-l1-1-0.dll api-ms-win-downlevel-advapi32-l1-1-0.dll api-ms-win-downlevel-user32-l1-1-0.dll api-ms-win-downlevel-version-l1-1-0.dll api-ms-win-downlevel-normaliz-l1-1-0.dll normaliz.dll iertutil.dll wininet.dll userenv.dll uiautomationcore.dll psapi.dll oleacc.dll ntdll.dll kernel32.dll imagehlp.dll rpcrt4.dll kernelbase.dll msvcrt.dll ole32.dll gdi32.dll user32.dll lpk.dll usp10.dll rpcrt4.dll imm32.dll msctf.dll cryptbase.dll System.Xaml.ni.dll clbcatq.dll advapi32.dll sechost.dll oleaut32.dll cryptsp.dll uiautomationprovider.dll rsaenh.dll rpcrtremote.dll shacct.dll comctl32.dll shlwapi.dll userenv.dll profapi.dll lpk.dll advapi32.dll idstore.dll mscorlib.ni.dll ntdll.dll kernel32.dll kernelbase.dll advapi32.dll msvcrt.dll sechost.dll rpcrt4.dll msvcr120_clr0400.dll mscoree.dll ole32.dll netutils.dll gdi32.dll user32.dll lpk.dll usp10.dll oleaut32.dll ntdll.dll imm32.dll msvcrt.dll msctf.dll cryptbase.dll cryptsp.dll rsaenh.dll rpcrtremote.dll clbcatq.dll sxs.dll mscoreei.dll mscorwks.dll msvcr80.dll shlwapi.dll shell32.dll profapi.dll mscorlib.ni.dll mscorjit.dll mscorlib.dll mscorlib.dll version.dll mscorlib.dll mscorlib.dll system.ni.dll microsoft.applicationid.framework.ni.dll system.drawing.ni.dll system.windows.forms.ni.dll system.security.ni.dll accessibility.ni.dll system.configuration.ni.dll system.xml.ni.dll system.runtime.serialization.formatters.soap.ni.dll system.deployment.ni.dll system.data.sqlxml.ni.dll,normal
 ntdll.dll sechost.dll kernel32.dll KernelBase.dll advapi32.dll msutb.dll msvcrt.dll sechost.dll sechost.dll rpcrt4.dll setupapi.dll msvcr120_clr0400.dll mscoree.dll ole32.dll gdi32.dll microsoft.wsman.management.ni.dll user32.dll mpr.dll lpk.dll usp10.dll oleaut32.dll imm32.dll mscorlib.dll msctf.dll oleaut32.dll cryptbase.dll cryptsp.dll rsaenh.dll RpcRtRemote.dll npmproxy.dll clbcatq.dll sxs.dll mscoreei.dll clr.dll shlwapi.dll mscorlib.ni.dll clrjit.dll user32.dll msctf.dll kernel32.dll version.dll mscorlib.dll mscorlib.dll System.ni.dll cryptsp.dll System.Core.ni.dll System.Activities.ni.dll setupapi.dll System.Runtime.DurableInstancing.ni.dll System.Management.ni.dll Microsoft.Management.Infrastructure.ni.dll System.Transactions.ni.dll System.Transactions.dll ntdll.dll System.Transactions.dll system.configuration.ni.dll System.Transactions.dll rpcrt4.dll System.Activities.DurableInstancing.dll System.Transactions.dll Microsoft.Windows.Diagnosis.SDHost.dll System.Transactions.dll mapi32.dll System.Transactions.dll rsaenh.dll System.Transactions.dll System.ServiceModel.Internals.ni.dll secur32.dll System.Xml.Linq.ni.dll System.Xaml.ni.dll lpk.dll System.Xml.ni.dll System.Runtime.Serialization.ni.dll System.Security.ni.dll system.design.dll Microsoft.PowerShell.Commands.Management.ni.dll Microsoft.Management.Infrastructure.CimCmdlets.ni.dll api-ms-win-core-xstate-l2-1-0.dll SMDiagnostics.ni.dll Microsoft.Management.Infrastructure.Native.ni.dll Microsoft.Management.Infrastructure.Native.dll Microsoft.Management.Infrastructure.Native.dll bcrypt.dll bcryptprimitives.dll Microsoft.PowerShell.Workflow.ServiceCore.ni.dll ntdll.dll kernel32.dll KernelBase.dll msvcrt.dll rpcrt4.dll mscorlib.dll gdi32.dll user32.dll lpk.dll apphelp.dll wow64win.dll usp10.dll wups2.dll duser.dll wevtapi.dll api-ms-win-downlevel-normaliz-l1-1-0.dll dui70.dll webio.dll user32.dll imm32.dll msctf.dll uxtheme.dll powrprof.dll mscorlib.dll system.deployment.ni.dll setupapi.dll devobj.dll riched20.dll mshtml.dll dwmapi.dll slc.dll imm32.dll GdiPlus.dll ole32.dll secur32.dll sspicli.dll ntdll.dll propsys.dll imm32.dll advapi32.dll clbcatq.dll wow64cpu.dll winsta.dll clrjit.dll sechost.dll PresentationCore.dll shlwapi.dll kernel32.dll cryptbase.dll System.Drawing.dll comctl32.dll WindowsCodecs.dll api-ms-win-core-fibers-l1-1-0.dll profapi.dll user32.dll uiautomationtypes.ni.dll shell32.dll pwrshmsg.dll apphelp.dll ole32.dll MIGUIControls.ni.dll msi.dll gdi32.dll oleaut32.dll ExplorerFrame.dll cfgmgr32.dll clbcatq.dll vcruntime140.dll api-ms-win-crt-runtime-l1-1-0.dll ucrtbase.dll api-ms-win-core-timezone-l1-1-0.dll kernelbase.dll msobjs.dll user32.dll system.enterpriseservices.dll api-ms-win-core-file-l2-1-0.dll wow64cpu.dll api-ms-win-core-localization-l1-2-0.dll system.xml.dll srvcli.dll mfc42u.dll ole32.dll imageres.dll system.deployment.ni.dll imageres.dll imageres.dll imageres.dll imageres.dll imageres.dll wow64win.dll imageres.dll msvcrt.dll mscms.dll api-ms-win-core-synch-l1-2-0.dll usp10.dll api-ms-win-core-processthreads-l1-1-1.dll api-ms-win-core-file-l1-2-0.dll api-ms-win-crt-string-l1-1-0.dll api-ms-win-crt-heap-l1-1-0.dll api-ms-win-crt-stdio-l1-1-0.dll api-ms-win-crt-convert-l1-1-0.dll cryptbase.dll msvcp140.dll api-ms-win-crt-locale-l1-1-0.dll api-ms-win-crt-math-l1-1-0.dll api-ms-win-crt-multibyte-l1-1-0.dll api-ms-win-crt-time-l1-1-0.dll user32.dll api-ms-win-crt-filesystem-l1-1-0.dll api-ms-win-crt-environment-l1-1-0.dll avrt.dll api-ms-win-crt-utility-l1-1-0.dll GrooveIntlResource.dll EhStorShell.dll uiautomationclient.ni.dll oleacc.dll imecfm.dll version.dll user32.dll PresentationCore.dll msswch.dll winmm.dll system.ni.dll riched20.dll atl.dll mssvp.dll ntmarta.dll shacct.dll samlib.dll npmproxy.dll xmllite.dll msvcrt.dll duser.dll user32.dll wow64win.dll elslad.dll xmllite.dll cryptui.dll clbcatq.dll msvcrt.dll urlmon.dll cfgmgr32.dll spoolss.dll api-ms-win-downlevel-ole32-l1-1-0.dll api-ms-win-downlevel-shlwapi-l1-1-0.dll api-ms-win-downlevel-advapi32-l1-1-0.dll api-ms-win-downlevel-user32-l1-1-0.dll api-ms-win-downlevel-version-l1-1-0.dll api-ms-win-downlevel-normaliz-l1-1-0.dllnormaliz.dll iertutil.dll usp10.dll wininet.dll user32.dll api-ms-win-downlevel-advapi32-l2-1-0.dll imageres.dll imageres.dll imageres.dll imageres.dll imageres.dll imageres.dll imageres.dll imageres.dll mpr.dll cscui.dll cscdll.dll clbcatq.dll cscapi.dll wevtapi.dll msasn1.dll ntshrui.dll dhcpcsvc.dll msutb.dll IconCodecService.dll themeui.dll kernelbase.dll sxs.dll wtsapi32.dll cryptsp.dll rsaenh.dll adsldp.dll RpcRtRemote.dll clbcatq.dll msvcr120_clr0400.dll SndVolSSO.dll hid.dll MMDevAPI.dll cryptbase.dll cryptbase.dll imageres.dll imageres.dll gpapi.dll imageres.dll kernel32.dll msproof7.dll actxprxy.dll crypt32.dll msasn1.dll Wldap32.dll shdocvw.dll linkinfo.dll userenv.dll msutb.dll samcli.dll netutils.dll msftedit.dll msls31.dll gameux.dll wer.dll tiptsf.dll authui.dll msiltcfg.dll rpcrt4.dll windows.storage.dll advapi32.dll thumbcache.dll psapi.dll msimg32.dll networkexplorer.dll DeviceCenter.dll UIAnimation.dll stobject.dll batmeter.dll mscorlib.dll nsi.dll winnsi.dll api-ms-win-core-file-l2-1-0.dll SensApi.dll nlaapi.dll system.data.services.client.ni.dll winhttp.dll webio.dll ws2_32.dll wintrust.dll npmproxy.dll dhcpcsvc6.dll es.dll mscoree.dll dhcpcsvc.dll prnfldr.dll dwmapi.dll DXP.dll Syncreg.dll rpcrt4.dll api-ms-win-downlevel-shlwapi-l1-1-0.dll bcrypt.dll ehSSO.dll netshell.dll user32.dll ntdll.dll AltTab.dll WPDShServiceObj.dll PortableDeviceTypes.dll PresentationUI.ni.dll windows.cortana.proxystub.dll PortableDeviceApi.dll msvcrt.dll pnidui.dll wevtapi.dll shell32.dll ncsi.dll cscobj.dll flightsettings.dll credssp.dll taskschd.dll System.XML.dll mssprxy.dll ActionCenter.dll srchadmin.dll FXSST.dll FXSAPI.dll FXSRESM.dll wlanapi.dll WinSCard.dll wlanutil.dll WWanAPI.dll wwapi.dll ieframe.dll api-ms-win-downlevel-shell32-l1-1-0.dll webcheck.dll SyncCenter.dll wkscli.dll imapi2.dll hgcpl.dll provsvc.dll netprofm.dll SearchFolder.dll StructuredQuery.dll msctf.dll NaturalLanguage6.dll NlsData0011.dll NlsLexicons0011.dll Microsoft.PowerShell.Activities.ni.dll NlsModels0011.dll UIAutomationCore.dll System.Security.ni.dll DeviceCenter.dll mswsock.dll wship6.dll microsoft.visualstudio.tools.applications.hosting.ni.dll api-ms-win-downlevel-shlwapi-l2-1-0.dll tquery.dll mapi32.dll mssvp.dll bcrypt.dll msxml6.dll ntdll.dll wpdshext.dll sfc.dll sfc_os.dll wscinterop.dll wow64.dll System.Windows.Forms.dll wscapi.dll werconcpl.dll framedynos.dll cryptbase.dll wercplsupport.dll sspicli.dll mscorlib.dll dropboxext64.27.0.dll hcproviders.dll ieproxy.dll DeviceCenter.dll mssvp.dll wevtapi.dll imgutil.dll mapi32.dll sfc.dll lpk.dll system.dll sfc_os.dll sfc.dll sfc_os.dll dhcpcsvc.dll ntdll.dll acppage.dll msisip.dll wshext.dll comdlg32.dll pwrshsip.dll syncui.dll synceng.dll cryptext.dll sspicli.dll rshx32.dll ntdll.dll fltlib.dll authz.dll osfproxy.dll msctf.dll dsrole.dll aclui.dll sensapi.dll clbcatq.dll ntdsapi.dll usp10.dll docprop.dll twext.dll msvcp_win.dll twext.dll LspDnD64.dll netutils.dll msimg32.dll windows.security.authentication.onlineid.dll syncui.dll synceng.dll acppage.dll ucrtbase.dll sfc.dll sfc_os.dll wsock32.dll nlsdata0009.dll msvcrt.dll msswch.dll mssprxy.dll user32.dll imageres.dll sppuinotify.dll sppuinotify.dll DeviceCenter.dll sppuinotify.dll sppuinotify.dll twext.dll imm32.dll syncui.dll synceng.dll acppage.dll sfc.dll sfc_os.dll VAN.dll rpcrt4.dll wwanmm.dll RASMM.dll rasapi32.dll nsi.dll rasman.dll WlanMM.dll wlanhlp.dll RASMM.dll rasapi32.dll System.Xml.dll slc.dll rasman.dll onex.dll msvcrt.dll eappprxy.dll eappcfg.dll wwanmm.dll system.serviceprocess.ni.dll WlanMM.dll wlanhlp.dll onex.dll eappprxy.dll eappcfg.dll sfc.dll iertutil.dll sfc_os.dll imageres.dll drprov.dll ntlanman.dll userenv.dll davclnt.dll davhlpr.dll wpdshext.dll EhStorAPI.dll es.dll imageres.dll imageres.dll imageres.dll imageres.dll imageres.dll rpcrtremote.dll dhcpcsvc6.dll twext.dll syncui.dll synceng.dll acppage.dll sfc.dll sfc_os.dll devrtl.dll sendmail.dll system.configuration.ni.dll mydocs.dll zipfldr.dll ole32.dll imageres.dll imageres.dll imageres.dll imageres.dll sendmail.dll mydocs.dll zipfldr.dll wpdshext.dll mlang.dll wucltux.dll msxml3.dll wucltux.dll wucltux.dll wucltux.dll wucltux.dll wucltux.dll wucltux.dll wucltux.dll wucltux.dll wucltux.dll wucltux.dll wucltux.dll wucltux.dll wucltux.dll sechost.dll cabinet.dll imageres.dll wups2.dll wups2.dll wups2.dll wow64.dll imageres.dll wups2.dll sppuinotify.dll sppuinotify.dll DeviceCenter.dll imageres.dll wups2.dll wups2.dll sppuinotify.dll sppuinotify.dll imageres.dll wups2.dll wups2.dll sppuinotify.dll sppuinotify.dll sppuinotify.dll sppuinotify.dll mssvp.dll mapi32.dll tquery.dll mssvp.dll mapi32.dll mssvp.dll mapi32.dll mssvp.dll mapi32.dll mssvp.dll mapi32.dll mssvp.dll mapi32.dll imageres.dll wups2.dll wups2.dll imageres.dll wups2.dll wups2.dll,normal
 mscoree.dll mscoreei.dll RpcRtRemote.dll PresentationFramework.Classic.dll clr.dll msvcr120_clr0400.dll rpcrt4.dll msvcrt.dll msctf.dll ntdll.dll kernel32.dll KernelBase.dll msvcrt.dll advapi32.dll samcli.dll apphelp.dll msasn1.dll sechost.dll rpcrt4.dll shlwapi.dll gdi32.dll user32.dll lpk.dll usp10.dll imm32.dll cryptbase.dll fusion.dll cryptsp.dll gdi32.dll rsaenh.dll,normal
 ntdll.dll mscorlib.ni.dll wow64.dll mscorlib.dll kernel32.dll kernelbase.dll gdi32.dll user32.dll sspicli.dll lpk.dll usp10.dll msvcrt.dll shcore.dll imm32.dll msctf.dll ole32.dll rpcrt4.dll oleaut32.dll cryptbase.dll clbcatq.dll advapi32.dll imagehlp.dll kernel32.dll sechost.dll imm32.dll ntdll.dll kernel32.dll kernelbase.dll gdi32.dll msisip.dll enterpriseresourcemanager.dll user32.dll lpk.dll kernelbase.dll usp10.dll msvcrt.dll imm32.dll user32.dll msctf.dll ole32.dll KernelBase.dll rpcrt4.dll oleaut32.dll cryptbase.dll clbcatq.dll lpk.dll advapi32.dll sechost.dll els.dll ntdll.dll version.dll kernel32.dll msctf.dll kernelbase.dll advapi32.dll msvcrt.dll sechost.dll dnsapi.dll rpcrt4.dll ole32.dll microsoft.mediacenter.itv.ni.dll gdi32.dll sfc_os.dll user32.dll clbcatq.dll lpk.dll usp10.dll usocore.dll imm32.dll dui70.dll msctf.dll wdscore.dll oleaut32.dll shell32.dll wpdshext.dll cryptbase.dll msvcrt.dll ole32.dll shlwapi.dll dbghelp.dll rpcrt4.dll cryptbase.dll cbscore.dll version.dll crypt32.dll msasn1.dll wintrust.dll userenv.dll profapi.dll ktmw32.dll dpx.dll dpx.dll cryptnet.dll KernelBase.dll dpx.dll kernel32.dll system.dll wcp.dll drupdate.dll system.core.dll setupapi.dll cfgmgr32.dll devobj.dll ws2_32.dll mpr.dll wrpint.dll sxsstore.dll sqmapi.dll winhttp.dll webio.dll ntdll.dll winhttp.dll webio.dll sensapi.dll cryptsp.dll rsaenh.dll rpcrtremote.dll clbcatq.dll kernel32.dll cbsapi.dll smipi.dll smiengine.dll user32.dll ntdll.dll ntdll.dll wow64.dll kernel32.dll wow64win.dll imm32.dll wow64cpu.dll kernel32.dll kernel32.dll kernel32.dll user32.dll kernel32.dll kernelbase.dll bcrypt.dll stdole.ni.dll advapi32.dll msvcrt.dll sechost.dll rpcrt4.dll presentationframework.classic.ni.dll usp10.dll Microsoft.VisualStudio.Tools.Office.AddInAdapter.v9.0.ni.dll advapi32.dll usp10.dll sspicli.dll cryptbase.dll smiengine.dll win32u.dll dnsapi.dll ws2_32.dll nsi.dll cryptbase.dll winnsi.dll system.ni.dll dhcpcsvc.dll dhcpcsvc6.dll advapi32.dll shell32.dll advapi32.dll shlwapi.dll advapi32.dll gdi32.dll user32.dll mscoree.dll msctf.dll lpk.dll usp10.dll sechost.dll ole32.dll system.configuration.dll imm32.dll msctf.dll clbcatq.dll gdi32.dll apphelp.dll WMINet_Utils.dll oleaut32.dll cryptsp.dll rsaenh.dll rpcrtremote.dll wevtapi.dll ntdll.dll ntdll.dll msadox.dll wow64.dll smipi.dll wow64win.dll wow64cpu.dll kernel32.dll kernel32.dll csrsrv.dll kernel32.dll user32.dll kernel32.dll kernelbase.dll msvcrt.dll oleaut32.dll ole32.dll advapi32.dll gdi32.dll user32.dll gdi32full.dll wow64cpu.dll advapi32.dll sechost.dll rpcrt4.dll sspicli.dll cryptbase.dll lpk.dll winbrand.dll usp10.dll version.dll imm32.dll msctf.dll sxs.dll clbcatq.dll vbscript.dll advapi32.dll wintrust.dll crypt32.dll profapi.dll ole32.dll msasn1.dll rsaenh.dll sensapi.dll cryptsp.dll system.data.dll rsaenh.dll msisip.dll gdi32.dll wshext.dll comctl32.dll shell32.dll shlwapi.dll scrobj.dll msi.dll scrrun.dll ntdll.dll system.dll advapi32.dll ntdll.dll wow64.dll wow64win.dll wow64cpu.dll kernel32.dll kernel32.dll kernel32.dll user32.dll kernel32.dll kernelbase.dll msvcrt.dll system.drawing.dll winbrand.dll user32.dll gdi32.dll lpk.dll usp10.dll advapi32.dll sechost.dll rpcrt4.dll sspicli.dll cryptbase.dll imm32.dll msctf.dll apphelp.dll,normal
 ntdll.dll kernel32.dll usp10.dll user32.dll wow64cpu.dll KernelBase.dll actxprxy.dll advapi32.dll msvcrt.dll sechost.dll system.management.ni.dll rpcrt4.dll sechost.dll shsvcs.dll user32.dll gdi32.dll lpk.dll usp10.dll wcp.dll mpr.dll sechost.dll version.dll ole32.dll oleaut32.dll secur32.dll sspicli.dll gdi32.dll ws2_32.dll nsi.dll netapi32.dll advapi32.dll netutils.dll urlmon.dll srvcli.dll rpcrt4.dll wkscli.dll logoncli.dll bcrypt.dll framedynos.dll wtsapi32.dll ntdsapi.dll version.dll slc.dll system.dll imm32.dll samlib.dll msctf.dll cryptbase.dll clbcatq.dll wbemprox.dll wbemcomn.dll ntdll.dll rpcrt4.dll ntdll.dll wow64.dll wow64win.dll wow64cpu.dll kernel32.dll crypt32.dll kernel32.dll System.Drawing.ni.dll clr.dll kernel32.dll System.Transactions.ni.dll user32.dll ieframe.dll kernel32.dll winbrand.dll usp10.dll advapi32.dll sechost.dll rpcrt4.dll sspicli.dll cryptbase.dll imm32.dll msctf.dll apphelp.dll KernelBase.dll msvcrt.dll user32.dll gdi32.dll lpk.dll,normal
 ntdll.dll ntdll.dll wow64.dll wow64win.dll wow64cpu.dll kernel32.dll kernel32.dll kernel32.dll user32.dll kernel32.dll mscorwks.dll KernelBase.dll msvcrt.dll lpk.dll oleaut32.dll ole32.dll gdi32.dll sspicli.dll cryptsp.dll user32.dll amsi.dll kernel32.dll framedynos.dll advapi32.dll sechost.dll rpcrt4.dll sspicli.dll cryptbase.dll lpk.dll Wldap32.dll samcli.dll usp10.dll dpx.dll KernelBase.dll version.dll imm32.dll msctf.dll kernel32.dll sxs.dll clbcatq.dll shlwapi.dll vbscript.dll lpk.dll advapi32.dll wintrust.dll oleaut32.dll crypt32.dll api-ms-win-downlevel-user32-l1-1-0.dll msasn1.dll cryptsp.dll rsaenh.dll msisip.dll wshext.dll user32.dll comctl32.dll shell32.dll shlwapi.dll scrobj.dll msi.dll scrrun.dll,normal
 user32.dll ntdll.dll kernel32.dll kernelbase.dll dhcpcsvc.dll msvcrt.dll ole32.dll gdi32.dll user32.dll System.Design.ni.dll kernel32.dll lpk.dll usp10.dll rpcrt4.dll sechost.dll imm32.dll msctf.dll cryptbase.dll System.Configuration.dll sspicli.dll clbcatq.dll advapi32.dll sechost.dll oleaut32.dll authui.dll cryptui.dll crypt32.dll msasn1.dll comctl32.dll shlwapi.dll uxtheme.dll usp10.dll ntdll.dll sechost.dll gdiplus.dll dui70.dll duser.dll sndvolsso.dll hid.dll mmdevapi.dll propsys.dll setupapi.dll cfgmgr32.dll devobj.dll dwmapi.dll xmllite.dll windowscodecs.dll winbrand.dll vaultcredprovider.dll cfgmgr32.dll oleaut32.dll rpcrtremote.dll wtsapi32.dll rpcrt4.dll winsta.dll smartcardcredentialprovider.dll kernelbase.dll msvcrt.dll winmm.dll biocredprov.dll secur32.dll wow64.dll sspicli.dll certCredProvider.dll winbio.dll credui.dll vaultcli.dll netapi32.dll api-ms-win-core-kernel32-legacy-l1-1-1.dll msctf.dll netutils.dll oleaut32.dll srvcli.dll wkscli.dll samcli.dll presentationframework.aero.dll certcredprovider.dll Sens.dll rasplap.dll rasapi32.dll rasman.dll rsaenh.dll sxs.dll nlaapi.dll lpk.dll ws2_32.dll nsi.dll rtutils.dll oleacc.dll uiautomationcore.dll psapi.dll cryptsp.dll rsaenh.dll shell32.dll winscard.dll msimg32.dll,normal
 ntdll.dll ntdll.dll wow64.dll wow64win.dll lpk.dll wow64cpu.dll advapi32.dll kernel32.dll ntdll.dll kernel32.dll kernel32.dll mscorlib.dll user32.dll bcrypt.dll kernel32.dll kernelbase.dll advapi32.dll msvcrt.dll gdi32.dll sechost.dll rpcrt4.dll sspicli.dll wow64win.dll cryptbase.dll system.configuration.ni.dll scrobj.dll msvcr120_clr0400.dll mscoree.dll ole32.dll rpcrtremote.dll ws2_32.dll gdi32.dll user32.dll system.web.dll lpk.dll usp10.dll oleaut32.dll comctl32.dll imm32.dll msctf.dll ole32.dll wcp.dll rsaenh.dll cryptsp.dll rsaenh.dll rpcrtremote.dll clbcatq.dll sxs.dll mscoreei.dll clr.dll shlwapi.dll mscorlib.ni.dll kernel32.dll wow64.dll system.ni.dll clrjit.dll microsoft.powershell.security.dll microsoft.powershell.security.dll version.dll mscorlib.dll user32.dll mscorlib.dll kernel32.dll system.management.automation.dll system.management.automation.dll accessibility.dll sechost.dll system.ni.dll system.dll api-ms-win-core-privateprofile-l1-1-1.dll system.dll system.core.ni.dll system.core.dll system.core.dll system.core.dll system.core.dll system.core.dll vcruntime140.dll shell32.dll system.core.dll system.configuration.install.ni.dll system.configuration.install.dll system.configuration.install.dll sechost.dll system.xml.ni.dll system.xml.dll system.xml.dll system.xml.dll system.xml.dll imm32.dll advapi32.dll winmmbase.dll system.xml.dll wow64win.dll system.xml.dll system.security.ni.dll system.security.dll system.security.dll msvcp_win.dll system.security.dll system.security.dll system.security.dll system.security.dll microsoft.powershell.security.ni.dll regapi.dll system.web.extensions.ni.dll lpk.dll usp10.dll system.windows.forms.ni.dll ntdll.dll ntdll.dll wow64.dll wow64win.dll wow64cpu.dll KernelBase.dll shell32.dll kernel32.dll kernel32.dll kernel32.dll System.Drawing.dll user32.dll kernel32.dll kernelbase.dll msvcrt.dll user32.dll ole32.dll gdi32.dll user32.dll advapi32.dll sechost.dll rpcrt4.dll sspicli.dll cryptbase.dll lpk.dll usp10.dll imm32.dll msctf.dll clbcatq.dll oleaut32.dll cryptsp.dll rsaenh.dll rpcrtremote.dll uxtheme.dll shell32.dll shlwapi.dll clbcatq.dll actxprxy.dll comctl32.dll,normal
 ntdll.dll ntdll.dll winnsi.dll user32.dll ntdll.dll wow64.dll wow64win.dll wow64cpu.dll advapi32.dll kernel32.dll kernel32.dll kernel32.dll user32.dll kernel32.dll ntdll.dll kernelbase.dll bcrypt.dll advapi32.dll msvcrt.dll sechost.dll system.data.sqlxml.ni.dll rpcrt4.dll sspicli.dll cryptbase.dll dnsapi.dll ws2_32.dll nsi.dll bcryptprimitives.dll winnsi.dll dhcpcsvc.dll dhcpcsvc6.dll shell32.dll comctl32.dll shlwapi.dll gdi32.dll user32.dll secur32.dll lpk.dll usp10.dll shell32.dll oleaut32.dll Microsoft.VisualStudio.Tools.Applications.Contract.v10.0.dll sechost.dll sechost.dll ole32.dll imm32.dll kernel32.dll msctf.dll clbcatq.dll oleaut32.dll cryptsp.dll rsaenh.dll rpcrtremote.dll wevtapi.dll,normal
 ntdll.dll kernel32.dll kernelbase.dll secur32.dll gdi32.dll user32.dll bcrypt.dll lpk.dll sechost.dll usp10.dll npmproxy.dll msvcrt.dll kernel.appcore.dll imm32.dll sechost.dll msctf.dll ole32.dll rpcrt4.dll oleaut32.dll cryptbase.dll rpcrtremote.dll imm32.dll cryptbase.dll clbcatq.dll shell32.dll advapi32.dll sechost.dll ntdll.dll ntdll.dll mscorlib.dll wow64.dll wow64win.dll mscorjit.dll wow64cpu.dll system.drawing.dll kernel32.dll profapi.dll System.AddIn.dll kernel32.dll kernel32.dll user32.dll kernel32.dll kernelbase.dll user32.dll msvcrt.dll winbrand.dll user32.dll gdi32.dll lpk.dll usp10.dll advapi32.dll sechost.dll rpcrt4.dll sspicli.dll cryptbase.dll imm32.dll msctf.dll apphelp.dll,normal
 system.componentmodel.composition.registration.ni.dll ntdll.dll ole32.dll api-ms-win-crt-convert-l1-1-0.dll imm32.dll kernel32.dll sechost.dll shlwapi.dll msctf.dll msvcrt.dll lpk.dll ws2_32.dll oleaut32.dll advapi32.dll clbcatq.dll ntdll.dll System.Activities.dll rpcrt4.dll nsi.dll msvcrt.dll user32.dll api-ms-win-core-synch-l1-1-0.dll gdi32.dll usp10.dll cryptbase.dll kernelbase.dll cryptbase.dll kernel32.dll bcrypt.dll cryptsp.dll mswsock.dll wow64.dll sechost.dll wship6.dll rsaenh.dll netutils.dll dsparse.dll pcwum.dll version.dll wkscli.dll winnsi.dll setupapi.dll cscui.dll ucrtbase.dll msvcrt.dll dhcpcsvc6.dll wucltux.dll dhcpcsvc.dll wevtapi.dll secur32.dll sspicli.dll credssp.dll rpcrtremote.dll gdi32.dll winhttp.dll webio.dll atl.dll wshqos.dll wow64win.dll wshqos.dll wshqos.dll wshqos.dll firewallapi.dll xmllite.dll fdrespub.dll wsdapi.dll InkObj.dll webservices.dll fundisc.dll httpapi.dll msxml6.dll ssdpsrv.dll,normal
 mscorlib.ni.dll ntdll.dll kernel32.dll KernelBase.dll kernel32.dll advapi32.dll msvcrt.dll ntdll.dll kernel32.dll sechost.dll rpcrt4.dll gdi32.dll user32.dll lpk.dll msvcr120_clr0400.dll usp10.dll system.transactions.dll mprmsg.dll ole32.dll msimg32.dll wmsgapi.dll lpk.dll user32.dll msvcrt.dll wtsapi32.dll winmm.dll userenv.dll profapi.dll winsta.dll gdi32.dll crypt32.dll msasn1.dll MsCtfMonitor.dll msctf.dll imm32.dll comctl32.dll shlwapi.dll rasadhlp.dll secur32.dll sspicli.dll lpk.dll shell32.dll cryptbase.dll wintrust.dll sspicli.dll mscoreei.dll sqmapi.dll cryptsp.dll rsaenh.dll msutb.dll advapi32.dll imagehlp.dll user32.dll bcrypt.dll rpcrt4.dll bcryptprimitives.dll ncrypt.dll gpapi.dll kernel32.dll cryptnet.dll Wldap32.dll SensApi.dll setupapi.dll nsi.dll comctl32.dll cfgmgr32.dll oleaut32.dll devobj.dll cabinet.dll devrtl.dll version.dll clbcatq.dll oleaut32.dll urlmon.dll lpk.dll system.ni.dll wininet.dll msctf.dll version.dll iertutil.dll imagehlp.dll ntdll.dll kernel32.dll KernelBase.dll cryptsp.dll gdi32.dll user32.dll winhttp.dll lpk.dll usp10.dll msvcrt.dll imm32.dll msctf.dll ole32.dll rpcrt4.dll oleaut32.dll nsi.dll cryptbase.dll clbcatq.dll advapi32.dll sechost.dll ntdll.dll audiodev.dll system.web.regularexpressions.dll kernel32.dll KernelBase.dll gdi32.dll user32.dll lpk.dll usp10.dll msvcrt.dll imm32.dll msctf.dll ole32.dll winnsi.dll rpcrt4.dll oleaut32.dll,normal
 ntdll.dll kernel32.dll KernelBase.dll gdi32.dll winbrand.dll user32.dll lpk.dll usp10.dll msvcrt.dll imm32.dll advapi32.dll msctf.dll wow64.dll ole32.dll rpcrt4.dll oleaut32.dll user32.dll shlwapi.dll ntdll.dll advapi32.dll kernel32.dll KernelBase.dll imm32.dll msctf.dll crypt32.dll gdi32.dll user32.dll lpk.dll usp10.dll msvcrt.dll imm32.dll advapi32.dll msvcrt.dll wsock32.dll msctf.dll sensapi.dll ole32.dll rpcrt4.dll userenv.dll oleaut32.dll cryptbase.dll clbcatq.dll advapi32.dll usp10.dll userenv.dll sechost.dll ntdll.dll ntdll.dll wow64.dll familysafetyext.dll wow64win.dll shlwapi.dll ntdll.dll shlwapi.dll wow64cpu.dll kernel32.dll ntdll.dll kernel32.dll kernel32.dll user32.dll system.dll kernel32.dll sspicli.dll KernelBase.dll msctf.dll system.xml.ni.dll advapi32.dll sxs.dll msvcrt.dll kernelbase.dll mscoreei.dll sechost.dll rpcrt4.dll sspicli.dll cryptbase.dll dnsapi.dll ws2_32.dll nsi.dll ws2_32.dll winnsi.dll dhcpcsvc.dll dhcpcsvc6.dll shell32.dll shlwapi.dll KernelBase.dll gdi32.dll user32.dll lpk.dll usp10.dll ole32.dll imm32.dll system.directoryservices.dll msctf.dll clbcatq.dll oleaut32.dll rsaenh.dll System.XML.dll system.dll cryptsp.dll rsaenh.dll RpcRtRemote.dll wevtapi.dll ntdll.dll Microsoft.VisualStudio.Tools.Applications.Runtime.v9.0.dll ntdll.dll wow64.dll wow64win.dll wow64cpu.dll kernel32.dll shell32.dll System.Web.Services.dll kernel32.dll kernel32.dll System.Xml.ni.dll cryptbase.dll oleaut32.dll user32.dll kernel32.dll KernelBase.dll system.data.sqlxml.ni.dll advapi32.dll msvcrt.dll msctf.dll dwmapi.dll sechost.dll rpcrt4.dll sspicli.dll cryptbase.dll dnsapi.dll ws2_32.dll nsi.dll winnsi.dll dhcpcsvc.dll dhcpcsvc6.dll shell32.dll api-ms-win-core-file-l2-1-0.dll cryptsp.dll shlwapi.dll gdi32.dll user32.dll lpk.dll usp10.dll ole32.dll imm32.dll msctf.dll clbcatq.dll cryptsp.dll system.management.automation.dll oleaut32.dll cryptsp.dll rsaenh.dll advapi32.dll RpcRtRemote.dll wevtapi.dll gdi32.dll ntdll.dll ntdll.dll wow64.dll wow64win.dll wow64cpu.dll kernel32.dll kernel32.dll kernel32.dll user32.dll kernel32.dll wevtapi.dll KernelBase.dll msvcrt.dll winbrand.dll user32.dll gdi32.dll lpk.dll usp10.dll kernelbase.dll advapi32.dll sechost.dll rpcrt4.dll sspicli.dll cryptbase.dll imm32.dll scrrun.dll msctf.dll apphelp.dll,normal
 ntdll.dll kernel32.dll version.dll kernelbase.dll advapi32.dll msvcrt.dll sechost.dll rpcrt4.dll SensApi.dll shell32.dll shlwapi.dll gdi32.dll system.xml.ni.dll user32.dll kernel32.dll imm32.dll lpk.dll usp10.dll imm32.dll tquery.dll msctf.dll ole32.dll cryptbase.dll user32.dll uxtheme.dll mintdh.dll usp10.dll propsys.dll oleaut32.dll user32.dll cfgmgr32.dll msidle.dll comctl32.dll clbcatq.dll credssp.dll cryptbase.dll ntmarta.dll wldap32.dll profapi.dll sechost.dll urlmon.dll api-ms-win-downlevel-ole32-l1-1-0.dll api-ms-win-downlevel-shlwapi-l1-1-0.dll api-ms-win-downlevel-advapi32-l1-1-0.dll ntdll.dll System.Runtime.Serialization.ni.dll api-ms-win-downlevel-user32-l1-1-0.dll duser.dll api-ms-win-downlevel-version-l1-1-0.dll version.dll advapi32.dll api-ms-win-downlevel-normaliz-l1-1-0.dll normaliz.dll iertutil.dll shell32.dll winrnr.dll wininet.dll userenv.dll secur32.dll sspicli.dll setupapi.dll cfgmgr32.dll devobj.dll mpr.dll urlmon.dll api-ms-win-downlevel-ole32-l1-1-0.dll api-ms-win-downlevel-user32-l1-1-0.dll api-ms-win-downlevel-version-l1-1-0.dll version.dll api-ms-win-downlevel-normaliz-l1-1-0.dll normaliz.dll iertutil.dll wininet.dll userenv.dll,normal
 ntdll.dll kernel32.dll system.configuration.dll KernelBase.dll System.Transactions.dll advapi32.dll rsaenh.dll msvcrt.dll sechost.dll rpcrt4.dll winnsi.dll msctf.dll shell32.dll system.configuration.install.ni.dll shlwapi.dll gdi32.dll user32.dll lpk.dll wow64cpu.dll usp10.dll ole32.dll msvcrt.dll cryptbase.dll imm32.dll msctf.dll dnsapi.dll ws2_32.dll nsi.dll dhcpcsvc.dll dhcpcsvc6.dll,normal
 ntdll.dll ntdll.dll wow64.dll ntdll.dll wow64win.dll wow64cpu.dll kernel32.dll kernel32.dll srvcli.dll kernel32.dll kernel32.dll user32.dll kernel32.dll KernelBase.dll msvcrt.dll ntdll.dll winbrand.dll KernelBase.dll shell32.dll user32.dll gdi32.dll user32.dll shlwapi.dll lpk.dll cryptbase.dll rasadhlp.dll usp10.dll advapi32.dll sechost.dll rpcrt4.dll sspicli.dll cryptbase.dll imm32.dll msctf.dll apphelp.dll,normal
 ntdll.dll oleaut32.dll kernel32.dll KernelBase.dll bcryptprimitives.dll sensapi.dll advapi32.dll msvcrt.dll sechost.dll ntdll.dll PresentationCore.dll rpcrt4.dll msvcr120_clr0400.dll msvcrt.dll mscoree.dll ole32.dll gdi32.dll user32.dll lpk.dll KernelBase.dll usp10.dll setupapi.dll usp10.dll oleaut32.dll kbd106.dll imm32.dll msctf.dll cryptbase.dll cryptsp.dll rsaenh.dll RpcRtRemote.dll clbcatq.dll WABSyncProvider.dll sxs.dll mscoreei.dll clr.dll shlwapi.dll KernelBase.dll lpk.dll mscorlib.ni.dll clrjit.dll version.dll mscorlib.dll mscorlib.dll crypt32.dll System.ni.dll System.Core.ni.dll System.Xml.ni.dll System.Configuration.ni.dll System.Numerics.ni.dll System.Security.ni.dll,normal
 ntdll.dll mimilib.dll kernel32.dll kernelbase.dll advapi32.dll secur32.dll gdi32.dll cabinet.dll msvcrt.dll sechost.dll rpcrt4.dll sensapi.dll user32.dll gdi32.dll lpk.dll lpk.dll usp10.dll tquery.dll tquery.dll wow64.dll shlwapi.dll shlwapi.dll msctf.dll msshooks.dll msshooks.dll mscoree.dll advapi32.dll mscoreei.dll cryptbase.dll ole32.dll oleaut32.dll shlwapi.dll kernel32.dll imm32.dll clbcatq.dll cryptsp.dll rsaenh.dll rpcrtremote.dll mssprxy.dll sxs.dll,normal
 ntdll.dll,normal
 mscorlib.dll els.dll msctf.dll ntdll.dll usp10.dll kernel32.dll kernelbase.dll advapi32.dll msvcrt.dll smipi.dll sechost.dll rpcrt4.dll msvcr120_clr0400.dll usp10.dll mscoree.dll ole32.dll gdi32.dll rpcrt4.dll user32.dll lpk.dll wow64.dll usp10.dll oleaut32.dll user32.dll imm32.dll msctf.dll gdi32.dll cryptbase.dll cryptsp.dll rsaenh.dll combase.dll rpcrtremote.dll clbcatq.dll sxs.dll mscoreei.dll mscorwks.dll rpcrt4.dll msvcr80.dll shlwapi.dll dbghelp.dll shell32.dll System.XML.dll profapi.dll mscorlib.ni.dll pnidui.dll mscorjit.dll api-ms-win-downlevel-normaliz-l1-1-0.dll mscorlib.dll mscorlib.dll kernel32.dll ole32.dll version.dll mscorlib.dll mscorlib.dll mscorsec.dll wintrust.dll system.configuration.dll clrjit.dll crypt32.dll msasn1.dll comctl32.dll riched20.dll imagehlp.dll powrprof.dll ncrypt.dll bcrypt.dll bcryptprimitives.dll shlwapi.dll userenv.dll user32.dll gpapi.dll msvcp_win.dll cryptnet.dll wldap32.dll sensapi.dll system.ni.dll system.addin.ni.dll microsoft.visualstudio.tools.office.addinadapter.v9.0.ni.dll SMDiagnostics.dll system.addin.contract.ni.dll microsoft.visualstudio.tools.applications.addinadapter.v9.0.ni.dll system.runtime.remoting.ni.dll system.configuration.ni.dll system.xml.ni.dll ntdll.dll kernel32.dll kernelbase.dll advapi32.dll msvcrt.dll System.Security.ni.dll sechost.dll setupapi.dll mscoreei.dll ole32.dll rpcrt4.dll msvcr120_clr0400.dll mscoree.dll shell32.dll shell32.dll ole32.dll gdi32.dll user32.dll rpcrtremote.dll lpk.dll usp10.dll oleaut32.dll imm32.dll winhttp.dll msctf.dll version.dll cryptbase.dll cryptsp.dll rsaenh.dll rpcrtremote.dll clbcatq.dll sxs.dll mscoreei.dll nlslexicons0009.dll mscorwks.dll winnsi.dll msvcr80.dll shlwapi.dll shell32.dll kernelbase.dll profapi.dll mscorlib.ni.dll mscorjit.dll mscorlib.dll mscorlib.dll rpcrt4.dll vcruntime140.dll version.dll mscorlib.dll mscorlib.dll mscorsec.dll wintrust.dll kernel32.dll crypt32.dll user32.dll msasn1.dll kernel32.dll shlwapi.dll comctl32.dll System.dll riched20.dll sechost.dll imagehlp.dll comctl32.dll ncrypt.dll system.web.ni.dll bcrypt.dll bcryptprimitives.dll userenv.dll ntdll.dll gpapi.dll samlib.dll cryptnet.dll appxstreamingdatasourceps.dll wldap32.dll sensapi.dll system.addin.contract.ni.dll microsoft.visualstudio.tools.applications.contract.v9.0.ni.dll secur32.dll microsoft.visualstudio.tools.office.contract.v9.0.dll microsoft.visualstudio.tools.office.contract.v9.0.dll microsoft.visualstudio.tools.office.contract.v9.0.ni.dll microsoft.visualstudio.tools.office.contract.v9.0.ni.dll microsoft.visualstudio.tools.office.contract.v9.0.ni.dll ntdll.dll kernel32.dll kernelbase.dll advapi32.dll msvcrt.dll rpcrt4.dll sechost.dll Microsoft.JScript.dll rpcrt4.dll msvcr120_clr0400.dll mscoree.dll ole32.dll gdi32.dll user32.dll lpk.dll oleaut32.dll usp10.dll oleaut32.dll imm32.dll system.windows.forms.dll msctf.dll cryptbase.dll cryptsp.dll rsaenh.dll rpcrtremote.dll mscoree.dll wow64win.dll clbcatq.dll sxs.dll mscoreei.dll mscorwks.dll msvcr80.dll oleaut32.dll shlwapi.dll shell32.dll wow64win.dll profapi.dll ntdll.dll mscorlib.ni.dll clr.dll wsshared.dll mscorjit.dll mscorlib.dll mscorlib.dll version.dll mscorlib.dll mscorlib.dll microsoft.build.framework.ni.dll ntdll.dll kernel32.dll kernelbase.dll cryptbase.dll advapi32.dll msvcrt.dll sechost.dll mswsock.dll rpcrt4.dll imageres.dll shlwapi.dll msvcr120_clr0400.dll mscoree.dll ole32.dll gdi32.dll user32.dll lpk.dll usp10.dll oleaut32.dll imm32.dll msctf.dll cryptbase.dll cryptsp.dll rsaenh.dll rpcrtremote.dll npmproxy.dll clbcatq.dll ieframe.dll sxs.dll mscoreei.dll mscorwks.dll msvcr80.dll system.ni.dll user32.dll shlwapi.dll webio.dll shell32.dll ntdll.dll profapi.dll ws2_32.dll mscorlib.ni.dll mscorjit.dll mscorlib.dll mscorlib.dll ntdll.dll version.dll mscorlib.dll user32.dll mscorlib.dll languageoverlayutil.dll system.ni.dll microsoft.powershell.commands.utility.ni.dll nsi.dll system.management.automation.ni.dll system.drawing.ni.dll system.xml.ni.dll microsoft.jscript.ni.dll system.web.ni.dll system.web.dll system.web.dll system.web.dll System.Security.ni.dll clbcatq.dll system.web.dll system.configuration.install.ni.dll version.dll system.transactions.ni.dll system.transactions.dll gdi32.dll kernel32.dll system.transactions.dll system.transactions.dll ncrypt.dll system.transactions.dll system.transactions.dll system.management.ni.dll wmsgapi.dll system.directoryservices.ni.dll system.data.ni.dll system.data.dll comctl32.dll webio.dll msctf.dll ntdll.dll system.directoryservices.protocols.ni.dll system.data.dll system.data.dll system.data.dll system.data.dll ws2_32.dll lpk.dll nsi.dll advapi32.dll rpcrt4.dll crypt32.dll Microsoft.Office.Tools.Outlook.dll msasn1.dll system.configuration.ni.dll msctf.dll crypt32.dll Accessibility.ni.dll user32.dll api-ms-win-core-registry-l1-1-0.dll sspicli.dll system.security.ni.dll system.data.sqlxml.ni.dll system.runtime.serialization.formatters.soap.ni.dll system.windows.forms.ni.dll profapi.dll accessibility.ni.dll rsaenh.dll system.deployment.ni.dll system.enterpriseservices.ni.dll system.enterpriseservices.dll system.enterpriseservices.dll rpcrt4.dll system.runtime.remoting.ni.dll microsoft.visualc.ni.dll system.web.services.ni.dll system.directoryservices.protocols.ni.dll system.design.ni.dll system.serviceprocess.ni.dll cfgmgr32.dll comctl32.dll system.web.regularexpressions.ni.dll system.drawing.design.ni.dll system.xaml.ni.dll system.data.oracleclient.ni.dll system.data.oracleclient.dll system.data.oracleclient.dll system.data.oracleclient.dll oleaccrc.dll system.data.oracleclient.dll system.data.oracleclient.dll microsoft.vsa.ni.dll ntdll.dll drvstore.dll kernel32.dll kernelbase.dll advapi32.dll msvcrt.dll sechost.dll nsi.dll rpcrt4.dll slc.dll oleaut32.dll msvcr120_clr0400.dll mscoree.dll ole32.dll sensapi.dll userenv.dll gdi32.dll user32.dll lpk.dll usp10.dll oleaut32.dll imm32.dll msctf.dll system.xml.ni.dll dbghelp.dll atl.dll cryptbase.dll rpcrtremote.dll cryptsp.dll rsaenh.dll rpcrtremote.dll clbcatq.dll combase.dll profapi.dll userenv.dll msvcrt.dll sxs.dll ole32.dll mscoreei.dll mscorwks.dll msvcr80.dll shlwapi.dll gdi32.dll npmproxy.dll iertutil.dll shell32.dll profapi.dll shlwapi.dll cryptbase.dll mscorlib.ni.dll System.DirectoryServices.Protocols.ni.dll mscorjit.dll microsoft.security.applicationid.policymanagement.cmdlets.ni.dll mscorlib.dll mscorlib.dll kernel32.dll version.dll mscorlib.dll RpcRtRemote.dll combase.dll mscorlib.dll system.ni.dll napinit.ni.dll system.configuration.install.ni.dll lpk.dll system.drawing.ni.dll msvcrt.dll kernel32.dll system.windows.forms.ni.dll system.security.ni.dll accessibility.ni.dll rpcrt4.dll system.configuration.ni.dll system.xml.ni.dll system.runtime.serialization.formatters.soap.ni.dll sxs.dll system.deployment.ni.dll system.data.sqlxml.ni.dll kernel32.dll ntdll.dll imm32.dll kernel32.dll kernelbase.dll mscoreei.dll winbrand.dll advapi32.dll msvcrt.dll sechost.dll rpcrt4.dll sechost.dll System.Data.Services.Client.ni.dll wow64cpu.dll SensApi.dll msvcr120_clr0400.dll mscoree.dll ole32.dll gdi32.dll user32.dll lpk.dll usp10.dll oleaut32.dll ehstorshell.dll imm32.dll mscorlib.ni.dll msctf.dll system.serviceprocess.ni.dll cryptbase.dll cryptsp.dll wmiutils.dll rsaenh.dll System.Web.dll rpcrtremote.dll clbcatq.dll sxs.dll mscoreei.dll clr.dll shlwapi.dll mscorlib.ni.dll clrjit.dll dcntel.dll system.ni.dll microsoft.office.tools.common.ni.dll version.dll mscorlib.dll mscorlib.dll system.drawing.ni.dll system.windows.forms.ni.dll microsoft.office.tools.ni.dll system.xml.ni.dll user32.dll system.core.ni.dll system.configuration.ni.dll ntdll.dll kernel32.dll kernelbase.dll advapi32.dll msvcrt.dll sechost.dll rpcrt4.dll msvcr120_clr0400.dll user32.dll mscoree.dll ole32.dll gdi32.dll user32.dll lpk.dll usp10.dll gdi32.dll System.EnterpriseServices.Wrapper.dll oleaut32.dll imm32.dll msctf.dll msctf.dll cryptbase.dll cryptsp.dll bcryptprimitives.dll usermgrproxy.dll advapi32.dll rsaenh.dll rpcrtremote.dll clbcatq.dll sxs.dll mscoreei.dll clr.dll shlwapi.dll mscorlib.ni.dll clrjit.dll system.ni.dll version.dll mscorlib.dll mscorlib.dll system.core.ni.dll windowsbase.ni.dll presentationcore.ni.dll presentationframework.ni.dll ktmw32.dll presentationframework.aero.ni.dll presentationcore.dll cryptsp.dll msvcrt.dll presentationcore.dll system.xaml.ni.dll system.configuration.ni.dll system.xml.ni.dll ntdll.dll kernel32.dll kernelbase.dll advapi32.dll msvcrt.dll sechost.dll rpcrt4.dll msvcr120_clr0400.dll mscoree.dll ole32.dll gdi32.dll user32.dll lpk.dll usp10.dll oleaut32.dll imm32.dll msctf.dll cryptbase.dll cryptsp.dll rsaenh.dll rpcrtremote.dll clbcatq.dll imm32.dll sxs.dll mscoreei.dll clr.dll shlwapi.dll mscorlib.ni.dll clrjit.dll system.ni.dll system.xml.ni.dll version.dll mscorlib.dll mscorlib.dll system.data.sqlxml.ni.dll system.core.ni.dll system.configuration.ni.dll,normal
 ntdll.dll ole32.dll imm32.dll cryptsp.dll kernel32.dll mscorlib.dll msvcrt.dll msctf.dll crypt32.dll lpk.dll system.configuration.ni.dll oleaut32.dll kernelbase.dll rpcrt4.dll msvcrt.dll user32.dll gdi32.dll sspicli.dll ntdll.dll usp10.dll kernelbase.dll clbcatq.dll advapi32.dll sechost.dll webio.dll cryptbase.dll mpr.dll ntdll.dll microsoft-windows-kernel-processor-power-events.dll wow64.dll ntdll.dll oleaut32.dll wow64.dll msvcp110_win.dll wow64win.dll ntdll.dll wow64cpu.dll kernel32.dll api-ms-win-core-threadpool-private-l1-1-0.dll kernel32.dll kernel32.dll user32.dll kernel32.dll kernelbase.dll msvcrt.dll oleaut32.dll gdi32full.dll ole32.dll msctf.dll hid.dll gdi32.dll user32.dll advapi32.dll sechost.dll rpcrt4.dll sspicli.dll cryptbase.dll rpcrt4.dll lpk.dll usp10.dll imm32.dll cryptsp.dll imm32.dll System.ServiceModel.dll msctf.dll version.dll clbcatq.dll advapi32.dll sxs.dll vbscript.dll cryptsp.dll rsaenh.dll wintrust.dll crypt32.dll msasn1.dll ntdll.dll shell32.dll shlwapi.dll msisip.dll wshext.dll comctl32.dll scrobj.dll msi.dll scrrun.dll,normal
 ntdll.dll ntdll.dll System.Security.dll srvcli.dll cryptnet.dll kernel32.dll KernelBase.dll gdi32.dll user32.dll lpk.dll usp10.dll dhcpcsvc6.dll msvcrt.dll imm32.dll apphelp.dll kernel32.dll msctf.dll advapi32.dll ole32.dll rpcrt4.dll oleaut32.dll cryptbase.dll clbcatq.dll advapi32.dll gdi32.dll sechost.dll ntdll.dll kernel32.dll KernelBase.dll advapi32.dll msvcrt.dll sechost.dll rpcrt4.dll gdi32.dll imm32.dll user32.dll nsi.dll msctf.dll lpk.dll usp10.dll devobj.dll usp10.dll msswch.dll winmm.dll rpcrt4.dll mscoree.dll dwmapi.dll GdiPlus.dll ole32.dll oleacc.dll oleaut32.dll wuaueng.dll shacct.dll shlwapi.dll wmsgapi.dll clbcatq.dll kernel32.dll version.dll duser.dll uxtheme.dll imm32.dll msctf.dll cryptbase.dll dui70.dll profapi.dll comctl32.dll xmllite.dll clbcatq.dll tabskb.dll cryptsp.dll rsaenh.dll RpcRtRemote.dll rpcrt4.dll cfgmgr32.dll atl.dll InkObj.dll WindowsCodecs.dll,normal
 dsrole.dll dsrole.dll shlwapi.dll dot3api.dll dsrole.dll dsrole.dll dsrole.dll dsrole.dll,normal
 ntdll.dll api-ms-win-crt-string-l1-1-0.dll kernel32.dll kernelbase.dll advapi32.dll msvcrt.dll sechost.dll rpcrt4.dll gdi32.dll user32.dll lpk.dll usp10.dll ole32.dll System.XML.dll msimg32.dll ntdll.dll wmsgapi.dll advapi32.dll wtsapi32.dll winmm.dll kernelbase.dll userenv.dll ole32.dll wucltux.dll sspicli.dll profapi.dll winsta.dll crypt32.dll msasn1.dll msctfmonitor.dll profapi.dll usp10.dll mscorwks.dll lpk.dll msctf.dll imageres.dll imm32.dll oleaut32.dll kernel32.dll msutb.dll comctl32.dll shlwapi.dll secur32.dll msasn1.dll sspicli.dll shell32.dll cryptbase.dll wintrust.dll cryptsp.dll rsaenh.dll usp10.dll imagehlp.dll bcrypt.dll usp10.dll bcryptprimitives.dll mscorlib.dll ncrypt.dll system.runtime.caching.ni.dll System.Data.Linq.dll gpapi.dll cryptnet.dll wldap32.dll cryptsp.dll sensapi.dll setupapi.dll cfgmgr32.dll oleaut32.dll devobj.dll cabinet.dll devrtl.dll version.dll clbcatq.dll oleaut32.dll msvcp_win.dll msvcrt.dll rsaenh.dll cryptsp.dll urlmon.dll wininet.dll Microsoft.Office.Tools.v9.0.dll iertutil.dll ntdll.dll ntdll.dll wow64.dll slc.dll wow64win.dll wow64cpu.dll kernel32.dll kernel32.dll cryptbase.dll SensApi.dll kernel32.dll user32.dll kernel32.dll kernelbase.dll msvcrt.dll winbrand.dll gdi32.dll user32.dll gdi32.dll lpk.dll usp10.dll advapi32.dll sechost.dll rpcrt4.dll sspicli.dll cryptbase.dll imm32.dll msctf.dll apphelp.dll,normal
 uxtheme.dll wininet.dll msctf.dll kernel32.dll ntdll.dll kernel32.dll KernelBase.dll advapi32.dll slc.dll msvcrt.dll atl.dll rpcrt4.dll gdi32.dll user32.dll lpk.dll cryptbase.dll usp10.dll ole32.dll oleaut32.dll imm32.dll ntdll.dll dwmapi.dll msvcrt.dll kernel32.dll KernelBase.dll wow64win.dll gdi32.dll user32.dll lpk.dll usp10.dll cabinet.dll msvcrt.dll sensapi.dll imm32.dll msctf.dll ole32.dll rpcrt4.dll oleaut32.dll cryptbase.dll clbcatq.dll advapi32.dll sechost.dll,normal
 msftedit.dll,normal
 mscoree.dll mscoreei.dll clr.dll usp10.dll msvcr120_clr0400.dll msctf.dll ntdll.dll kernel32.dll KernelBase.dll kernelbase.dll shlwapi.dll msvcrt.dll advapi32.dll fwpuclnt.dll cryptsp.dll oleaut32.dll sechost.dll rpcrt4.dll shlwapi.dll gdi32.dll user32.dll msftedit.dll rsaenh.dll lpk.dll usp10.dll imm32.dll cryptbase.dll fusion.dll cryptsp.dll rsaenh.dll,normal
 advapi32.dll xmllite.dll mscoree.dll mscoreei.dll shell32.dll clr.dll msvcr120_clr0400.dll imm32.dll presentationcore.dll msctf.dll msctf.dll ntdll.dll ntdll.dll kernel32.dll kernel32.dll KernelBase.dll user32.dll KernelBase.dll msvcrt.dll ole32.dll msvcrt.dll advapi32.dll SensApi.dll ntdll.dll sechost.dll rpcrt4.dll rpcrt4.dll imm32.dll shlwapi.dll gdi32.dll gdi32.dll msasn1.dll kernel32.dll user32.dll user32.dll lpk.dll lpk.dll usp10.dll usp10.dll ntdll.dll ole32.dll oleaut32.dll imm32.dll imm32.dll cryptbase.dll fusion.dll virtdisk.dll cryptsp.dll rsaenh.dll,normal
 ntdll.dll comctl32.dll system.transactions.dll kernel32.dll kernelbase.dll msvcrt.dll rpcrt4.dll combase.dll ucrtbase.dll bcryptprimitives.dll oleaut32.dll api-ms-win-service-core-l1-1-0.dll msvcp_win.dll imm32.dll user32.dll win32u.dll gdi32.dll gdi32full.dll rsaenh.dll kernel.appcore.dll shcore.dll ntdll.dll kernelbase.dll nsi.dll System.dll sechost.dll clbcatq.dll dwmcore.dll cfgmgr32.dll advapi32.dll mscoree.dll mscoreei.dll sxs.dll version.dll clr.dll shlwapi.dll crypt32.dll msvcr120_clr0400.dll mscorlib.ni.dll ntdll.dll ole32.dll clrjit.dll usbceip.dll adtschema.dll system.ni.dll smipi.dll rsaenh.dll devobj.dll wmiclnt.dll pstask.dll taskschdps.dll psapi.dll mscorsvc.dll fusion.dll,normal
 ntdll.dll wow64cpu.dll ntdll.dll kernel32.dll kernelbase.dll kernelbase.dll user32.dll msvcrt.dll msvcrt.dll mscorlib.dll shlwapi.dll api-ms-win-core-io-l1-1-0.dll combase.dll gdi32.dll rpcrt4.dll imm32.dll msvcrt.dll dwrite.dll rpcrt4.dll imm32.dll msctf.dll version.dll imagehlp.dll shell32.dll uxtheme.dll uxtheme.dll dwmapi.dll dwmapi.dll tquery.dll ws2_32.dll shcore.dll shcore.dll,normal
 schedsvc.dll bcrypt.dll ntdll.dll clbcatq.dll kernel32.dll uxtheme.dll msctf.dll KernelBase.dll wevtapi.dll advapi32.dll msvcrt.dll sechost.dll rpcrt4.dll msvcr120_clr0400.dll mscoree.dll ole32.dll msctf.dll gdi32.dll uiautomationprovider.ni.dll profapi.dll user32.dll lpk.dll gdiplus.dll wrpint.dll msvcrt.dll usp10.dll KernelBase.dll oleaut32.dll kernel32.dll imm32.dll msctf.dll wbemsvc.dll cryptbase.dll filterlib.dll cryptsp.dll rsaenh.dll RpcRtRemote.dll clbcatq.dll clbcatq.dll sxs.dll advapi32.dll api-ms-win-crt-string-l1-1-0.dll mscoreei.dll wevtapi.dll mscorwks.dll msvcr80.dll shlwapi.dll imm32.dll shell32.dll profapi.dll gdi32.dll mscorlib.ni.dll mscorjit.dll mscorlib.dll mscorlib.dll netapi32.dll version.dll mscorlib.dll oleaut32.dll netutils.dll propsys.dll kernel32.dll mscorlib.dll System.ni.dll win32u.dll Microsoft.MediaCenter.Mheg.ni.dll mscorlib.dll Microsoft.MediaCenter.Mheg.dll sysntfy.dll Microsoft.MediaCenter.Mheg.dll Microsoft.MediaCenter.Mheg.dll Microsoft.VisualC.ni.dll sspicli.dll System.Xml.ni.dll dnsapi.dll CbsCore.dll System.Drawing.ni.dll System.Security.ni.dll wer.dll System.Data.ni.dll System.Data.dll System.Data.dll System.Data.dll System.Data.dll System.Data.dll rpcrtremote.dll gdi32.dll kernel32.dll ws2_32.dll nsi.dll gdi32.dll crypt32.dll kernelbase.dll sspicli.dll msasn1.dll System.Web.ni.dll rpcrt4.dll System.Web.dll system.transactions.ni.dll System.Web.dll winbrand.dll System.Web.dll System.Web.dll System.Windows.Forms.ni.dll System.Web.Services.ni.dll sspicli.dll nsi.dll Microsoft.MediaCenter.UI.ni.dll cryptbase.dll Microsoft.MediaCenter.iTv.Hosting.ni.dll Microsoft.MediaCenter.ni.dll ehiiTv.ni.dll System.Configuration.ni.dll wevtapi.dll System.Data.SqlXml.ni.dll System.Transactions.ni.dll System.Transactions.dll System.Transactions.dll system.web.services.ni.dll System.Transactions.dll System.Transactions.dll System.Transactions.dll System.EnterpriseServices.ni.dll advapi32.dll System.EnterpriseServices.dll System.EnterpriseServices.dll System.DirectoryServices.ni.dll System.Runtime.Remoting.ni.dll System.Runtime.Serialization.Formatters.Soap.ni.dll System.DirectoryServices.Protocols.ni.dll System.Design.ni.dll System.ServiceProcess.ni.dll System.Web.RegularExpressions.ni.dll wkscli.dll System.Drawing.Design.ni.dll netprofm.dll dnsapi.dll System.Data.OracleClient.ni.dll System.Data.OracleClient.dll sechost.dll System.Data.OracleClient.dll userenv.dll kernel32.dll System.Data.OracleClient.dll System.Data.OracleClient.dll System.Data.OracleClient.dll Accessibility.ni.dll oleaut32.dll System.Deployment.ni.dll oleaut32.dll mscoreei.dll System.Configuration.Install.ni.dll ehiUserXp.ni.dll BDATunePIA.ni.dll BDATunePIA.dll BDATunePIA.dll BDATunePIA.dll oleaut32.dll wtsapi32.dll ehRecObj.ni.dll ehiProxy.ni.dll mcepg.ni.dll mcstore.ni.dll ehiVidCtl.ni.dll winnsi.dll mcstoredb.ni.dll mcstoredb.dll wevtapi.dll mcstoredb.dll mcstoredb.dll rasapi32.dll msvcrt.dll msctf.dll user32.dll IDStore.dll Microsoft.VisualStudio.Tools.Applications.Runtime.v9.0.dll rasman.dll stdole.ni.dll mscorsec.dll wintrust.dll comctl32.dll riched20.dll imagehlp.dll gdi32full.dll ncrypt.dll bcrypt.dll bcryptprimitives.dll userenv.dll gpapi.dll cryptnet.dll Wldap32.dll SensApi.dll ntdll.dll kernel32.dll KernelBase.dll advapi32.dll rsaenh.dll shell32.dll cryptbase.dll user32.dll msvcrt.dll system.transactions.dll sechost.dll sechost.dll rpcrt4.dll version.dll msvcr120_clr0400.dll mscoree.dll system.security.dll ole32.dll gdi32.dll user32.dll lpk.dll usp10.dll user32.dll oleaut32.dll imm32.dll msctf.dll docprop.dll cryptbase.dll cryptsp.dll rsaenh.dll RpcRtRemote.dll clbcatq.dll system.transactions.dll sxs.dll mscoreei.dll mscorwks.dll WABSyncProvider.dll msvcr80.dll shlwapi.dll wow64win.dll mydocs.dll shell32.dll ondemandconnroutehelper.dll dhcpcsvc.dll profapi.dll mscorlib.ni.dll winmm.dll kernel32.dll mmdevapi.dll cortanaapi.dll mscorjit.dll mscorlib.dll mscorlib.dll version.dll mscorlib.dll mscorlib.dll msvcrt.dll mscorsec.dll msctf.dll wintrust.dll crypt32.dll msasn1.dll comctl32.dll riched20.dll imagehlp.dll ncrypt.dll bcrypt.dll bcryptprimitives.dll userenv.dll gpapi.dll cryptnet.dll cmiv2.dll mscoree.dll user32.dll Wldap32.dll SensApi.dll inputswitch.dll cryptsp.dll ntdll.dll System.ni.dll System.AddIn.ni.dll wow64cpu.dll Microsoft.VisualStudio.Tools.Applications.Contract.v10.0.ni.dll System.AddIn.Contract.ni.dll Microsoft.VisualStudio.Tools.Applications.Contract.v9.0.ni.dll cryptbase.dll smipi.dll SensApi.dll System.Core.ni.dll Microsoft.VisualStudio.Tools.Applications.Adapter.v9.0.ni.dll ntdll.dll Microsoft.VisualStudio.Tools.Applications.Runtime.v9.0.ni.dll Microsoft.VisualStudio.Tools.Applications.Runtime.v10.0.ni.dll System.Runtime.Remoting.ni.dll System.Configuration.ni.dll wmsgapi.dll System.Xml.ni.dll kernel32.dll ntdll.dll kernel32.dll UIAutomationProvider.ni.dll KernelBase.dll kernel32.dll advapi32.dll msvcrt.dll sechost.dll rpcrt4.dll KernelBase.dll wow64cpu.dll msvcr120_clr0400.dll kernel32.dll mscoree.dll ole32.dll gdi32.dll user32.dll lpk.dll sechost.dll usp10.dll SensApi.dll secur32.dll oleaut32.dll lpk.dll imm32.dll oleaut32.dll system.data.dll msctf.dll cryptbase.dll cryptsp.dll rsaenh.dll propsys.dll RpcRtRemote.dll clbcatq.dll dwmapi.dll sxs.dll mscoreei.dll mscorlib.ni.dll mscorwks.dll msvcr80.dll shlwapi.dll gdi32.dll clbcatq.dll shell32.dll System.Transactions.dll profapi.dll mscorlib.ni.dll mscorjit.dll mscorlib.dll mscorlib.dll version.dll nsi.dll mscorlib.dll mscorlib.dll msidle.dll mscorsec.dll wintrust.dll winbrand.dll crypt32.dll rsaenh.dll msasn1.dll comctl32.dll riched20.dll msvcrt.dll wow64.dll imagehlp.dll ncrypt.dll user32.dll KernelBase.dll sspicli.dll bcrypt.dll gdi32.dll system.data.entity.design.dll bcryptprimitives.dll msctf.dll userenv.dll gpapi.dll cryptnet.dll windows.applicationmodel.background.systemeventsbroker.dll Wldap32.dll SensApi.dll System.ni.dll System.AddIn.ni.dll Microsoft.VisualStudio.Tools.Applications.Runtime.v9.0.ni.dll WindowsBase.ni.dll dcomp.dll System.Xml.ni.dll System.Configuration.ni.dll gdi32.dll System.Runtime.Remoting.ni.dll System.AddIn.Contract.ni.dll ntdll.dll ntdll.dll wow64.dll wow64win.dll wow64cpu.dll imm32.dll kernel32.dll System.AddIn.ni.dll kernel32.dll system.xml.dll iphlpapi.dll kernel32.dll user32.dll kernel32.dll sechost.dll KernelBase.dll advapi32.dll msvcrt.dll sechost.dll sspicli.dll rpcrt4.dll sspicli.dll cryptbase.dll msvcr120_clr0400.dll mscoree.dll ole32.dll gdi32.dll user32.dll lpk.dll CbsCore.dll imagehlp.dll usp10.dll oleaut32.dll imm32.dll msctf.dll cryptsp.dll rsaenh.dll spoolss.dll RpcRtRemote.dll clbcatq.dll msvcrt.dll wow64win.dll rpcrt4.dll sxs.dll mscoreei.dll mscorwks.dll vm3dum64.dll msvcr80.dll shlwapi.dll shell32.dll profapi.dll mscorlib.ni.dll mscorjit.dll mscorlib.dll mscorlib.dll msctf.dll sspicli.dll version.dll mscorlib.dll mscorlib.dll System.ni.dll System.AddIn.ni.dll mscorsec.dll wintrust.dll crypt32.dll msasn1.dll comctl32.dll Microsoft.VisualStudio.Tools.Office.Outlook.HostAdapter.v10.0.ni.dll riched20.dll imagehlp.dll ncrypt.dll advapi32.dll bcrypt.dll system.web.services.dll kernelbase.dll bcryptprimitives.dll userenv.dll gpapi.dll cryptnet.dll System.ServiceModel.Web.ni.dll lpk.dll Wldap32.dll SensApi.dll System.AddIn.dll System.AddIn.dll dhcpcsvc.dll advapi32.dll System.AddIn.dll user32.dll Microsoft.VisualStudio.Tools.Office.Outlook.HostAdapter.v10.0.dll Microsoft.VisualStudio.Tools.Office.Outlook.HostAdapter.v10.0.dll System.AddIn.dll msvcrt.dll System.dll System.dll System.Core.ni.dll RpcRtRemote.dll shell32.dll System.dll System.dll System.Core.ni.dll Microsoft.VisualStudio.Tools.Office.HostAdapter.v10.0.ni.dll Microsoft.VisualStudio.Tools.Office.HostAdapter.v10.0.dll Microsoft.VisualStudio.Tools.Office.HostAdapter.v10.0.dll usp10.dll System.Core.dll System.Core.dll System.Core.dll setupapi.dll System.Core.dll Microsoft.VisualStudio.Tools.Office.Runtime.v10.0.dll samlib.dll rasapi32.dll Microsoft.VisualStudio.Tools.Office.Runtime.v10.0.dll msvcrt.dll system.drawing.dll Microsoft.VisualStudio.Tools.Office.Runtime.v10.0.dll Microsoft.VisualStudio.Tools.Office.Contract.v9.0.ni.dll cryptbase.dll Microsoft.VisualStudio.Tools.Office.Contract.v9.0.dll cryptbase.dll Microsoft.VisualStudio.Tools.Office.Contract.v9.0.dll System.AddIn.Contract.ni.dll System.AddIn.Contract.dll System.AddIn.Contract.dll System.AddIn.Contract.dll System.AddIn.Contract.dll Microsoft.VisualStudio.Tools.Applications.Adapter.v9.0.ni.dll Microsoft.VisualStudio.Tools.Applications.Adapter.v9.0.dll Microsoft.VisualStudio.Tools.Applications.Adapter.v9.0.dll Microsoft.VisualStudio.Tools.Applications.Adapter.v9.0.dll scrobj.dll Microsoft.VisualStudio.Tools.Applications.Adapter.v9.0.dll System.Runtime.Remoting.ni.dll System.Runtime.Remoting.dll System.Runtime.Remoting.dll System.Configuration.ni.dll System.configuration.dll System.configuration.dll System.configuration.dll wow64win.dll kernel32.dll System.configuration.dll System.Xml.ni.dll System.XML.dll msshooks.dll oleacc.dll System.XML.dll rpcrtremote.dll System.XML.dll System.XML.dll ntdll.dll ntdll.dll wow64.dll kernel32.dll wow64win.dll ntdll.dll wow64cpu.dll kernel32.dll sxs.dll userenv.dll kernel32.dll kernel32.dll System.Xml.ni.dll user32.dll kernel32.dll rasadhlp.dll KernelBase.dll advapi32.dll msvcrt.dll sechost.dll credui.dll rpcrt4.dll microsoft.mediacenter.itv.media.dll sspicli.dll cryptbase.dll msvcr120_clr0400.dll mscoree.dll ole32.dll gdi32.dll user32.dll lpk.dll usp10.dll ntdll.dll oleaut32.dll imm32.dll imm32.dll msctf.dll cryptsp.dll rsaenh.dll RpcRtRemote.dll clbcatq.dll sxs.dll mscoreei.dll clr.dll shlwapi.dll mscorlib.ni.dll system.core.ni.dll clrjit.dll Microsoft.Office.Tools.Excel.Implementation.dll Microsoft.Office.Tools.Excel.Implementation.dll version.dll mscorlib.dll mscorlib.dll System.ni.dll System.Core.ni.dll Microsoft.Office.Tools.Common.Implementation.ni.dll Microsoft.Office.Tools.Common.Implementation.dll Microsoft.Office.Tools.Common.Implementation.dll bcryptprimitives.dll api-ms-win-downlevel-version-l1-1-0.dll Microsoft.Office.Tools.Common.ni.dll Microsoft.Office.Tools.Common.dll rpcrt4.dll kernel32.dll Microsoft.Office.Tools.Common.dll Microsoft.Office.Tools.ni.dll Microsoft.Office.Tools.dll kernelbase.dll winsta.dll Microsoft.Office.Tools.dll Microsoft.Office.Tools.Excel.ni.dll msvcrt.dll Microsoft.Office.Tools.Excel.dll system.deployment.ni.dll system.configuration.dll apphelp.dll cryptsp.dll webio.dll gdi32.dll rpcrt4.dll kernel32.dll Microsoft.Office.Tools.Excel.dll system.directoryservices.protocols.dll System.dll System.dll System.Drawing.ni.dll system.web.services.ni.dll System.Data.OracleClient.dll System.Windows.Forms.ni.dll System.Windows.Forms.dll System.Windows.Forms.dll System.Windows.Forms.dll ws2_32.dll System.Windows.Forms.dll System.Windows.Forms.dll System.Windows.Forms.dll Microsoft.Office.Tools.v4.0.Framework.dll Microsoft.Office.Tools.v4.0.Framework.dll System.Drawing.dll System.Drawing.dll msctf.dll shlwapi.dll System.Drawing.dll System.Drawing.dll System.Drawing.dll ntdll.dll System.Drawing.dll Microsoft.VisualStudio.Tools.Applications.Runtime.dll comdlg32.dll Microsoft.VisualStudio.Tools.Applications.Runtime.dll user32.dll System.Xml.ni.dll oleaut32.dll PresentationCore.dll System.Xml.dll System.Xml.dll System.Xml.dll System.Xml.dll System.Xml.dll System.Xml.dll System.Core.dll System.Core.dll System.Data.ni.dll System.Data.dll KernelBase.dll System.Data.dll System.Data.dll msxml6.dll System.Data.dll System.Data.dll System.Data.dll dxgi.dll System.Data.dll Microsoft.Office.Tools.Excel.Implementation.ni.dll System.Transactions.dll ntdll.dll ntdll.dll wow64.dll wevtapi.dll wow64win.dll wow64cpu.dll kernel32.dll kernel32.dll kernel32.dll user32.dll kernel32.dll KernelBase.dll advapi32.dll wow64.dll msvcrt.dll sechost.dll rpcrt4.dll sspicli.dll cryptbase.dll lpk.dll msvcr120_clr0400.dll mscoree.dll ole32.dll gdi32.dll user32.dll oleaut32.dll lpk.dll usp10.dll oleaut32.dll imm32.dll msctf.dll cryptsp.dll rsaenh.dll RpcRtRemote.dll clbcatq.dll oleaut32.dll sxs.dll mscoreei.dll clr.dll version.dll shlwapi.dll wow64cpu.dll mscorlib.ni.dll clrjit.dll Microsoft.VisualStudio.Tools.Applications.Hosting.dll Microsoft.VisualStudio.Tools.Applications.Hosting.dll cryptsp.dll version.dll mscorlib.dll ReachFramework.dll gdi32full.dll mscorlib.dll System.ni.dll System.Xml.ni.dll System.Xml.dll msctf.dll enterpriseresourcemanager.dll SensApi.dll System.Xml.dll System.Xml.dll System.Xml.dll System.Xml.dll System.Xml.dll user32.dll System.dll System.dll Microsoft.VisualStudio.Tools.Applications.Runtime.dll Microsoft.VisualStudio.Tools.Applications.Runtime.dll System.Core.ni.dll System.Core.dll System.Core.dll System.Security.ni.dll System.Security.dll System.Security.dll System.Security.dll System.Security.dll System.Security.dll System.Security.dll System.Xml.Linq.ni.dll System.Xml.Linq.dll System.Xml.Linq.dll System.Xml.Linq.dll System.Xml.Linq.dll System.Xml.Linq.dll System.Xml.Linq.dll System.Deployment.ni.dll System.Deployment.dll imageres.dll System.Deployment.dll kernel32.dll System.Deployment.dll System.Deployment.dll System.Deployment.dll System.Deployment.dll Microsoft.VisualStudio.Tools.Applications.Hosting.ni.dll ws2_32.dll ntdll.dll ntdll.dll wow64.dll wow64win.dll ntdll.dll wow64cpu.dll kernel32.dll kernel32.dll kernel32.dll user32.dll kernel32.dll KernelBase.dll advapi32.dll msvcrt.dll sechost.dll rpcrt4.dll sspicli.dll cryptbase.dll msvcr120_clr0400.dll mscoree.dll ole32.dll gdi32.dll user32.dll lpk.dll usp10.dll oleaut32.dll imm32.dll msctf.dll rsaenh.dll cryptsp.dll rsaenh.dll RpcRtRemote.dll clbcatq.dll kernel32.dll sxs.dll mscoreei.dll clr.dll shlwapi.dll mscorlib.ni.dll clrjit.dll System.ni.dll System.Core.ni.dll System.Data.Services.Client.ni.dll version.dll System.Data.Services.Client.dll System.Data.Services.Client.dll mscorlib.dll mscorlib.dll System.Core.dll System.Core.dll System.dll System.dll System.Xml.ni.dll System.Xml.dll System.Xml.dll System.Xml.Linq.ni.dll System.Xml.Linq.dll System.Xml.Linq.dll System.Configuration.ni.dll System.Configuration.dll System.Configuration.dll System.Numerics.ni.dll System.Numerics.dll System.Numerics.dll System.Security.ni.dll System.Security.dll System.Security.dll,normal
 ntdll.dll ntdll.dll wow64.dll wow64win.dll system.enterpriseservices.ni.dll wow64cpu.dll kernel32.dll kernel32.dll kernel32.dll propsys.dll user32.dll kernel32.dll kernel32.dll KernelBase.dll msvcrt.dll winbrand.dll sechost.dll user32.dll gdi32.dll lpk.dll usp10.dll combase.dll oleaut32.dll advapi32.dll clr.dll cryptsp.dll usp10.dll sechost.dll rpcrt4.dll ole32.dll sspicli.dll cryptbase.dll imm32.dll msctf.dll apphelp.dll,normal
 kernel.appcore.dll ntdll.dll ntdll.dll msvcrt.dll wow64.dll wow64win.dll wow64cpu.dll kernel32.dll System.Data.OracleClient.dll wow64win.dll kernel32.dll user32.dll uxtheme.dll kernel32.dll srvcli.dll user32.dll apphelp.dll kernel32.dll shell32.dll kernelbase.dll advapi32.dll msvcrt.dll sechost.dll ole32.dll rpcrt4.dll sspicli.dll cryptbase.dll cryptsp.dll urlmon.dll oleaut32.dll dnsapi.dll ws2_32.dll nsi.dll dhcpcsvc6.dll winnsi.dll dhcpcsvc.dll ole32.dll dhcpcsvc6.dll shell32.dll shlwapi.dll gdi32.dll wpdshext.dll user32.dll lpk.dll usp10.dll ole32.dll ole32.dll imm32.dll cryptbase.dll msctf.dll clbcatq.dll oleaut32.dll cryptsp.dll profapi.dll rsaenh.dll rpcrtremote.dll wevtapi.dll profapi.dll ntdll.dll system.security.dll kernel32.dll user32.dll kernelbase.dll gdi32.dll user32.dll cfgmgr32.dll samcli.dll lpk.dll usp10.dll searchfolder.dll msvcrt.dll imm32.dll msctf.dll ole32.dll rpcrt4.dll oleaut32.dll cryptbase.dll clbcatq.dll advapi32.dll sechost.dll ntdll.dll ntdll.dll wow64.dll wow64win.dll wow64cpu.dll kernel32.dll lpk.dll kernel32.dll kernel32.dll msvcrt.dll user32.dll sspicli.dll kernel32.dll usp10.dll kernelbase.dll msvcrt.dll lpk.dll winnsi.dll wow64win.dll winbrand.dll user32.dll gdi32.dll lpk.dll usp10.dll advapi32.dll sechost.dll rpcrt4.dll sspicli.dll cryptbase.dll imm32.dll msctf.dll apphelp.dll,normal
 ntdll.dll ntdll.dll kernel32.dll sspicli.dll ieframe.dll wow64.dll comctl32.dll wow64win.dll wow64cpu.dll kernel32.dll kernel32.dll diagperf.dll mlang.dll kernel32.dll user32.dll kernel32.dll rpcrt4.dll kernel32.dll kernelbase.dll advapi32.dll sechost.dll msvcrt.dll sechost.dll sechost.dll rpcrt4.dll sspicli.dll cryptbase.dll msvcr120_clr0400.dll mscoree.dll ole32.dll gdi32.dll user32.dll locationframeworkps.dll lpk.dll usp10.dll oleaut32.dll imm32.dll bcryptprimitives.dll sechost.dll msctf.dll cryptsp.dll syncui.dll KernelBase.dll rsaenh.dll rpcrtremote.dll clbcatq.dll sxs.dll presentationframework.dll KernelBase.dll gdi32.dll mscoreei.dll oleaut32.dll mscorwks.dll rpcrtremote.dll msvcr80.dll api-ms-win-core-interlocked-l1-1-0.dll shlwapi.dll shell32.dll profapi.dll mscorlib.ni.dll mscorjit.dll mscorlib.dll system.data.sqlxml.dll onecoreuapcommonproxystub.dll mscorlib.dll version.dll mscorlib.dll mscorlib.dll system.ni.dll napinit.ni.dll system.dll system.dll system.dll vm3dum.dll system.dll xmllite.dll system.drawing.ni.dll apphelp.dll system.windows.forms.ni.dll system.windows.forms.dll system.windows.forms.dll sechost.dll system.windows.forms.dll system.windows.forms.dll system.drawing.dll system.drawing.dll system.drawing.dll kernel32.dll system.drawing.dll system.security.ni.dll system.security.dll system.security.dll advapi32.dll ntdll.dll msctf.dll system.security.dll system.security.dll kernelbase.dll accessibility.ni.dll accessibility.dll accessibility.dll accessibility.dll accessibility.dll system.configuration.ni.dll system.configuration.dll system.configuration.dll profapi.dll system.configuration.dll system.configuration.dll system.xml.ni.dll rsaenh.dll system.xml.dll shcore.dll system.xml.dll microsoft.visualstudio.tools.applications.runtime.v10.0.ni.dll shlwapi.dll system.xml.dll system.xml.dll system.runtime.serialization.formatters.soap.ni.dll system.runtime.serialization.formatters.soap.dll system.runtime.serialization.formatters.soap.dll system.deployment.ni.dll system.deployment.dll system.deployment.dll system.deployment.dll system.deployment.dll system.data.sqlxml.ni.dll system.data.sqlxml.dll system.data.sqlxml.dll system.data.sqlxml.dll system.data.sqlxml.dll,normal
 ntdll.dll ntdll.dll rdpendp.dll kernel32.dll kernelbase.dll kernelbase.dll ntdll.dll apphelp.dll msvcrt.dll shlwapi.dll msvcrt.dll ntdsapi.dll combase.dll ucrtbase.dll system.core.dll ucrtbase.dll rpcrt4.dll devicecenter.dll System.Transactions.dll wpdshext.dll rpcrt4.dll bcryptprimitives.dll bcryptprimitives.dll kernel.appcore.dll msvcrt.dll kernel.appcore.dll twinapi.appcore.dll cfgmgr32.dll msvcrt.dll mscorlib.dll twinapi.appcore.dll userenv.dll sechost.dll sechost.dll rmclient.dll rmclient.dll rpcrt4.dll wintypes.dll wintypes.dll shcore.dll shcore.dll user32.dll win32u.dll comdlg32.dll api-ms-win-downlevel-advapi32-l1-1-0.dll kernel32.dll gdi32.dll System.DirectoryServices.Protocols.dll gdi32full.dll msvcp_win.dll msvcp_win.dll imm32.dll mrmcore.dll mrmcorer.dll kernel32.dll profapi.dll usp10.dll system.core.ni.dll onecoreuapcommonproxystub.dll system.ni.dll onecoreuapcommonproxystub.dll windows.ui.dll windows.ui.dll textinputframework.dll inputhost.dll coremessaging.dll coremessaging.dll coreuicomponents.dll coreuicomponents.dll gpsvc.dll version.dll system.web.services.ni.dll kernel32.dll dhcpcsvc6.dll advapi32.dll user32.dll wcp.dll rpcrt4.dll advapi32.dll advapi32.dll ntmarta.dll ntmarta.dll lpk.dll rpcrtremote.dll languageoverlayutil.dll languageoverlayutil.dll bcp47mrm.dll bcp47mrm.dll uxtheme.dll uxtheme.dll biwinrt.dll shell32.dll biwinrt.dll oleaut32.dll apphelp.dll shlwapi.dll msvcp110_win.dll msvcp110_win.dll wincorlib.dll powrprof.dll xmllite.dll wrpint.dll xmllite.dll capauthz.dll capauthz.dll wintrust.dll msasn1.dll msasn1.dll cdp.dll kernel32.dll cdp.dll crypt32.dll clbcatq.dll ws2_32.dll ntshrui.dll ws2_32.dll winhttp.dll winhttp.dll user32.dll usp10.dll bcrypt.dll bcrypt.dll cfgmgr32.dll iphlpapi.dll sspicli.dll sspicli.dll ncrypt.dll ncrypt.dll wrpint.dll imm32.dll Microsoft.MediaCenter.Mheg.dll ntasn1.dll ntasn1.dll cryptsp.dll ntdll.dll mscorlib.dll cryptsp.dll System.XML.dll kernel32.dll cortana.backgroundtask.dll ncobjapi.dll cortana.backgroundtask.dll cortana.backgroundtask.dll windows.storage.applicationdata.dll wow64.dll devrtl.dll windows.storage.applicationdata.dll cortana.core.dll sechost.dll clipc.dll clipc.dll usp10.dll policymanager.dll policymanager.dll bcp47lang.dll bcp47langs.dll logoncli.dll actionmgr.dll msftedit.dll windows.cortana.proxystub.dll policymanager.dll windows.cortana.proxystub.dll imageres.dll bingconfigurationclient.dll bingconfigurationclient.dll windows.cortana.pal.desktop.dll windows.cortana.pal.desktop.dll windows.devices.enumeration.dll windows.devices.enumeration.dll sensapi.dll deviceassociation.dll deviceassociation.dll userenv.dll userenv.dll winmmbase.dll windows.storage.dll usp10.dll windows.storage.dll propsys.dll propsys.dll iertutil.dll cryptbase.dll iertutil.dll filterlib.dll fltlib.dll cryptbase.dll cryptbase.dll onecorecommonproxystub.dll onecorecommonproxystub.dll windows.security.authentication.web.core.dll windows.security.authentication.web.core.dll lpk.dll appxdeploymentclient.dll appxdeploymentclient.dll staterepository.core.dll webio.dll staterepository.core.dll wintrust.dll shell32.dll vaultcli.dll vaultcli.dll windows.media.speech.dll windows.media.speech.dll windows.applicationmodel.dll windows.applicationmodel.dll windows.globalization.dll windows.globalization.dll sapi.dll sapi_onecore.dll urlmon.dll urlmon.dll mmdevapi.dll devobj.dll cabinet.dll cabinet.dll rsaenh.dll rsaenh.dll profext.dll profext.dll cortanaapi.dll cortanaapi.dll cortanaapi.dll,normal
 ntdll.dll kernel32.dll KernelBase.dll gdi32.dll user32.dll lpk.dll user32.dll usp10.dll atl.dll msvcrt.dll imm32.dll wintrust.dll msctf.dll comctl32.dll ole32.dll rpcrt4.dll oleaut32.dll cryptbase.dll usp10.dll rpcrt4.dll lpk.dll clbcatq.dll shell32.dll advapi32.dll sechost.dll clusapi.dll sechost.dll api-ms-win-crt-stdio-l1-1-0.dll ntdll.dll kernel32.dll kernelbase.dll ntdll.dll wow64.dll apphelp.dll oleaut32.dll wow64win.dll wow64cpu.dll kernel32.dll kernel32.dll kernel32.dll user32.dll system.numerics.ni.dll bcryptprimitives.dll kernel32.dll KernelBase.dll advapi32.dll dnsapi.dll SensApi.dll setupapi.dll msvcrt.dll sechost.dll rpcrt4.dll sspicli.dll cryptbase.dll dnsapi.dll ieproxy.dll ws2_32.dll nsi.dll winnsi.dll dhcpcsvc.dll usp10.dll ncrypt.dll dhcpcsvc6.dll shell32.dll lpk.dll shlwapi.dll shcore.dll gdi32.dll user32.dll ieui.dll System.Data.ni.dll lpk.dll usp10.dll ole32.dll imm32.dll msctf.dll clbcatq.dll oleaut32.dll cryptsp.dll rsaenh.dll gdi32full.dll RpcRtRemote.dll wevtapi.dll sxs.dll ntdll.dll kernel32.dll sechost.dll RpcRtRemote.dll ntdll.dll System.Xaml.ni.dll wow64.dll system.deployment.dll wow64win.dll wow64cpu.dll kernel32.dll kernel32.dll kernel32.dll user32.dll kernel32.dll KernelBase.dll advapi32.dll mscorwks.dll msvcrt.dll sechost.dll rpcrt4.dll wow64.dll secur32.dll sspicli.dll cryptbase.dll dnsapi.dll ws2_32.dll nsi.dll winnsi.dll dhcpcsvc.dll dhcpcsvc6.dll rpcrtremote.dll accessibility.dll shell32.dll shlwapi.dll gdi32.dll user32.dll kernelbase.dll sensapi.dll lpk.dll usp10.dll ole32.dll imm32.dll msctf.dll combase.dll clbcatq.dll profapi.dll riched32.dll oleaut32.dll advapi32.dll cryptsp.dll rsaenh.dll api-ms-win-crt-runtime-l1-1-0.dll RpcRtRemote.dll wevtapi.dll dnsapi.dll system.xml.dll ntdll.dll kernel32.dll KernelBase.dll advapi32.dll msvcrt.dll wevtapi.dll ntshrui.dll comsnap.dll sechost.dll rpcrt4.dll gdi32.dll api-ms-win-core-processthreads-l1-1-1.dll wow64win.dll user32.dll lpk.dll usp10.dll MsCtfMonitor.dll win32u.dll winsta.dll imm32.dll ole32.dll msimg32.dll vsstrace.dll dbghelp.dll wmsgapi.dll advapi32.dll wtsapi32.dll winmm.dll kernel32.dll userenv.dll profapi.dll winsta.dll crypt32.dll msasn1.dll MsCtfMonitor.dll msctf.dll rsaenh.dll imm32.dll msutb.dll system.data.dll comctl32.dll shlwapi.dll System.Data.ni.dll secur32.dll iertutil.dll sspicli.dll imm32.dll uiautomationprovider.ni.dll shell32.dll cryptbase.dll wintrust.dll cryptsp.dll sxs.dll rsaenh.dll imagehlp.dll bcrypt.dll bcryptprimitives.dll ncrypt.dll gpapi.dll cryptnet.dll Wldap32.dll SensApi.dll setupapi.dll system.configuration.install.ni.dll cfgmgr32.dll oleaut32.dll gdi32.dll devobj.dll usp10.dll cabinet.dll devrtl.dll version.dll clbcatq.dll kernel32.dll sensapi.dll SensApi.dll oleaut32.dll urlmon.dll wininet.dll iertutil.dll iertutil.dll ntdll.dll kernel32.dll KernelBase.dll advapi32.dll kernel32.dll msvcrt.dll sechost.dll rpcrt4.dll ole32.dll gdi32.dll user32.dll lpk.dll usp10.dll System.Xml.dll imm32.dll msctf.dll wdscore.dll dwmapi.dll oleaut32.dll shell32.dll shlwapi.dll dbghelp.dll cryptbase.dll CbsCore.dll version.dll crypt32.dll msasn1.dll wintrust.dll userenv.dll profapi.dll ktmw32.dll dpx.dll dpx.dll mscorwks.dll dpx.dll wcp.dll DrUpdate.dll setupapi.dll cfgmgr32.dll devobj.dll mpr.dll wrpint.dll sxsstore.dll sqmapi.dll winhttp.dll webio.dll winhttp.dll webio.dll SensApi.dll cryptsp.dll rsaenh.dll RpcRtRemote.dll clbcatq.dll CbsApi.dll smipi.dll smiengine.dll,normal
 mscorlib.dll ntdll.dll MPSSVC.dll kernel32.dll kernelbase.dll security.dll gdi32.dll user32.dll lpk.dll msctf.dll usp10.dll uxtheme.dll msvcrt.dll imm32.dll msctf.dll ole32.dll kernel32.dll rpcrt4.dll KernelBase.dll oleaut32.dll cryptbase.dll clbcatq.dll mscoree.dll advapi32.dll sechost.dll wow64.dll cortana.core.dll ntdll.dll ntdll.dll wow64.dll wow64win.dll user32.dll wow64cpu.dll kernel32.dll msctf.dll mssvp.dll cryptsp.dll kernel32.dll kernel32.dll user32.dll kernel32.dll kernelbase.dll msvcrt.dll kernel32.dll winbrand.dll user32.dll oleaut32.dll gdi32.dll lpk.dll usp10.dll advapi32.dll sechost.dll rpcrt4.dll sspicli.dll cryptbase.dll imm32.dll msctf.dll apphelp.dll,normal
 ntdll.dll gdi32.dll kernel32.dll msvcrt.dll KernelBase.dll shell32.dll advapi32.dll msvcrt.dll sechost.dll rpcrt4.dll gdi32.dll lltdapi.dll secur32.dll nsi.dll user32.dll sspicli.dll lpk.dll usp10.dll ole32.dll cryptbase.dll msimg32.dll wmsgapi.dll System.Drawing.ni.dll wtsapi32.dll winmm.dll userenv.dll profapi.dll winsta.dll oleaut32.dll api-ms-win-downlevel-ole32-l1-1-0.dll crypt32.dll msasn1.dll wintypes.dll MsCtfMonitor.dll msctf.dll imm32.dll ntdll.dll msutb.dll RpcRtRemote.dll comctl32.dll shlwapi.dll mscorlib.dll system.xml.ni.dll secur32.dll sspicli.dll Wldap32.dll shell32.dll wow64.dll gdi32.dll cryptbase.dll uxtheme.dll wintrust.dll ole32.dll cryptsp.dll rsaenh.dll imagehlp.dll bcrypt.dll bcryptprimitives.dll ncrypt.dll gpapi.dll cryptnet.dll Wldap32.dll SensApi.dll version.dll clbcatq.dll oleaut32.dll urlmon.dll api-ms-win-downlevel-ole32-l1-1-0.dll SensApi.dll api-ms-win-downlevel-shlwapi-l1-1-0.dll api-ms-win-downlevel-advapi32-l1-1-0.dll api-ms-win-downlevel-user32-l1-1-0.dll api-ms-win-downlevel-version-l1-1-0.dll kernel32.dll api-ms-win-downlevel-normaliz-l1-1-0.dllnormaliz.dll iertutil.dll wininet.dll,normal
 ntdll.dll KernelBase.dll ntdll.dll kernel32.dll KernelBase.dll user32.dll gdi32.dll lpk.dll usp10.dll usp10.dll msvcrt.dll api-ms-win-downlevel-advapi32-l1-1-0.dll advapi32.dll sechost.dll rpcrt4.dll shell32.dll shlwapi.dll iertutil.dll api-ms-win-downlevel-version-l1-1-0.dll version.dll api-ms-win-downlevel-user32-l1-1-0.dll aepic.dll System.Xml.dll api-ms-win-downlevel-normaliz-l1-1-0.dllnormaliz.dll api-ms-win-downlevel-shlwapi-l1-1-0.dll system.design.ni.dll imm32.dll msctf.dll samcli.dll api-ms-win-downlevel-shell32-l1-1-0.dll cryptbase.dll ole32.dll user32.dll oleaut32.dll comctl32.dll system.web.services.ni.dll kernel32.dll uxtheme.dll api-ms-win-downlevel-ole32-l1-1-0.dll urlmon.dll wininet.dll userenv.dll cryptbase.dll profapi.dll bcryptprimitives.dll clbcatq.dll wow64win.dll dwmapi.dll secur32.dll sspicli.dll ieframe.dll comctl32.dll IEShims.dll winhttp.dll comdlg32.dll smiengine.dll api-ms-win-downlevel-advapi32-l2-1-0.dll ws2_32.dll nsi.dll accessibility.ni.dll oleaccrc.dll webio.dll devobj.dll advapi32.dll api-ms-win-downlevel-shlwapi-l2-1-0.dll mswsock.dll wship6.dll clbcatq.dll clrjit.dll windows.ui.xamlhost.dll winnsi.dll cryptsp.dll rsaenh.dll wldap32.dll wow64win.dll System.Drawing.dll bcryptprimitives.dll RpcRtRemote.dll nsi.dll netprofm.dll shell32.dll nlaapi.dll npmproxy.dll dnsapi.dll rasadhlp.dll ieproxy.dll netapi32.dll netutils.dll srvcli.dll api-ms-win-core-processthreads-l1-1-1.dll api-ms-win-crt-locale-l1-1-0.dll advapi32.dll version.dll wkscli.dll apphelp.dll mscorlib.ni.dll crypt32.dll kernel32.dll msasn1.dll msasn1.dll msswch.dll winmm.dll ieui.dll WindowsCodecs.dll oleacc.dll duser.dll winhttp.dll dui70.dll msimg32.dll ExplorerFrame.dll dhcpcsvc6.dll dhcpcsvc.dll propsys.dll setupapi.dll cfgmgr32.dll devobj.dll Wldap32.dll mlang.dll ntmarta.dll sxs.dll advapi32.dll wshqos.dll wshqos.dll wshqos.dll wshqos.dll lpk.dll credssp.dll schannel.dll ncrypt.dll System.ServiceModel.Web.ni.dll microsoft.grouppolicy.interop.ni.dll bcrypt.dll KernelBase.dll bcryptprimitives.dll wintrust.dll gpapi.dll cryptnet.dll win32u.dll user32.dll SensApi.dll mssprxy.dll vcruntime140.dll api-ms-win-crt-runtime-l1-1-0.dll ucrtbase.dll api-ms-win-core-timezone-l1-1-0.dll api-ms-win-core-file-l2-1-0.dll system.transactions.ni.dll ole32.dll api-ms-win-core-localization-l1-2-0.dll api-ms-win-core-synch-l1-2-0.dll api-ms-win-core-processthreads-l1-1-1.dll api-ms-win-core-file-l1-2-0.dll wevtapi.dll api-ms-win-crt-string-l1-1-0.dll usp10.dll api-ms-win-crt-heap-l1-1-0.dll tiptsf.dll shell32.dll api-ms-win-crt-stdio-l1-1-0.dll api-ms-win-crt-convert-l1-1-0.dll cryptbase.dll api-ms-win-core-localization-obsolete-l1-2-0.dll xmllite.dll msswch.dll nsi.dll winmm.dll msswch.dll api-ms-win-core-profile-l1-1-0.dll winmm.dll tquery.dll sxs.dll StructuredQuery.dll linkinfo.dll wevtapi.dll samlib.dll uxtheme.dll ntshrui.dll ntdll.dll cscapi.dll Wpc.dll samcli.dll slc.dll gdi32.dll msxml3.dll msxml3.dll msxml3.dll msxml3.dll msxml3.dll msxml3.dll msswch.dll winmm.dll msswch.dll winmm.dll tquery.dll actxprxy.dll ieapfltr.dll msxml6.dll wdscore.dll winshfhc.dll winhttp.dll cryptbase.dll webio.dll MpOAV.dll MpClient.dll,normal
 mmdevapi.dll,normal
 ntdll.dll ntdll.dll wow64.dll xmllite.dll wow64win.dll wow64cpu.dll kernel32.dll kernel32.dll ole32.dll shlwapi.dll kernel32.dll mscms.dll user32.dll kernel32.dll kernelbase.dll advapi32.dll cryptbase.dll system.xml.ni.dll msvcrt.dll sechost.dll api-ms-win-downlevel-advapi32-l1-1-0.dll system.windows.forms.dll ole32.dll rpcrt4.dll ieframe.dll sspicli.dll msvcrt.dll msi.dll cryptbase.dll msvcr120_clr0400.dll nsi.dll mscoree.dll ole32.dll shlwapi.dll gdi32.dll user32.dll lpk.dll usp10.dll winbrand.dll SensApi.dll oleaut32.dll imm32.dll msctf.dll cryptsp.dll rsaenh.dll rpcrtremote.dll clbcatq.dll system.serviceprocess.dll sxs.dll mscoreei.dll sensapi.dll clr.dll shlwapi.dll System.dll mscorlib.ni.dll clrjit.dll microsoft.powershell.security.dll microsoft.powershell.security.dll system.management.automation.dll system.management.automation.dll mpr.dll version.dll mscorlib.dll api-ms-win-crt-stdio-l1-1-0.dll kernel32.dll mscorlib.dll system.ni.dll lpk.dll system.dll system.dll system.xml.ni.dll system.xml.dll system.xml.dll system.security.ni.dll system.security.dll system.security.dll system.core.ni.dll system.configuration.ni.dll system.configuration.dll system.configuration.dll system.core.dll system.core.dll,normal
 oleaut32.dll ntdll.dll kernel32.dll kernelbase.dll themeui.dll ws2_32.dll msvcrt.dll rpcrt4.dll nsi.dll dhcpcsvc.dll msasn1.dll vcruntime140.dll api-ms-win-crt-runtime-l1-1-0.dll sensapi.dll mswsock.dll cryptbase.dll ucrtbase.dll wow64win.dll ntdll.dll api-ms-win-core-timezone-l1-1-0.dll api-ms-win-core-file-l2-1-0.dll api-ms-win-core-localization-l1-2-0.dll version.dll api-ms-win-core-synch-l1-2-0.dll api-ms-win-core-processthreads-l1-1-1.dll api-ms-win-core-file-l1-2-0.dll Microsoft.VisualStudio.Tools.Applications.Runtime.v9.0.dll api-ms-win-crt-heap-l1-1-0.dll api-ms-win-crt-string-l1-1-0.dll api-ms-win-crt-stdio-l1-1-0.dll wldap32.dll api-ms-win-crt-convert-l1-1-0.dll api-ms-win-crt-math-l1-1-0.dll api-ms-win-crt-locale-l1-1-0.dll user32.dll gdi32.dll lpk.dll usp10.dll imm32.dll msctf.dll,HTran
 ntdll.dll uxinit.dll kernel32.dll KernelBase.dll gdi32.dll user32.dll lpk.dll usp10.dll msvcrt.dll imm32.dll msctf.dll msctf.dll ole32.dll KernelBase.dll rpcrt4.dll oleaut32.dll cryptbase.dll spoolss.dll winsrv.dll kernel32.dll clbcatq.dll advapi32.dll sechost.dll,normal
 msctf.dll cryptsp.dll ntdll.dll ws2_32.dll kernel32.dll kernelbase.dll msvcrt.dll rpcrt4.dll gdi32.dll user32.dll lpk.dll usp10.dll ole32.dll oleaut32.dll imm32.dll msctf.dll ntdll.dll user32.dll ntdll.dll gdi32.dll wow64.dll wow64win.dll wow64cpu.dll kernel32.dll nsi.dll kernel32.dll api-ms-win-core-synch-l1-2-0.dll kernel32.dll user32.dll api-ms-win-core-threadpool-legacy-l1-1-0.dll kernel32.dll kernelbase.dll usp10.dll scrrun.dll msvcrt.dll combase.dll napipsec.dll shlwapi.dll ole32.dll system.drawing.ni.dll gdi32.dll user32.dll api-ms-win-crt-runtime-l1-1-0.dll advapi32.dll nsi.dll msctf.dll sechost.dll rpcrt4.dll sspicli.dll mscorlib.dll cryptbase.dll lpk.dll usp10.dll imm32.dll msctf.dll clbcatq.dll oleaut32.dll cryptsp.dll rsaenh.dll rpcrtremote.dll uxtheme.dll shell32.dll shlwapi.dll actxprxy.dll comctl32.dll,normal
 ntdll.dll kernel32.dll shcore.dll kernelbase.dll gdi32.dll user32.dll lpk.dll usp10.dll msvcrt.dll dbgcore.dll kernel32.dll winmm.dll System.Data.SqlXml.dll imm32.dll msctf.dll ole32.dll rpcrt4.dll oleaut32.dll propsys.dll cryptbase.dll clbcatq.dll advapi32.dll sechost.dll,normal
 urlmon.dll ntdll.dll kernel32.dll KernelBase.dll gdi32.dll user32.dll lpk.dll usp10.dll usp10.dll msvcrt.dll imm32.dll msctf.dll ole32.dll usp10.dll System.Transactions.ni.dll rpcrt4.dll oleaut32.dll cryptbase.dll clbcatq.dll kernel32.dll kernelbase.dll advapi32.dll sechost.dll ntdll.dll kernel32.dll KernelBase.dll gdi32.dll user32.dll lpk.dll usp10.dll dui70.dll msvcrt.dll imm32.dll inetpp.dll msctf.dll ole32.dll rpcrt4.dll oleaut32.dll cryptbase.dll clbcatq.dll advapi32.dll sechost.dll ntdll.dll rsaenh.dll staterepository.core.dll ondemandconnroutehelper.dll advapi32.dll kernel32.dll KernelBase.dll imm32.dll gdi32.dll user32.dll lpk.dll usp10.dll msvcrt.dll imm32.dll msctf.dll ole32.dll comctl32.dll rpcrt4.dll oleaut32.dll cryptbase.dll clbcatq.dll advapi32.dll presentationcore.dll sechost.dll secur32.dll ntdll.dll kernel32.dll KernelBase.dll gdi32.dll user32.dll lpk.dll ntdll.dll usp10.dll msvcrt.dll wintrust.dll connect.dll mprsnap.dll RpcRtRemote.dll gdi32.dll imm32.dll lpk.dll msctf.dll ole32.dll mapi32.dll rpcrt4.dll kernel32.dll comctl32.dll oleaut32.dll usp10.dll cryptbase.dll oleaut32.dll clbcatq.dll msvcrt.dll advapi32.dll sechost.dll msvcrt.dll wow64win.dll lsasrv.dll advapi32.dll cryptbase.dll ntdll.dll gdi32.dll kernel32.dll KernelBase.dll gdi32.dll user32.dll lpk.dll usp10.dll propsys.dll msvcrt.dll imm32.dll msctf.dll ntdll.dll ole32.dll msctf.dll sqmapi.dll rpcrt4.dll wow64cpu.dll version.dll kernel32.dll cryptsp.dll kernel32.dll oleaut32.dll cryptbase.dll clbcatq.dll advapi32.dll sechost.dll ntdll.dll ntdll.dll wow64.dll wow64win.dll ntdll.dll wow64cpu.dll sxsstore.dll kernel32.dll kernel32.dll kernel32.dll msvcr120_clr0400.dll user32.dll ntdll.dll kernel32.dll KernelBase.dll msvcrt.dll oleaut32.dll ole32.dll gdi32.dll user32.dll advapi32.dll sechost.dll rpcrt4.dll sechost.dll sspicli.dll cryptbase.dll ntdll.dll lpk.dll usp10.dll version.dll imm32.dll System.Configuration.ni.dll avrt.dll msctf.dll sxs.dll clbcatq.dll user32.dll vbscript.dll advapi32.dll rsaenh.dll wintrust.dll profapi.dll crypt32.dll clbcatq.dll msasn1.dll cryptsp.dll rsaenh.dll winhttp.dll msisip.dll wshext.dll actioncenter.dll userenv.dll comctl32.dll shell32.dll shlwapi.dll msctf.dll scrobj.dll msi.dll scrrun.dll rpcrtremote.dll themeui.dll ntdll.dll kernel32.dll clbcatq.dll kernel32.dll ntdll.dll wow64.dll wow64win.dll wow64cpu.dll kernel32.dll kernel32.dll kernel32.dll coreuicomponents.dll kernel32.dll system.xml.ni.dll winhttp.dll user32.dll kernel32.dll rpcrt4.dll KernelBase.dll System.Runtime.Serialization.Formatters.Soap.ni.dll PresentationCore.dll advapi32.dll msvcrt.dll dhcpcsvc6.dll sechost.dll rpcrt4.dll sspicli.dll cryptbase.dll dnsapi.dll urlmon.dll ws2_32.dll nsi.dll winnsi.dll dhcpcsvc.dll dhcpcsvc6.dll shell32.dll shlwapi.dll KernelBase.dll gdi32.dll user32.dll lpk.dll usp10.dll ole32.dll imm32.dll msctf.dll profapi.dll clbcatq.dll oleaut32.dll cryptsp.dll rsaenh.dll RpcRtRemote.dll wevtapi.dll propsys.dll user32.dll ntdll.dll kernel32.dll KernelBase.dll msvcrt.dll gdi32.dll ntdll.dll user32.dll system.runtime.serialization.formatters.soap.dll oleaut32.dll lpk.dll usp10.dll msvcrt.dll imm32.dll msctf.dll ole32.dll rpcrt4.dll oleaut32.dll cryptbase.dll clbcatq.dll shell32.dll advapi32.dll sechost.dll ntdll.dll ntdll.dll windows.ui.immersive.dll wow64.dll wow64win.dll wow64cpu.dll kernel32.dll kernel32.dll d3d10level9.dll wecsvc.dll kernel32.dll user32.dll kernel32.dll KernelBase.dll advapi32.dll msvcrt.dll sechost.dll rpcrt4.dll sspicli.dll advapi32.dll cryptbase.dll dnsapi.dll scrobj.dll ws2_32.dll nsi.dll winnsi.dll dhcpcsvc.dll dhcpcsvc6.dll shell32.dll shlwapi.dll gdi32.dll user32.dll lpk.dll usp10.dll ole32.dll imm32.dll msctf.dll clbcatq.dll oleaut32.dll cryptsp.dll rsaenh.dll RpcRtRemote.dll wevtapi.dll,normal
 ntdll.dll cryptbase.dll kernel32.dll System.Security.ni.dll gdi32.dll KernelBase.dll advapi32.dll msvcrt.dll msvcrt.dll sechost.dll rpcrt4.dll devobj.dll ole32.dll gdi32.dll wow64win.dll user32.dll lpk.dll dnsapi.dll usp10.dll api-ms-win-downlevel-shlwapi-l1-1-0.dll imm32.dll msctf.dll oleaut32.dll shlwapi.dll wdscore.dll mapi32.dll kernel32.dll shell32.dll dbghelp.dll winnsi.dll shlwapi.dll cryptbase.dll lpk.dll apphelp.dll crypt32.dll msasn1.dll wintrust.dll winbrand.dll CbsCore.dll version.dll userenv.dll profapi.dll kernel32.dll secur32.dll ktmw32.dll dpx.dll dpx.dll dpx.dll kernel32.dll wcp.dll setupapi.dll devobj.dll appinfo.dll mpr.dll atl.dll DrUpdate.dll cfgmgr32.dll System.Configuration.Install.ni.dll winhttp.dll ntdll.dll webio.dll rsaenh.dll winhttp.dll webio.dll SensApi.dll srclient.dll spp.dll vssapi.dll vsstrace.dll wrpint.dll sxsstore.dll sqmapi.dll cryptsp.dll rsaenh.dll RpcRtRemote.dll dbghelp.dll clbcatq.dll CbsApi.dll,normal
 mscoree.dll mscoreei.dll rpcrt4.dll clr.dll bcryptprimitives.dll msvcr120_clr0400.dll msctf.dll ntdll.dll kernel32.dll KernelBase.dll msvcrt.dll dbghelp.dll advapi32.dll kernel32.dll mrt100.dll sechost.dll rpcrt4.dll shlwapi.dll gdi32.dll audioses.dll user32.dll lpk.dll System.DirectoryServices.dll system.core.ni.dll usp10.dll imm32.dll cryptbase.dll fusion.dll comctl32.dll cryptsp.dll rsaenh.dll ntdll.dll kernel32.dll kernel32.dll user32.dll user32.dll system.printing.dll ntdll.dll wow64.dll wow64win.dll wow64cpu.dll kernel32.dll kernel32.dll KernelBase.dll oleaut32.dll imm32.dll clbcatq.dll ole32.dll msvcrt.dll gdi32.dll kernel32.dll user32.dll advapi32.dll sechost.dll rpcrt4.dll winbrand.dll sspicli.dll sspicli.dll system.data.sqlxml.dll version.dll secur32.dll msctf.dll userenv.dll cryptbase.dll lpk.dll Accessibility.dll usp10.dll msimg32.dll rpcrt4.dll version.dll comctl32.dll shell32.dll dnsapi.dll shlwapi.dll usp10.dll shlwapi.dll mscorlib.dll wsock32.dll ws2_32.dll nsi.dll netapi32.dll RpcRtRemote.dll netutils.dll srvcli.dll wkscli.dll imm32.dll msctf.dll apphelp.dll comctl32.dll olepro32.dll gdi32.dll clbcatq.dll cryptsp.dll rsaenh.dll RpcRtRemote.dll wtsapi32.dll winsta.dll setupapi.dll cfgmgr32.dll imageres.dll devobj.dll uxtheme.dll dwmapi.dll propsys.dll ntmarta.dll Wldap32.dll mssprxy.dll,normal
 msftedit.dll winmm.dll,normal
 usp10.dll mpr.dll ntdll.dll kernel32.dll KernelBase.dll ntdll.dll advapi32.dll kernel32.dll msvcrt.dll sechost.dll rpcrt4.dll user32.dll user32.dll mscorlib.ni.dll imm32.dll gdi32.dll lpk.dll usp10.dll ole32.dll oleaut32.dll shlwapi.dll msshooks.dll imm32.dll msctf.dll ntdll.dll cryptbase.dll msidle.dll clbcatq.dll tquery.dll cryptsp.dll rsaenh.dll RpcRtRemote.dll shell32.dll kernel32.dll mssprxy.dll mssph.dll cryptbase.dll mapi32.dll avrt.dll winhttp.dll authz.dll ntmarta.dll Wldap32.dll shell32.dll comctl32.dll propsys.dll setupapi.dll cfgmgr32.dll lpk.dll devobj.dll profapi.dll,normal
 ntdll.dll kernel32.dll kernelbase.dll gdi32.dll user32.dll msctf.dll webio.dll lpk.dll usp10.dll clbcatq.dll msvcrt.dll imm32.dll msctf.dll ole32.dll rpcrt4.dll lpk.dll oleaut32.dll wcp.dll cryptbase.dll wmiutils.dll clbcatq.dll advapi32.dll sechost.dll shlwapi.dll ntdll.dll kernel32.dll elslad.dll kernelbase.dll msvcrt.dll microsoft.jscript.dll system.transactions.dll ole32.dll gdi32.dll dnsapi.dll user32.dll ntdll.dll api-ms-win-core-util-l1-1-0.dll gpapi.dll user32.dll lpk.dll mssph.dll winhttp.dll usp10.dll rpcrt4.dll clbcatq.dll imm32.dll msctf.dll iertutil.dll cryptbase.dll clbcatq.dll kernel32.dll advapi32.dll nsi.dll sechost.dll oleaut32.dll cryptsp.dll rsaenh.dll rpcrtremote.dll shacct.dll shlwapi.dll userenv.dll profapi.dll idstore.dll comctl32.dll bcp47mrm.dll ntdll.dll kernel32.dll kernelbase.dll tquery.dll advapi32.dll advapi32.dll api-ms-win-core-synch-l1-2-0.dll msvcrt.dll sechost.dll rpcrt4.dll sechost.dll System.Data.OracleClient.dll imm32.dll msvcr120_clr0400.dll mscoree.dll ole32.dll gdi32.dll system.configuration.dll gdi32.dll user32.dll lpk.dll usp10.dll oleaut32.dll imm32.dll msctf.dll cryptbase.dll browcli.dll kernel.appcore.dll cryptsp.dll rsaenh.dll rpcrtremote.dll clbcatq.dll sxs.dll mscoreei.dll wow64cpu.dll gdi32.dll mscorwks.dll msvcr80.dll shlwapi.dll wldap32.dll shell32.dll profapi.dll mscorlib.ni.dll sensapi.dll SensApi.dll mscorjit.dll mscorlib.dll mscorlib.dll version.dll mscorlib.dll SensApi.dll mscorlib.dll ehividctl.ni.dll setupapi.dll system.ni.dll bdatunepia.ni.dll bdatunepia.dll bdatunepia.dll bdatunepia.dll stdole.ni.dll mscorsec.dll imm32.dll wintrust.dll crypt32.dll CbsApi.dll msasn1.dll rpcrtremote.dll comctl32.dll System.dll riched20.dll imagehlp.dll ncrypt.dll bcrypt.dll bcryptprimitives.dll slc.dll userenv.dll gpapi.dll microsoft.powershell.commands.utility.ni.dll cryptnet.dll wldap32.dll sensapi.dll microsoft.visualc.ni.dll system.configuration.ni.dll system.xml.ni.dll kernelbase.dll version.dll system.security.ni.dll system.transactions.dll system.data.sqlxml.ni.dll user32.dll ntdll.dll bcrypt.dll kernel32.dll kernelbase.dll ntshrui.dll advapi32.dll msvcrt.dll sechost.dll rpcrt4.dll msvcr120_clr0400.dll mscoree.dll ole32.dll advapi32.dll advapi32.dll user32.dll gdi32.dll user32.dll lpk.dll usp10.dll languageoverlayutil.dll oleaut32.dll imm32.dll msctf.dll cryptbase.dll cryptsp.dll rsaenh.dll cryptbase.dll oleaut32.dll rpcrtremote.dll actxprxy.dll clbcatq.dll sxs.dll user32.dll mscoreei.dll mscorwks.dll msvcr80.dll sechost.dll advapi32.dll shlwapi.dll shell32.dll profapi.dll shlwapi.dll mscorlib.ni.dll system.runtime.serialization.dll shcore.dll mscorjit.dll dui70.dll mscorlib.dll lpk.dll kernel32.dll wow64win.dll mscorlib.dll version.dll cfgmgr32.dll mscorlib.dll mscorlib.dll fltlib.dll system.ni.dll system.addin.ni.dll kernel32.dll system.core.ni.dll microsoft.visualstudio.tools.applications.runtime.v10.0.ni.dll mscorsec.dll dxgi.dll wsecedit.dll wintrust.dll crypt32.dll msctf.dll msasn1.dll comctl32.dll wintypes.dll user32.dll riched20.dll kernelbase.dll imagehlp.dll ncrypt.dll bcrypt.dll bcryptprimitives.dll userenv.dll oleaut32.dll KernelBase.dll gpapi.dll cryptnet.dll wldap32.dll sensapi.dll system.configuration.ni.dll onecoreuapcommonproxystub.dll system.xml.ni.dll system.security.ni.dll shlwapi.dll system.runtime.remoting.ni.dll rsaenh.dll system.addin.contract.ni.dll ntdll.dll textinputframework.dll kernel32.dll sqmapi.dll system.security.dll system.configuration.dll advapi32.dll cryptbase.dll kernelbase.dll advapi32.dll msvcrt.dll sechost.dll rpcrt4.dll msvcr120_clr0400.dll user32.dll mscoree.dll ole32.dll clbcatq.dll ntdll.dll gdi32.dll user32.dll ole32.dll lpk.dll sspicli.dll KernelBase.dll kernel.appcore.dll usp10.dll oleaut32.dll imm32.dll rtutils.dll msctf.dll structuredquery.dll cryptbase.dll igd10iumd64.dll cryptsp.dll cryptsp.dll rsaenh.dll spoolss.dll kernel32.dll system.transactions.dll rpcrtremote.dll api-ms-win-core-file-l2-1-0.dll clbcatq.dll sxs.dll mscoreei.dll winnsi.dll clr.dll shlwapi.dll mscorlib.ni.dll clrjit.dll system.ni.dll system.core.ni.dll rpcrt4.dll system.activities.presentation.ni.dll version.dll mscorlib.dll mscorlib.dll system.xaml.ni.dll windowsbase.ni.dll presentationcore.ni.dll cryptsp.dll presentationframework.ni.dll presentationcore.dll presentationcore.dll system.activities.ni.dll system.xml.ni.dll system.xml.linq.ni.dll system.servicemodel.internals.ni.dll system.drawing.ni.dll system.windows.forms.ni.dll msvcrt.dll windowsformsintegration.ni.dll uiautomationprovider.ni.dll imm32.dll gdi32full.dll uiautomationtypes.ni.dll reachframework.ni.dll clbcatq.dll system.printing.ni.dll system.printing.dll system.printing.dll gpsvc.dll system.servicemodel.activities.ni.dll system.configuration.ni.dll system.numerics.ni.dll system.componentmodel.composition.ni.dll system.security.ni.dll ntdll.dll ntdll.dll wow64.dll wow64win.dll wow64cpu.dll kernel32.dll kernel32.dll kernel32.dll user32.dll kernel32.dll kernelbase.dll advapi32.dll msvcrt.dll sechost.dll rpcrt4.dll kernel.appcore.dll sspicli.dll cryptbase.dll msvcr120_clr0400.dll mscoree.dll ole32.dll gdi32.dll user32.dll lpk.dll usp10.dll oleaut32.dll imm32.dll msctf.dll cryptsp.dll nsi.dll rsaenh.dll rpcrtremote.dll clbcatq.dll sxs.dll mscoreei.dll clr.dll shlwapi.dll mscorlib.ni.dll clrjit.dll system.ni.dll system.runtime.serialization.ni.dll version.dll system.runtime.serialization.dll system.runtime.serialization.dll mscorlib.dll mscorlib.dll system.dll system.dll clbcatq.dll system.xml.ni.dll system.xml.dll system.xml.dll system.servicemodel.internals.ni.dll system.servicemodel.internals.dll system.servicemodel.internals.dll smdiagnostics.ni.dll smdiagnostics.dll smdiagnostics.dll system.core.ni.dll system.configuration.ni.dll system.configuration.dll system.configuration.dll system.core.dll system.core.dll,normal
 ntdll.dll ntdll.dll system.printing.ni.dll ole32.dll wow64.dll lpk.dll wow64win.dll wow64cpu.dll kernel32.dll kernel32.dll bcryptprimitives.dll kernel32.dll kernel32.dll crypt32.dll nsi.dll user32.dll sxs.dll kernelbase.dll advapi32.dll microsoft.office.tools.word.dll msvcrt.dll sechost.dll rpcrt4.dll sspicli.dll cryptbase.dll comctl32.dll gdi32.dll user32.dll lpk.dll usp10.dll mfc42u.dll ole32.dll oleaut32.dll odbc32.dll ole32.dll oleaut32.dll crypt32.dll shell32.dll System.Core.ni.dll shlwapi.dll wininet.dll urlmon.dll crypt32.dll msasn1.dll iertutil.dll winmm.dll ws2_32.dll nsi.dll wbemprox.dll sxs.dll rpcrtremote.dll ntdll.dll system.transactions.dll clbcatq.dll imm32.dll msctf.dll odbcint.dll sxs.dll cryptsp.dll uxtheme.dll riched32.dll rpcrt4.dll riched20.dll dwmapi.dll comctl32.dll clbcatq.dll shell32.dll shell32.dll shell32.dll devobj.dll psapi.dll ntdll.dll tiptsf.dll msado15.dll msdart.dll kernel32.dll bcrypt.dll cryptsp.dll rsaenh.dll cryptsp.dll rpcrtremote.dll SensApi.dll oledb32.dll bcrypt.dll sechost.dll oledb32r.dll msvcrt.dll comsvcs.dll atl.dll shell32.dll bcryptprimitives.dll msjetoledb40.dll usp10.dll msjet40.dll mswstr10.dll msjter40.dll msjint40.dll msadox.dll msadrh15.dll msjtes40.dll version.dll vbajet32.dll expsrv.dll msadce.dll msadcer.dll,caidao
 user32.dll ntdll.dll sechost.dll kernel32.dll capauthz.dll kernelbase.dll mscorjit.dll bcryptprimitives.dll msvcrt.dll combase.dll cryptnet.dll rpcrt4.dll contentdeliverymanager.background.dll kernel.appcore.dll bcryptprimitives.dll twinapi.appcore.dll user32.dll sechost.dll userenv.dll clbcatq.dll profapi.dll bcrypt.dll wintypes.dll system.deployment.dll user32.dll gdi32.dll imm32.dll msctf.dll shcore.dll cryptsp.dll rsaenh.dll cryptbase.dll uxtheme.dll mrmcorer.dll windows.ui.dll ninput.dll oleaut32.dll bcp47langs.dll uxtheme.dll msasn1.dll actxprxy.dll biwinrt.dll contentdeliverymanager.background.dll advapi32.dll msvcrt.dll ole32.dll mapi32.dll wbemcomn.dll msftedit.dll shlwapi.dll shell32.dll windows.storage.dll msctf.dll powrprof.dll sspicli.dll slc.dll veeventdispatcher.dll imm32.dll wincorlib.dll policymanager.dll sppc.dll sechost.dll msvcp110_win.dll msvcrt.dll xmllite.dll windows.storage.applicationdata.dll logoncli.dll bdatunepia.ni.dll windows.applicationmodel.background.timebroker.dll usp10.dll windows.globalization.dll contentmanagementsdk.dll propsys.dll windows.applicationmodel.dll threadpoolwinrt.dll windows.networking.connectivity.dll windows.applicationmodel.background.systemeventsbroker.dll systemeventsbrokerclient.dll,normal
 ntdll.dll kernel32.dll gdi32.dll kernelbase.dll msvcrt.dll conhostv2.dll combase.dll cbsapi.dll ucrtbase.dll rpcrt4.dll ntdll.dll bcryptprimitives.dll msvcrt.dll gdi32.dll gdi32full.dll user32.dll kernel32.dll win32u.dll imm32.dll oleaut32.dll msvcp_win.dll propsys.dll sechost.dll shcore.dll shell32.dll ucrtbase.dll msctf.dll advapi32.dll shlwapi.dll clbcatq.dll kernel.appcore.dll kernel32.dll profapi.dll imm32.dll uxtheme.dll cfgmgr32.dll windows.storage.search.dll windows.storage.dll system.ni.dll powrprof.dll msctf.dll dwmapi.dll comctl32.dll,normal
 thumbcache.dll explorerframe.dll tquery.dll windows.globalization.dll msvcrt.dll bcp47langs.dll sspicli.dll linkinfo.dll kernel32.dll kernelbase.dll KernelBase.dll uiautomationprovider.dll msftedit.dll cryptsp.dll ntshrui.dll cscapi.dll globinputhost.dll tiptsf.dll windows.storage.search.dll searchfolder.dll structuredquery.dll mssprxy.dll mssvp.dll kernelbase.dll ntmarta.dll mapi32.dll actxprxy.dll System.Web.Extensions.dll mrmcorer.dll coml2.dll advapi32.dll twinapi.dll winmm.dll winmmbase.dll devobj.dll setupapi.dll ehstorshell.dll cscui.dll kernel32.dll cscdll.dll fastprox.dll networkexplorer.dll msftedit.dll accessibility.ni.dll msftedit.dll iconcodecservice.dll msftedit.dll,normal
 ntdll.dll wow64.dll gdi32.dll advapi32.dll ntdll.dll wow64.dll msvcrt.dll wow64win.dll kernel32.dll wow64cpu.dll kernel32.dll sechost.dll kernel32.dll ntdll.dll kernel32.dll user32.dll kernel32.dll kernelbase.dll advapi32.dll msvcrt.dll sechost.dll wow64win.dll rpcrt4.dll sspicli.dll cryptbase.dll wevtapi.dll System.Xml.Linq.ni.dll devrtl.dll cryptbase.dll ieui.dll msvcrt.dll dnsapi.dll ws2_32.dll kernel32.dll nsi.dll winnsi.dll dhcpcsvc.dll dhcpcsvc6.dll shell32.dll shlwapi.dll system.dll gdi32.dll user32.dll lpk.dll dnsapi.dll imm32.dll usp10.dll ole32.dll sxsstore.dll pnrpnsp.dll imm32.dll msctf.dll clbcatq.dll avrt.dll oleaut32.dll cryptsp.dll rsaenh.dll rpcrtremote.dll kernel32.dll wevtapi.dll msshooks.dll ntdll.dll msctf.dll ntdll.dll wow64.dll wow64win.dll wow64cpu.dll kernel32.dll api-ms-win-core-datetime-l1-1-1.dll kernel32.dll kernel32.dll user32.dll ntdll.dll kernel32.dll kernelbase.dll advapi32.dll msvcrt.dll sechost.dll rpcrt4.dll sspicli.dll cryptbase.dll dnsapi.dll ws2_32.dll nsi.dll winnsi.dll rsaenh.dll dhcpcsvc.dll dhcpcsvc6.dll winmm.dll shell32.dll kernel32.dll version.dll shlwapi.dll gdi32.dll user32.dll lpk.dll usp10.dll lpk.dll ole32.dll cryptbase.dll imm32.dll msctf.dll rpcrt4.dll clbcatq.dll oleaut32.dll cryptsp.dll rsaenh.dll userenv.dll rpcrtremote.dll cryptbase.dll wevtapi.dll KernelBase.dll ntdll.dll PresentationFramework.dll version.dll ntdll.dll netapi32.dll wow64.dll wow64win.dll wow64cpu.dll kernel32.dll api-ms-win-core-sysinfo-l1-2-0.dll kernel32.dll kernel32.dll microsoft.transactions.bridge.ni.dll user32.dll imm32.dll PresentationCore.dll kernel32.dll kernelbase.dll advapi32.dll msvcrt.dll sechost.dll rpcrt4.dll sspicli.dll ucrtbase.dll user32.dll cryptbase.dll rpcrt4.dll dnsapi.dll wininet.dll rsaenh.dll ws2_32.dll imageres.dll nsi.dll winnsi.dll shell32.dll wow64win.dll directmanipulation.dll dhcpcsvc.dll dhcpcsvc6.dll shell32.dll shlwapi.dll gdi32.dll user32.dll lpk.dll msvcrt.dll usp10.dll ole32.dll imm32.dll oleaut32.dll windowsbase.dll msctf.dll gdi32.dll msi.dll clbcatq.dll rpcrt4.dll api-ms-win-downlevel-shlwapi-l1-1-0.dll oleaut32.dll cryptsp.dll windows.storage.dll wbemprox.dll rsaenh.dll gdi32.dll KernelBase.dll gdi32.dll rpcrtremote.dll msvcrt.dll wevtapi.dll clbcatq.dll ntdll.dll sspicli.dll kernel32.dll kernelbase.dll gdi32.dll user32.dll lpk.dll usp10.dll msvcrt.dll shcore.dll imm32.dll msctf.dll lpk.dll ole32.dll rpcrt4.dll oleaut32.dll cryptbase.dll clbcatq.dll advapi32.dll sechost.dll gdi32.dll wow64cpu.dll ntdll.dll sechost.dll kernel32.dll kernelbase.dll shlwapi.dll ktmw32.dll gdi32.dll user32.dll lpk.dll usp10.dll msvcrt.dll imm32.dll msctf.dll ole32.dll netdiagfx.dll rpcrt4.dll shlwapi.dll ntdll.dll imageres.dll oleaut32.dll cryptbase.dll shlwapi.dll Microsoft.Vsa.ni.dll cryptbase.dll kernelbase.dll clbcatq.dll advapi32.dll wer.dll sechost.dll ntdll.dll imageres.dll kernel32.dll kernelbase.dll gdi32.dll mapi32.dll user32.dll lpk.dll KernelBase.dll usp10.dll msvcrt.dll DeviceCenter.dll sspicli.dll imm32.dll msctf.dll ole32.dll rpcrt4.dll oleaut32.dll cryptbase.dll clbcatq.dll kernelbase.dll advapi32.dll imm32.dll api-ms-win-crt-utility-l1-1-0.dll sechost.dll ntdll.dll ondemandconnroutehelper.dll kernel32.dll kernelbase.dll advapi32.dll msvcrt.dll sechost.dll rpcrt4.dll ole32.dll gdi32.dll user32.dll lpk.dll dbghelp.dll usp10.dll imm32.dll msctf.dll wdscore.dll oleaut32.dll shell32.dll shlwapi.dll Microsoft.VisualStudio.Tools.Applications.Contract.v9.0.dll dbghelp.dll oleaut32.dll cryptbase.dll cbscore.dll cryptbase.dll System.Data.dll version.dll crypt32.dll msasn1.dll wintrust.dll userenv.dll profapi.dll System.Printing.ni.dll sechost.dll usp10.dll ktmw32.dll cryptsp.dll dpx.dll msvcr120_clr0400.dll user32.dll dpx.dll dpx.dll wcp.dll msvcrt.dll drupdate.dll setupapi.dll cfgmgr32.dll devobj.dll mpr.dll clbcatq.dll wrpint.dll cryptbase.dll searchfolder.dll devicecenter.dll sxsstore.dll sqmapi.dll winhttp.dll webio.dll gdi32.dll winhttp.dll webio.dll sensapi.dll cryptsp.dll rsaenh.dll rpcrtremote.dll clbcatq.dll cbsapi.dll smipi.dll smiengine.dll ntdll.dll kernel32.dll kernelbase.dll gdi32.dll user32.dll shell32.dll lpk.dll rpcrt4.dll usp10.dll msvcrt.dll imm32.dll msctf.dll ole32.dll rpcrt4.dll oleaut32.dll cryptbase.dll Accessibility.dll clbcatq.dll advapi32.dll sechost.dll ntdll.dll kernel32.dll kernelbase.dll gdi32.dll user32.dll lpk.dll usp10.dll msvcrt.dll imm32.dll webio.dll msctf.dll ole32.dll rpcrt4.dll oleaut32.dll cryptbase.dll clbcatq.dll advapi32.dll sechost.dll ntdll.dll ntdll.dll wow64.dll wow64win.dll wow64cpu.dll kernel32.dll kernel32.dll kernel32.dll cryptbase.dll user32.dll kernel32.dll kernelbase.dll advapi32.dll msvcrt.dll sechost.dll rpcrt4.dll sspicli.dll cryptbase.dll dnsapi.dll ws2_32.dll nsi.dll winnsi.dll dhcpcsvc.dll dhcpcsvc6.dll shell32.dll shlwapi.dll gdi32.dll user32.dll lpk.dll usp10.dll ole32.dll imm32.dll msctf.dll clbcatq.dll oleaut32.dll cryptsp.dll rsaenh.dll netprofm.dll rpcrtremote.dll wevtapi.dll,normal
 ntdll.dll kernel32.dll rsaenh.dll oleaut32.dll lpk.dll duser.dll imm32.dll usp10.dll ole32.dll user32.dll msvcrt.dll msctf.dll gdi32.dll usp10.dll rpcrt4.dll kernelbase.dll ntdll.dll ntdll.dll rmclient.dll advapi32.dll wow64.dll wow64win.dll kernelbase.dll wow64cpu.dll kernel32.dll ntdll.dll kernel32.dll scardsvr.dll ntshrui.dll cryptbase.dll kernel32.dll kernel32.dll user32.dll kernel32.dll System.Windows.Forms.dll kernelbase.dll advapi32.dll msvcrt.dll shell32.dll msctf.dll sechost.dll kernel32.dll rpcrt4.dll rpcrt4.dll sspicli.dll cryptbase.dll msvcr120_clr0400.dll perfctrs.dll mscoree.dll ole32.dll msctf.dll imagehlp.dll ntdll.dll gdi32.dll user32.dll lpk.dll usp10.dll oleaut32.dll imm32.dll msctf.dll slwga.dll cryptsp.dll rsaenh.dll rpcrtremote.dll clbcatq.dll mscoreei.dll clr.dll dxgi.dll slc.dll sxs.dll shlwapi.dll mscorlib.ni.dll ntdll.dll clrjit.dll microsoft.powershell.workflow.servicecore.dll microsoft.powershell.workflow.servicecore.dll cryptbase.dll microsoft.powershell.diagnostics.activities.dll wow64cpu.dll devobj.dll microsoft.powershell.diagnostics.activities.dll gdi32.dll system.ni.dll cryptui.dll system.core.ni.dll system.activities.ni.dll version.dll system.activities.dll system.activities.dll clbcatq.dll mscorlib.dll mscorlib.dll system.dll system.dll system.core.dll system.core.dll microsoft.powershell.commands.diagnostics.ni.dll system.management.automation.dll system.management.automation.dll system.xml.ni.dll system.xml.dll system.xml.dll system.configuration.ni.dll system.configuration.dll system.configuration.dll,normal
 ntdll.dll ntdll.dll kernel32.dll lpk.dll imm32.dll msvcr120_clr0400.dll ntdll.dll ws2_32.dll sechost.dll nsi.dll System.Data.dll ncobjapi.dll user32.dll msvcrt.dll advapi32.dll msctf.dll gdi32.dll usp10.dll rpcrt4.dll KernelBase.dll profapi.dll msctf.dll RpcRtRemote.dll kbd101.dll kbd101.dll rpcrt4.dll kbd106.dll kbd106.dll msvcrt.dll SensApi.dll kbd106.dll winnsi.dll rpcrt4.dll kbd106.dll kbdnec.dll cryptbase.dll winbio.dll kbdnec.dll System.Transactions.dll mscorlib.dll WlS0WndH.dll cryptbase.dll apphelp.dll sspicli.dll imm32.dll wow64win.dll secur32.dll cryptsp.dll sspicli.dll mswsock.dll wship6.dll credssp.dll wtsapi32.dll cryptbase.dll winsta.dll ntdll.dll imm32.dll cryptbase.dll System.Windows.Forms.dll kernel32.dll sechost.dll msctf.dll usp10.dll lpk.dll imm32.dll ws2_32.dll advapi32.dll rpcrt4.dll nsi.dll msvcrt.dll user32.dll gdi32.dll usp10.dll KernelBase.dll profapi.dll RpcRtRemote.dll kbd101.dll kbd101.dll rsaenh.dll kbd106.dll kbd106.dll kbd106.dll kbd106.dll kbdnec.dll clbcatq.dll kbdnec.dll WlS0WndH.dll cryptbase.dll apphelp.dll sspicli.dll secur32.dll ole32.dll system.xml.ni.dll cryptsp.dll api-ms-win-service-management-l1-1-0.dll mswsock.dll wship6.dll credssp.dll,normal
 ntdll.dll mscoreei.dll system.xml.ni.dll kernel32.dll kernelbase.dll presentationcore.dll advapi32.dll msvcrt.dll sechost.dll rpcrt4.dll msvcr120_clr0400.dll mscoree.dll msasn1.dll msvcrt.dll sechost.dll ole32.dll usp10.dll sechost.dll gdi32.dll rsaenh.dll user32.dll lpk.dll cfgmgr32.dll mscorjit.dll msv1_0.dll usp10.dll netapi32.dll oleaut32.dll advapi32.dll imm32.dll msctf.dll mscorlib.dll cryptbase.dll cryptsp.dll rsaenh.dll rpcrtremote.dll clbcatq.dll sxs.dll npmproxy.dll version.dll mscoreei.dll mscorwks.dll msvcr80.dll system.configuration.dll shlwapi.dll shell32.dll profapi.dll msadce.dll dpx.dll mscorlib.ni.dll mscorjit.dll mscorlib.dll mscorlib.dll threadpoolwinrt.dll version.dll mscorlib.dll mscorlib.dll system.ni.dll msvcr120_clr0400.dll rpcrt4.dll system.design.ni.dll system.data.ni.dll system.data.dll system.data.dll system.data.dll system.data.dll combase.dll system.data.dll ws2_32.dll System.Web.dll nsi.dll msasn1.dll crypt32.dll msasn1.dll system.xml.ni.dll system.drawing.ni.dll system.windows.forms.ni.dll system.drawing.design.ni.dll system.web.ni.dll system.web.dll system.web.dll system.web.dll system.web.dll system.configuration.ni.dll system.data.oracleclient.ni.dll system.data.oracleclient.dll system.data.oracleclient.dll system.data.oracleclient.dll system.data.oracleclient.dll system.data.oracleclient.dll system.runtime.serialization.formatters.soap.ni.dll accessibility.ni.dll system.web.regularexpressions.ni.dll,normal
 api-ms-win-downlevel-version-l1-1-0.dll ntdll.dll kernel32.dll kernelbase.dll gdi32.dll user32.dll lpk.dll usp10.dll msvcrt.dll imm32.dll msctf.dll system.configuration.ni.dll kernel32.dll ole32.dll shlwapi.dll userenv.dll rpcrt4.dll lpk.dll oleaut32.dll cryptbase.dll secur32.dll clbcatq.dll advapi32.dll advapi32.dll sechost.dll ntdll.dll kernel32.dll kernelbase.dll gdi32.dll user32.dll ole32.dll lpk.dll usp10.dll msvcrt.dll imm32.dll msctf.dll cryptbase.dll kernelbase.dll ole32.dll rpcrt4.dll oleaut32.dll cryptbase.dll clbcatq.dll advapi32.dll sechost.dll ntdll.dll System.Data.dll cryptbase.dll System.ni.dll ntdll.dll accessibility.ni.dll user32.dll usp10.dll gdi32.dll UIAutomationCore.dll sensapi.dll wow64.dll wow64win.dll wow64cpu.dll kernel32.dll kernel32.dll kernel32.dll user32.dll sensapi.dll kernel32.dll Microsoft.Management.Infrastructure.dll rsaenh.dll rpcrt4.dll win32u.dll kernelbase.dll msvcrt.dll oleaut32.dll ole32.dll imm32.dll KernelBase.dll gdi32.dll user32.dll advapi32.dll sechost.dll sechost.dll rpcrt4.dll sspicli.dll cryptbase.dll lpk.dll usp10.dll version.dll imm32.dll msctf.dll sxs.dll RpcRtRemote.dll clbcatq.dll vbscript.dll advapi32.dll wintrust.dll crypt32.dll msasn1.dll cryptsp.dll rsaenh.dll msisip.dll clbcatq.dll wshext.dll comctl32.dll shell32.dll shlwapi.dll scrobj.dll msi.dll scrrun.dll,normal
 system.dll mscorwks.dll oleaut32.dll ntdll.dll kernel32.dll kernelbase.dll msvcrt.dll conhostv2.dll combase.dll ucrtbase.dll rpcrt4.dll bcryptprimitives.dll Microsoft.VisualStudio.Tools.Applications.Hosting.ni.dll gdi32.dll CertEnroll.dll gdi32full.dll user32.dll win32u.dll imm32.dll oleaut32.dll msvcp_win.dll propsys.dll sechost.dll shcore.dll shell32.dll cfgmgr32.dll windows.storage.dll System.Data.Services.Client.dll ntdll.dll powrprof.dll advapi32.dll shlwapi.dll imm32.dll nsi.dll wow64win.dll kernel.appcore.dll imm32.dll profapi.dll clbcatq.dll msctf.dll,normal
 ntdll.dll kernel32.dll kernelbase.dll advapi32.dll shcore.dll kernel32.dll msvcrt.dll sechost.dll npmproxy.dll rpcrt4.dll wldap32.dll ntshrui.dll msvcr120_clr0400.dll mscoree.dll ole32.dll secur32.dll gdi32.dll user32.dll usp10.dll lpk.dll usp10.dll oleaut32.dll imm32.dll msctf.dll cryptbase.dll cryptsp.dll msctf.dll rsaenh.dll rpcrtremote.dll clbcatq.dll vm3dum64.dll sxs.dll system.configuration.ni.dll mscoreei.dll mscorwks.dll msvcr80.dll ntdll.dll shlwapi.dll system.xml.ni.dll mscorlib.dll kernel32.dll shell32.dll msvcrt.dll profapi.dll System.Windows.Forms.ni.dll mscorlib.ni.dll mscorjit.dll powrprof.dll mscorlib.dll mscorlib.dll version.dll advapi32.dll KernelBase.dll sspicli.dll mscorlib.dll mscorlib.dll user32.dll presentationframework.luna.ni.dll system.ni.dll windowsbase.ni.dll presentationcore.ni.dll presentationframework.ni.dll presentationcore.dll presentationcore.dll presentationcore.dll presentationcore.dll imm32.dll ntdll.dll Microsoft.Office.Tools.dll crypt32.dll kernel32.dll kernelbase.dll advapi32.dll msvcrt.dll sechost.dll rpcrt4.dll api-ms-win-core-shlwapi-legacy-l1-1-0.dll msvcr120_clr0400.dll mscoree.dll ole32.dll gdi32.dll user32.dll lpk.dll usp10.dll oleaut32.dll imm32.dll msctf.dll cryptbase.dll cryptsp.dll rsaenh.dll ncrypt.dll rpcrtremote.dll shlwapi.dll msi.dll ntdll.dll clbcatq.dll lpk.dll sxs.dll inetpp.dll mscoreei.dll clr.dll shlwapi.dll advapi32.dll mscorlib.dll mscorlib.ni.dll clrjit.dll system.ni.dll usp10.dll version.dll kernel32.dll mscorlib.dll bcrypt.dll mscorlib.dll system.web.datavisualization.design.ni.dll bcryptprimitives.dll System.DirectoryServices.Protocols.ni.dll system.web.datavisualization.ni.dll system.drawing.ni.dll system.windows.forms.ni.dll system.core.ni.dll system.design.ni.dll system.drawing.design.ni.dll system.configuration.ni.dll gpapi.dll profapi.dll system.web.ni.dll win32u.dll system.web.dll filterlib.dll system.web.dll system.xml.ni.dll msctf.dll ntdll.dll ntdll.dll wow64.dll sechost.dll System.Xml.ni.dll dhcpcsvc6.dll wow64win.dll wow64cpu.dll kernel32.dll kernel32.dll user32.dll kernel32.dll user32.dll kernel32.dll kernelbase.dll advapi32.dll msvcrt.dll sechost.dll sspicli.dll dsrole.dll rpcrt4.dll bdatunepia.dll sspicli.dll msasn1.dll cryptbase.dll msvcr120_clr0400.dll mscoree.dll ole32.dll gdi32.dll gdi32.dll user32.dll lpk.dll api-ms-win-core-synch-l1-1-0.dll cryptsp.dll usp10.dll onecorecommonproxystub.dll system.identitymodel.dll user32.dll kernel32.dll usp10.dll usp10.dll oleaut32.dll imm32.dll msctf.dll cryptsp.dll rsaenh.dll rpcrtremote.dll clbcatq.dll sxs.dll mscoreei.dll mscorwks.dll msvcr80.dll shlwapi.dll shell32.dll profapi.dll mscorlib.ni.dll ole32.dll profapi.dll mscorjit.dll mscorlib.dll mscorlib.dll version.dll mscorlib.dll mscorlib.dll advapi32.dll system.ni.dll system.printing.ni.dll system.printing.dll system.printing.dll system.printing.dll user32.dll system.printing.dll system.web.services.ni.dll system.dll system.dll system.dll system.dll msvcrt.dll microsoft.visualc.ni.dll windowsbase.ni.dll presentationcore.ni.dll dinput8.dll presentationframework.ni.dll presentationframework.dll kernel32.dll system.configuration.install.ni.dll presentationframework.dll presentationframework.dll wow64win.dll presentationframework.dll capabilityaccessmanagerclient.dll windowsbase.dll windowsbase.dll msv1_0.dll windowsbase.dll kernel.appcore.dll windowsbase.dll presentationcore.dll presentationcore.dll presentationcore.dll presentationcore.dll system.drawing.ni.dll system.drawing.dll system.drawing.dll imageres.dll system.drawing.dll system.drawing.dll msctf.dll system.xml.ni.dll system.xml.dll system.xml.dll system.xml.dll system.xml.dll gdi32.dll reachframework.ni.dll reachframework.dll reachframework.dll uiautomationprovider.ni.dll uiautomationprovider.dll bcrypt.dll uiautomationprovider.dll uiautomationprovider.dll uiautomationprovider.dll system.deployment.ni.dll eappcfg.dll system.deployment.dll system.deployment.dll system.deployment.dll System.ni.dll system.deployment.dll uianimation.dll presentationui.ni.dll presentationui.dll presentationui.dll system.security.ni.dll msutb.dll uiautomationtypes.ni.dll dui70.dll kernel32.dll clbcatq.dll uiautomationtypes.dll fdrespub.dll uiautomationtypes.dll uiautomationtypes.dll System.Design.dll uiautomationtypes.dll ws2_32.dll system.data.ni.dll system.data.dll system.data.dll system.data.dll system.data.dll bcryptprimitives.dll system.data.dll lpk.dll shell32.dll imageres.dll ws2_32.dll uxtheme.dll sxs.dll nsi.dll crypt32.dll msasn1.dll accessibility.ni.dll accessibility.dll kernel32.dll accessibility.dll accessibility.dll version.dll accessibility.dll cryptsp.dll system.configuration.ni.dll system.configuration.dll system.configuration.dll system.configuration.dll rsaenh.dll logoncli.dll sspicli.dll system.configuration.dll clbcatq.dll system.security.ni.dll KernelBase.dll system.security.dll system.security.dll tipres.dll system.security.dll system.security.dll system.data.sqlxml.ni.dll system.data.sqlxml.dll tquery.dll system.data.sqlxml.dll system.data.sqlxml.dll system.data.sqlxml.dll presentationcffrasterizer.ni.dll msctf.dll sxs.dll presentationcffrasterizer.dll presentationcffrasterizer.dll system.windows.forms.ni.dll system.windows.forms.dll combase.dll system.windows.forms.dll ole32.dll msvcp_win.dll rpcrt4.dll system.windows.forms.dll system.windows.forms.dll srvcli.dll system.runtime.serialization.formatters.soap.ni.dll user32.dll system.runtime.serialization.formatters.soap.dll system.runtime.serialization.formatters.soap.dll kernel32.dll system.directoryservices.ni.dll system.directoryservices.dll system.directoryservices.dll system.directoryservices.dll clbcatq.dll system.directoryservices.dll system.transactions.ni.dll system.transactions.dll imageres.dll system.transactions.dll system.transactions.dll system.transactions.dll comctl32.dll system.transactions.dll msctfmonitor.dll system.enterpriseservices.ni.dll system.enterpriseservices.dll system.enterpriseservices.dll system.runtime.remoting.ni.dll system.runtime.remoting.dll wpdshext.dll gdi32.dll system.runtime.remoting.dll mscorlib.ni.dll system.web.ni.dll system.web.dll system.web.dll System.Core.dll system.web.dll system.web.dll system.web.services.ni.dll system.web.services.dll system.web.services.dll rpcrtremote.dll system.web.services.dll system.web.services.dll system.directoryservices.protocols.ni.dll kernel32.dll oleaut32.dll advapi32.dll system.directoryservices.protocols.dll system.directoryservices.protocols.dll system.directoryservices.protocols.dll system.directoryservices.protocols.dll system.design.ni.dll system.design.dll system.design.dll system.serviceprocess.ni.dll system.serviceprocess.dll system.serviceprocess.dll system.web.regularexpressions.ni.dll wdscore.dll system.web.regularexpressions.dll system.web.regularexpressions.dll kernel32.dll system.web.regularexpressions.dll system.web.regularexpressions.dll system.drawing.design.ni.dll wow64.dll system.drawing.design.dll system.drawing.design.dll system.data.oracleclient.ni.dll winscard.dll system.data.oracleclient.dll System.configuration.dll system.data.oracleclient.dll system.data.oracleclient.dll systemeventsbrokerclient.dll system.data.oracleclient.dll system.data.oracleclient.dll mscorlib.dll imageres.dll system.configuration.install.ni.dll system.configuration.install.dll system.configuration.install.dll ntdll.dll ntdll.dll wow64.dll wow64win.dll wow64cpu.dll kernel32.dll userenv.dll kernel32.dll kernel32.dll user32.dll kernel32.dll kernelbase.dll advapi32.dll msvcrt.dll sechost.dll rpcrt4.dll rpcrt4.dll sspicli.dll cryptbase.dll msvcr120_clr0400.dll mscoree.dll ole32.dll gdi32.dll user32.dll lpk.dll usp10.dll oleaut32.dll imm32.dll msctf.dll cryptsp.dll rsaenh.dll system.xml.dll rpcrtremote.dll clr.dll clbcatq.dll nsi.dll mscorlib.ni.dll clrjit.dll sxs.dll mscoreei.dll shlwapi.dll system.ni.dll system.core.ni.dll mscorlib.dll mscorlib.dll system.dll system.dll wow64win.dll system.core.dll system.core.dll version.dll lpk.dll microsoft.build.framework.ni.dll microsoft.build.ni.dll system.xml.ni.dll system.xml.dll system.xml.dll microsoft.build.engine.ni.dll system.configuration.ni.dll system.configuration.dll system.configuration.dll system.numerics.ni.dll system.numerics.dll system.numerics.dll system.security.ni.dll system.security.dll system.security.dll,normal
 ntdll.dll kernel32.dll sspicli.dll ole32.dll msvcrt.dll mscorlib.ni.dll user32.dll lpk.dll kernelbase.dll oleaut32.dll advapi32.dll sechost.dll msctf.dll ws2_32.dll system.xml.dll nsi.dll imm32.dll biwinrt.dll gdi32.dll user32.dll srvcli.dll usp10.dll rpcrt4.dll wldap32.dll wtsapi32.dll clbcatq.dll shlwapi.dll kernelbase.dll rpcrtremote.dll cryptbase.dll sensapi.dll sspicli.dll ole32.dll secur32.dll oleacc.dll cryptdll.dll bcrypt.dll cryptsp.dll user32.dll mswsock.dll dnsapi.dll comres.dll imm32.dll credssp.dll firewallapi.dll version.dll system.web.dll ntmarta.dll winmm.dll ktmw32.dll clusapi.dll rpcrt4.dll resutils.dll xolehlp.dll msdtcprx.dll usp10.dll msvcrt.dll mtxclu.dll msdtctm.dll msdtclog.dll msctf.dll msdtcvsp1res.dll mtxoci.dll,normal
 wbemprox.dll auditcse.dll,normal
 ntdll.dll kernel32.dll cryptsp.dll kernelbase.dll crypt32.dll gdi32.dll user32.dll comctl32.dll lpk.dll usp10.dll System.Web.Services.dll msvcrt.dll imm32.dll msctf.dll ole32.dll rpcrt4.dll oleaut32.dll cryptbase.dll imagehlp.dll clbcatq.dll advapi32.dll sechost.dll gdi32.dll kernelbase.dll KernelBase.dll system.design.dll ntdll.dll lpk.dll kernel32.dll kernelbase.dll gdi32.dll System.AddIn.Contract.dll user32.dll lpk.dll Microsoft.Office.Tools.Outlook.ni.dll usp10.dll ole32.dll msvcrt.dll imm32.dll msctf.dll ole32.dll rpcrt4.dll mswsock.dll oleaut32.dll framedynos.dll cryptbase.dll clbcatq.dll advapi32.dll version.dll sechost.dll ntdll.dll ntdll.dll wow64.dll wow64win.dll userenv.dll cryptsp.dll System.dll wow64cpu.dll kernel32.dll kernel32.dll kernel32.dll user32.dll user32.dll ntdll.dll api-ms-win-devices-config-l1-1-1.dll advapi32.dll kernel32.dll kernelbase.dll advapi32.dll msvcrt.dll syncui.dll sechost.dll rpcrt4.dll System.Windows.Forms.dll sspicli.dll cryptbase.dll dnsapi.dll ws2_32.dll msctf.dll nsi.dll winnsi.dll dhcpcsvc.dll dhcpcsvc6.dll eappcfg.dll shell32.dll shlwapi.dll gdi32.dll kernel32.dll user32.dll shlwapi.dll lpk.dll usp10.dll ole32.dll msvcrt.dll imm32.dll msctf.dll gdi32.dll clbcatq.dll cryptbase.dll rpcrt4.dll kernel32.dll oleaut32.dll cryptsp.dll rsaenh.dll rpcrtremote.dll kernel32.dll wevtapi.dll user32.dll System.Data.dll ntdll.dll ntdll.dll lpk.dll wow64.dll wow64win.dll wow64cpu.dll imagehlp.dll msasn1.dll kernel32.dll kernel32.dll secur32.dll kernel32.dll oleaut32.dll user32.dll advapi32.dll kernel32.dll kernelbase.dll advapi32.dll msvcrt.dll sechost.dll rpcrt4.dll cbsmsg.dll sspicli.dll cryptbase.dll dnsapi.dll ws2_32.dll nsi.dll framedynos.dll sechost.dll winnsi.dll winnsi.dll netutils.dll dhcpcsvc.dll dhcpcsvc6.dll dnsapi.dll shell32.dll shlwapi.dll drvstore.dll gdi32.dll user32.dll kernel32.dll lpk.dll usp10.dll eappcfg.dll ole32.dll imm32.dll msctf.dll gdi32.dll clbcatq.dll wmiprov.dll oleaut32.dll cryptsp.dll clr.dll bcryptprimitives.dll rsaenh.dll System.Windows.Forms.ni.dll rpcrtremote.dll wevtapi.dll ntdll.dll ntdll.dll wow64.dll crypt32.dll wow64win.dll dsrole.dll imm32.dll wow64cpu.dll kernel32.dll clbcatq.dll kernel32.dll kernel32.dll user32.dll kernel32.dll kernelbase.dll advapi32.dll msctf.dll version.dll msvcrt.dll sechost.dll rpcrt4.dll sspicli.dll cryptbase.dll version.dll dnsapi.dll ws2_32.dll nsi.dll winnsi.dll dhcpcsvc.dll dhcpcsvc6.dll shell32.dll imageres.dll rpcrt4.dll shlwapi.dll System.dll gdi32.dll user32.dll lpk.dll usp10.dll ntdll.dll ole32.dll imm32.dll msctf.dll sfc.dll clbcatq.dll system.transactions.dll oleaut32.dll cryptsp.dll rsaenh.dll gdi32.dll rpcrtremote.dll kernel32.dll wevtapi.dll ntdll.dll kernel32.dll kernelbase.dll advapi32.dll gdi32.dll user32.dll advapi32.dll lpk.dll usp10.dll msvcrt.dll imm32.dll msctf.dll ole32.dll rpcrt4.dll oleaut32.dll cryptbase.dll clbcatq.dll advapi32.dll sechost.dll mscoree.dll ntdll.dll ntdll.dll wow64.dll wow64win.dll wow64cpu.dll kernel32.dll msctf.dll kernel32.dll kernel32.dll user32.dll kernel32.dll kernelbase.dll msvcrt.dll winbrand.dll user32.dll gdi32.dll lpk.dll usp10.dll advapi32.dll sechost.dll rpcrt4.dll sspicli.dll cryptbase.dll imm32.dll msctf.dll apphelp.dll,normal
 ntdll.dll kernel32.dll kernelbase.dll msvcrt.dll cryptbase.dll ole32.dll gdi32.dll user32.dll lpk.dll kernel32.dll dhcpcsvc.dll user32.dll usp10.dll user32.dll rpcrt4.dll KernelBase.dll dinput8.dll imm32.dll msctf.dll version.dll cryptbase.dll clbcatq.dll msvcp110_win.dll advapi32.dll sechost.dll api-ms-win-crt-filesystem-l1-1-0.dll oleaut32.dll cfgmgr32.dll cryptsp.dll oleaut32.dll rsaenh.dll rpcrtremote.dll uxtheme.dll shacct.dll comctl32.dll bcryptprimitives.dll shlwapi.dll userenv.dll profapi.dll System.Security.dll idstore.dll ntdll.dll kernel32.dll bcryptprimitives.dll kernelbase.dll msvcrt.dll winbrand.dll user32.dll gdi32.dll lpk.dll usp10.dll imm32.dll msctf.dll apphelp.dll,normal
 ntdll.dll kernel32.dll wininet.dll kernelbase.dll gdi32.dll user32.dll lpk.dll System.Transactions.dll usp10.dll system.identitymodel.selectors.dll msvcrt.dll wow64win.dll system.core.dll imm32.dll msctf.dll ole32.dll rpcrt4.dll oleaut32.dll ntdll.dll ntdll.dll wow64.dll shlwapi.dll wow64win.dll wow64cpu.dll apphelp.dll kernel32.dll kernel32.dll kernel32.dll winnsi.dll actionqueue.dll user32.dll actxprxy.dll kernel32.dll kernelbase.dll advapi32.dll msvcrt.dll sspicli.dll sechost.dll system.windows.input.manipulations.ni.dll rpcrt4.dll sspicli.dll cryptbase.dll dnsapi.dll ws2_32.dll nsi.dll winnsi.dll system.configuration.ni.dll dhcpcsvc.dll dhcpcsvc6.dll shell32.dll shlwapi.dll gdi32.dll user32.dll lpk.dll usp10.dll ntdll.dll ole32.dll imm32.dll ntdll.dll msctf.dll clbcatq.dll oleaut32.dll cryptsp.dll rsaenh.dll rpcrtremote.dll ws2_32.dll wevtapi.dll mscoree.dll system.management.automation.dll kernel32.dll System.AddIn.dll cryptsp.dll ntdll.dll ntdll.dll usp10.dll comctl32.dll imm32.dll imm32.dll ntmarta.dll wow64.dll System.XML.dll rsaenh.dll cryptbase.dll wow64win.dll wow64cpu.dll ole32.dll kernel32.dll kernel32.dll advapi32.dll kernel32.dll user32.dll kernel32.dll kernelbase.dll mscorlib.ni.dll msvcrt.dll system.data.sqlxml.dll oleaut32.dll ole32.dll gdi32.dll user32.dll advapi32.dll windows.applicationmodel.background.timebroker.dll mshtml.dll sechost.dll rpcrt4.dll sspicli.dll cryptbase.dll lpk.dll crypt32.dll usp10.dll ieframe.dll version.dll imm32.dll msctf.dll mscorlib.dll sxs.dll clbcatq.dll eqossnap.dll vbscript.dll advapi32.dll sfc.dll wintrust.dll crypt32.dll msasn1.dll cryptsp.dll rsaenh.dll ws2_32.dll msisip.dll wshext.dll mscorwks.dll ntdll.dll comctl32.dll shell32.dll shlwapi.dll scrobj.dll msi.dll comctl32.dll scrrun.dll ntdll.dll kernel32.dll rpcrt4.dll kernelbase.dll gdi32.dll user32.dll lpk.dll ntshrui.dll usp10.dll msctf.dll msvcrt.dll imm32.dll imm32.dll msctf.dll ole32.dll sechost.dll rpcrt4.dll oleaut32.dll cryptbase.dll clbcatq.dll advapi32.dll sechost.dll ntdll.dll ntdll.dll urlmon.dll clbcatq.dll wow64.dll wow64win.dll wow64cpu.dll kernel32.dll kernel32.dll ntdll.dll smdiagnostics.ni.dll setupapi.dll kernel32.dll user32.dll kernel32.dll kernelbase.dll msvcrt.dll winbrand.dll user32.dll gdi32.dll lpk.dll usp10.dll advapi32.dll sechost.dll rpcrt4.dll sspicli.dll cryptbase.dll imm32.dll msctf.dll apphelp.dll,normal
 ntdll.dll ntdll.dll wow64.dll wow64win.dll nlslexicons0011.dll wow64cpu.dll kernel32.dll kernel32.dll kernel32.dll kernel32.dll slwga.dll system.core.dll msvcp_win.dll user32.dll rsaenh.dll kernel32.dll kernelbase.dll msi.dll winbrand.dll msvcrt.dll advapi32.dll sechost.dll rpcrt4.dll sspicli.dll cryptbase.dll user32.dll gdi32.dll sechost.dll lpk.dll usp10.dll msctf.dll shlwapi.dll ole32.dll msi.dll psapi.dll version.dll wininet.dll urlmon.dll user32.dll oleaut32.dll crypt32.dll msasn1.dll iertutil.dll slc.dll sensapi.dll comdlg32.dll sensapi.dll shlwapi.dll kernel32.dll shell32.dll gpapi.dll lpk.dll wintrust.dll userenv.dll profapi.dll imm32.dll msctf.dll secur32.dll comctl32.dll uxtheme.dll,normal
 ntdll.dll ntdll.dll PresentationFramework.dll wow64.dll wow64win.dll wow64cpu.dll kernel32.dll microsoft.transactions.bridge.ni.dll kernel32.dll kernel.appcore.dll kernel32.dll System.Data.OracleClient.dll msctf.dll user32.dll wintrust.dll kernel32.dll system.data.sqlxml.dll kernelbase.dll ntdll.dll msvcrt.dll winbrand.dll user32.dll gdi32.dll lpk.dll nsi.dll usp10.dll advapi32.dll sechost.dll rpcrt4.dll sspicli.dll msctf.dll cryptbase.dll imm32.dll msctf.dll apphelp.dll,normal
 ntdll.dll kernel32.dll kernelbase.dll gdi32.dll user32.dll lpk.dll gdi32.dll usp10.dll msvcrt.dll imm32.dll cryptsp.dll msctf.dll shell32.dll wintrust.dll ole32.dll System.Web.Abstractions.dll rpcrt4.dll version.dll oleaut32.dll cryptbase.dll clbcatq.dll wow64cpu.dll advapi32.dll System.Security.ni.dll sechost.dll ntdll.dll msvcrt.dll ntdll.dll wow64.dll ntdll.dll wow64win.dll wow64cpu.dll kernel32.dll kernel32.dll kernel32.dll user32.dll kernel32.dll wmsgapi.dll api-ms-win-downlevel-advapi32-l1-1-0.dll clbcatq.dll system.addin.ni.dll kernelbase.dll msvcrt.dll oleacc.dll winbrand.dll user32.dll gdi32.dll lpk.dll System.Web.ni.dll usp10.dll advapi32.dll sechost.dll rpcrt4.dll sspicli.dll cryptbase.dll imm32.dll msctf.dll apphelp.dll,normal
 ntdll.dll ntdll.dll kernel32.dll kernelbase.dll kernelbase.dll apphelp.dll msvcrt.dll msvcrt.dll advapi32.dll sechost.dll sppuinotify.dll sspicli.dll clbcatq.dll lpk.dll sechost.dll rpcrt4.dll rpcrt4.dll shlwapi.dll usp10.dll combase.dll KernelBase.dll WindowsBase.ni.dll ucrtbase.dll ucrtbase.dll bcryptprimitives.dll bcryptprimitives.dll gdi32.dll gdi32full.dll msvcp_win.dll msvcp_win.dll sspicli.dll devrtl.dll user32.dll win32u.dll ole32.dll shell32.dll cfgmgr32.dll shcore.dll shcore.dll windows.storage.dll windows.storage.dll advapi32.dll dnsapi.dll msvcr80.dll advapi32.dll kernel.appcore.dll kernel.appcore.dll profapi.dll powrprof.dll filterlib.dll fltlib.dll logoncli.dll sspicli.dll gdi32.dll ActionCenter.dll sspicli.dll userenv.dll cryptbase.dll taskschd.dll userenv.dll imm32.dll uxtheme.dll rsaenh.dll system.directoryservices.dll uxtheme.dll oleaut32.dll sechost.dll comctl32.dll urlmon.dll urlmon.dll dlnashext.dll System.Security.dll iertutil.dll iertutil.dll ntdll.dll cryptbase.dll cryptbase.dll clbcatq.dll system.runtime.serialization.formatters.soap.ni.dll acgenral.dll mpr.dll ws2_32.dll mpr.dll devobj.dll apphelp.dll mmcbase.dll mmcbase.dll wintrust.dll logoncli.dll netutils.dll msasn1.dll ntdll.dll rsaenh.dll msasn1.dll crypt32.dll wkscli.dll version.dll bcrypt.dll ole32.dll kernelbase.dll gdi32full.dll bcrypt.dll ws2_32.dll ws2_32.dll duser.dll usp10.dll msctf.dll mfc42u.dll sppc.dll mfc42u.dll oleacc.dll ninput.dll propsys.dll rsaenh.dll propsys.dll mscorlib.ni.dll dui70.dll mlang.dll dcomp.dll dcomp.dll dxgi.dll dxgi.dll rsaenh.dll userenv.dll msctf.dll System.Transactions.ni.dll dxgi.dll msftedit.dll api-ms-win-downlevel-shlwapi-l1-1-0.dll dxgi.dll twinapi.appcore.dll twinapi.appcore.dll rmclient.dll rmclient.dll mmcndmgr.dll stdole.ni.dll advapi32.dll mmcndmgr.dll msxml6.dll wldp.dll msxml6.dll xmllite.dll System.ni.dll xmllite.dll els.dll dsrole.dll srvcli.dll ntdsapi.dll ntdll.dll apphelp.dll ntdsapi.dll activeds.dll adsldpc.dll imm32.dll wevtapi.dll adsldpc.dll wldap32.dll sspicli.dll rpcrt4.dll riched32.dll msvcrt.dll oleaut32.dll riched32.dll riched20.dll riched20.dll msls31.dll dwmapi.dll dwmapi.dll comctl32.dll dataexchange.dll dataexchange.dll d3d11.dll shcore.dll d3d11.dll winmm.dll atlthunk.dll System.Xml.dll atlthunk.dll wcp.dll tabskb.dll atlthunk.dll mscoree.dll mscoree.dll System.Data.dll mscoreei.dll kernel32.dll microsoft.office.tools.v9.0.ni.dll mscoreei.dll clr.dll clr.dll msvcr120_clr0400.dll msvcr120_clr0400.dll tdh.dll sxs.dll mscorlib.dll nsi.dll ntdll.dll apphelp.dll mscorlib.ni.dll rsaenh.dll cryptsp.dll cryptsp.dll rsaenh.dll rsaenh.dll version.dll imm32.dll wldp.dll wldp.dll shell32.dll system.dll ntdll.dll system.ni.dll user32.dll mmcex.dll mmcex.ni.dll mmcfxcommon.dll mscoreei.dll mmcfxcommon.ni.dll System.Runtime.Serialization.ni.dll kernelbase.dll SHCore.dll gdi32.dll system.core.dll system.core.ni.dll system.configuration.dll cmisetup.dll presentationcore.dll system.configuration.dll system.configuration.ni.dll system.xml.dll shlwapi.dll system.xml.ni.dll system.drawing.dll system.drawing.ni.dll system.windows.forms.dll kernel32.dll system.windows.forms.ni.dll diasymreader.dll diasymreader.dll imm32.dll microsoft.managementconsole.dll System.dll microsoft.managementconsole.ni.dll kernel32.dll clrjit.dll clrjit.dll eventviewer.dll system.drawing.dll eventviewer.ni.dll sechost.dll windowscodecs.dll miguicontrols.dll wevtapi.dll settingsynccore.dll miguicontrols.ni.dll gdiplus.dll system.serviceprocess.dll system.serviceprocess.ni.dll wevtapi.dll wevtapi.dll wecapi.dll wecapi.dll userenv.dll edputil.dll textinputframework.dll coremessaging.dll coremessaging.dll coreuicomponents.dll clbcatq.dll System.Configuration.Install.dll coreuicomponents.dll taskschd.dll SensApi.dll ntmarta.dll msvcrt.dll ntmarta.dll wintypes.dll wintypes.dll dhcpcsvc.dll wintypes.dll wintypes.dll wintypes.dll wintypes.dll comdlg32.dll api-ms-win-crt-convert-l1-1-0.dll devobj.dll wow64win.dll comdlg32.dll kernel32.dll mscoreei.dll imjptip.dll policymanager.dll policymanager.dll msvcp110_win.dll msvcp110_win.dll mpr.dll imjpapi.dll imjkapi.dll imjppred.dll wer.dll wer.dll imetip.dll msvcrt.dll imecfm.dll imecfm.dll dwrite.dll imesearchdll.dll mtf.dll msimg32.dll uiautomationcore.dll usp10.dll uiautomationcore.dll usp10.dll mscand20.dll kernel32.dll sensapi.dll jscript.dll imebrokerps.dll imebrokerps.dll mscorlib.dll imjplmp.dll riched20.dll riched20.dll usp10.dll msls31.dll gdi32.dll system.web.dll profapi.dll ole32.dll system.web.dll system.web.dll system.web.dll system.web.dll system.web.dll secur32.dll secur32.dll explorerframe.dll wintrust.dll explorerframe.dll thumbcache.dll comctl32.dll thumbcache.dll windows.globalization.dll windows.globalization.dll davclnt.dll bcp47lang.dll bcp47langs.dll bcp47mrm.dll bcp47mrm.dll msftedit.dll shcore.dll globinputhost.dll bcryptprimitives.dll globinputhost.dll tiptsf.dll tiptsf.dll linkinfo.dll windows.staterepositoryps.dll windows.staterepositoryps.dll user32.dll windows.storage.search.dll appidapi.dll windows.storage.search.dll shlwapi.dll searchfolder.dll searchfolder.dll structuredquery.dll structuredquery.dll mssprxy.dll winnsi.dll mssprxy.dll mssvp.dll mssvp.dll onecorecommonproxystub.dll onecorecommonproxystub.dll ntshrui.dll ntshrui.dll cscapi.dll cscapi.dll samcli.dll ntshrui.dll ntshrui.dll samlib.dll imm32.dll onecoreuapcommonproxystub.dll onecoreuapcommonproxystub.dll twinapi.dll twinapi.dll dropboxext.dll dropboxext64.27.0.dll winhttp.dll photometadatahandler.dll photometadatahandler.dll vcruntime140.dll vcruntime140.dll msvcp140.dll msvcp140.dll oleaut32.dll grooveex.dll coml2.dll winmm.dll winmmbase.dll winmmbase.dll winmmbase.dll msi.dll msi.dll winsta.dll winsta.dll cldapi.dll cldapi.dll setupapi.dll grooveintlresource.dll grooveintlresource.dll grooveintlresource.dll grooveintlresource.dll drprov.dll ntlanman.dll ntlanman.dll ehstorshell.dll ehstorshell.dll davclnt.dll davclnt.dll davhlpr.dll cscui.dll cscui.dll networkexplorer.dll zipfldr.dll,normal
 ntdll.dll kernel32.dll KernelBase.dll gdi32.dll wow64.dll msswch.dll user32.dll lpk.dll usp10.dll msvcrt.dll imm32.dll api-ms-win-crt-heap-l1-1-0.dll system.management.ni.dll Query.dll msctf.dll ole32.dll sspicli.dll api-ms-win-devices-config-l1-1-0.dll rpcrt4.dll ucrtbase.dll oleaut32.dll ntdll.dll system.core.dll ntdll.dll wow64.dll wow64win.dll wow64cpu.dll kernel32.dll kernel32.dll kernel32.dll user32.dll cryptbase.dll kernel32.dll sechost.dll wldp.dll KernelBase.dll advapi32.dll msvcrt.dll uxtheme.dll nlsdata0009.dll sechost.dll rpcrt4.dll sspicli.dll cryptbase.dll dnsapi.dll gdi32.dll ws2_32.dll nsi.dll winnsi.dll dhcpcsvc.dll dhcpcsvc6.dll kernel32.dll shell32.dll thumbcache.dll shlwapi.dll gdi32.dll api-ms-win-crt-time-l1-1-0.dll system.configuration.ni.dll system.dll user32.dll lpk.dll clbcatq.dll usp10.dll ole32.dll nsi.dll imm32.dll msctf.dll clbcatq.dll oleaut32.dll cryptsp.dll rsaenh.dll RpcRtRemote.dll wevtapi.dll ntdll.dll kernel32.dll ntdll.dll wow64.dll wow64win.dll wow64cpu.dll kernel32.dll kernel32.dll kernel32.dll shell32.dll user32.dll gdi32.dll kernel32.dll wow64.dll msctf.dll user32.dll KernelBase.dll msvcrt.dll oleaut32.dll ole32.dll gdi32.dll user32.dll advapi32.dll sechost.dll rpcrt4.dll gdi32.dll sspicli.dll cryptbase.dll System.Runtime.Serialization.Formatters.Soap.ni.dll lpk.dll usp10.dll shell32.dll version.dll imm32.dll msctf.dll sxs.dll cfgmgr32.dll wow64cpu.dll msasn1.dll vaultcli.dll clbcatq.dll msctf.dll vbscript.dll advapi32.dll wintrust.dll nsi.dll crypt32.dll msasn1.dll cryptsp.dll rsaenh.dll msisip.dll wshext.dll comctl32.dll system.ni.dll shell32.dll shlwapi.dll scrobj.dll msi.dll kernel32.dll scrrun.dll ntdll.dll kernel32.dll KernelBase.dll gdi32.dll cryptbase.dll user32.dll Wldap32.dll presentationcore.dll System.Security.ni.dll user32.dll System.Windows.Forms.ni.dll lpk.dll system.web.services.dll usp10.dll msvcrt.dll imm32.dll msctf.dll ole32.dll System.Core.dll rpcrt4.dll oleaut32.dll oleaut32.dll shell32.dll cryptbase.dll clbcatq.dll advapi32.dll Microsoft.VisualStudio.Tools.Applications.Contract.v10.0.ni.dll sechost.dll ntdll.dll ntdll.dll wow64.dll wow64win.dll wow64cpu.dll kernel32.dll kernel32.dll kernel32.dll uxtheme.dll user32.dll kernel32.dll wups.dll KernelBase.dll msvcrt.dll winbrand.dll user32.dll gdi32.dll lpk.dll usp10.dll advapi32.dll wpdshext.dll sechost.dll sechost.dll rpcrt4.dll sspicli.dll cryptbase.dll imm32.dll msctf.dll apphelp.dll,normal
 ntdll.dll kernel32.dll kernelbase.dll user32.dll gdi32.dll profapi.dll lpk.dll ucaddinres.dll msctf.dll usp10.dll sxs.dll msvcrt.dll shlwapi.dll ole32.dll netplwiz.dll shell32.dll imm32.dll ole32.dll rpcrt4.dll mpr.dll netutils.dll msvcr120_clr0400.dll imm32.dll gdi32.dll msctf.dll comctl32.dll system.data.oracleclient.dll uxtheme.dll rpcrt4.dll dwmapi.dll advapi32.dll sechost.dll cryptbase.dll dsrole.dll samcli.dll samlib.dll netutils.dll msswch.dll winmm.dll oleaut32.dll,normal
 ntdll.dll msvcrt.dll kernel32.dll KernelBase.dll gdi32.dll advapi32.dll usp10.dll msvcrt.dll sechost.dll rpcrt4.dll user32.dll gdi32.dll iertutil.dll lpk.dll usp10.dll ole32.dll ntdll.dll oleaut32.dll shlwapi.dll gdi32.dll imm32.dll msctf.dll msshooks.dll system.security.dll mscoree.dll cryptbase.dll mscoreei.dll microsoft.visualstudio.tools.applications.runtime.v9.0.dll cryptbase.dll clbcatq.dll mssprxy.dll kernel32.dll tquery.dll cryptsp.dll rsaenh.dll RpcRtRemote.dll,normal
 imm32.dll ntdll.dll rsaenh.dll windowscodecs.dll kernel32.dll kernel32.dll kernelbase.dll advapi32.dll msvcrt.dll sechost.dll rpcrt4.dll user32.dll msimg32.dll gdi32.dll lpk.dll usp10.dll ole32.dll twinapi.appcore.dll oleaut32.dll tquery.dll shlwapi.dll winsta.dll imm32.dll msctf.dll system.web.dll msshooks.dll kernel32.dll lpk.dll mscoree.dll mscoreei.dll cryptsp.dll cryptbase.dll clbcatq.dll cryptsp.dll rsaenh.dll rpcrtremote.dll system.directoryservices.ni.dll kernel32.dll mssprxy.dll sxs.dll ole32.dll ntdll.dll wevtapi.dll ntdll.dll rpcrt4.dll wow64.dll dhcpcsvc.dll kernel32.dll wow64win.dll wow64cpu.dll UIAutomationTypes.dll kernel32.dll kernel32.dll kernel32.dll user32.dll kernel.appcore.dll msctf.dll kernel32.dll kernelbase.dll msvcrt.dll ole32.dll gdi32.dll user32.dll advapi32.dll sechost.dll oleaut32.dll rpcrt4.dll sspicli.dll cryptbase.dll lpk.dll usp10.dll imm32.dll msctf.dll System.Xml.dll clbcatq.dll oleaut32.dll msado15.dll cryptsp.dll rsaenh.dll rpcrtremote.dll uxtheme.dll shell32.dll shlwapi.dll actxprxy.dll comctl32.dll,normal
 kernelbase.dll cfgmgr32.dll ntdll.dll kernel32.dll kernelbase.dll gdi32.dll kernel32.dll user32.dll lpk.dll usp10.dll msvcrt.dll imm32.dll user32.dll system.drawing.design.ni.dll msctf.dll ole32.dll rpcrt4.dll oleaut32.dll,normal
 rsaenh.dll msvcr120_clr0400.dll mscoree.dll mscoreei.dll version.dll clr.dll msvcrt.dll d3d11.dll clr.dll taskschd.dll msctf.dll clbcatq.dll ntdll.dll kernel32.dll shcore.dll kernelbase.dll wshext.dll msvcrt.dll sechost.dll advapi32.dll sechost.dll ole32.dll rpcrt4.dll shlwapi.dll gdi32.dll user32.dll dhcpcsvc6.dll lpk.dll usp10.dll KernelBase.dll ole32.dll oleaut32.dll system.deployment.dll ntdll.dll imm32.dll sspicli.dll cryptbase.dll fusion.dll mscorsvc.dll,normal
 ntdll.dll kernel32.dll KernelBase.dll advapi32.dll msvcrt.dll sechost.dll rpcrt4.dll system.web.dll ole32.dll nsi.dll gdi32.dll user32.dll ninput.dll lpk.dll wow64cpu.dll usp10.dll imm32.dll msctf.dll wdscore.dll Microsoft.VisualC.ni.dll usp10.dll oleaut32.dll shell32.dll shlwapi.dll nsi.dll system.runtime.serialization.formatters.soap.dll dbghelp.dll System.Windows.Forms.ni.dll system.management.ni.dll cryptbase.dll CbsCore.dll version.dll crypt32.dll msasn1.dll propsys.dll wintrust.dll userenv.dll profapi.dll ktmw32.dll dpx.dll rsaenh.dll dpx.dll rpcrt4.dll dpx.dll msasn1.dll sspicli.dll wcp.dll oleaut32.dll DrUpdate.dll setupapi.dll cfgmgr32.dll devobj.dll mpr.dll SensApi.dll wrpint.dll ntdll.dll sxsstore.dll System.Security.dll msctf.dll sqmapi.dll winhttp.dll webio.dll winhttp.dll webio.dll SensApi.dll ole32.dll shlwapi.dll cryptsp.dll rsaenh.dll RpcRtRemote.dll clbcatq.dll shlwapi.dll dmcmnutils.dll CbsApi.dll smipi.dll imm32.dll usp10.dll smiengine.dll ntdll.dll ntdll.dll wow64.dll wow64win.dll rasadhlp.dll shell32.dll wow64cpu.dll kernel32.dll kernel32.dll kernel32.dll user32.dll kernel32.dll KernelBase.dll msvcrt.dll winbrand.dll user32.dll wow64cpu.dll gdi32.dll lpk.dll usp10.dll advapi32.dll sechost.dll rpcrt4.dll dropboxext.dll sspicli.dll cryptbase.dll imm32.dll msctf.dll apphelp.dll,normal
 ntdll.dll clrjit.dll npmproxy.dll ntdll.dll wow64.dll wow64win.dll sxs.dll wow64cpu.dll kernel32.dll kernel32.dll kernel32.dll user32.dll srvcli.dll nlaapi.dll kernel32.dll KernelBase.dll mscorlib.dll msvcrt.dll winbrand.dll user32.dll wow64cpu.dll gdi32.dll lpk.dll system.data.dll usp10.dll advapi32.dll lpk.dll sechost.dll rpcrt4.dll sspicli.dll cryptbase.dll imm32.dll sensapi.dll msctf.dll apphelp.dll,normal
 mscorlib.dll msvcrt.dll microsoft.mediacenter.tv.tuners.interop.dll ntdll.dll kernel32.dll imm32.dll crypt32.dll kernelbase.dll wship6.dll advapi32.dll msvcrt.dll sechost.dll ole32.dll rpcrt4.dll gdi32.dll user32.dll lpk.dll sxs.dll usp10.dll msswch.dll winmm.dll dwmapi.dll gdiplus.dll ole32.dll oleacc.dll oleaut32.dll shlwapi.dll System.Xml.ni.dll wmsgapi.dll duser.dll uxtheme.dll imm32.dll msctf.dll,normal
 ntdll.dll ntdll.dll wow64.dll version.dll kernel32.dll ReachFramework.dll ntdll.dll wow64win.dll diagperf.dll wow64cpu.dll kernel32.dll kernel32.dll npmproxy.dll kernel32.dll user32.dll kernel32.dll KernelBase.dll msvcrt.dll Microsoft.VisualStudio.Tools.Office.AddInAdapter.v9.0.dll winbrand.dll sensapi.dll user32.dll gdi32.dll lpk.dll usp10.dll advapi32.dll sechost.dll shlwapi.dll rpcrt4.dll sspicli.dll npmproxy.dll cryptbase.dll imm32.dll msctf.dll apphelp.dll,normal
 System.Security.ni.dll ntdll.dll kernel32.dll kernelbase.dll advapi32.dll sechost.dll sspicli.dll msvcrt.dll sechost.dll rpcrt4.dll atl.dll user32.dll gdi32.dll lpk.dll Microsoft.Office.Tools.v4.0.Framework.dll usp10.dll ole32.dll rpcrt4.dll coreuicomponents.dll oleaut32.dll mscoree.dll shlwapi.dll imm32.dll mapi32.dll msctf.dll cryptbase.dll usp10.dll system.runtime.remoting.ni.dll mscorlib.dll lpk.dll cryptbase.dll wow64.dll clbcatq.dll shell32.dll userenv.dll profapi.dll clbcatq.dll comctl32.dll nsi.dll propsys.dll cryptbase.dll setupapi.dll cfgmgr32.dll devobj.dll ntmarta.dll clbcatq.dll wldap32.dll sxs.dll apphelp.dll msvcr120_clr0400.dll igd10iumd64.dll system.runtime.remoting.dll shdocvw.dll linkinfo.dll ntshrui.dll srvcli.dll cscapi.dll slc.dll cryptsp.dll rsaenh.dll msasn1.dll kernel32.dll mscorwks.dll sechost.dll msvcr80.dll mscorlib.ni.dll srvcli.dll msvcp110_win.dll system.ni.dll msctf.dll microsoft.powershell.consolehost.ni.dll system.management.automation.ni.dll version.dll psapi.dll system.configuration.install.ni.dll microsoft.wsman.management.ni.dll system.transactions.ni.dll apphelp.dll system.transactions.dll apphelp.dll microsoft.powershell.commands.utility.ni.dll microsoft.powershell.commands.management.ni.dll microsoft.powershell.security.dll microsoft.powershell.security.ni.dll ieapfltr.dll culture.dll mscorjit.dll system.xml.ni.dll lpk.dll system.management.ni.dll system.directoryservices.ni.dll imm32.dll shfolder.dll rpcrt4.dll secur32.dll sspicli.dll clbcatq.dll sspicli.dll system.data.ni.dll system.data.dll ws2_32.dll nsi.dll crypt32.dll gdi32.dll msasn1.dll rpcrtremote.dll system.configuration.dll system.configuration.ni.dll sxs.dll rasapi32.dll rasman.dll rtutils.dll mswsock.dll logoncli.dll webio.dll wship6.dll winnsi.dll dhcpcsvc6.dll shell32.dll dhcpcsvc.dll credssp.dll pwdssp.dll winhttp.dll webio.dll dnsapi.dll rasadhlp.dll system.security.dll system.security.ni.dll system.core.ni.dll bcrypt.dll wmiutils.dll wbemcomn.dll wbemprox.dll wminet_utils.dll wminet_utils.dll wbemsvc.dll fastprox.dll nlaapi.dll napinsp.dll winrnr.dll ntdsapi.dll,empire
 ntdll.dll kernel32.dll kernelbase.dll msvcrt.dll conhostv2.dll combase.dll ucrtbase.dll rpcrt4.dll sxssrv.dll userenv.dll bcryptprimitives.dll gdi32.dll msctf.dll gdi32full.dll user32.dll win32u.dll imm32.dll system.web.ni.dll advapi32.dll oleaut32.dll kernelbase.dll msvcp_win.dll sechost.dll shcore.dll kernel32.dll propsys.dll sechost.dll shell32.dll psapi.dll cfgmgr32.dll windows.storage.dll powrprof.dll advapi32.dll rpcrt4.dll shlwapi.dll kernel.appcore.dll profapi.dll crypt32.dll clbcatq.dll msctf.dll,normal
 srumapi.dll srumapi.dll srumapi.dll GdiPlus.dll srumapi.dll,normal
 ntdll.dll shlwapi.dll kernel32.dll msasn1.dll secur32.dll KernelBase.dll gdi32.dll user32.dll wintrust.dll advapi32.dll cryptsp.dll lpk.dll usp10.dll kernel32.dll msvcrt.dll user32.dll imm32.dll msctf.dll mscorjit.dll ole32.dll rpcrt4.dll oleaut32.dll cryptbase.dll clbcatq.dll advapi32.dll presentationframework.classic.dll sechost.dll System.Web.Services.ni.dll ntdll.dll shlwapi.dll kernel32.dll KernelBase.dll advapi32.dll msvcrt.dll sechost.dll nsi.dll rpcrt4.dll ole32.dll gdi32.dll user32.dll lpk.dll usp10.dll imm32.dll msctf.dll wdscore.dll oleaut32.dll ntdsmsg.dll shell32.dll shlwapi.dll mpclient.dll dbghelp.dll cryptbase.dll CbsCore.dll version.dll crypt32.dll msasn1.dll oleaut32.dll wintrust.dll userenv.dll clbcatq.dll system.runtime.serialization.formatters.soap.ni.dll profapi.dll ktmw32.dll shlwapi.dll mmcss.dll ntdll.dll bcryptprimitives.dll dpx.dll dpx.dll dpx.dll tquery.dll wcp.dll msfeeds.dll ole32.dll DrUpdate.dll setupapi.dll cryptbase.dll cfgmgr32.dll devobj.dll mpr.dll wrpint.dll sxsstore.dll sqmapi.dll winhttp.dll comctl32.dll webio.dll winhttp.dll webio.dll SensApi.dll cryptsp.dll rsaenh.dll RpcRtRemote.dll clbcatq.dll CbsApi.dll smipi.dll smiengine.dll,normal
 lpk.dll ntdll.dll ntdll.dll wow64.dll wow64win.dll wow64cpu.dll kernel32.dll imm32.dll dui70.dll kernel32.dll kernel32.dll comctl32.dll user32.dll user32.dll propsys.dll kernel32.dll shlwapi.dll kernelbase.dll oleaut32.dll advapi32.dll msvcrt.dll sechost.dll rpcrt4.dll ntdll.dll sspicli.dll mscoreei.dll cryptbase.dll msvcr120_clr0400.dll ntdll.dll mscoree.dll ntprint.dll System.Data.dll wintypes.dll api-ms-win-crt-convert-l1-1-0.dll msvcr80.dll ole32.dll wow64.dll sechost.dll gdi32.dll user32.dll wevtapi.dll dnsapi.dll lpk.dll usp10.dll oleaut32.dll imm32.dll msctf.dll msvcrt.dll cryptsp.dll imm32.dll rsaenh.dll rpcrtremote.dll cryptsp.dll clbcatq.dll sxs.dll mscoreei.dll clr.dll shlwapi.dll mscorlib.ni.dll msvcrt.dll clrjit.dll winhttp.dll version.dll mscorlib.dll mscorlib.dll system.ni.dll system.dll system.dll microsoft.powershell.editor.dll microsoft.powershell.editor.dll system.core.ni.dll windowsbase.ni.dll nsi.dll presentationcore.ni.dll presentationframework.ni.dll presentationframework.dll dsrole.dll dsrole.dll presentationframework.dll windowsbase.dll windowsbase.dll imm32.dll system.core.dll system.core.dll presentationcore.dll wow64.dll presentationcore.dll system.xaml.ni.dll system.xaml.dll system.xaml.dll uiautomationprovider.ni.dll uiautomationprovider.dll uiautomationprovider.dll system.componentmodel.composition.ni.dll system.componentmodel.composition.dll system.componentmodel.composition.dll accessibility.ni.dll wow64win.dll accessibility.dll accessibility.dll system.drawing.ni.dll system.drawing.dll system.drawing.dll clrjit.dll uiautomationtypes.ni.dll uiautomationtypes.dll usp10.dll uiautomationtypes.dll uiautomationclient.ni.dll msvcrt.dll system.configuration.ni.dll system.configuration.dll system.configuration.dll kernel32.dll system.xml.ni.dll system.xml.dll system.xml.dll system.numerics.ni.dll system.numerics.dll system.numerics.dll system.security.ni.dll system.security.dll system.security.dll,normal
 logoncli.dll secur32.dll,normal
 ntdll.dll ntdll.dll wmsgapi.dll wow64.dll shell32.dll sechost.dll mscorlib.dll wow64win.dll oleacc.dll System.Web.RegularExpressions.ni.dll wow64cpu.dll kernel32.dll kernel32.dll kernel32.dll user32.dll clrjit.dll kernel32.dll KernelBase.dll msvcrt.dll winbrand.dll api-ms-win-eventing-consumer-l1-1-0.dll user32.dll gdi32.dll lpk.dll usp10.dll advapi32.dll sechost.dll mscoree.dll rpcrt4.dll System.Windows.Forms.dll sspicli.dll cryptbase.dll imm32.dll msctf.dll apphelp.dll,normal
 ntdll.dll nsi.dll kernel32.dll kernelbase.dll advapi32.dll msvcrt.dll sechost.dll rpcrt4.dll cabinet.dll advapi32.dll ws2_32.dll ieframe.dll msvcr120_clr0400.dll shlwapi.dll mscoree.dll ole32.dll vsocklib.dll gdi32.dll user32.dll System.Activities.dll lpk.dll usp10.dll oleaut32.dll kernelbase.dll imm32.dll msctf.dll textinputframework.dll cryptbase.dll cryptsp.dll rsaenh.dll advapi32.dll sfc.dll rpcrtremote.dll clbcatq.dll sxs.dll uxtheme.dll mscoreei.dll system.drawing.dll clbcatq.dll mscorwks.dll System.Configuration.ni.dll msvcr80.dll shlwapi.dll shell32.dll sechost.dll oleaut32.dll profapi.dll mscorlib.ni.dll mscorjit.dll mscorlib.dll mscorlib.dll cryptsp.dll imm32.dll msasn1.dll version.dll mscorlib.dll mscorlib.dll microsoft.mediacenter.itvvm.ni.dll imm32.dll system.ni.dll microsoft.mediacenter.ni.dll ehiitv.ni.dll microsoft.mediacenter.ui.ni.dll d3d10level9.dll system.drawing.ni.dll microsoft.mediacenter.itv.hosting.ni.dll system.xml.ni.dll system.runtime.remoting.ni.dll ehrecobj.ni.dll system.web.ni.dll advapi32.dll system.web.dll system.web.dll system.web.dll system.web.dll ehiuserxp.ni.dll system.web.services.ni.dll system.configuration.ni.dll netapi32.dll system.security.ni.dll system.data.sqlxml.ni.dll system.data.ni.dll system.data.dll shlwapi.dll ntdll.dll gdi32.dll system.data.dll system.data.dll system.data.dll system.data.dll ws2_32.dll nsi.dll crypt32.dll msasn1.dll system.printing.dll system.directoryservices.ni.dll user32.dll system.directoryservices.protocols.ni.dll system.enterpriseservices.ni.dll system.enterpriseservices.dll sechost.dll system.enterpriseservices.dll kernel32.dll system.design.ni.dll mscoreei.dll shell32.dll ntdll.dll system.serviceprocess.ni.dll system.windows.forms.ni.dll system.web.regularexpressions.ni.dll perfnet.dll msasn1.dll microsoft.visualc.ni.dll policymanager.dll oleaut32.dll system.transactions.ni.dll system.transactions.dll system.transactions.dll shlwapi.dll user32.dll system.transactions.dll user32.dll system.transactions.dll system.transactions.dll system.runtime.serialization.formatters.soap.ni.dll system.drawing.design.ni.dll sspicli.dll system.data.oracleclient.ni.dll system.data.oracleclient.dll system.data.oracleclient.dll system.data.oracleclient.dll system.data.oracleclient.dll system.data.oracleclient.dll msctf.dll accessibility.ni.dll system.deployment.ni.dll system.configuration.install.ni.dll ehiproxy.ni.dll imm32.dll riched20.dll mcepg.ni.dll apphelp.dll System.configuration.dll ntdll.dll mcstore.ni.dll bdatunepia.ni.dll bdatunepia.dll sechost.dll cryptdll.dll msvcrt.dll bdatunepia.dll bdatunepia.dll System.Transactions.dll ehividctl.ni.dll mcstoredb.ni.dll mcstoredb.dll System.Web.dll shlwapi.dll mcstoredb.dll mcstoredb.dll rasapi32.dll rasman.dll mscorwks.dll stdole.ni.dll system.core.dll mscorsec.dll wintrust.dll comctl32.dll shlwapi.dll api-ms-win-core-realtime-l1-1-0.dll msi.dll cryptbase.dll riched20.dll imagehlp.dll ncrypt.dll bcrypt.dll bcryptprimitives.dll msvcp140.dll msvcrt.dll imm32.dll userenv.dll gpapi.dll cryptnet.dll lpk.dll wldap32.dll sensapi.dll ntdll.dll lpk.dll kernel32.dll kernelbase.dll d3d11.dll advapi32.dll msvcrt.dll sechost.dll rpcrt4.dll version.dll msvcr120_clr0400.dll mscoree.dll msctf.dll ole32.dll gdi32.dll normaliz.dll Microsoft.Office.Tools.v9.0.dll user32.dll lpk.dll usp10.dll oleaut32.dll ntdll.dll imm32.dll msctf.dll cryptbase.dll cryptsp.dll rsaenh.dll rpcrtremote.dll clbcatq.dll sxs.dll mscoreei.dll clr.dll shlwapi.dll mscorlib.ni.dll clrjit.dll apphelp.dll KernelBase.dll system.ni.dll version.dll mscorlib.dll user32.dll ntdll.dll ws2_32.dll mscorlib.dll system.xml.ni.dll system.drawing.ni.dll rsaenh.dll system.windows.forms.ni.dll shlwapi.dll system.configuration.install.ni.dll system.runtime.serialization.ni.dll kernel32.dll system.core.ni.dll system.configuration.ni.dll ntdll.dll dsreg.dll msctf.dll ntdll.dll wow64.dll wow64win.dll wow64cpu.dll kernel32.dll kernel32.dll kernel32.dll user32.dll kernel32.dll msctf.dll kernelbase.dll sechost.dll rpcrt4.dll advapi32.dll msvcrt.dll ntdll.dll sechost.dll rpcrt4.dll sspicli.dll kernel32.dll cryptbase.dll msvcr120_clr0400.dll mscoree.dll ole32.dll ncrypt.dll system.xml.dll gdi32.dll user32.dll lpk.dll winbrand.dll usp10.dll oleaut32.dll imm32.dll sspicli.dll ntdll.dll msctf.dll cryptsp.dll mscoree.dll rsaenh.dll rpcrtremote.dll clbcatq.dll sxs.dll mscoreei.dll mscorwks.dll msvcr80.dll shlwapi.dll shell32.dll profapi.dll mscorlib.ni.dll mscorjit.dll user32.dll mscorlib.dll System.ni.dll mscorlib.dll version.dll mscorlib.dll mscorlib.dll system.ni.dll mscorsec.dll wintrust.dll mscorlib.ni.dll crypt32.dll msasn1.dll comctl32.dll dhcpcsvc.dll riched20.dll imagehlp.dll ncrypt.dll bcrypt.dll bcryptprimitives.dll Microsoft.VisualStudio.Tools.Applications.ServerDocument.v9.0.dll userenv.dll gpapi.dll cryptnet.dll wldap32.dll sensapi.dll system.dll rpcrt4.dll system.dll system.dll system.dll microsoft.build.framework.ni.dll microsoft.build.framework.dll microsoft.build.framework.dll microsoft.build.engine.ni.dll system.configuration.ni.dll system.configuration.dll system.configuration.dll system.configuration.dll system.configuration.dll system.xml.ni.dll system.xml.dll ntdll.dll system.xml.dll system.xml.dll microsoft.build.engine.dll microsoft.build.engine.dll system.xml.dll system.security.ni.dll system.security.dll system.security.dll system.security.dll system.security.dll system.data.sqlxml.ni.dll system.data.sqlxml.dll system.data.sqlxml.dll system.data.sqlxml.dll system.data.sqlxml.dll,normal
 userenv.dll dhcpcsvc.dll ntdll.dll ntdll.dll wow64.dll cryptsp.dll wow64win.dll system.data.oracleclient.dll comctl32.dll wow64cpu.dll kernel32.dll kernel32.dll shlwapi.dll kernel32.dll user32.dll kernel32.dll KernelBase.dll cryptbase.dll msvcrt.dll winbrand.dll user32.dll gdi32.dll lpk.dll usp10.dll advapi32.dll sechost.dll kernel32.dll version.dll rpcrt4.dll user32.dll sspicli.dll cryptbase.dll imm32.dll msctf.dll apphelp.dll,normal
 ntdll.dll kernel32.dll KernelBase.dll sxs.dll advapi32.dll msvcrt.dll mscms.dll winhttp.dll sechost.dll rpcrt4.dll user32.dll gdi32.dll lpk.dll usp10.dll shell32.dll shlwapi.dll winsta.dll mscorlib.dll wtsapi32.dll mpr.dll ole32.dll api-ms-win-core-file-l1-2-0.dll imm32.dll msctf.dll RpcRtRemote.dll cryptbase.dll msctf.dll cryptsp.dll msctf.dll rsaenh.dll imm32.dll System.Configuration.Install.ni.dll,normal
 ntdll.dll kernel.appcore.dll kernel32.dll kernelbase.dll msvcrt.dll combase.dll rpcrt4.dll oleaut32.dll shcore.dll combase.dll msctf.dll wer.dll sechost.dll mscorjit.dll advapi32.dll user32.dll gdi32.dll sxs.dll cryptsp.dll bcrypt.dll mscorwks.dll rsaenh.dll cryptbase.dll bcryptprimitives.dll rsaenh.dll ntmarta.dll,normal
 devrtl.dll InputSwitch.dll searchfolder.dll System.DirectoryServices.Protocols.ni.dll networkexplorer.dll msshooks.dll samcli.dll sensapi.dll samlib.dll twinapi.dll user32.dll twext.dll shacct.dll mpclient.dll imagehlp.dll rpcrt4.dll gpapi.dll shellext.dll eppmanifest.dll syncui.dll synceng.dll sendmail.dll mydocs.dll dlnashext.dll apphelp.dll devdispitemprovider.dll playtodevice.dll wpdshext.dll wintrust.dll ehstorapi.dll ondemandconnroutehelper.dll sqmapi.dll,normal
 ntdll.dll ntdll.dll user32.dll wow64.dll wow64win.dll wow64cpu.dll mscorjit.dll ntdll.dll kernel32.dll kernel32.dll kernel32.dll usp10.dll system.security.ni.dll user32.dll kernel32.dll sechost.dll KernelBase.dll imm32.dll msvcrt.dll winbrand.dll msvcrt.dll user32.dll gdi32.dll ntdll.dll lpk.dll portabledeviceapi.dll usp10.dll advapi32.dll sechost.dll rpcrt4.dll sspicli.dll cryptbase.dll imm32.dll msctf.dll apphelp.dll,normal
 powrprof.dll eppmanifest.dll sendmail.dll mydocs.dll wpdshext.dll,normal
 ntdll.dll kernel32.dll KernelBase.dll ntdll.dll sxs.dll Microsoft.Build.Utilities.ni.dll advapi32.dll msvcrt.dll sechost.dll shlwapi.dll rpcrt4.dll rasadhlp.dll msvcr120_clr0400.dll mscoree.dll user32.dll userenv.dll ole32.dll gdi32.dll msvcrt.dll user32.dll UIAutomationProvider.ni.dll lpk.dll usp10.dll wevtapi.dll usp10.dll oleaut32.dll imm32.dll winhttp.dll msctf.dll wintrust.dll cryptbase.dll cryptsp.dll rsaenh.dll RpcRtRemote.dll clbcatq.dll sxs.dll mscoreei.dll mscorwks.dll System.Data.Entity.ni.dll msvcr80.dll winmm.dll shlwapi.dll shell32.dll profapi.dll mscorlib.ni.dll mscorjit.dll mscorlib.dll mscorlib.dll version.dll mscorlib.dll mscorlib.dll System.ni.dll Microsoft.ManagementConsole.ni.dll System.Configuration.Install.ni.dll MMCFxCommon.ni.dll System.Drawing.ni.dll System.Windows.Forms.ni.dll System.Runtime.Serialization.Formatters.Soap.ni.dll System.Configuration.ni.dll System.Xml.ni.dll msvcp140.dll wbemprox.dll System.Security.ni.dll System.Data.SqlXml.ni.dll Accessibility.ni.dll System.Deployment.ni.dll system.runtime.remoting.ni.dll rpcrt4.dll ntdll.dll kernel32.dll KernelBase.dll advapi32.dll msvcrt.dll sechost.dll KernelBase.dll rpcrt4.dll msvcr120_clr0400.dll mscoree.dll oleaut32.dll usp10.dll provsvc.dll mscorlib.dll ntdll.dll ole32.dll gdi32.dll user32.dll lpk.dll usp10.dll oleaut32.dll imm32.dll shell32.dll settingsyncpolicy.dll lpk.dll msctf.dll cryptbase.dll cryptsp.dll SensApi.dll kernel32.dll oleaut32.dll rsaenh.dll RpcRtRemote.dll system.serviceprocess.ni.dll System.Windows.Forms.dll clbcatq.dll sxs.dll mscoreei.dll mscorwks.dll oleaut32.dll msvcr80.dll shlwapi.dll shell32.dll profapi.dll Wldap32.dll gdi32.dll mscorlib.ni.dll mscorjit.dll KernelBase.dll mscorlib.dll mscorlib.dll kernel32.dll version.dll mscorlib.dll msutb.dll mscorlib.dll System.ni.dll rpcrt4.dll System.Web.DynamicData.Design.ni.dll shlwapi.dll System.Design.ni.dll System.Web.ni.dll System.Web.dll oleaut32.dll System.Web.dll System.Web.dll System.Web.dll smdiagnostics.ni.dll system.drawing.dll sechost.dll msvcrt.dll user32.dll shell32.dll System.Core.ni.dll UIAutomationCore.dll System.ComponentModel.DataAnnotations.ni.dll System.Web.Abstractions.ni.dll api-ms-win-core-rtlsupport-l1-1-0.dll System.Web.Extensions.ni.dll cryptsp.dll System.Web.Routing.ni.dll System.Web.DynamicData.ni.dll System.Data.ni.dll nsi.dll System.Data.dll System.Data.dll System.Data.dll System.Data.dll System.Data.dll ws2_32.dll shlwapi.dll nsi.dll crypt32.dll msasn1.dll System.Xml.ni.dll System.Drawing.ni.dll System.Windows.Forms.ni.dll mscorlib.dll System.Drawing.Design.ni.dll ole32.dll System.Configuration.ni.dll System.Data.OracleClient.ni.dll System.Data.OracleClient.dll System.Data.OracleClient.dll userenv.dll rpcrt4.dll kernel32.dll System.Data.OracleClient.dll clbcatq.dll user32.dll System.Data.OracleClient.dll System.Data.OracleClient.dll System.Runtime.Serialization.Formatters.Soap.ni.dll Accessibility.ni.dll system.security.dll System.Web.RegularExpressions.ni.dll System.Security.ni.dll System.Data.SqlXml.ni.dll Microsoft.VisualC.ni.dll kernel32.dll System.Transactions.ni.dll System.Transactions.dll System.Transactions.dll System.Transactions.dll System.Transactions.dll oleaut32.dll clbcatq.dll System.Transactions.dll user32.dll System.EnterpriseServices.ni.dll System.EnterpriseServices.dll System.EnterpriseServices.dll msctf.dll userenv.dll System.XML.dll System.DirectoryServices.ni.dll System.Runtime.Remoting.ni.dll System.Web.Services.ni.dll System.DirectoryServices.Protocols.ni.dll System.ServiceProcess.ni.dll System.Configuration.Install.ni.dll uxtheme.dll System.Deployment.ni.dll System.Data.Linq.ni.dll System.Data.Entity.ni.dll System.Xml.Linq.ni.dll System.ServiceModel.ni.dll System.Runtime.Serialization.ni.dll sspicli.dll kernel32.dll System.ServiceModel.Web.ni.dll System.Data.Services.Client.ni.dll System.Data.Services.Design.ni.dll SMDiagnostics.ni.dll System.IdentityModel.ni.dll bcrypt.dll System.Messaging.ni.dll System.IdentityModel.Selectors.ni.dll kernel32.dll Microsoft.Transactions.Bridge.ni.dll WindowsBase.ni.dll mscorlib.dll appxdeploymentserver.dll ntdll.dll ntdll.dll wow64.dll wow64win.dll wow64cpu.dll kernel32.dll usp10.dll kernel32.dll kernel32.dll user32.dll kernel32.dll KernelBase.dll advapi32.dll msvcrt.dll sechost.dll rpcrt4.dll sspicli.dll cryptbase.dll msvcr120_clr0400.dll mscoree.dll ole32.dll gdi32.dll user32.dll lpk.dll usp10.dll oleaut32.dll imm32.dll msctf.dll cryptsp.dll rsaenh.dll RpcRtRemote.dll clbcatq.dll sxs.dll mscoreei.dll clr.dll shlwapi.dll,normal
 mscoreei.dll msctf.dll ntdll.dll kernel32.dll KernelBase.dll amsiproxy.dll imageres.dll msvcrt.dll kernel32.dll rpcrt4.dll gdi32.dll user32.dll lpk.dll kernel32.dll usp10.dll ole32.dll oleaut32.dll imm32.dll ntdll.dll sensapi.dll ntdll.dll wow64.dll wow64win.dll wow64cpu.dll kernel32.dll kernel32.dll ole32.dll kernel32.dll tabskb.dll api-ms-win-core-file-l1-2-0.dll winmm.dll System.EnterpriseServices.dll shell32.dll user32.dll kernel32.dll KernelBase.dll msvcrt.dll winbrand.dll user32.dll gdi32.dll windows.cortana.pal.desktop.dll lpk.dll usp10.dll advapi32.dll kernel.appcore.dll sechost.dll rpcrt4.dll sspicli.dll cryptbase.dll msi.dll imm32.dll msctf.dll apphelp.dll,normal
 ntdll.dll clrjit.dll ole32.dll kernelbase.dll api-ms-win-core-processtopology-obsolete-l1-1-0.dll msasn1.dll advapi32.dll windows.storage.dll msvcrt.dll sechost.dll rpcrt4.dll nsi.dll lpk.dll gdi32.dll lpk.dll usp10.dll ole32.dll oleaut32.dll tquery.dll rsaenh.dll tquery.dll clbcatq.dll shlwapi.dll msshooks.dll msshooks.dll imm32.dll sspicli.dll msctf.dll cryptbase.dll cryptbase.dll msidle.dll kernel32.dll api-ms-win-downlevel-user32-l1-1-0.dll user32.dll clbcatq.dll cryptsp.dll rsaenh.dll rpcrtremote.dll mssprxy.dll sdiagschd.dll mssph.dll mapi32.dll kernelbase.dll authz.dll ntmarta.dll gdiplus.dll wldap32.dll shell32.dll comctl32.dll propsys.dll linkinfo.dll cfgmgr32.dll apphelp.dll networkexplorer.dll setupapi.dll cfgmgr32.dll devobj.dll profapi.dll,normal
 imm32.dll ntdll.dll ntdll.dll wow64.dll wow64win.dll wow64cpu.dll kernel32.dll kernel32.dll kernel32.dll idstore.dll msisip.dll user32.dll kernel32.dll KernelBase.dll advapi32.dll msvcrt.dll netprofm.dll sechost.dll rpcrt4.dll mscorwks.dll sspicli.dll cryptbase.dll msvcr120_clr0400.dll gdi32.dll mscoree.dll ole32.dll gdi32.dll user32.dll lpk.dll usp10.dll oleaut32.dll imm32.dll msctf.dll msctf.dll cryptsp.dll rsaenh.dll RpcRtRemote.dll clbcatq.dll sxs.dll RpcRtRemote.dll mscoreei.dll system.web.dll clr.dll shlwapi.dll mscorlib.ni.dll clrjit.dll kernel32.dll Microsoft.PowerShell.Activities.dll msidle.dll Microsoft.PowerShell.Activities.dll version.dll mscorlib.dll mscorlib.dll Microsoft.Powershell.Workflow.ServiceCore.dll Microsoft.Powershell.Workflow.ServiceCore.dll System.ni.dll sspicli.dll msvcrt.dll rpcrt4.dll wininet.dll msvcrt.dll System.Core.ni.dll crypt32.dll System.Activities.ni.dll System.Activities.dll System.Activities.dll System.Activities.dll user32.dll wshbth.dll imageres.dll System.Activities.dll powrprof.dll System.Activities.dll System.Activities.dll System.Management.ni.dll System.Management.dll System.Management.Automation.dll rpcrt4.dll ntdll.dll System.Management.dll RpcRtRemote.dll System.Management.Automation.dll Microsoft.Management.Infrastructure.ni.dll lpk.dll shcore.dll Microsoft.Management.Infrastructure.dll winsta.dll Microsoft.Management.Infrastructure.dll System.Activities.Presentation.ni.dll System.Activities.Presentation.dll System.Activities.Presentation.dll WindowsBase.ni.dll system.configuration.dll PresentationCore.ni.dll cryptbase.dll ole32.dll PresentationFramework.ni.dll System.Windows.Forms.ni.dll PresentationFramework.dll PresentationFramework.dll profapi.dll PresentationFramework.dll PresentationFramework.dll PresentationFramework.dll PresentationFramework.dll PresentationCore.dll kernel32.dll shell32.dll PresentationCore.dll system.dll PresentationCore.dll PresentationCore.dll rsaenh.dll PresentationCore.dll PresentationCore.dll winmmbase.dll WindowsBase.dll WindowsBase.dll WindowsBase.dll WindowsBase.dll WindowsBase.dll WindowsBase.dll System.dll kernel32.dll linkinfo.dll wow64win.dll System.dll System.Xaml.ni.dll System.Xaml.dll System.Xaml.dll kernel.appcore.dll version.dll System.Xaml.dll System.Xaml.dll kernelbase.dll System.Xaml.dll System.Xaml.dll UIAutomationTypes.ni.dll UIAutomationTypes.dll UIAutomationTypes.dll UIAutomationTypes.dll UIAutomationTypes.dll UIAutomationTypes.dll UIAutomationTypes.dll system.drawing.design.ni.dll gdi32.dll System.Xml.ni.dll System.Xml.dll System.Xml.dll ntdll.dll dps.dll rsaenh.dll api-ms-win-downlevel-advapi32-l2-1-0.dll System.Xml.dll System.Xml.dll System.Xml.dll System.Xml.dll System.Core.dll sechost.dll System.Core.dll lpk.dll Microsoft.Management.Infrastructure.CimCmdlets.ni.dll Microsoft.Management.Infrastructure.CimCmdlets.dll Microsoft.Management.Infrastructure.CimCmdlets.dll Microsoft.PowerShell.Utility.Activities.dll Microsoft.PowerShell.Utility.Activities.dll System.Transactions.ni.dll System.Transactions.dll System.Transactions.dll System.Transactions.dll System.Transactions.dll System.Transactions.dll iertutil.dll System.Transactions.dll System.Transactions.dll System.ServiceModel.Internals.ni.dll System.ServiceModel.Internals.dll System.ServiceModel.Internals.dll System.ServiceModel.Internals.dll System.ServiceModel.Internals.dll System.ServiceModel.Internals.dll System.ServiceModel.Internals.dll Microsoft.PowerShell.Activities.ni.dll,normal
 ntdll.dll actxprxy.dll ole32.dll imm32.dll kernel32.dll sechost.dll ntdll.dll wow64.dll shlwapi.dll msctf.dll Wldap32.dll setupapi.dll accessibility.ni.dll lpk.dll ws2_32.dll msvcrt.dll oleaut32.dll advapi32.dll clbcatq.dll rpcrt4.dll nsi.dll msvcrt.dll kernel32.dll user32.dll oleaut32.dll mscorlib.dll cbsapi.dll gpapi.dll kernelbase.dll gdi32.dll api-ms-win-core-memory-l1-1-2.dll usp10.dll shell32.dll crypt32.dll wintrust.dll cfgmgr32.dll Microsoft.VisualStudio.Tools.Applications.Contract.v10.0.ni.dll shell32.dll KernelBase.dll devobj.dll userenv.dll profapi.dll imageres.dll msasn1.dll RpcRtRemote.dll imageres.dll winsta.dll dui70.dll cryptbase.dll sspicli.dll mscorsec.dll secur32.dll rasapi32.dll kernel32.dll sysntfy.dll srvcli.dll apphelp.dll wmsgapi.dll cryptdll.dll wevtapi.dll DrUpdate.dll ntdll.dll authz.dll gdi32.dll ncrypt.dll bcrypt.dll ntdll.dll msctf.dll msvcrt.dll usp10.dll netjoin.dll kerberos.dll cryptsp.dll advapi32.dll mswsock.dll wship6.dll usp10.dll dnsapi.dll logoncli.dll rsaenh.dll bcryptprimitives.dll mssvp.dll netutils.dll credssp.dll system.core.ni.dll kernel32.dll ubpm.dll devrtl.dll gpapi.dll windowsbase.ni.dll pcwum.dll version.dll ntmarta.dll cfgmgr32.dll nlaapi.dll netapi32.dll wkscli.dll dmoleaututils.dll sxs.dll winnsi.dll dhcpcsvc6.dll dhcpcsvc.dll api-ms-win-downlevel-normaliz-l1-1-0.dll gpapi.dll wtsapi32.dll clbcatq.dll rtutils.dll winhttp.dll webio.dll rasadhlp.dll atl.dll dsrole.dll ntlanman.dll system.serviceprocess.ni.dll wshqos.dll wshqos.dll sechost.dll mssprxy.dll wshqos.dll wshqos.dll FirewallAPI.dll comctl32.dll system.data.oracleclient.dll uxtheme.dll rsaenh.dll propsys.dll xmllite.dll profsvc.dll samcli.dll WinSCard.dll avrt.dll mmcss.dll gpsvc.dll themeservice.dll es.dll slc.dll user32.dll Sens.dll shsvcs.dll schedsvc.dll rpcrt4.dll ktmw32.dll fveapi.dll mscoree.dll mscorlib.dll KernelBase.dll tbs.dll fvecerts.dll wiarpc.dll taskcomp.dll vssapi.dll vsstrace.dll samlib.dll ntdsapi.dll clbcatq.dll ssdpapi.dll bcrypt.dll wmiutils.dll msado15.dll kernelbase.dll wbemcomn2.dll wbemprox.dll WMIsvc.dll msvcrt.dll iphlpsvc.dll fastprox.dll sqmapi.dll wow64cpu.dll wdscore.dll srvsvc.dll browser.dll netmsg.dll netcfgx.dll hnetcfg.dll wbemcore.dll combase.dll esscli.dll ucrtbase.dll wbemsvc.dll rtm.dll wow64.dll netprofm.dll sscore.dll clusapi.dll sspicli.dll nci.dll cryptnet.dll system.ni.dll resutils.dll repdrvfs.dll npmproxy.dll lpk.dll aelupsvc.dll SessEnv.dll certprop.dll WmiPrvSD.dll tcpmon.dll ncobjapi.dll System.configuration.dll wbemess.dll NCProv.dll system.runtime.serialization.dll TSChannel.dll ResourcePolicyClient.dll qmgr.dll bitsperf.dll bitsigd.dll upnp.dll qmgrprxy.dll appinfo.dll actxprxy.dll ntdll.dll kernel32.dll system.data.entity.dll cabinet.dll wuaueng.dll esent.dll npmproxy.dll mspatcha.dll wups2.dll rpcrt4.dll psapi.dll wups.dll System.dll wu.upgrade.ps.dll wups2.dll msxml3.dll advapi32.dll wer.dll sppc.dll slwga.dll urlmon.dll api-ms-win-downlevel-ole32-l1-1-0.dll api-ms-win-downlevel-shlwapi-l1-1-0.dll wow64win.dll api-ms-win-downlevel-advapi32-l1-1-0.dll api-ms-win-downlevel-user32-l1-1-0.dll api-ms-win-downlevel-version-l1-1-0.dll api-ms-win-downlevel-normaliz-l1-1-0.dllnormaliz.dll iertutil.dll wininet.dll cryptnet.dll SensApi.dll schannel.dll advpack.dll api-ms-win-downlevel-shlwapi-l2-1-0.dll vcruntime140.dll cryptsp.dll kernel32.dll api-ms-win-crt-runtime-l1-1-0.dll ucrtbase.dll api-ms-win-core-timezone-l1-1-0.dll api-ms-win-core-file-l2-1-0.dll api-ms-win-core-localization-l1-2-0.dll api-ms-win-core-synch-l1-2-0.dll api-ms-win-core-processthreads-l1-1-1.dll api-ms-win-core-file-l1-2-0.dll api-ms-win-crt-string-l1-1-0.dll api-ms-win-crt-heap-l1-1-0.dll api-ms-win-crt-stdio-l1-1-0.dll api-ms-win-crt-convert-l1-1-0.dll CbsApi.dll imagehlp.dll msi.dll advpack.dll rasapi32.dll rasman.dll srclient.dll userenv.dll spp.dll vss_ps.dll es.dll slwga.dll CbsApi.dll wbemprox.dll,normal
 mscoree.dll miguicontrols.dll mscoreei.dll clr.dll msvcrt.dll msvcr120_clr0400.dll ntdll.dll wow64.dll system.core.dll wow64win.dll wow64cpu.dll kernel32.dll comctl32.dll kernel32.dll KernelBase.dll oleaut32.dll wevtapi.dll ole32.dll dnsapi.dll msvcrt.dll gdi32.dll kernelbase.dll user32.dll kernel32.dll msctf.dll advapi32.dll sechost.dll rpcrt4.dll sspicli.dll cryptbase.dll lpk.dll lpk.dll System.XML.dll usp10.dll imm32.dll msctf.dll user32.dll msctf.dll shlwapi.dll version.dll clbcatq.dll gdi32.dll msctf.dll mscoree.dll mscoreei.dll fusion.dll kernel.appcore.dll clr.dll clr.dll msvcr120_clr0400.dll msvcrt.dll mscorlib.dll rpcrt4.dll cryptbase.dll ntdll.dll mscorlib.dll imageres.dll ntdll.dll kernel32.dll slc.dll ole32.dll kernel32.dll cryptbase.dll kernel32.dll sxs.dll KernelBase.dll msvcrt.dll advapi32.dll api-ms-win-security-sddl-l1-1-0.dll sechost.dll rpcrt4.dll api-ms-win-downlevel-ole32-l1-1-0.dll shlwapi.dll gdi32.dll user32.dll user32.dll lpk.dll usp10.dll imm32.dll cryptbase.dll imm32.dll oleaut32.dll fusion.dll ntdll.dll cryptsp.dll rsaenh.dll mscorsvc.dll sspicli.dll taskschd.dll ntdll.dll kernel32.dll KernelBase.dll advapi32.dll dnsapi.dll msvcrt.dll sechost.dll rpcrt4.dll user32.dll gdi32.dll lpk.dll usp10.dll ole32.dll oleaut32.dll winmm.dll shlwapi.dll msshooks.dll imm32.dll msctf.dll cryptbase.dll msidle.dll rsaenh.dll clbcatq.dll mssprxy.dll mapi32.dll authz.dll tquery.dll cryptsp.dll rsaenh.dll RpcRtRemote.dll mssph.dll,normal
 ntdll.dll kernel32.dll kernelbase.dll ieframe.dll urlmon.dll System.Runtime.DurableInstancing.dll advapi32.dll msvcrt.dll msctf.dll sechost.dll rpcrt4.dll user32.dll appxdeploymentclient.dll msvcrt.dll gdi32.dll lpk.dll usp10.dll npmproxy.dll cryptsp.dll oleaut32.dll ole32.dll fusion.dll bcrypt.dll SensApi.dll version.dll imm32.dll combase.dll ieframe.dll msctf.dll cryptbase.dll sxs.dll clbcatq.dll netprofm.dll vbscript.dll wintrust.dll netutils.dll crypt32.dll msasn1.dll cryptsp.dll rsaenh.dll comctl32.dll comdlg32.dll shlwapi.dll shell32.dll msisip.dll shell32.dll wshext.dll mpr.dll sspicli.dll scrobj.dll wbemcomn.dll ws2_32.dll nsi.dll wbemprox.dll wmiutils.dll rpcrtremote.dll wbemsvc.dll samlib.dll oleaut32.dll fastprox.dll activeds.dll ntdsapi.dll scrrun.dll adsldp.dll kernel32.dll activeds.dll adsldpc.dll wldap32.dll api-ms-win-downlevel-version-l1-1-0.dll atl.dll netapi32.dll system.web.dll netutils.dll srvcli.dll wkscli.dll logoncli.dll wbemdisp.dll,normal
 iertutil.dll ntdll.dll kernel32.dll kernelbase.dll gdi32.dll user32.dll lpk.dll dhcpcsvc6.dll msvcrt.dll usp10.dll system.core.dll msvcrt.dll imm32.dll msctf.dll gdi32.dll ole32.dll rpcrt4.dll oleaut32.dll api-ms-win-core-localization-l1-2-0.dll cryptbase.dll imm32.dll clbcatq.dll advapi32.dll sechost.dll ntdll.dll ntdll.dll wow64.dll wow64win.dll wow64cpu.dll kernel32.dll ntdll.dll kernel32.dll api-ms-win-core-shutdown-l1-1-0.dll kernel32.dll user32.dll sensapi.dll kernel32.dll kernelbase.dll user32.dll msvcrt.dll winbrand.dll user32.dll gdi32.dll oleaut32.dll lpk.dll api-ms-win-downlevel-advapi32-l1-1-0.dll usp10.dll advapi32.dll nlaapi.dll sechost.dll rpcrt4.dll sspicli.dll rpcrt4.dll cryptbase.dll imm32.dll msctf.dll apphelp.dll msvcrt.dll,normal
 ntdll.dll kernel32.dll kernelbase.dll devobj.dll,normal
 ntdll.dll ntdll.dll wow64.dll wow64win.dll wow64cpu.dll kernel32.dll KernelBase.dll kernel32.dll shell32.dll rsaenh.dll kernel32.dll shlwapi.dll crypt32.dll user32.dll kernel32.dll kernelbase.dll msvcrt.dll system.configuration.dll winbrand.dll user32.dll user32.dll gdi32.dll tokenbinding.dll lpk.dll usp10.dll advapi32.dll sechost.dll profapi.dll crypt32.dll rpcrt4.dll sspicli.dll cryptbase.dll imm32.dll msctf.dll apphelp.dll,normal
 ntdll.dll kernel32.dll kernelbase.dll advapi32.dll shcore.dll rpcrt4.dll goopdate.dll msvcrt.dll sechost.dll rpcrt4.dll devobj.dll dnsapi.dll ws2_32.dll nsi.dll system.enterpriseservices.ni.dll winnsi.dll dhcpcsvc.dll dhcpcsvc6.dll shell32.dll shlwapi.dll wow64cpu.dll gdi32.dll user32.dll lpk.dll usp10.dll mscorlib.dll system.dll ole32.dll imm32.dll msctf.dll kernelbase.dll ntdll.dll ntdll.dll shell32.dll system.runtime.remoting.dll user32.dll wow64.dll wow64win.dll system.addin.dll mscorlib.ni.dll wow64cpu.dll shell32.dll kernel32.dll kernel32.dll KernelBase.dll usp10.dll kernel32.dll usp10.dll kernelbase.dll ntdll.dll System.Core.ni.dll wininet.dll kbd106.dll user32.dll kernel32.dll rpcrt4.dll kernelbase.dll user32.dll gdi32.dll lpk.dll usp10.dll msvcrt.dll advapi32.dll sechost.dll rpcrt4.dll winmm.dll sspicli.dll cryptbase.dll shell32.dll shlwapi.dll imm32.dll oleacc.dll msctf.dll python27.dll kernel32.dll advapi32.dll ws2_32.dll nsi.dll crypt32.dll system.data.dll crypt32.dll msasn1.dll msvcr90.dll ntdll.dll cryptsp.dll rsaenh.dll mswsock.dll wship6.dll ws2_32.dll ole32.dll oleaut32.dll propsys.dll profapi.dll nlaapi.dll ntdll.dll napinsp.dll pnrpnsp.dll usp10.dll ntdll.dll dnsapi.dll winhttp.dll ntdll.dll WindowsCodecs.dll winrnr.dll wshbth.dll drupdate.dll version.dll secur32.dll sspicli.dll pywintypes27.dll ntdll.dll kernel32.dll kernelbase.dll advapi32.dll msvcrt.dll sechost.dll rpcrt4.dll user32.dll gdi32.dll lpk.dll usp10.dll oleaut32.dll ole32.dll shell32.dll gpapi.dll shlwapi.dll imm32.dll msctf.dll cryptbase.dll uxtheme.dll fusion.dll system.data.dll clbcatq.dll oleaut32.dll comctl32.dll cryptsp.dll rsaenh.dll version.dll rpcrtremote.dll actxprxy.dll setupapi.dll cfgmgr32.dll devobj.dll wintrust.dll crypt32.dll msasn1.dll propsys.dll powrprof.dll slc.dll wkscli.dll ws2_32.dll nsi.dll netutils.dll apphelp.dll shdocvw.dll explorerframe.dll duser.dll dui70.dll sxs.dll,normal
 jscript9.dll mscoree.dll ntdll.dll lpk.dll kernel32.dll ntdll.dll kernelbase.dll advapi32.dll lpk.dll msvcrt.dll sechost.dll rpcrt4.dll ole32.dll gdi32.dll user32.dll lpk.dll mscorlib.dll usp10.dll imm32.dll msctf.dll wdscore.dll oleaut32.dll comctl32.dll shell32.dll shlwapi.dll cryptsp.dll sspicli.dll dbghelp.dll cryptbase.dll cbscore.dll wship6.dll msvcrt.dll version.dll crypt32.dll msasn1.dll kernel32.dll msvcr120_clr0400.dll crypt32.dll system.runtime.serialization.dll wintrust.dll userenv.dll profapi.dll ktmw32.dll dpx.dll bcryptprimitives.dll dpx.dll dpx.dll wcp.dll drupdate.dll setupapi.dll cfgmgr32.dll oleaut32.dll devobj.dll sppcommdlg.dll mpr.dll wrpint.dll sxsstore.dll sqmapi.dll winhttp.dll win32u.dll webio.dll winhttp.dll rpcrtremote.dll webio.dll sensapi.dll cryptsp.dll rsaenh.dll rpcrtremote.dll clbcatq.dll cbsapi.dll smipi.dll smiengine.dll,normal
 ntdll.dll uiautomationprovider.dll mscoreei.dll ntdll.dll oleaut32.dll wow64.dll wow64win.dll wow64cpu.dll ntdll.dll kernel32.dll mscorlib.ni.dll kernel32.dll kernel32.dll user32.dll kernel32.dll KernelBase.dll msvcrt.dll gdi32full.dll winbrand.dll user32.dll gdi32.dll imm32.dll lpk.dll wldap32.dll usp10.dll version.dll advapi32.dll sechost.dll rpcrt4.dll sspicli.dll system.transactions.dll cryptbase.dll imm32.dll msctf.dll apphelp.dll,normal
 perfnet.dll ntdll.dll ntdll.dll System.Security.dll wow64.dll wow64win.dll wow64cpu.dll crypt32.dll kernel32.dll kernel32.dll kernel32.dll user32.dll kernel32.dll wow64win.dll kernelbase.dll user32.dll kernel32.dll cryptbase.dll advapi32.dll msvcrt.dll wow64win.dll sechost.dll rpcrt4.dll System.Data.dll sspicli.dll cryptbase.dll grooveintlresource.dll dnsapi.dll ws2_32.dll nsi.dll api-ms-win-core-comm-l1-1-0.dll winnsi.dll loadperf.dll umrdp.dll imm32.dll dhcpcsvc.dll duser.dll dhcpcsvc6.dll shell32.dll usp10.dll user32.dll shlwapi.dll gdi32.dll mscoreei.dll user32.dll lpk.dll usp10.dll ole32.dll mscorlib.ni.dll imm32.dll msctf.dll clbcatq.dll KernelBase.dll oleaut32.dll cryptsp.dll sechost.dll rsaenh.dll cryptbase.dll rpcrtremote.dll msctf.dll wevtapi.dll usp10.dll dnsapi.dll ntdll.dll kernel32.dll kernelbase.dll advapi32.dll msvcrt.dll sechost.dll rpcrt4.dll msvcr120_clr0400.dll presentationcore.dll mscoree.dll crypt32.dll ole32.dll gdi32.dll user32.dll lpk.dll usp10.dll imm32.dll rsaenh.dll oleaut32.dll api-ms-win-core-heap-l1-1-0.dll imm32.dll msctf.dll secur32.dll ole32.dll cryptbase.dll cryptsp.dll rsaenh.dll rpcrtremote.dll msxml6.dll clbcatq.dll sxs.dll microsoft.office.tools.v9.0.ni.dll mpr.dll mscoreei.dll clr.dll shlwapi.dll mscorlib.ni.dll clrjit.dll system.ni.dll msvcrt.dll version.dll mscorlib.dll mscorlib.dll system.xml.ni.dll sndvolsso.dll mscoree.dll system.core.ni.dll system.servicemodel.ni.dll mscorlib.dll apphelp.dll wevtapi.dll microsoft.businessdata.ni.dll fusion.dll cryptsp.dll system.printing.dll imm32.dll system.web.services.ni.dll system.data.ni.dll gdi32.dll system.runtime.serialization.ni.dll system.configuration.ni.dll system.data.dll system.data.dll system.data.dll ntdll.dll kernel32.dll kernelbase.dll advapi32.dll dnsapi.dll msvcrt.dll ntdll.dll sechost.dll wow64.dll utcutil.dll rpcrt4.dll rpcrt4.dll msvcr120_clr0400.dll mscoree.dll odbc32.dll ole32.dll gdi32.dll user32.dll lpk.dll usp10.dll oleaut32.dll api-ms-win-crt-math-l1-1-0.dll imm32.dll msctf.dll vbajet32.dll cryptbase.dll cryptsp.dll rsaenh.dll rpcrtremote.dll clbcatq.dll sxs.dll mscoreei.dll clr.dll shlwapi.dll mscorlib.ni.dll system.data.oracleclient.dll credui.dll clrjit.dll cryptsp.dll ws2_32.dll wow64win.dll system.ni.dll version.dll mscorlib.dll xmllite.dll system.io.compression.filesystem.ni.dll system.data.oracleclient.ni.dll kernel32.dll mscorlib.dll system.io.compression.ni.dll system.core.ni.dll kernel32.dll system.configuration.ni.dll system.xml.ni.dll ntdll.dll ntdll.dll wow64.dll usp10.dll wow64win.dll wow64cpu.dll rsaenh.dll kernel32.dll kernel32.dll clbcatq.dll kernel32.dll user32.dll kernel32.dll kernelbase.dll advapi32.dll msvcrt.dll sechost.dll rpcrt4.dll sspicli.dll cryptbase.dll wow64cpu.dll ntdsapi.dll msvcr120_clr0400.dll mscoree.dll ole32.dll rasadhlp.dll ole32.dll shlwapi.dll gdi32.dll sechost.dll user32.dll lpk.dll cryptsp.dll usp10.dll sspicli.dll oleaut32.dll imm32.dll msctf.dll cryptsp.dll setupapi.dll rsaenh.dll rpcrtremote.dll clbcatq.dll sxs.dll usp10.dll mscoreei.dll clr.dll shlwapi.dll sspicli.dll mscorlib.ni.dll clrjit.dll system.ni.dll imagehlp.dll system.core.ni.dll version.dll system.data.services.ni.dll microsoft.stdformat.dll mscorlib.dll mscorlib.dll system.dll system.dll system.core.dll system.core.dll system.data.services.dll xmllite.dll system.data.services.dll rsaenh.dll system.xml.ni.dll system.xml.dll system.xml.dll system.servicemodel.ni.dll system.servicemodel.dll system.servicemodel.dll system.data.services.client.ni.dll msctf.dll system.data.services.client.dll system.data.services.client.dll system.servicemodel.web.ni.dll sechost.dll system.servicemodel.web.dll system.servicemodel.web.dll system.servicemodel.activation.ni.dll system.servicemodel.activation.dll system.servicemodel.activation.dll system.runtime.serialization.ni.dll KernelBase.dll system.runtime.serialization.dll system.runtime.serialization.dll system.data.entity.ni.dll system.data.entity.dll system.data.entity.dll system.xml.linq.ni.dll system.xml.linq.dll system.xml.linq.dll system.configuration.ni.dll system.configuration.dll system.configuration.dll system.web.ni.dll system.web.dll system.web.dll system.data.linq.ni.dll system.data.linq.dll system.data.linq.dll system.data.ni.dll system.data.dll system.data.dll system.data.dll system.numerics.ni.dll system.numerics.dll system.numerics.dll system.security.ni.dll system.security.dll system.security.dll,normal
 ntdll.dll kernel32.dll KernelBase.dll setupapi.dll gdi32.dll user32.dll ws2_32.dll cdp.dll lpk.dll usp10.dll usp10.dll msvcrt.dll msctf.dll lpk.dll imm32.dll msctf.dll ole32.dll RpcRtRemote.dll wow64.dll rpcrt4.dll oleaut32.dll cryptbase.dll clbcatq.dll system.web.services.dll advapi32.dll sechost.dll ntdll.dll kernel32.dll mscorsec.dll ntdll.dll api-ms-win-downlevel-ole32-l1-1-0.dll wow64.dll wow64win.dll wow64cpu.dll kernel32.dll kernel32.dll kernel32.dll policymanager.dll user32.dll combase.dll kernel32.dll KernelBase.dll msvcrt.dll advapi32.dll winbrand.dll user32.dll gdi32.dll lpk.dll imm32.dll usp10.dll advapi32.dll sechost.dll rpcrt4.dll sspicli.dll cryptbase.dll imm32.dll msctf.dll apphelp.dll,normal
 ntdll.dll ntdll.dll wow64.dll wow64win.dll wow64cpu.dll kernel32.dll WindowsCodecs.dll cdp.dll ntshrui.dll kernel32.dll kernel32.dll mssprxy.dll user32.dll kernel32.dll kernelbase.dll mskeyprotect.dll advapi32.dll msvcrt.dll sechost.dll rpcrt4.dll sspicli.dll cryptbase.dll dnsapi.dll crypt32.dll ws2_32.dll nsi.dll winnsi.dll sechost.dll System.Xml.ni.dll dhcpcsvc.dll dhcpcsvc6.dll dhcpcsvc6.dll shell32.dll shlwapi.dll sfc.dll advapi32.dll tapi32.dll gdi32.dll user32.dll system.servicemodel.internals.dll mscoreei.dll lpk.dll rpcrt4.dll usp10.dll ole32.dll msctf.dll imm32.dll msctf.dll psapi.dll clbcatq.dll scrobj.dll oleaut32.dll cryptsp.dll rsaenh.dll shlwapi.dll rpcrtremote.dll api-ms-win-security-lsapolicy-l1-1-0.dll wevtapi.dll ntdll.dll kernel32.dll msvcrt.dll system.data.entity.dll kernelbase.dll advapi32.dll msvcrt.dll LspUtil.dll sechost.dll rpcrt4.dll gdi32.dll user32.dll oleaut32.dll wrpint.dll lpk.dll usp10.dll wow64win.dll sechost.dll ole32.dll msimg32.dll System.Transactions.dll wmsgapi.dll profapi.dll wtsapi32.dll networkexplorer.dll sxs.dll imm32.dll ole32.dll kernel32.dll winmm.dll userenv.dll profapi.dll dhcpcsvc6.dll System.ni.dll winsta.dll propsys.dll ntdll.dll ws2_32.dll crypt32.dll msasn1.dll msctfmonitor.dll sspicli.dll msctf.dll imm32.dll msutb.dll comctl32.dll shlwapi.dll secur32.dll sspicli.dll shell32.dll cryptbase.dll sechost.dll wintrust.dll cryptsp.dll rsaenh.dll msctf.dll imagehlp.dll bcrypt.dll bcryptprimitives.dll kernel32.dll ncrypt.dll KernelBase.dll gpapi.dll cryptnet.dll wldap32.dll sensapi.dll setupapi.dll cfgmgr32.dll cryptsp.dll sechost.dll oleaut32.dll devobj.dll cabinet.dll devrtl.dll version.dll imm32.dll clbcatq.dll oleaut32.dll presentationframework.dll nlaapi.dll ws2_32.dll urlmon.dll System.Design.dll psapi.dll wininet.dll mswsock.dll kernel32.dll msvcrt.dll iertutil.dll ntdll.dll kernel32.dll kernelbase.dll vmtools.dll wbemcomn.dll ws2_32.dll nsi.dll ntmarta.dll api-ms-win-downlevel-shell32-l1-1-0.dll wldap32.dll cryptsp.dll msvcrt.dll rsaenh.dll rpcrtremote.dll sechost.dll kernel32.dll rpcrt4.dll System.Transactions.dll user32.dll gdi32.dll lpk.dll msasn1.dll usp10.dll user32.dll api-ms-win-downlevel-version-l1-1-0.dll oleaut32.dll ole32.dll imm32.dll msctf.dll cryptbase.dll clbcatq.dll wbemprox.dll wbemsvc.dll System.Xml.ni.dll fastprox.dll version.dll ntdsapi.dll advapi32.dll ncobjapi.dll wmiutils.dll wmiprov.dll ntdll.dll wtsapi32.dll kernel32.dll rpcrt4.dll ole32.dll ntdll.dll wow64.dll wow64win.dll wow64cpu.dll oleaut32.dll clbcatq.dll kernel32.dll kernel32.dll kernel32.dll cscdll.dll user32.dll kernel32.dll kernelbase.dll advapi32.dll msvcrt.dll sechost.dll rpcrt4.dll sspicli.dll MPSSVC.dll cryptbase.dll dnsapi.dll ws2_32.dll ole32.dll nsi.dll winnsi.dll dhcpcsvc.dll rpcrt4.dll dhcpcsvc6.dll gdi32.dll shell32.dll shlwapi.dll gdi32.dll user32.dll lpk.dll system.data.oracleclient.dll usp10.dll ole32.dll imm32.dll msctf.dll msctf.dll clbcatq.dll oleaut32.dll cryptsp.dll rsaenh.dll msctf.dll rpcrtremote.dll wevtapi.dll ntdll.dll ntdll.dll wow64.dll wow64win.dll wow64cpu.dll kernel32.dll lpk.dll kernel32.dll kernel32.dll user32.dll UIAutomationTypes.ni.dll kernel32.dll kernelbase.dll msvcrt.dll oleaut32.dll ole32.dll gdi32.dll user32.dll advapi32.dll sechost.dll rpcrt4.dll sspicli.dll cryptbase.dll lpk.dll usp10.dll version.dll ole32.dll imm32.dll msctf.dll wow64win.dll clbcatq.dll advapi32.dll cryptsp.dll rsaenh.dll sxs.dll shell32.dll shlwapi.dll vbscript.dll wintrust.dll crypt32.dll msasn1.dll msisip.dll wshext.dll comctl32.dll scrobj.dll msi.dll scrrun.dll,normal
 ntdll.dll kernel32.dll KernelBase.dll ntdll.dll advapi32.dll msvcrt.dll sechost.dll samcli.dll accessibility.dll rpcrt4.dll ntdll.dll nlaapi.dll user32.dll gdi32.dll imm32.dll lpk.dll usp10.dll ole32.dll comctl32.dll sfc.dll shlwapi.dll shell32.dll dui70.dll imm32.dll bcryptprimitives.dll msctf.dll cryptbase.dll uxtheme.dll,normal
 ntdll.dll kernel32.dll KernelBase.dll imagehlp.dll gdi32.dll user32.dll api-ms-win-crt-runtime-l1-1-0.dll mswsock.dll lpk.dll usp10.dll secur32.dll msvcrt.dll imm32.dll msctf.dll ole32.dll rpcrt4.dll usp10.dll oleaut32.dll cryptbase.dll clbcatq.dll advapi32.dll sechost.dll kernel32.dll,normal
 ntdll.dll kernel32.dll kernelbase.dll rpcrtremote.dll gdi32.dll user32.dll lpk.dll usp10.dll msvcrt.dll kernel32.dll imm32.dll msctf.dll oleaut32.dll ole32.dll rpcrt4.dll oleaut32.dll cryptbase.dll clbcatq.dll secur32.dll lpk.dll advapi32.dll sechost.dll cbsapi.dll ntdll.dll ntdll.dll wow64.dll wow64win.dll wow64cpu.dll kernel32.dll lpk.dll kernel32.dll cryptsp.dll kernel32.dll user32.dll kernel32.dll kernelbase.dll linkinfo.dll msi.dll advapi32.dll ntdll.dll msvcrt.dll sechost.dll winmm.dll rpcrt4.dll sspicli.dll uxtheme.dll kernel32.dll profapi.dll comdlg32.dll cryptbase.dll dnsapi.dll ws2_32.dll nsi.dll winnsi.dll dhcpcsvc.dll dhcpcsvc6.dll shell32.dll mssprxy.dll user32.dll shlwapi.dll shlwapi.dll gdi32.dll user32.dll api-ms-win-crt-math-l1-1-0.dll lpk.dll usp10.dll sechost.dll ole32.dll imm32.dll msctf.dll clbcatq.dll oleaut32.dll cryptsp.dll gdi32.dll rsaenh.dll rpcrtremote.dll wevtapi.dll,normal
 ntdll.dll winnsi.dll ntdll.dll user32.dll sechost.dll wow64.dll System.Core.ni.dll wow64win.dll wow64cpu.dll kernel32.dll kernel32.dll kernel32.dll user32.dll kernel32.dll kernel32.dll KernelBase.dll system.ni.dll msvcrt.dll msvcrt.dll winbrand.dll user32.dll gdi32.dll advapi32.dll lpk.dll wldap32.dll usp10.dll advapi32.dll sechost.dll wow64win.dll rpcrt4.dll sspicli.dll cryptbase.dll imm32.dll msctf.dll apphelp.dll,normal
 ntdll.dll kernel32.dll KernelBase.dll textinputframework.dll advapi32.dll msctf.dll wow64win.dll msvcrt.dll system.drawing.ni.dll win32u.dll sechost.dll rpcrt4.dll user32.dll gdi32.dll lpk.dll usp10.dll system.web.dll ole32.dll usp10.dll oleaut32.dll tquery.dll version.dll shlwapi.dll imm32.dll msvcrt.dll msctf.dll cryptbase.dll comctl32.dll ntevt.dll msshooks.dll msidle.dll clbcatq.dll cryptsp.dll spoolss.dll rsaenh.dll DrUpdate.dll user32.dll perfos.dll RpcRtRemote.dll ntdll.dll mssprxy.dll api-ms-win-downlevel-advapi32-l1-1-0.dll cryptbase.dll api-ms-win-downlevel-shlwapi-l1-1-0.dll ws2_32.dll api-ms-win-downlevel-user32-l1-1-0.dll gdi32.dll api-ms-win-downlevel-shell32-l1-1-0.dll shell32.dll api-ms-win-downlevel-version-l1-1-0.dll version.dll api-ms-win-downlevel-normaliz-l1-1-0.dllnormaliz.dll iertutil.dll comctl32.dll ieframe.dll api-ms-win-downlevel-ole32-l1-1-0.dll setupapi.dll system.directoryservices.protocols.dll secur32.dll sspicli.dll mlang.dll ole32.dll propsys.dll kernel32.dll wininet.dll userenv.dll profapi.dll api-ms-win-downlevel-advapi32-l2-1-0.dll api-ms-win-downlevel-shlwapi-l2-1-0.dll netprofm.dll dbghelp.dll system.xml.dll ntdll.dll gdi32.dll ntdll.dll dhcpcsvc6.dll msctf.dll msctf.dll kernel32.dll wow64.dll wow64win.dll wow64cpu.dll kernel32.dll user32.dll kernel32.dll kernel32.dll kernelbase.dll user32.dll kernel32.dll KernelBase.dll ole32.dll windowsbase.dll scrrun.dll msvcrt.dll oleaut32.dll kernel32.dll gpapi.dll ole32.dll gdi32.dll user32.dll advapi32.dll sechost.dll rpcrt4.dll sspicli.dll ReachFramework.ni.dll ntdll.dll sspicli.dll cryptbase.dll kernelbase.dll lpk.dll usp10.dll imm32.dll advapi32.dll version.dll SensApi.dll imm32.dll msctf.dll System.Security.dll sxs.dll adsnt.dll gdi32.dll clr.dll mscms.dll System.dll clbcatq.dll advapi32.dll wintrust.dll crypt32.dll wintrust.dll vbscript.dll msasn1.dll cryptsp.dll rsaenh.dll System.configuration.dll comctl32.dll shell32.dll user32.dll shlwapi.dll msisip.dll wshext.dll scrobj.dll system.ni.dll msi.dll scrrun.dll ntdll.dll kernel32.dll wow64.dll KernelBase.dll advapi32.dll msvcrt.dll sechost.dll rpcrt4.dll msvcr120_clr0400.dll mscoree.dll system.web.regularexpressions.ni.dll ole32.dll twinapi.appcore.dll gdi32.dll user32.dll lpk.dll usp10.dll oleaut32.dll imm32.dll msctf.dll cryptbase.dll cryptsp.dll rsaenh.dll RpcRtRemote.dll clbcatq.dll sxs.dll usp10.dll mscoreei.dll gdi32.dll mscorwks.dll msvcr80.dll shlwapi.dll imageres.dll shell32.dll profapi.dll mscorlib.ni.dll mscorlib.dll mscorjit.dll wmsgapi.dll mscorlib.dll mscorlib.dll version.dll mscorlib.dll mscorlib.dll mscorsec.dll wintrust.dll crypt32.dll msasn1.dll comctl32.dll riched20.dll usp10.dll imagehlp.dll ncrypt.dll bcrypt.dll wbemprox.dll bcryptprimitives.dll userenv.dll ntdll.dll gpapi.dll rpcrt4.dll cryptnet.dll Wldap32.dll SensApi.dll System.ni.dll System.AddIn.ni.dll nsi.dll comctl32.dll rsaenh.dll Microsoft.VisualStudio.Tools.Office.AddInAdapter.v9.0.ni.dll System.AddIn.Contract.ni.dll Microsoft.VisualStudio.Tools.Applications.AddInAdapter.v9.0.ni.dll cryptsp.dll policymanager.dll System.Runtime.Remoting.ni.dll System.Configuration.ni.dll System.Xml.ni.dll ntdll.dll kernel32.dll KernelBase.dll advapi32.dll msvcrt.dll sechost.dll rpcrt4.dll msvcr120_clr0400.dll mscoree.dll ole32.dll gdi32.dll user32.dll lpk.dll usp10.dll oleaut32.dll imm32.dll msctf.dll cryptbase.dll microsoft-windows-kernel-processor-power-events.dll cryptsp.dll rsaenh.dll RpcRtRemote.dll clbcatq.dll sxs.dll mscoreei.dll clr.dll shlwapi.dll mscorlib.ni.dll clrjit.dll System.ni.dll version.dll mscorlib.dll mscorlib.dll System.Xml.ni.dll System.Core.ni.dll System.Configuration.ni.dll PresentationBuildTasks.ni.dll,normal
 ntdll.dll ntdll.dll wow64.dll wow64win.dll cryptdll.dll wow64cpu.dll win32u.dll kernel32.dll ole32.dll dhcpcsvc.dll kernel32.dll kernel32.dll user32.dll kernel32.dll kernelbase.dll kernelbase.dll bcrypt.dll secur32.dll msvcrt.dll winbrand.dll user32.dll gdi32.dll lpk.dll usp10.dll advapi32.dll onecoreuapcommonproxystub.dll msvcrt.dll sechost.dll usermgrcli.dll rpcrt4.dll sspicli.dll cryptbase.dll imm32.dll msctf.dll apphelp.dll,normal
 CbsApi.dll System.Transactions.ni.dll CbsApi.dll mscorwks.dll profapi.dll netapi32.dll netutils.dll shdocvw.dll taskschd.dll srvcli.dll lpk.dll apphelp.dll samcli.dll windows.ui.dll logoncli.dll browcli.dll schedcli.dll dsrole.dll security.dll secur32.dll CbsApi.dll CbsApi.dll ntdll.dll ntdll.dll wow64.dll kernel32.dll wow64win.dll wow64cpu.dll kernel32.dll kernel32.dll kernel32.dll shlwapi.dll user32.dll kernel32.dll KernelBase.dll api-ms-win-crt-string-l1-1-0.dll advapi32.dll msvcrt.dll sechost.dll mscoree.dll shlwapi.dll rpcrt4.dll sspicli.dll api-ms-win-downlevel-ole32-l1-1-0.dll cryptbase.dll msvcr120_clr0400.dll netprofm.dll mscoree.dll api-ms-win-downlevel-advapi32-l1-1-0.dll ole32.dll gdi32.dll user32.dll ole32.dll lpk.dll usp10.dll oleaut32.dll imm32.dll system.runtime.durableinstancing.ni.dll msctf.dll rtrfiltr.dll cryptsp.dll rsaenh.dll RpcRtRemote.dll msvcr120_clr0400.dll mscorlib.dll Microsoft.VisualStudio.Tools.Office.Contract.v9.0.dll mscorwks.dll clbcatq.dll sxs.dll mscoreei.dll clr.dll shlwapi.dll ntdll.dll mscorlib.ni.dll lpk.dll kernelbase.dll magnification.dll clrjit.dll System.ni.dll winnsi.dll System.Core.ni.dll user32.dll oleaut32.dll System.Data.ni.dll version.dll lpk.dll System.Data.dll System.Data.dll mscorlib.dll mscorlib.dll System.dll System.dll System.Core.dll System.Core.dll System.Data.dll System.Xml.ni.dll System.Xml.dll System.Xml.dll System.Transactions.ni.dll System.Transactions.dll System.Transactions.dll System.Transactions.dll System.Numerics.ni.dll System.Numerics.dll System.Numerics.dll System.Configuration.ni.dll System.Configuration.dll System.Configuration.dll System.Security.ni.dll advapi32.dll System.Security.dll System.Security.dll System.EnterpriseServices.ni.dll,normal
 ntdll.dll ntdll.dll wow64.dll wow64win.dll wow64cpu.dll clbcatq.dll kernel32.dll kernel32.dll sechost.dll UIAutomationTypes.dll kernel32.dll kernel32.dll user32.dll kernel32.dll kernelbase.dll advapi32.dll Microsoft.VisualStudio.Tools.Applications.Runtime.v9.0.dll msvcrt.dll sechost.dll rpcrt4.dll sspicli.dll cryptbase.dll dnsapi.dll ole32.dll ws2_32.dll gdi32.dll cbsprovider.dll System.Data.ni.dll nsi.dll winnsi.dll dhcpcsvc.dll dhcpcsvc6.dll shell32.dll shlwapi.dll gdi32.dll shlwapi.dll user32.dll lpk.dll usp10.dll ole32.dll imm32.dll winmm.dll msctf.dll clbcatq.dll msvcrt.dll cryptbase.dll oleaut32.dll cryptsp.dll kbd106.dll rsaenh.dll gdi32.dll rpcrtremote.dll wevtapi.dll,normal
 msvcrt.dll ntdll.dll kernel32.dll kernelbase.dll secur32.dll msvcrt.dll combase.dll ucrtbase.dll rpcrt4.dll bcp47mrm.dll mrmcorer.dll bcryptprimitives.dll Wldap32.dll shcore.dll imagehlp.dll shlwapi.dll dhcpcsvc6.dll mscorwks.dll gdi32.dll gdi32full.dll lpk.dll user32.dll win32u.dll imm32.dll KernelBase.dll uxtheme.dll msctf.dll sechost.dll oleaut32.dll msvcp_win.dll startupscan.dll dwmapi.dll,normal
 mscoree.dll mscoreei.dll clr.dll msvcr120_clr0400.dll msctf.dll ntdll.dll kernel32.dll kernelbase.dll rpcrt4.dll msvcrt.dll msvcrt.dll advapi32.dll msctf.dll sechost.dll winbrand.dll msvcrt.dll rpcrt4.dll shlwapi.dll gdi32.dll user32.dll lpk.dll usp10.dll imm32.dll imm32.dll cryptbase.dll fusion.dll cryptsp.dll ntdll.dll imageres.dll rsaenh.dll,normal
 ntdll.dll ntdll.dll kernel32.dll kernelbase.dll uiautomationcore.dll kernelbase.dll drupdate.dll msvcrt.dll msvcrt.dll combase.dll ucrtbase.dll ucrtbase.dll clbcatq.dll rpcrt4.dll rpcrt4.dll lpk.dll bcryptprimitives.dll bcryptprimitives.dll Microsoft.Office.Tools.v9.0.dll kernel.appcore.dll kernel.appcore.dll twinapi.appcore.dll twinapi.appcore.dll ntdll.dll sechost.dll msvcrt.dll sechost.dll rmclient.dll rmclient.dll shcore.dll shcore.dll msvcrt.dll user32.dll win32u.dll user32.dll gdi32.dll ole32.dll gdi32full.dll msvcp_win.dll msvcp_win.dll wintrust.dll kernel32.dll imm32.dll wintypes.dll user32.dll system.ni.dll oleaut32.dll wintypes.dll mrmcore.dll mrmcorer.dll profapi.dll clbcatq.dll onecoreuapcommonproxystub.dll onecoreuapcommonproxystub.dll cryptbase.dll windows.ui.dll wow64cpu.dll windows.ui.dll textinputframework.dll inputhost.dll coremessaging.dll coremessaging.dll kernel32.dll system.xml.ni.dll coreuicomponents.dll coreuicomponents.dll advapi32.dll advapi32.dll ntmarta.dll ntmarta.dll cryptbase.dll languageoverlayutil.dll languageoverlayutil.dll bcp47mrm.dll bcp47mrm.dll biwinrt.dll winnsi.dll sensapi.dll wow64win.dll biwinrt.dll oleaut32.dll rpcrt4.dll contentdeliverymanager.background.dll slc.dll slc.dll wldp.dll wldp.dll cdp.dll cdp.dll ws2_32.dll wow64cpu.dll linkinfo.dll ws2_32.dll cfgmgr32.dll system.windows.forms.ni.dll crypt32.dll sechost.dll gdi32.dll wincorlib.dll msctf.dll bcrypt.dll bcrypt.dll sppc.dll npfproxy.dll sppc.dll kernel32.dll crypt32.dll msasn1.dll d3d10warp.dll advapi32.dll msasn1.dll ncrypt.dll ncrypt.dll ntasn1.dll ntasn1.dll uxtheme.dll clbcatq.dll uxtheme.dll windows.storage.applicationdata.dll windows.storage.applicationdata.dll sspicli.dll advapi32.dll sspicli.dll threadpoolwinrt.dll sfc_os.dll threadpoolwinrt.dll windows.applicationmodel.background.timebroker.dll sechost.dll windows.applicationmodel.background.timebroker.dll policymanager.dll policymanager.dll windows.applicationmodel.background.systemeventsbroker.dll crypt32.dll windows.applicationmodel.background.systemeventsbroker.dll msvcp110_win.dll msvcp110_win.dll winhttp.dll winhttp.dll iphlpapi.dll wintrust.dll logoncli.dll,normal
 ntdll.dll ntdll.dll wow64.dll wow64win.dll wow64cpu.dll kernel32.dll user32.dll kernel32.dll kernel32.dll user32.dll kernel32.dll ieui.dll KernelBase.dll advapi32.dll msvcrt.dll sechost.dll rpcrt4.dll sspicli.dll cryptbase.dll dnsapi.dll wow64win.dll ole32.dll ws2_32.dll ntdll.dll nsi.dll winnsi.dll dhcpcsvc.dll dhcpcsvc6.dll winmm.dll shell32.dll sppc.dll shlwapi.dll gdi32.dll wldap32.dll iertutil.dll shlwapi.dll user32.dll mscoree.dll msctf.dll cabinet.dll lpk.dll usp10.dll ole32.dll kernel32.dll imm32.dll msctf.dll cryptsp.dll clbcatq.dll oleaut32.dll cryptsp.dll rsaenh.dll RpcRtRemote.dll wevtapi.dll,normal
 ntdll.dll kernel32.dll kernelbase.dll advapi32.dll msvcrt.dll winhttp.dll wintrust.dll advapi32.dll sechost.dll lpk.dll rpcrt4.dll user32.dll gdi32.dll profapi.dll lpk.dll usp10.dll ole32.dll oleaut32.dll msctf.dll tquery.dll shlwapi.dll imm32.dll msctf.dll msshooks.dll msimtf.dll cryptbase.dll clbcatq.dll sechost.dll cryptsp.dll advapi32.dll nsi.dll rsaenh.dll rpcrtremote.dll mscoree.dll mscoreei.dll mssprxy.dll ntdll.dll,normal
 ntdll.dll kernel32.dll KernelBase.dll gdi32.dll user32.dll lpk.dll usp10.dll msvcrt.dll imm32.dll msctf.dll ole32.dll rpcrt4.dll oleaut32.dll cryptbase.dll clbcatq.dll sechost.dll advapi32.dll api-ms-win-core-processenvironment-l1-1-0.dll sechost.dll ntdll.dll user32.dll ntdll.dll KernelBase.dll usp10.dll wow64.dll wow64win.dll wow64cpu.dll kernel32.dll kernel32.dll usp10.dll kernel32.dll shlwapi.dll user32.dll kernel32.dll KernelBase.dll msvcrt.dll napipsec.dll oleaut32.dll ole32.dll gdi32.dll user32.dll xwizards.dll advapi32.dll sechost.dll rpcrt4.dll sspicli.dll user32.dll cryptbase.dll lpk.dll usp10.dll system.management.automation.dll version.dll imm32.dll msctf.dll sxs.dll clbcatq.dll vbscript.dll advapi32.dll wintrust.dll crypt32.dll msasn1.dll cryptsp.dll rsaenh.dll api-ms-win-core-synch-l1-2-0.dll lpk.dll imm32.dll oleaut32.dll msisip.dll profapi.dll wshext.dll comctl32.dll shell32.dll wow64win.dll shlwapi.dll scrobj.dll wow64cpu.dll msi.dll user32.dll rsaenh.dll scrrun.dll msxml6.dll gdi32.dll kernel32.dll ntdll.dll ondemandconnroutehelper.dll kernel32.dll KernelBase.dll cryptsp.dll version.dll system.configuration.dll advapi32.dll msvcrt.dll mssph.dll msctf.dll sechost.dll rpcrt4.dll gdi32.dll user32.dll lpk.dll usp10.dll msswch.dll winmm.dll dwmapi.dll GdiPlus.dll clbcatq.dll ole32.dll oleacc.dll oleaut32.dll shlwapi.dll wmsgapi.dll duser.dll uxtheme.dll imm32.dll msctf.dll ntdll.dll sspicli.dll kernel32.dll KernelBase.dll gdi32.dll user32.dll lpk.dll accessibility.dll EhStorShell.dll usp10.dll clbcatq.dll msvcrt.dll imm32.dll msctf.dll oleaut32.dll kernel32.dll ole32.dll rpcrt4.dll sechost.dll oleaut32.dll kernel32.dll cryptbase.dll davclnt.dll dhcpcsvc.dll system.xml.ni.dll clbcatq.dll advapi32.dll kernelbase.dll sechost.dll ntdll.dll ntdll.dll wow64.dll cryptsp.dll imageres.dll msvcrt.dll wow64win.dll wow64cpu.dll wow64cpu.dll kernel32.dll kernel32.dll rpcrt4.dll cryptbase.dll kernel32.dll gdi32.dll user32.dll mscoree.dll kernel32.dll KernelBase.dll usp10.dll advapi32.dll msvcrt.dll sechost.dll rpcrt4.dll rpcrt4.dll cryptbase.dll sspicli.dll sechost.dll cryptbase.dll dnsapi.dll ws2_32.dll nsi.dll winnsi.dll System.Deployment.ni.dll dhcpcsvc.dll dhcpcsvc6.dll shell32.dll clrjit.dll shlwapi.dll rpcrt4.dll gdi32.dll user32.dll system.transactions.dll aeevts.dll lpk.dll usp10.dll ole32.dll imm32.dll msctf.dll clbcatq.dll activeds.dll oleaut32.dll cryptsp.dll mscorlib.dll rsaenh.dll RpcRtRemote.dll lpk.dll wevtapi.dll ntdll.dll kernel32.dll ntdll.dll wininet.dll kernel32.dll KernelBase.dll gdi32.dll user32.dll lpk.dll usp10.dll mscorlib.dll crypt32.dll msvcrt.dll mfc42u.dll oleaut32.dll ole32.dll mscoreei.dll rpcrt4.dll oleaut32.dll odbc32.dll advapi32.dll system.core.ni.dll usp10.dll sechost.dll mmcbase.dll ktmw32.dll shlwapi.dll user32.dll uxtheme.dll imm32.dll oleaut32.dll msctf.dll kernel32.dll odbcint.dll dui70.dll comctl32.dll shell32.dll mskeyprotect.dll rpcrt4.dll duser.dll cryptbase.dll wow64.dll urlmon.dll msvcrt.dll wininet.dll iertutil.dll crypt32.dll msasn1.dll microsoft.office.tools.word.dll imageres.dll sechost.dll mswsock.dll clbcatq.dll gdi32.dll mmcndmgr.dll oleaut32.dll msxml3.dll profapi.dll oleacc.dll cryptsp.dll system.addin.ni.dll rsaenh.dll System.DirectoryServices.dll KernelBase.dll RpcRtRemote.dll cryptdll.dll rpcrt4.dll setupapi.dll cfgmgr32.dll lpk.dll KernelBase.dll devobj.dll mlang.dll propsys.dll userenv.dll dwmapi.dll apphelp.dll xmllite.dll version.dll mscoree.dll mscorwks.dll msvcr80.dll apphelp.dll mscorlib.ni.dll sxs.dll wow64win.dll System.ni.dll clrjit.dll wpdshext.dll System.Configuration.ni.dll MMCEx.ni.dll mswsock.dll MMCFxCommon.ni.dll System.Xml.ni.dll ole32.dll System.Drawing.ni.dll System.Windows.Forms.ni.dll rpcrt4.dll Culture.dll ole32.dll msvcrt.dll diasymreader.dll GdiPlus.dll kernel.appcore.dll Microsoft.ManagementConsole.ni.dll srmlib.dll srmlib.dll uxtheme.dll dnsapi.dll userenv.dll Microsoft.CertificateServices.Setup.Interop.dll Microsoft.CertificateServices.Setup.Interop.dll srmlib.dll mscorlib.ni.dll srmlib.dll rpcrt4.dll shell32.dll Interop.DfsrHelper.dll mscoreei.dll ntdll.dll Interop.DfsrHelper.dll mscorjit.dll comctl32.dll Microsoft.BestPractices.ni.dll ntmarta.dll Wldap32.dll windows.ui.xaml.dll shfolder.dll mscorlib.dll System.Data.dll ws2_32.dll dhcpcsvc6.dll dhcpcsvc.dll ucrtbase.dll presentationcore.dll usp10.dll ws2_32.dll nsi.dll advapi32.dll mswsock.dll comdlg32.dll shell32.dll secur32.dll gdi32.dll wship6.dll sspicli.dll credui.dll cryptbase.dll imm32.dll wevtapi.dll winsta.dll netapi32.dll netutils.dll grooveintlresource.dll kernel32.dll srvcli.dll winmm.dll imecfm.dll wkscli.dll samcli.dll logoncli.dll mcstoredb.dll browcli.dll devrtl.dll winnsi.dll WindowsCodecs.dll dnsapi.dll ntdll.dll wdc.dll wdc.dll wdc.dll pdh.dll pdhui.dll pla.dll tdh.dll utildll.dll windows.applicationmodel.background.timebroker.dll wtsapi32.dll imm32.dll devmgr.dll devmgr.dll imm32.dll devmgr.dll newdev.dll EventViewer.ni.dll usp10.dll mscorlib.dll imageres.dll userenv.dll System.ServiceProcess.ni.dll MIGUIControls.ni.dll napinsp.dll wecapi.dll imecfm.dll dsrole.dll svrmgrnc.dll osbaseln.dll CbsApi.dll netshell.dll nlaapi.dll FirewallAPI.dll wuapi.dll cabinet.dll wintrust.dll SensApi.dll oleaut32.dll wups.dll slc.dll sppc.dll api-ms-win-crt-heap-l1-1-0.dll kernel32.dll cscapi.dll filemgmt.dll msctf.dll oleaut32.dll filemgmt.dll sspicli.dll filemgmt.dll atl.dll localsec.dll localsec.dll localsec.dll wbemcntl.dll shell32.dll wbemcntl.dll mssvp.dll wbemcntl.dll MMFUtil.dll activeds.dll adsldpc.dll System.Data.dll NapiNSP.dll winrnr.dll rasadhlp.dll TaskScheduler.ni.dll ole32.dll adsnt.dll mpr.dll msv1_0.dll taskschd.dll credssp.dll PwdSSP.dll wshqos.dll wshqos.dll wshqos.dll wshqos.dll cryptdll.dll CustomMarshalers.ni.dll CustomMarshalers.dll ieframe.dll psapi.dll mshtml.dll msls31.dll msimtf.dll jscript.dll winmm.dll MMDevAPI.dll dmdskmgr.dll kernel32.dll rsaenh.dll dmdskmgr.dll dmdskmgr.dll dmutil.dll dmdskres.dll dmdskres2.dll blbmmc.ni.dll blbproxy.dll blbproxy.dll blbproxy.dll blbproxy.ni.dll perfproc.dll perfdisk.dll ntdsperf.dll perfos.dll perfnet.dll perfctrs.dll loadperf.dll clbcatq.dll WmiApRpl.dll wbemcomn.dll System.Management.Automation.ni.dll ntdll.dll usp10.dll ntdll.dll PresentationFramework.Royale.dll wow64.dll kernel32.dll wow64win.dll wow64cpu.dll kernel32.dll kernel32.dll kernel32.dll user32.dll kernel32.dll KernelBase.dll advapi32.dll msvcrt.dll sechost.dll rpcrt4.dll sspicli.dll cryptbase.dll dnsapi.dll ws2_32.dll rpcrtremote.dll nsi.dll winnsi.dll dhcpcsvc.dll dhcpcsvc6.dll shell32.dll shlwapi.dll gdi32.dll user32.dll shlwapi.dll lpk.dll wow64.dll usp10.dll ole32.dll imm32.dll msctf.dll clbcatq.dll oleaut32.dll cryptsp.dll rsaenh.dll RpcRtRemote.dll wevtapi.dll GdiPlus.dll ntdll.dll ntdll.dll mscoree.dll wow64.dll wow64win.dll wow64cpu.dll kernel32.dll kernel32.dll kernel32.dll user32.dll kernel32.dll KernelBase.dll msvcrt.dll winbrand.dll user32.dll gdi32.dll lpk.dll usp10.dll advapi32.dll sechost.dll rpcrt4.dll sspicli.dll cryptbase.dll imm32.dll msctf.dll apphelp.dll,normal
 msftedit.dll mssvp.dll bcrypt.dll mapi32.dll mssvp.dll clr.dll mapi32.dll,normal
 msctf.dll msctf.dll ws2_32.dll ntdll.dll usp10.dll ntdll.dll dusmapi.dll oleaut32.dll api-ms-win-core-file-l2-1-0.dll kernel32.dll kernel32.dll microsoft.visualc.ni.dll kernelbase.dll kernelbase.dll version.dll msvcrt.dll msvcrt.dll crypt32.dll rpcrt4.dll wow64cpu.dll cfgmgr32.dll rpcrt4.dll gdi32.dll kernel32.dll gdi32.dll user32.dll RpcRtRemote.dll user32.dll lpk.dll lpk.dll usp10.dll usp10.dll ole32.dll ole32.dll imm32.dll oleaut32.dll oleaut32.dll imm32.dll imm32.dll ntdll.dll kernel32.dll kernel32.dll System.ni.dll version.dll user32.dll ntdll.dll wow64.dll wow64win.dll api-ms-win-core-shlwapi-legacy-l1-1-0.dll wow64cpu.dll kernel32.dll kernel32.dll system.configuration.ni.dll kernelbase.dll oleaut32.dll ole32.dll msvcrt.dll kernelbase.dll gdi32.dll user32.dll oleaut32.dll bcrypt.dll advapi32.dll aepic.dll sechost.dll rpcrt4.dll rsaenh.dll sspicli.dll cryptbase.dll user32.dll sspicli.dll lpk.dll usp10.dll shell32.dll shlwapi.dll ws2_32.dll nsi.dll imm32.dll msctf.dll clbcatq.dll dnsapi.dll cryptsp.dll rsaenh.dll winnsi.dll dhcpcsvc.dll dhcpcsvc6.dll microsoft.jscript.dll rpcrtremote.dll wevtapi.dll,normal
 sensapi.dll ntdll.dll kernel32.dll oleaut32.dll KernelBase.dll advapi32.dll msvcrt.dll sechost.dll rpcrt4.dll ole32.dll gdi32.dll setupapi.dll version.dll user32.dll lpk.dll usp10.dll RpcRtRemote.dll user32.dll imm32.dll msctf.dll wdscore.dll oleaut32.dll shell32.dll msutb.dll rpcrt4.dll shlwapi.dll dbghelp.dll edputil.dll wshext.dll bcryptprimitives.dll sensapi.dll imm32.dll cryptbase.dll CbsCore.dll version.dll crypt32.dll msasn1.dll clbcatq.dll wintrust.dll kernel32.dll userenv.dll profapi.dll ktmw32.dll shell32.dll api-ms-win-core-console-l1-1-0.dll dpx.dll dpx.dll dpx.dll wcp.dll DrUpdate.dll setupapi.dll cfgmgr32.dll ntdll.dll usp10.dll devobj.dll mpr.dll wrpint.dll sxsstore.dll sqmapi.dll winhttp.dll webio.dll winhttp.dll webio.dll SensApi.dll cryptsp.dll rsaenh.dll RpcRtRemote.dll clbcatq.dll CbsApi.dll lpk.dll smipi.dll smiengine.dll,normal
 system.data.oracleclient.ni.dll system.configuration.dll sfc.dll sfc_os.dll miguiresource.dll devicecenter.dll KernelBase.dll devicecenter.dll cryptsp.dll mssvp.dll mapi32.dll wpdshext.dll sfc.dll sfc_os.dll,normal
 ntdll.dll version.dll ntdll.dll kernel32.dll msdtcvsp1res.dll kernelbase.dll usp10.dll kernelbase.dll msvcp_win.dll msvcp_win.dll ucrtbase.dll ucrtbase.dll mscorsec.dll combase.dll rpcrt4.dll rpcrt4.dll bcryptprimitives.dll version.dll bcryptprimitives.dll shcore.dll imm32.dll shcore.dll msvcrt.dll msvcrt.dll crypt32.dll msasn1.dll comctl32.dll imm32.dll msasn1.dll advapi32.dll user32.dll scrobj.dll advapi32.dll comctl32.dll bcrypt.dll bcrypt.dll sechost.dll sechost.dll kernel.appcore.dll kernel.appcore.dll api-ms-win-downlevel-shlwapi-l2-1-0.dll chakra.dll chakra.dll user32.dll wintypes.dll wintypes.dll kernel32.dll win32u.dll iertutil.dll msvcp_win.dll iertutil.dll gdi32.dll gdi32full.dll combase.dll ws2_32.dll ws2_32.dll msdelta.dll msdelta.dll wintrust.dll cryptsp.dll mscorlib.ni.dll cryptsp.dll imm32.dll clbcatq.dll windows.storage.dll windows.storage.dll shlwapi.dll profapi.dll powrprof.dll filterlib.dll fltlib.dll windows.globalization.dll windows.globalization.dll oleaut32.dll bcp47mrm.dll system.xml.dll sechost.dll bcp47mrm.dll bcp47lang.dll qmgrprxy.dll bcp47langs.dll advapi32.dll advapi32.dll rometadata.dll rometadata.dll winrttracing.dll winrttracing.dll windows.web.http.dll msvcrt.dll advapi32.dll System.XML.dll bcrypt.dll windows.web.http.dll cryptbase.dll microsoft.visualstudio.tools.office.appinfodocument.v9.0.dll cryptbase.dll lpk.dll canonurl.dll canonurl.dll smartscreenps.dll smartscreenps.dll windows.security.authentication.onlineid.dll profapi.dll d3d10level9.dll windows.security.authentication.onlineid.dll rpcrt4.dll imm32.dll lpk.dll dpapi.dll rsaenh.dll dpapi.dll tbs.dll wkscli.dll netutils.dll sfc.dll advapi32.dll slc.dll user32.dll slc.dll api-ms-win-crt-convert-l1-1-0.dll sppc.dll d3d11.dll sppc.dll winsta.dll apphelp.dll policymanager.dll microsoft.powershell.commands.utility.ni.dll policymanager.dll msvcp110_win.dll msvcp110_win.dll wininet.dll wininet.dll sspicli.dll ntlanman.dll sspicli.dll ondemandconnroutehelper.dll sspicli.dll sensapi.dll ondemandconnroutehelper.dll iphlpapi.dll winhttp.dll winhttp.dll mswsock.dll mswsock.dll firewallapi.dll oleaut32.dll wow64cpu.dll fwbase.dll fwbase.dll winnsi.dll msvcrt.dll powrprof.dll winnsi.dll nsi.dll msvcr120_clr0400.dll nsi.dll rsaenh.dll rsaenh.dll urlmon.dll urlmon.dll dnsapi.dll rasadhlp.dll cryptsp.dll rasadhlp.dll fwpuclnt.dll schannel.dll schannel.dll mskeyprotect.dll kernel.appcore.dll mskeyprotect.dll user32.dll ncrypt.dll ncrypt.dll ntasn1.dll ntasn1.dll cryptnet.dll ncryptsslp.dll ncryptsslp.dll certenroll.dll dsparse.dll dsparse.dll certca.dll wldap32.dll mlang.dll,normal
 ntdll.dll ole32.dll imm32.dll kernel32.dll KernelBase.dll imm32.dll advapi32.dll sechost.dll msctf.dll setupapi.dll lpk.dll ws2_32.dll kbd101.dll ntdll.dll ntdll.dll oleaut32.dll system.dll advapi32.dll rpcrt4.dll nsi.dll msvcrt.dll user32.dll gdi32.dll usp10.dll cfgmgr32.dll KernelBase.dll devobj.dll RpcRtRemote.dll cryptbase.dll sspicli.dll setupapi.dll secur32.dll clbcatq.dll kernel32.dll advapi32.dll mscorwks.dll wintrust.dll crypt32.dll msasn1.dll srvcli.dll cryptsp.dll wpdshext.dll mswsock.dll wship6.dll dnsapi.dll credssp.dll System.Data.Linq.dll powrprof.dll winnsi.dll vm3dum64_10.dll kernel32.dll winsta.dll shlwapi.dll bcrypt.dll kernel32.dll WlS0WndH.dll dbghelp.dll version.dll userenv.dll profapi.dll System.Xml.ni.dll gpapi.dll devrtl.dll SPInf.dll ncrypt.dll netutils.dll cryptsp.dll sechost.dll imm32.dll rsaenh.dll wtsapi32.dll rasadhlp.dll crypt32.dll msasn1.dll atl.dll dsrole.dll FirewallAPI.dll slc.dll gdi32.dll microsoft.powershell.commands.utility.ni.dll webio.dll rpcrt4.dll WSDApi.dll webservices.dll kernel32.dll fundisc.dll msxml6.dll cscapi.dll umb.dll localspl.dll spoolss.dll winsta.dll PrintIsolationProxy.dll FXSMON.dll tcpmon.dll snmpapi.dll wsnmp32.dll usbmon.dll WSDMon.dll fdPnp.dll winprint.dll win32spl.dll inetpp.dll,normal
 powrprof.dll ntdll.dll ntdll.dll microsoft.jscript.ni.dll wow64.dll wow64win.dll wow64cpu.dll dsrole.dll kernel32.dll kernel32.dll kernel32.dll user32.dll kernel32.dll ntdll.dll System.Drawing.ni.dll uxtheme.dll kernelbase.dll apphelp.dll advapi32.dll comctl32.dll msvcrt.dll wshbth.dll gdi32.dll mfc42u.dll fltlib.dll msvcrt.dll ole32.dll profapi.dll oleaut32.dll mscorjit.dll shell32.dll user32.dll System.AddIn.ni.dll wininet.dll winmm.dll ws2_32.dll sechost.dll rpcrt4.dll odbc32.dll wminet_utils.dll combase.dll msvcr120_clr0400.dll shlwapi.dll user32.dll iertutil.dll userenv.dll eappcfg.dll sechost.dll winmmbase.dll nsi.dll sspicli.dll bdatunepia.dll kernelbase.dll cryptbase.dll profapi.dll api-ms-win-service-private-l1-1-0.dll kernelbase.dll cfgmgr32.dll devobj.dll cryptbase.dll bcryptprimitives.dll imm32.dll oleaut32.dll msctf.dll kernel.appcore.dll uxtheme.dll riched32.dll riched20.dll Accessibility.ni.dll usp10.dll msls31.dll shlwapi.dll mscorlib.ni.dll dwmapi.dll comctl32.dll clbcatq.dll version.dll oleacc.dll propsys.dll cryptbase.dll ntmarta.dll dui70.dll imecfm.dll ncrypt.dll wer.dll shcore.dll tquery.dll System.Configuration.ni.dll tiptsf.dll msado15.dll clbcatq.dll msdart.dll oledb32.dll bcrypt.dll comsvcs.dll authz.dll kernel.appcore.dll msjetoledb40.dll msjet40.dll msjter40.dll api-ms-win-core-file-l1-2-0.dll mswstr10.dll msjint40.dll crypt32.dll msasn1.dll system.transactions.dll dpapi.dll cryptsp.dll rsaenh.dll kernel32.dll msadox.dll msctf.dll msadrh15.dll msjtes40.dll vbajet32.dll expsrv.dll msdadiag.dll imecfm.dll wer.dll msadce.dll msadcer.dll urlmon.dll secur32.dll ieframe.dll mlang.dll ieproxy.dll setupapi.dll,caidao
 ntdll.dll ntdll.dll wow64.dll gdi32.dll UIAutomationCore.dll apphelp.dll wow64win.dll netapi32.dll rpcrt4.dll wow64cpu.dll kernel32.dll kernel32.dll kernel32.dll user32.dll microsoft.visualstudio.tools.applications.runtime.v9.0.ni.dll kernel32.dll kernelbase.dll advapi32.dll msvcrt.dll userenv.dll sechost.dll rpcrt4.dll System.Runtime.Remoting.dll sspicli.dll cryptbase.dll clrjit.dll PortableDeviceSyncProvider.dll msvcr120_clr0400.dll mscoree.dll ole32.dll gdi32.dll user32.dll lpk.dll usp10.dll system.runtime.remoting.ni.dll oleaut32.dll cryptbase.dll imm32.dll msctf.dll cryptsp.dll wintypes.dll rsaenh.dll rpcrtremote.dll clbcatq.dll sxs.dll mscoreei.dll system.transactions.ni.dll clr.dll shlwapi.dll mscorlib.ni.dll clrjit.dll lpk.dll microsoft.visualstudio.tools.office.runtime.internal.dll msasn1.dll microsoft.visualstudio.tools.office.runtime.internal.dll ole32.dll version.dll mscorlib.dll mscorlib.dll microsoft.office.tools.ni.dll crypt32.dll system.ni.dll oleaut32.dll system.dll system.dll system.core.ni.dll microsoft.visualstudio.tools.applications.runtime.ni.dll user32.dll system.core.dll api-ms-win-downlevel-advapi32-l1-1-0.dll system.core.dll system.drawing.ni.dll system.windows.forms.ni.dll sxs.dll system.windows.forms.dll system.windows.forms.dll atlthunk.dll system.drawing.dll system.drawing.dll profapi.dll microsoft.visualstudio.tools.applications.hosting.ni.dll system.configuration.ni.dll system.configuration.dll system.configuration.dll kernel32.dll system.xml.ni.dll system.xml.dll system.xml.dll,normal
 msftedit.dll profapi.dll mssvp.dll mapi32.dll cbsapi.dll wpdshext.dll audiodev.dll mssvp.dll mapi32.dll,normal
 sensapi.dll sensapi.dll,normal
 ntdll.dll kernel32.dll kernelbase.dll advapi32.dll msvcrt.dll sechost.dll version.dll rpcrt4.dll msvcr120_clr0400.dll clbcatq.dll msvcrt.dll user32.dll mscoree.dll kernel.appcore.dll clbcatq.dll ole32.dll lpk.dll gdi32.dll user32.dll rtrfiltr.dll lpk.dll dwmapi.dll usp10.dll oleaut32.dll ntdll.dll imm32.dll msctf.dll usp10.dll cryptbase.dll cryptsp.dll rsaenh.dll rpcrtremote.dll imageres.dll clbcatq.dll kernel32.dll sxs.dll mscoreei.dll mscorwks.dll system.core.dll cryptbase.dll gdi32.dll msvcr80.dll system.security.ni.dll shlwapi.dll shell32.dll profapi.dll mscorlib.ni.dll mscorjit.dll mscorlib.dll System.DirectoryServices.AccountManagement.ni.dll mscorlib.dll version.dll mscorlib.dll mscorlib.dll presentationframework.luna.ni.dll system.ni.dll windowsbase.ni.dll presentationcore.ni.dll presentationframework.ni.dll presentationcore.dll presentationcore.dll presentationcore.dll presentationcore.dll,normal
 msctf.dll eppmanifest.dll sendmail.dll mydocs.dll wpdshext.dll secur32.dll ondemandconnroutehelper.dll,normal
 ntdll.dll sensapi.dll apphelp.dll kernel32.dll KernelBase.dll KernelBase.dll spoolss.dll advapi32.dll wldp.dll msvcrt.dll sechost.dll rpcrt4.dll msvcr120_clr0400.dll mscoree.dll ole32.dll gdi32.dll sechost.dll user32.dll lpk.dll api-ms-win-core-localization-l1-2-0.dll usp10.dll oleaut32.dll wow64win.dll api-ms-win-core-synch-l1-2-0.dll imm32.dll msctf.dll cryptbase.dll cryptsp.dll rsaenh.dll msctf.dll RpcRtRemote.dll clbcatq.dll sxs.dll mscoreei.dll msctf.dll mscorwks.dll cryptbase.dll msvcr80.dll shlwapi.dll shell32.dll windows.storage.dll profapi.dll mscorlib.ni.dll msvcrt.dll mscorjit.dll mscorlib.dll mscorlib.dll version.dll mscorlib.dll sechost.dll imageres.dll cryptbase.dll mscorlib.dll sxs.dll PresentationFramework.Royale.ni.dll System.ni.dll WindowsBase.ni.dll PresentationCore.ni.dll PresentationFramework.ni.dll PresentationCore.dll PresentationCore.dll PresentationCore.dll PresentationCore.dll ntdll.dll ntdll.dll kernel32.dll d3d10_1.dll wow64.dll mscoreei.dll kernel32.dll user32.dll wow64win.dll msvcr120_clr0400.dll webservices.dll mscoree.dll wow64cpu.dll system.management.instrumentation.ni.dll RpcRtRemote.dll sxs.dll devobj.dll kernel32.dll kernel32.dll WinMgmtR.dll System.Web.Services.ni.dll KernelBase.dll mscoreei.dll clr.dll shlwapi.dll advapi32.dll msvcrt.dll sechost.dll rpcrt4.dll sspicli.dll imm32.dll cryptbase.dll ole32.dll advapi32.dll secur32.dll slc.dll msctf.dll gdi32.dll user32.dll imm32.dll ntdll.dll wow64win.dll mscorlib.dll lpk.dll usp10.dll msvcrt.dll oleaut32.dll imm32.dll mscorlib.ni.dll clrjit.dll advapi32.dll system.web.services.dll msctf.dll Microsoft.Powershell.Core.Activities.dll imm32.dll cryptsp.dll rsaenh.dll Microsoft.Powershell.Core.Activities.dll PresentationFramework-SystemXmlLinq.ni.dll mscorlib.dll mscorlib.dll Microsoft.Powershell.Workflow.ServiceCore.dll Microsoft.Powershell.Workflow.ServiceCore.dll System.ni.dll imm32.dll System.Core.ni.dll System.Activities.ni.dll wbemprox.dll rpcrt4.dll System.Activities.dll System.Activities.dll System.Activities.dll System.Activities.dll System.Activities.dll System.Activities.dll clbcatq.dll System.Management.Automation.dll System.Management.Automation.dll provthrd.dll version.dll gdi32.dll avrt.dll System.Management.ni.dll msvcrt.dll System.Management.dll System.Management.dll sensapi.dll api-ms-win-downlevel-version-l1-1-0.dll kernelbase.dll system.configuration.dll wow64cpu.dll System.Core.dll System.Core.dll System.Core.dll System.Core.dll System.Core.dll System.Core.dll kernel32.dll crypt32.dll system.web.regularexpressions.dll Microsoft.Management.Infrastructure.ni.dll Microsoft.Management.Infrastructure.dll version.dll Microsoft.Management.Infrastructure.dll System.Data.dll System.dll windows.applicationmodel.background.systemeventsbroker.dll System.dll System.ServiceModel.Internals.ni.dll System.ServiceModel.Internals.dll System.ServiceModel.Internals.dll msctf.dll System.ServiceModel.Internals.dll System.ServiceModel.Internals.dll winbrand.dll System.ServiceModel.Internals.dll System.ServiceModel.Internals.dll System.Transactions.ni.dll System.Transactions.dll System.Transactions.dll System.Transactions.dll msisip.dll wow64cpu.dll System.Transactions.dll System.Transactions.dll System.Transactions.dll System.Transactions.dll Microsoft.PowerShell.Core.Activities.ni.dll ntdll.dll kernel32.dll KernelBase.dll advapi32.dll msvcrt.dll sechost.dll rpcrt4.dll user32.dll gdi32.dll lpk.dll usp10.dll accessibility.dll ole32.dll ntdll.dll oleaut32.dll credssp.dll shlwapi.dll oleaut32.dll System.Windows.Forms.dll dnsapi.dll msshooks.dll imm32.dll kernel32.dll msctf.dll cryptbase.dll msidle.dll msasn1.dll clbcatq.dll tquery.dll cryptsp.dll kernel32.dll rsaenh.dll RpcRtRemote.dll mssprxy.dll ieframe.dll api-ms-win-downlevel-advapi32-l1-1-0.dll api-ms-win-downlevel-shlwapi-l1-1-0.dll api-ms-win-downlevel-user32-l1-1-0.dll api-ms-win-downlevel-shell32-l1-1-0.dll shell32.dll api-ms-win-downlevel-version-l1-1-0.dll version.dll api-ms-win-downlevel-normaliz-l1-1-0.dllnormaliz.dll iertutil.dll comctl32.dll api-ms-win-downlevel-shlwapi-l2-1-0.dll api-ms-win-downlevel-ole32-l1-1-0.dll secur32.dll sspicli.dll mlang.dll propsys.dll wininet.dll userenv.dll profapi.dll api-ms-win-downlevel-advapi32-l2-1-0.dll,normal
 ntdll.dll kernel32.dll KernelBase.dll advapi32.dll gdi32.dll kernel32.dll cryptbase.dll msvcrt.dll kernel32.dll sechost.dll nsi.dll rpcrt4.dll gdi32.dll user32.dll bcrypt.dll lpk.dll usp10.dll shlwapi.dll shell32.dll rsaenh.dll ole32.dll shlwapi.dll api-ms-win-core-localization-l1-2-0.dll oleaut32.dll imm32.dll duser.dll dui70.dll System.Data.ni.dll imm32.dll rsaenh.dll msctf.dll uxtheme.dll cbscore.dll userenv.dll system.security.dll setupapi.dll kernelbase.dll cfgmgr32.dll devobj.dll dwmapi.dll slc.dll GdiPlus.dll secur32.dll sspicli.dll propsys.dll winsta.dll cryptbase.dll comctl32.dll apphelp.dll clbcatq.dll cryptsp.dll rsaenh.dll RpcRtRemote.dll ExplorerFrame.dll powrprof.dll actxprxy.dll,normal
 ntprint.dll rpcrtremote.dll mscms.dll winmm.dll comctl32.dll tapi32.dll ntmarta.dll ntprint.dll mscms.dll,normal
 ntdll.dll ntdll.dll api-ms-win-downlevel-user32-l1-1-0.dll kernel32.dll kernelbase.dll kernelbase.dll msvcrt.dll msvcrt.dll combase.dll ucrtbase.dll ucrtbase.dll rpcrt4.dll clbcatq.dll rpcrt4.dll bcryptprimitives.dll bcryptprimitives.dll kernel.appcore.dll msvcr120_clr0400.dll kernel.appcore.dll twinapi.appcore.dll twinapi.appcore.dll sechost.dll sechost.dll comctl32.dll rmclient.dll rmclient.dll kernel32.dll wintypes.dll wintypes.dll shcore.dll shcore.dll system.ni.dll user32.dll win32u.dll gdi32.dll gdi32full.dll msvcp_win.dll msvcp_win.dll system.web.dll rpcrt4.dll msasn1.dll cryptbase.dll imm32.dll mrmcore.dll mrmcorer.dll profapi.dll onecoreuapcommonproxystub.dll onecoreuapcommonproxystub.dll windows.ui.dll msi.dll sechost.dll sspicli.dll msctf.dll windows.ui.dll textinputframework.dll KernelBase.dll inputhost.dll System.Transactions.dll coreuicomponents.dll coreuicomponents.dll SensApi.dll coremessaging.dll coremessaging.dll lpk.dll advapi32.dll advapi32.dll system.numerics.dll gdi32.dll ntmarta.dll ntmarta.dll npmproxy.dll languageoverlayutil.dll system.xml.ni.dll combase.dll languageoverlayutil.dll msctf.dll user32.dll bcp47mrm.dll bcp47mrm.dll uxtheme.dll profapi.dll uxtheme.dll oleacc.dll biwinrt.dll biwinrt.dll setupapi.dll mscorlib.ni.dll oleaut32.dll contentdeliverymanager.background.dll policymanager.dll System.ni.dll policymanager.dll slc.dll secur32.dll System.ServiceProcess.ni.dll kernel32.dll slc.dll msctf.dll sspicli.dll ole32.dll sspicli.dll tabskb.dll wldp.dll msasn1.dll wldp.dll dhcpcsvc6.dll crypt32.dll cdp.dll cdp.dll wincorlib.dll ws2_32.dll ws2_32.dll mscoree.dll msasn1.dll msasn1.dll cfgmgr32.dll wintrust.dll sppc.dll sppc.dll winhttp.dll kernel32.dll winhttp.dll msvcp110_win.dll msvcp110_win.dll bcrypt.dll bcrypt.dll ncrypt.dll ncrypt.dll iphlpapi.dll ntasn1.dll ntasn1.dll windows.storage.applicationdata.dll windows.storage.applicationdata.dll logoncli.dll threadpoolwinrt.dll threadpoolwinrt.dll windows.applicationmodel.background.timebroker.dll windows.applicationmodel.background.timebroker.dll windows.applicationmodel.background.systemeventsbroker.dll windows.applicationmodel.background.systemeventsbroker.dll,normal
 rpcrt4.dll ntdll.dll kernel32.dll WindowsBase.ni.dll api-ms-win-core-localization-l1-2-0.dll kernelbase.dll advapi32.dll msvcrt.dll clbcatq.dll rasadhlp.dll sechost.dll rpcrt4.dll user32.dll gdi32.dll lpk.dll usp10.dll oleaut32.dll ole32.dll bcrypt.dll ws2_32.dll nsi.dll imm32.dll msctf.dll winnsi.dll psapi.dll netprofm.dll cryptbase.dll Magnification.dll system.data.sqlxml.ni.dll wtsapi32.dll clbcatq.dll cryptsp.dll ws2_32.dll mydocs.dll microsoft.visualstudio.tools.applications.hosting.v10.0.dll rsaenh.dll rpcrtremote.dll user32.dll presentationframework.ni.dll ntdsapi.dll msvcr90.dll msvcp90.dll vsocklib.dll wbemprox.dll wbemcomn2.dll fastprox.dll wbemsvc.dll wmiutils.dll loadperf.dll wmiprov.dll wbemcomn.dll vmstatsprovider.dll vmguestlib.dll,normal
 ntdll.dll ole32.dll cryptnet.dll user32.dll imm32.dll wow64cpu.dll kernel32.dll sechost.dll oleaut32.dll shlwapi.dll msctf.dll wldap32.dll lpk.dll ws2_32.dll oleaut32.dll kernel32.dll advapi32.dll lpk.dll wwapi.dll clbcatq.dll System.Xml.Linq.dll rpcrt4.dll msvcrt.dll nsi.dll msvcrt.dll user32.dll gdi32.dll usp10.dll cfgmgr32.dll cryptbase.dll usp10.dll kernelbase.dll userenv.dll profapi.dll ucrtbase.dll rpcrtremote.dll cryptbase.dll lpk.dll sspicli.dll secur32.dll authz.dll bcrypt.dll cryptsp.dll shlwapi.dll crypt32.dll sxsstore.dll cryptsp.dll rpcrt4.dll mswsock.dll wship6.dll netlogon.dll netlogon.dll rsaenh.dll credssp.dll gpapi.dll gdi32.dll pcwum.dll winbrand.dll version.dll ntmarta.dll nlaapi.dll winnsi.dll dhcpcsvc6.dll dhcpcsvc.dll wtsapi32.dll ole32.dll firewallapi.dll System.ServiceModel.Internals.ni.dll taskschd.dll slc.dll rpcrt4.dll lmhsvc.dll lmhsvc.dll lmhsvc.dll lmhsvc.dll secur32.dll dhcpcore.dll dhcpcore.dll accessibility.ni.dll filterlib.dll dhcpcore.dll rpcrt4.dll dhcpcore.dll dhcpcore.dll dhcpcore.dll kernel32.dll dhcpcore.dll kernel32.dll dhcpcore.dll dhcpcore.dll dhcpcore.dll sechost.dll wow64win.dll mpssvc.dll dsound.dll wfapigp.dll dps.dll mscms.dll mscms.dll dispex.dll pcasvc.dll pcasvc.dll cryptbase.dll pcasvc.dll imm32.dll pcasvc.dll servicemodelevents.dll combase.dll ntdll.dll msvcp_win.dll servicemodelevents.dll peerdistsh.dll peerdistsh.dll System.Data.ni.dll peerdistsh.dll peerdistsh.dll peerdistsh.dll gdi32.dll peerdistsh.dll peerdistsh.dll peerdistsh.dll peerdistsh.dll peerdistsh.dll peerdistsh.dll peerdistsh.dll peerdistsh.dll peerdistsh.dll sstpsvc.dll sstpsvc.dll sspicli.dll imm32.dll sensapi.dll provsvc.dll provsvc.dll provsvc.dll provsvc.dll provsvc.dll provsvc.dll provsvc.dll provsvc.dll netprofm.dll wdi.dll npmproxy.dll diagperf.dll pnpts.dll wdiasqmmodule.dll radardt.dll winsta.dll,normal
 user32.dll ntdll.dll appxpackaging.dll kernel32.dll kernelbase.dll advapi32.dll msvcrt.dll sechost.dll wow64win.dll rpcrt4.dll user32.dll api-ms-win-downlevel-normaliz-l1-1-0.dllnormaliz.dll win32u.dll gdi32.dll gdi32full.dll wbemcomn.dll msvcp_win.dll cryptsp.dll ucrtbase.dll mscorlib.dll ole32.dll combase.dll bcryptprimitives.dll oleaut32.dll shell32.dll ntdll.dll cfgmgr32.dll bcryptprimitives.dll shcore.dll usp10.dll windows.storage.dll shlwapi.dll kernel.appcore.dll wow64cpu.dll powrprof.dll profapi.dll oleacc.dll system.xml.dll uxtheme.dll dui70.dll imm32.dll playsndsrv.dll,normal
 winbrand.dll ntdll.dll cryptsp.dll kernel32.dll kernelbase.dll wow64win.dll msvcrt.dll ole32.dll gdi32.dll user32.dll sensapi.dll apphelp.dll shlwapi.dll lpk.dll usp10.dll KernelBase.dll rpcrt4.dll imm32.dll dhcpcsvc6.dll apphelp.dll msctf.dll cryptbase.dll clbcatq.dll advapi32.dll shlwapi.dll sechost.dll oleaut32.dll cryptsp.dll rsaenh.dll rpcrtremote.dll uxtheme.dll thumbcache.dll shell32.dll shlwapi.dll psapi.dll propsys.dll comctl32.dll,normal
 ntdll.dll ntdll.dll msvcp_win.dll wow64.dll wow64win.dll wow64cpu.dll policymanager.dll kernel32.dll kernel32.dll kernel32.dll user32.dll kernel32.dll kernelbase.dll advapi32.dll msvcrt.dll KernelBase.dll sechost.dll rpcrt4.dll sspicli.dll cryptbase.dll dnsapi.dll ws2_32.dll nsi.dll winnsi.dll dhcpcsvc.dll vm3dum64.dll cryptbase.dll dhcpcsvc6.dll shell32.dll gdi32.dll user32.dll lpk.dll usp10.dll profapi.dll rpcrt4.dll ole32.dll imm32.dll msctf.dll ole32.dll clbcatq.dll oleaut32.dll msvcrt.dll user32.dll cryptsp.dll rsaenh.dll rpcrtremote.dll wevtapi.dll hgcpl.dll sechost.dll shlwapi.dll mscoree.dll comdlg32.dll ntdll.dll kernel32.dll kernelbase.dll wow64.dll advapi32.dll msvcrt.dll mcepg.ni.dll sechost.dll rpcrt4.dll rpcrt4.dll msvcr120_clr0400.dll profapi.dll msftedit.dll mscoree.dll ole32.dll oleaut32.dll dpx.dll gdi32.dll user32.dll lpk.dll usp10.dll oleaut32.dll user32.dll imm32.dll msctf.dll cryptbase.dll ws2_32.dll cryptsp.dll rsaenh.dll samlib.dll rpcrtremote.dll clbcatq.dll sxs.dll mscoreei.dll KernelBase.dll mscorwks.dll BDATunePIA.dll msvcr80.dll shlwapi.dll shell32.dll wow64.dll profapi.dll system.core.ni.dll oleaut32.dll mscorlib.ni.dll mscorjit.dll mscorlib.dll mscorlib.dll ntdll.dll version.dll mscorlib.dll wow64.dll mscorlib.dll system.ni.dll ntdll.dll system.core.ni.dll mscorlib.ni.dll cryptsp.dll kernel32.dll system.data.ni.dll VAN.dll system.data.dll system.data.dll system.transactions.ni.dll advapi32.dll system.data.dll system.data.dll system.data.dll ws2_32.dll kernel32.dll nsi.dll crypt32.dll msasn1.dll System.Security.dll system.xml.ni.dll system.transactions.ni.dll system.transactions.dll system.transactions.dll tquery.dll imm32.dll system.transactions.dll system.ni.dll msasn1.dll api-ms-win-eventing-provider-l1-1-0.dll system.transactions.dll system.transactions.dll system.runtime.serialization.ni.dll system.configuration.ni.dll Microsoft.VisualStudio.Tools.Applications.ServerDocument.v10.0.ni.dll system.data.entity.ni.dll system.security.ni.dll system.data.sqlxml.ni.dll wow64win.dll microsoft.visualc.ni.dll System.Data.OracleClient.dll system.enterpriseservices.ni.dll api-ms-win-core-file-l2-1-0.dll uiautomationcore.dll system.enterpriseservices.dll usp10.dll system.enterpriseservices.dll system.directoryservices.ni.dll system.runtime.remoting.ni.dll system.web.ni.dll system.web.dll system.web.dll system.web.dll system.web.dll system.runtime.serialization.formatters.soap.ni.dll system.drawing.ni.dll mscorlib.dll system.web.services.ni.dll kernel32.dll system.directoryservices.protocols.ni.dll system.design.ni.dll twinui.dll system.serviceprocess.ni.dll rasman.dll system.windows.forms.ni.dll rpcrt4.dll system.web.regularexpressions.ni.dll user32.dll system.drawing.design.ni.dll nsi.dll system.data.oracleclient.ni.dll cryptbase.dll System.dll system.data.oracleclient.dll system.data.oracleclient.dll system.data.oracleclient.dll msctf.dll system.data.oracleclient.dll kernel.appcore.dll mscorlib.dll system.data.oracleclient.dll accessibility.ni.dll system.deployment.ni.dll system.configuration.install.ni.dll linkinfo.dll gdi32.dll smdiagnostics.ni.dll ntdll.dll kernel32.dll kernelbase.dll advapi32.dll msvcrt.dll cryptsp.dll sechost.dll imm32.dll rpcrt4.dll msvcr120_clr0400.dll gdi32.dll cryptbase.dll mscoree.dll ole32.dll gdi32.dll user32.dll lpk.dll usp10.dll oleaut32.dll imm32.dll gpapi.dll powrprof.dll msctf.dll cryptbase.dll cryptsp.dll rpcrt4.dll rsaenh.dll ntdll.dll rpcrtremote.dll clbcatq.dll sxs.dll kernel32.dll mscoreei.dll clr.dll shlwapi.dll cfgmgr32.dll mscorlib.ni.dll wow64.dll clrjit.dll system.ni.dll user32.dll system.core.ni.dll cryptsp.dll win32u.dll version.dll shlwapi.dll msimg32.dll mscorlib.dll mscorlib.dll kernel32.dll cabinet.dll system.management.instrumentation.ni.dll system.management.ni.dll rpcrt4.dll system.configuration.install.ni.dll system.configuration.ni.dll propsys.dll system.xml.ni.dll system.numerics.ni.dll api-ms-win-eventing-controller-l1-1-0.dll system.security.ni.dll ntdll.dll ntdll.dll wow64.dll imm32.dll wow64win.dll wow64cpu.dll kernel32.dll devmgr.dll kernel32.dll kernel32.dll System.Data.ni.dll user32.dll kernel32.dll kernelbase.dll advapi32.dll msvcrt.dll sechost.dll rpcrt4.dll System.Data.dll sspicli.dll cryptbase.dll msvcr120_clr0400.dll mscoree.dll ole32.dll gdi32.dll user32.dll lpk.dll usp10.dll oleaut32.dll imm32.dll msctf.dll cryptsp.dll rsaenh.dll rpcrtremote.dll sspicli.dll clbcatq.dll sxs.dll mscoreei.dll mscorwks.dll msvcr80.dll shlwapi.dll shell32.dll profapi.dll mscorlib.ni.dll mscorjit.dll mscorlib.dll mscorlib.dll version.dll mscorlib.dll mscorlib.dll system.ni.dll system.dll system.dll system.dll system.dll system.configuration.ni.dll system.configuration.dll system.configuration.dll system.configuration.dll system.configuration.dll system.xml.ni.dll system.xml.dll system.xml.dll system.xml.dll system.xml.dll,normal
 msvcrt.dll ntdll.dll msvcrt.dll api-ms-win-core-processthreads-l1-1-1.dll ntdll.dll kernel32.dll kernelbase.dll sechost.dll kernelbase.dll devobj.dll ole32.dll user32.dll advapi32.dll advapi32.dll msvcrt.dll urlmon.dll msvcrt.dll user32.dll ole32.dll oleaut32.dll tquery.dll tquery.dll framedynos.dll shcore.dll shcore.dll GdiPlus.dll msshooks.dll bcryptprimitives.dll msshooks.dll imm32.dll sechost.dll clbcatq.dll sechost.dll rpcrt4.dll rpcrt4.dll gdi32.dll kernelbase.dll combase.dll shlwapi.dll msctf.dll kernel.appcore.dll kernel.appcore.dll cryptbase.dll cryptbase.dll wow64.dll system.data.sqlxml.dll bcryptprimitives.dll bcryptprimitives.dll msidle.dll threadpoolwinrt.dll clbcatq.dll cryptsp.dll usp10.dll cryptsp.dll rsaenh.dll rsaenh.dll user32.dll System.XML.dll bcrypt.dll bcrypt.dll mssprxy.dll mssprxy.dll mssph.dll mssph.dll mapi32.dll authz.dll authz.dll,normal
 ntdll.dll ntdll.dll wow64.dll wow64win.dll wow64cpu.dll webio.dll kernel32.dll kernel32.dll kernel32.dll sspicli.dll els.dll msi.dll lpk.dll FCRegSvc.dll user32.dll kernel32.dll kernel.appcore.dll KernelBase.dll System.Data.SqlXml.dll advapi32.dll msvcrt.dll winbrand.dll user32.dll gdi32.dll lpk.dll api-ms-win-downlevel-shlwapi-l1-1-0.dll usp10.dll advapi32.dll sechost.dll rpcrt4.dll sspicli.dll cryptbase.dll imm32.dll msctf.dll apphelp.dll,normal
 ntdll.dll kernel32.dll shlwapi.dll KernelBase.dll msvcrt.dll ole32.dll gdi32.dll bcrypt.dll user32.dll lpk.dll usp10.dll rpcrt4.dll imm32.dll msctf.dll RpcRtRemote.dll cryptbase.dll user32.dll clbcatq.dll advapi32.dll ucrtbase.dll sechost.dll oleaut32.dll cryptsp.dll cryptsp.dll presentationframework.royale.dll rsaenh.dll RpcRtRemote.dll system.configuration.dll shacct.dll sensapi.dll comctl32.dll shlwapi.dll winbrand.dll userenv.dll iertutil.dll profapi.dll samlib.dll shell32.dll ntmarta.dll Wldap32.dll,normal
 KernelBase.dll ntdll.dll kernel32.dll kernelbase.dll advapi32.dll msvcrt.dll wevtapi.dll sechost.dll imm32.dll rpcrt4.dll ole32.dll combase.dll msasn1.dll wow64cpu.dll dwmapi.dll ucrtbase.dll bcryptprimitives.dll gdi32.dll gdi32full.dll user32.dll win32u.dll profapi.dll oleaut32.dll ws2_32.dll msvcp_win.dll atl.dll mscoree.dll System.Numerics.dll sechost.dll imm32.dll mscoreei.dll shlwapi.dll kernel.appcore.dll version.dll clr.dll msvcr120_clr0400.dll mscorlib.ni.dll ole32.dll msctf.dll odbc32.dll imm32.dll rpcrt4.dll psapi.dll System.dll mscorlib.ni.dll system.ni.dll system.core.ni.dll microsoft.powershell.consolehost.ni.dll cryptsp.dll crypt32.dll rsaenh.dll winmm.dll bcrypt.dll cryptbase.dll EhStorShell.dll system.management.automation.ni.dll clbcatq.dll shcore.dll clbcatq.dll psapi.dll mscoreei.dll shell32.dll cfgmgr32.dll windows.storage.dll ntdll.dll powrprof.dll shcore.dll profapi.dll wintrust.dll clrjit.dll msasn1.dll certenroll.dll crypt32.dll cryptbase.dll gpapi.dll amsi.dll mpoav.dll cabinet.dll microsoft.management.infrastructure.ni.dll system.xml.ni.dll system.management.ni.dll system.directoryservices.ni.dll system.numerics.ni.dll system.configuration.dll system.configuration.ni.dll System.Web.RegularExpressions.dll system.data.ni.dll system.data.dll ws2_32.dll clrjit.dll user32.dll microsoft.powershell.security.ni.dll system.transactions.ni.dll system.transactions.dll secur32.dll profapi.dll spoolss.dll sspicli.dll microsoft.csharp.dll microsoft.csharp.ni.dll sechost.dll ws2_32.dll wintrust.dll wldp.dll uxtheme.dll mpclient.dll kernel32.dll userenv.dll microsoft.powershell.commands.utility.ni.dll system.configuration.install.ni.dll rasapi32.dll rasman.dll mswsock.dll winhttp.dll ondemandconnroutehelper.dll nsi.dll rtutils.dll dhcpcsvc6.dll system.dll dhcpcsvc.dll system.security.dll system.security.ni.dll microsoft.powershell.commands.management.ni.dll imm32.dll wmiutils.dll wbemcomn.dll wbemprox.dll wminet_utils.dll wminet_utils.dll cryptbase.dll napinsp.dll dnsapi.dll winrnr.dll nlaapi.dll rasadhlp.dll wbemsvc.dll fastprox.dll,empire
 windows.security.authentication.onlineid.dll oleacc.dll windows.networking.connectivity.dll kernel32.dll npmproxy.dll kernel32.dll nsi.dll winnsi.dll wlanapi.dll wwapi.dll wcmapi.dll rmclient.dll,normal
 system.ni.dll ntdll.dll cryptbase.dll kernel32.dll kernelbase.dll msvcr120_clr0400.dll advapi32.dll msvcrt.dll sechost.dll rpcrt4.dll crypt32.dll shlwapi.dll ucrtbase.dll msasn1.dll microsoft.visualstudio.tools.office.outlook.hostadapter.v10.0.ni.dll ole32.dll system.web.regularexpressions.ni.dll combase.dll bcryptprimitives.dll gdi32.dll gdi32full.dll user32.dll win32u.dll clbcatq.dll win32u.dll oleaut32.dll msvcp_win.dll user32.dll shlwapi.dll shell32.dll cfgmgr32.dll windows.storage.dll PSEvents.dll powrprof.dll cryptdll.dll netapi32.dll kernel.appcore.dll shcore.dll wintrust.dll rpcrt4.dll profapi.dll setupapi.dll gdi32.dll userenv.dll version.dll KernelBase.dll devobj.dll cryptsp.dll wow64cpu.dll cryptbase.dll kernel32.dll netutils.dll bcrypt.dll wpdshext.dll sspicli.dll samlib.dll secur32.dll wldap32.dll msvcp_win.dll sdiageng.dll hid.dll winscard.dll shell32.dll winsta.dll logoncli.dll srvcli.dll wkscli.dll imm32.dll rsaenh.dll wintypes.dll wintrust.dll vaultcli.dll,mimikatz
 ntdll.dll kernel32.dll KernelBase.dll advapi32.dll msvcrt.dll sechost.dll rpcrt4.dll system.directoryservices.protocols.ni.dll user32.dll profapi.dll gdi32.dll lpk.dll usp10.dll mpr.dll ole32.dll oleaut32.dll secur32.dll sspicli.dll ws2_32.dll nsi.dll netapi32.dll netutils.dll rpcrt4.dll usp10.dll sechost.dll srvcli.dll wkscli.dll logoncli.dll framedynos.dll advapi32.dll ole32.dll wtsapi32.dll ntdsapi.dll version.dll kernel32.dll system.data.oracleclient.dll imm32.dll system.web.ni.dll msctf.dll cryptbase.dll slc.dll clbcatq.dll System.EnterpriseServices.dll cryptsp.dll wbemprox.dll shlwapi.dll wbemcomn.dll ntdll.dll kernel32.dll kernel32.dll ondemandconnroutehelper.dll clbcatq.dll usp10.dll KernelBase.dll gdi32.dll kernel32.dll user32.dll lpk.dll usp10.dll msvcrt.dll clbcatq.dll imm32.dll msctf.dll ole32.dll rpcrt4.dll clbcatq.dll oleaut32.dll cryptbase.dll clbcatq.dll advapi32.dll sechost.dll,normal
 ntdll.dll version.dll msvcrt.dll ntdll.dll msctf.dll kernel32.dll kernelbase.dll api-ms-win-core-heap-l1-1-0.dll kernelbase.dll clr.dll msvcrt.dll msvcrt.dll combase.dll ucrtbase.dll ucrtbase.dll KernelBase.dll winhttp.dll rpcrt4.dll rpcrt4.dll bcryptprimitives.dll bcryptprimitives.dll kernel.appcore.dll kernel.appcore.dll twinapi.appcore.dll twinapi.appcore.dll sechost.dll sechost.dll rmclient.dll rmclient.dll wintypes.dll wintypes.dll ntdll.dll shcore.dll usp10.dll shcore.dll ntdll.dll lpk.dll user32.dll win32u.dll gdi32.dll gdi32full.dll oleaut32.dll msvcp_win.dll msvcp_win.dll imm32.dll mrmcore.dll mrmcorer.dll secur32.dll mscorwks.dll system.web.ni.dll sensapi.dll profapi.dll onecoreuapcommonproxystub.dll winsta.dll onecoreuapcommonproxystub.dll windows.ui.dll windows.ui.dll inputhost.dll SensApi.dll mscorlib.dll textinputframework.dll coreuicomponents.dll coreuicomponents.dll dsrole.dll advapi32.dll advapi32.dll mscorwks.dll coreuicomponents.dll coreuicomponents.dll coremessaging.dll coremessaging.dll coremessaging.dll coremessaging.dll ntmarta.dll ntmarta.dll languageoverlayutil.dll clbcatq.dll gdi32.dll wow64.dll languageoverlayutil.dll system.core.dll bcp47mrm.dll bcp47mrm.dll uxtheme.dll uxtheme.dll biwinrt.dll netprofm.dll msctf.dll biwinrt.dll oleaut32.dll contentdeliverymanager.background.dll slc.dll oleaut32.dll WindowsBase.dll slc.dll lpk.dll setupapi.dll api-ms-win-downlevel-version-l1-1-0.dll lpk.dll nlaapi.dll sspicli.dll sspicli.dll spoolss.dll policymanager.dll policymanager.dll wldp.dll msvcrt.dll wldp.dll dpx.dll wersvc.dll cdp.dll cdp.dll crypt32.dll ehstorapi.dll sppc.dll sppc.dll ws2_32.dll ws2_32.dll cfgmgr32.dll rpcrtremote.dll msasn1.dll msasn1.dll wincorlib.dll msvcp110_win.dll msvcp110_win.dll clbcatq.dll wintrust.dll bcrypt.dll bcrypt.dll iphlpapi.dll winhttp.dll winhttp.dll ncrypt.dll ncrypt.dll ntasn1.dll ntasn1.dll windows.storage.applicationdata.dll windows.storage.applicationdata.dll logoncli.dll threadpoolwinrt.dll threadpoolwinrt.dll windows.applicationmodel.background.timebroker.dll windows.applicationmodel.background.timebroker.dll windows.applicationmodel.background.systemeventsbroker.dll windows.applicationmodel.background.systemeventsbroker.dll,normal
 ntdll.dll kernel32.dll KernelBase.dll user32.dll ws2_32.dll advapi32.dll system.xml.dll gdi32.dll msvcrt.dll gdi32.dll imm32.dll devdispitemprovider.dll msctf.dll onecoreuapcommonproxystub.dll System.Web.ni.dll combase.dll sensapi.dll rpcrt4.dll kernel.appcore.dll cryptbase.dll winhttp.dll bcryptprimitives.dll sechost.dll uxtheme.dll mscorlib.ni.dll mscorlib.dll cryptsp.dll rsaenh.dll bcrypt.dll rpcrt4.dll clbcatq.dll ole32.dll tipskins.dll BCP47Langs.dll winsta.dll dui70.dll oleaut32.dll ntdll.dll SHCore.dll dwmapi.dll twinapi.dll kernel.appcore.dll shell32.dll msctf.dll shlwapi.dll userenv.dll profapi.dll usp10.dll gpapi.dll TipRes.dll comctl32.dll duser.dll GdiPlus.dll Windows.UI.dll ninput.dll tiptsf.dll oleacc.dll,normal
 ntdll.dll ntdll.dll wow64.dll wow64win.dll wow64cpu.dll cryptsp.dll SensApi.dll bcrypt.dll kernel32.dll kernel32.dll kernel32.dll user32.dll imm32.dll kernel32.dll KernelBase.dll oleaut32.dll setupapi.dll user32.dll ole32.dll mscoreei.dll user32.dll msvcrt.dll ntdll.dll clbcatq.dll gdi32.dll user32.dll advapi32.dll sechost.dll rpcrt4.dll sspicli.dll cryptbase.dll lpk.dll usp10.dll version.dll mpr.dll whealogr.dll comctl32.dll msimg32.dll shell32.dll user32.dll shlwapi.dll ws2_32.dll nsi.dll kernel32.dll imageres.dll wsock32.dll netutils.dll System.Drawing.dll srvcli.dll imm32.dll msctf.dll uxtheme.dll slc.dll netapi32.dll dwmapi.dll wkscli.dll olepro32.dll,normal
 ntdll.dll ntdll.dll lpk.dll kernel32.dll kernelbase.dll tabskb.dll msvcrt.dll combase.dll ucrtbase.dll rpcrt4.dll bcryptprimitives.dll lpk.dll gdi32.dll fundisc.dll gdi32full.dll user32.dll microsoft.visualstudio.tools.applications.adapter.v9.0.dll win32u.dll imm32.dll wow64cpu.dll oleaut32.dll msvcp_win.dll api-ms-win-core-processthreads-l1-1-1.dll conhostv2.dll propsys.dll shcore.dll propsys.dll bcryptprimitives.dll shell32.dll cfgmgr32.dll sechost.dll windows.storage.dll powrprof.dll advapi32.dll shlwapi.dll kernel.appcore.dll profapi.dll clbcatq.dll bcrypt.dll msctf.dll,normal
 sensapi.dll drprov.dll sspicli.dll ntlanman.dll davclnt.dll davhlpr.dll cscapi.dll kbd101.dll kbd106.dll kbd106.dll msvcp_win.dll kbdnec.dll,normal
 ntdll.dll sspicli.dll ucrtbase.dll kernelbase.dll user32.dll lpk.dll usp10.dll msvcrt.dll imm32.dll bcp47langs.dll msctf.dll system.data.dll rpcrt4.dll winbrand.dll api-ms-win-downlevel-ole32-l1-1-0.dll gdi32.dll advapi32.dll sechost.dll apphelp.dll,normal
 ntdll.dll kernel32.dll api-ms-win-security-lsalookup-l2-1-0.dll kernelbase.dll gdi32.dll user32.dll dwmapi.dll devobj.dll lpk.dll gdi32.dll usp10.dll msvcrt.dll imm32.dll msvcrt.dll msctf.dll ole32.dll rpcrt4.dll oleaut32.dll cryptbase.dll msvcrt.dll clbcatq.dll wdi.dll advapi32.dll sspicli.dll sechost.dll ntdll.dll rpcrt4.dll dhcpcsvc6.dll user32.dll imecfm.dll ondemandconnroutehelper.dll kernel32.dll kernelbase.dll windows.security.authentication.onlineid.dll gdi32.dll user32.dll imm32.dll lpk.dll usp10.dll msvcrt.dll kernelbase.dll system.identitymodel.selectors.ni.dll imm32.dll rsaenh.dll msctf.dll ole32.dll rpcrt4.dll oleaut32.dll ntdll.dll kernel32.dll ntdll.dll wow64.dll wow64win.dll wow64cpu.dll wevtapi.dll presentationcore.ni.dll msctf.dll kernel32.dll kernel32.dll kernel32.dll ntdll.dll lpk.dll user32.dll kernel32.dll kernelbase.dll msvcrt.dll oleaut32.dll ole32.dll kernel32.dll gdi32.dll user32.dll advapi32.dll netevent.dll sechost.dll rpcrt4.dll sspicli.dll cryptbase.dll lpk.dll usp10.dll version.dll imm32.dll msctf.dll kernel32.dll sxs.dll clbcatq.dll vbscript.dll advapi32.dll wintrust.dll crypt32.dll usp10.dll msasn1.dll cryptsp.dll rsaenh.dll msisip.dll wshext.dll wmicmiplugin.dll comctl32.dll shell32.dll shlwapi.dll user32.dll scrobj.dll msi.dll scrrun.dll sensapi.dll ntdll.dll ntdll.dll wow64.dll ntdll.dll wow64win.dll clrjit.dll wow64cpu.dll kernel32.dll kernel32.dll kernel32.dll kernelbase.dll user32.dll shlwapi.dll kernel32.dll rpcrt4.dll system.data.dll kernelbase.dll msvcrt.dll winbrand.dll cryptbase.dll user32.dll gdi32.dll msvcrt.dll lpk.dll usp10.dll advapi32.dll sechost.dll rpcrt4.dll sspicli.dll cryptbase.dll imm32.dll msctf.dll apphelp.dll,normal
 sspicli.dll ntdll.dll kernel32.dll mscorlib.dll kernelbase.dll msvcrt.dll cmdext.dll sensapi.dll advapi32.dll sechost.dll rpcrt4.dll,normal
 netutils.dll ntdll.dll kernel32.dll SensApi.dll kernelbase.dll advapi32.dll msvcrt.dll sechost.dll rpcrt4.dll imm32.dll msvcr120_clr0400.dll shlwapi.dll mscoree.dll winhttp.dll winnsi.dll ole32.dll gdi32.dll user32.dll user32.dll lpk.dll usp10.dll kernel32.dll dbghelp.dll oleaut32.dll bcrypt.dll imm32.dll msctf.dll cryptbase.dll cryptsp.dll rsaenh.dll rpcrtremote.dll clbcatq.dll sxs.dll winsta.dll mscoreei.dll mscorwks.dll wkscli.dll wintrust.dll msvcr80.dll shlwapi.dll shell32.dll profapi.dll mscorlib.ni.dll user32.dll PresentationCore.ni.dll cryptsp.dll mscorjit.dll secur32.dll gdi32.dll mscorlib.dll mscorlib.dll nsi.dll version.dll mscorlib.dll mscorlib.dll shell32.dll system.ni.dll dwmapi.dll system.addin.ni.dll usp10.dll microsoft.visualstudio.tools.office.outlook.hostadapter.v10.0.ni.dll mscorsec.dll wintrust.dll api-ms-win-downlevel-ole32-l1-1-0.dll crypt32.dll msasn1.dll comctl32.dll riched20.dll imagehlp.dll ncrypt.dll bcrypt.dll dsreg.dll bcryptprimitives.dll userenv.dll gpapi.dll cryptnet.dll wldap32.dll sensapi.dll system.core.ni.dll microsoft.visualstudio.tools.office.hostadapter.v10.0.ni.dll microsoft.visualstudio.tools.office.contract.v9.0.ni.dll system.addin.contract.ni.dll microsoft.visualstudio.tools.applications.adapter.v9.0.ni.dll system.runtime.remoting.ni.dll system.configuration.ni.dll system.xml.ni.dll,normal
 vaultsvc.dll,normal
 usp10.dll ntdll.dll syncui.dll kernel32.dll kernelbase.dll gdi32.dll user32.dll kernel32.dll lpk.dll usp10.dll msvcrt.dll ole32.dll rpcrt4.dll cryptsp.dll rpcrt4.dll oleaut32.dll System.Data.Services.Client.dll advapi32.dll PresentationFramework.Royale.dll sechost.dll msasn1.dll userenv.dll mfc42u.dll duser.dll imm32.dll msctf.dll dui70.dll lpk.dll secur32.dll comctl32.dll odbc32.dll win32u.dll mmcbase.dll shlwapi.dll cryptbase.dll advapi32.dll uxtheme.dll urlmon.dll wininet.dll odbcint.dll bcryptprimitives.dll iertutil.dll clbcatq.dll apphelp.dll cryptbase.dll ntdll.dll atl.dll ntdsapi.dll ws2_32.dll api-ms-win-core-string-obsolete-l1-1-0.dll nsi.dll apphelp.dll amsi.dll activeds.dll adsldpc.dll mscorjit.dll usp10.dll dsrole.dll dnsapi.dll els.dll version.dll filemgmt.dll wbemcntl.dll mmfutil.dll wdc.dll pdh.dll pdhui.dll sspicli.dll kernel32.dll pla.dll shell32.dll imageres.dll tdh.dll winnsi.dll utildll.dll wtsapi32.dll dmdskmgr.dll dmutil.dll dmdskres.dll ntdll.dll dmdskres2.dll devmgr.dll newdev.dll crypt32.dll scrrun.dll msasn1.dll propsys.dll mmcndmgr.dll dwmapi.dll oleaccrc.dll xmllite.dll msxml3.dll profapi.dll advapi32.dll tsuserex.dll wtsapi32.dll wldap32.dll netutils.dll logoncli.dll api-ms-win-core-xstate-l1-1-0.dll msvcrt.dll srvcli.dll wkscli.dll mscorsvc.dll System.ni.dll secur32.dll winsetup.dll KernelBase.dll mmcex.ni.dll mmcfxcommon.ni.dll coremessaging.dll winsta.dll samlib.dll version.dll mpr.dll riched32.dll mscoree.dll riched32.dll sechost.dll riched20.dll riched20.dll elsext.dll ole32.dll elsext.dll mycomput.dll system.data.dll cfgmgr32.dll localsec.dll comdlg32.dll credui.dll wevtapi.dll microsoft.managementconsole.ni.dll eventviewer.ni.dll setupapi.dll version.dll devobj.dll miguicontrols.ni.dll netapi32.dll samcli.dll gdi32.dll shfolder.dll browcli.dll kbd106.dll devrtl.dll rasuser.dll comctl32.dll dsprop.dll taskscheduler.ni.dll dsuiext.dll System.ServiceProcess.dll mprsnap.dll windows.staterepositoryps.dll rtrfiltr.dll imagehlp.dll mprapi.dll rasman.dll cryptui.dll slc.dll mscorlib.ni.dll cryptsp.dll shlwapi.dll rtutils.dll servdeps.dll oleacc.dll cryptsp.dll msvcrt.dll rsaenh.dll rpcrtremote.dll mpclient.dll mlang.dll mscoree.dll mscorwks.dll wbemsvc.dll sechost.dll msvcr80.dll oleaut32.dll system.runtime.serialization.formatters.soap.ni.dll mscorlib.ni.dll sxs.dll rsaenh.dll sppc.dll system.ni.dll system.configuration.ni.dll system.xml.ni.dll system.drawing.ni.dll oleaut32.dll system.windows.forms.ni.dll pcpksp.dll userenv.dll mscorjit.dll cryptbase.dll lpk.dll culture.dll diasymreader.dll gdiplus.dll windowscodecs.dll userenv.dll system.transactions.dll user32.dll system.serviceprocess.ni.dll oleacc.dll adsnt.dll shlwapi.dll cscapi.dll imecfm.dll taskschd.dll wow64cpu.dll custommarshalers.ni.dll custommarshalers.dll mscorjit.dll wecapi.dll riched20.dll system.web.ni.dll ieframe.dll cryptbase.dll psapi.dll msvcrt.dll mshtml.dll msvcrt.dll ntmarta.dll msls31.dll msimtf.dll winmm.dll mmdevapi.dll vbscript.dll corperfmonext.dll perfos.dll perfdisk.dll rasctrs.dll tapiperf.dll usbperf.dll pcwum.dll RpcRtRemote.dll Microsoft.PowerShell.Activities.dll perfctrs.dll dxtrans.dll ddrawex.dll ddraw.dll dciman32.dll wintrust.dll user32.dll dxtmsft.dll system.web.regularexpressions.dll nsi.dll wvc.dll msimg32.dll dmocx.dll imageres.dll mcxdriv.dll imageres.dll imageres.dll imageres.dll user32.dll oleaut32.dll imageres.dll imageres.dll imageres.dll imageres.dll imageres.dll imageres.dll imageres.dll mdminst.dll imageres.dll imageres.dll sysclass.dll netcfgx.dll sti_ci.dll batt.dll batt.dll batt.dll sccls.dll auxiliarydisplayclassinstaller.dll bthci.dll jscript.dll,normal
 eppmanifest.dll sendmail.dll mydocs.dll acppage.dll sensapi.dll sfc.dll msi.dll wrpint.dll wpdshext.dll,normal
 ntdll.dll ntdll.dll rpcrt4.dll kernel32.dll rsaenh.dll kernelbase.dll kernelbase.dll shlwapi.dll user32.dll msvcrt.dll system.windows.forms.dll msvcrt.dll shlwapi.dll advapi32.dll ucrtbase.dll System.Windows.Forms.dll oleaut32.dll gdi32.dll combase.dll rpcrt4.dll profapi.dll rpcrt4.dll imm32.dll msctf.dll advapi32.dll ole32.dll system.data.ni.dll sechost.dll windows.storage.applicationdata.dll sechost.dll kernel.appcore.dll kernel.appcore.dll napinsp.dll cryptbase.dll cryptbase.dll kernelbase.dll bcryptprimitives.dll bcryptprimitives.dll uxtheme.dll uxtheme.dll clbcatq.dll gdi32.dll cryptsp.dll cryptsp.dll rsaenh.dll rsaenh.dll bcrypt.dll bcrypt.dll propsys.dll propsys.dll,normal
 ntdll.dll dhcpcsvc.dll kernel32.dll usp10.dll shlwapi.dll Microsoft.Management.Infrastructure.CimCmdlets.dll imm32.dll ntdsapi.dll kernelbase.dll api-ms-win-core-memory-l1-1-0.dll advapi32.dll imagehlp.dll msvcrt.dll winmm.dll sechost.dll rpcrt4.dll oleaut32.dll msvcp_win.dll ucrtbase.dll combase.dll bcryptprimitives.dll ole32.dll gdi32.dll gdi32full.dll user32.dll win32u.dll crypt32.dll kernel.appcore.dll msasn1.dll cryptsp.dll wintrust.dll tquery.dll mpclient.dll secur32.dll slc.dll bcrypt.dll sppc.dll version.dll dbghelp.dll userenv.dll profapi.dll gpapi.dll cryptsp.dll kernel.appcore.dll clbcatq.dll cryptbase.dll actxprxy.dll sspicli.dll windows.security.authentication.onlineid.dll dpapi.dll,normal
 ntdll.dll ntdll.dll kernel32.dll mscoree.dll kernelbase.dll kernelbase.dll shell32.dll msvcrt.dll msvcrt.dll cfgmgr32.dll ucrtbase.dll ucrtbase.dll shcore.dll shcore.dll sxs.dll rpcrt4.dll rpcrt4.dll combase.dll comctl32.dll bcryptprimitives.dll bcryptprimitives.dll system.web.regularexpressions.ni.dll windows.storage.dll windows.storage.dll advapi32.dll advapi32.dll sechost.dll sechost.dll system.xml.dll KernelBase.dll shlwapi.dll usp10.dll gdi32.dll gdi32full.dll msvcp_win.dll msvcp_win.dll user32.dll win32u.dll kernel.appcore.dll kernel.appcore.dll setupapi.dll wshext.dll system.xml.ni.dll kernel32.dll profapi.dll powrprof.dll wcp.dll filterlib.dll lpk.dll fltlib.dll chrome_elf.dll advapi32.dll gpapi.dll mscorlib.dll cryptbase.dll chrome_elf.dll version.dll sfc_os.dll profapi.dll winmm.dll userenv.dll userenv.dll winmmbase.dll cryptbase.dll gdi32.dll mprmsg.dll netutils.dll mscorlib.ni.dll clbcatq.dll cryptbase.dll imm32.dll chrome.dll chrome_child.dll kernel32.dll ws2_32.dll ws2_32.dll kernel32.dll ole32.dll advapi32.dll oleaut32.dll wintrust.dll msasn1.dll msasn1.dll crypt32.dll comdlg32.dll oleaut32.dll comdlg32.dll iphlpapi.dll oleacc.dll api-ms-win-core-file-l1-2-0.dll winbrand.dll uiautomationcore.dll oleaut32.dll uiautomationcore.dll wtsapi32.dll wtsapi32.dll dwrite.dll dxgi.dll usp10.dll dxgi.dll dbghelp.dll comctl32.dll usp10.dll winhttp.dll winhttp.dll urlmon.dll msjtes40.dll urlmon.dll secur32.dll secur32.dll dhcpcsvc.dll dhcpcsvc.dll nsi.dll nsi.dll umrdp.dll propsys.dll propsys.dll wevtapi.dll bcrypt.dll bcrypt.dll iertutil.dll iertutil.dll sspicli.dll sspicli.dll,normal
 system.web.dll imm32.dll ntdll.dll ntdll.dll wow64.dll wow64win.dll wow64cpu.dll kernel32.dll kernel32.dll kernel32.dll user32.dll kernel32.dll kernelbase.dll msvcrt.dll nsi.dll winbrand.dll user32.dll gdi32.dll sechost.dll lpk.dll usp10.dll advapi32.dll sechost.dll bcrypt.dll rpcrt4.dll system.windows.forms.dll user32.dll system.web.regularexpressions.ni.dll oleaut32.dll sspicli.dll cryptbase.dll imm32.dll msctf.dll apphelp.dll msvcrt.dll,normal
 ntdll.dll kernel32.dll setupapi.dll kernelbase.dll system.directoryservices.dll gdi32.dll user32.dll system.security.dll wow64cpu.dll lpk.dll usp10.dll msvcrt.dll system.windows.forms.dll imm32.dll msctf.dll ole32.dll rpcrt4.dll api-ms-win-core-processthreads-l1-1-1.dll oleaut32.dll cryptbase.dll clbcatq.dll advapi32.dll sechost.dll,normal
 ntdll.dll Microsoft.Vsa.ni.dll mscorlib.dll kernel32.dll kernel32.dll api-ms-win-core-console-l1-1-0.dll user32.dll kernelbase.dll user32.dll oleaut32.dll msvcp_win.dll api-ms-win-core-memory-l1-1-0.dll ntdll.dll wow64.dll imm32.dll wow64win.dll ucrtbase.dll combase.dll rpcrt4.dll microsoft.office.tools.dll wevtapi.dll kernel32.dll advapi32.dll kernel32.dll sspicli.dll cryptbase.dll bcryptprimitives.dll usp10.dll nsi.dll sechost.dll wow64cpu.dll cryptsp.dll advapi32.dll msvcr120_clr0400.dll mscoree.dll cscapi.dll mscoreei.dll user32.dll shlwapi.dll version.dll mscorsvc.dll ole32.dll win32u.dll fusion.dll gdi32.dll gdi32full.dll lpk.dll advapi32.dll msvcrt.dll kernel.appcore.dll clbcatq.dll taskschd.dll xmllite.dll,normal
 ntdll.dll kernel32.dll mciavi32.dll kernelbase.dll advapi32.dll msi.dll system.drawing.ni.dll msvcrt.dll version.dll sechost.dll ole32.dll rpcrt4.dll clbcatq.dll ole32.dll gdi32.dll user32.dll lpk.dll mscorlib.dll usp10.dll usp10.dll imm32.dll msctf.dll wdscore.dll oleaut32.dll shell32.dll shlwapi.dll usp10.dll dbghelp.dll cryptbase.dll secur32.dll cbscore.dll oleaut32.dll version.dll crypt32.dll kernel32.dll msasn1.dll wintrust.dll userenv.dll profapi.dll ktmw32.dll dpx.dll dpx.dll dpx.dll wcp.dll drupdate.dll ole32.dll setupapi.dll cfgmgr32.dll rpcrt4.dll devobj.dll rpcrtremote.dll mpr.dll wrpint.dll sxsstore.dll sqmapi.dll winhttp.dll webio.dll winhttp.dll clbcatq.dll KernelBase.dll webio.dll sensapi.dll cryptsp.dll winbrand.dll rsaenh.dll rpcrtremote.dll clbcatq.dll cbsapi.dll sfc_os.dll smipi.dll smiengine.dll rpcrtremote.dll ntdll.dll mpr.dll System.Transactions.dll ntdll.dll wow64.dll wow64win.dll wow64cpu.dll kernel32.dll msctf.dll System.Data.dll msvcrt.dll kernel32.dll kernel32.dll user32.dll shell32.dll oleaut32.dll kernel32.dll rsaenh.dll kernelbase.dll msvcrt.dll winbrand.dll user32.dll gdi32.dll clbcatq.dll lpk.dll usp10.dll advapi32.dll sechost.dll normaliz.dll rpcrt4.dll sspicli.dll cryptbase.dll imm32.dll msctf.dll apphelp.dll,normal
 ntdll.dll kernel32.dll kernelbase.dll gdi32.dll user32.dll lpk.dll sechost.dll lpk.dll usp10.dll msvcrt.dll imm32.dll msctf.dll wecsvc.dll ole32.dll rpcrtremote.dll rpcrt4.dll api-ms-win-downlevel-advapi32-l1-1-0.dll oleaut32.dll cryptbase.dll clbcatq.dll advapi32.dll sechost.dll gdi32.dll ntdll.dll kernel32.dll system.directoryservices.dll ntdll.dll kernelbase.dll gdi32.dll dhcpcsvc6.dll rpcrt4.dll user32.dll lpk.dll wow64win.dll usp10.dll sechost.dll msvcrt.dll imm32.dll mscorsec.dll msctf.dll ole32.dll apphelp.dll oleaut32.dll rpcrt4.dll oleaut32.dll cryptbase.dll clbcatq.dll msctf.dll advapi32.dll sechost.dll lpk.dll ntdll.dll ntdll.dll wow64.dll wow64win.dll oleaut32.dll wow64cpu.dll kernel32.dll nsi.dll kernel32.dll devobj.dll kernel32.dll user32.dll userenv.dll kernel32.dll Microsoft.Office.Tools.Outlook.dll kernelbase.dll bcryptprimitives.dll systemeventsbrokerclient.dll kernel32.dll advapi32.dll cfgmgr32.dll msvcrt.dll sechost.dll gdi32.dll cryptbase.dll rpcrt4.dll sspicli.dll cryptbase.dll shlwapi.dll dnsapi.dll ws2_32.dll fms.dll nsi.dll cryptbase.dll winnsi.dll sensapi.dll dhcpcsvc.dll dhcpcsvc6.dll shell32.dll nsi.dll shlwapi.dll gdi32.dll user32.dll user32.dll msctf.dll lpk.dll usp10.dll ole32.dll imm32.dll msctf.dll clbcatq.dll system.directoryservices.protocols.dll oleaut32.dll cryptsp.dll rsaenh.dll rpcrtremote.dll clbcatq.dll wevtapi.dll ntdll.dll ntdll.dll wow64.dll wow64win.dll wow64cpu.dll kernel32.dll kernel32.dll kernel32.dll user32.dll kernel32.dll kernelbase.dll msvcrt.dll winbrand.dll user32.dll gdi32.dll oleacc.dll lpk.dll usp10.dll advapi32.dll sechost.dll rpcrt4.dll sspicli.dll cryptbase.dll imm32.dll msctf.dll apphelp.dll,normal
 ntdll.dll ntdll.dll wow64.dll wow64win.dll wow64cpu.dll kernel32.dll kernel32.dll kernel32.dll ws2_32.dll user32.dll kernel32.dll ntdll.dll user32.dll System.ServiceProcess.ni.dll KernelBase.dll threadpoolwinrt.dll wkscli.dll advapi32.dll sechost.dll msvcrt.dll sechost.dll rpcrt4.dll sspicli.dll psapi.dll cryptbase.dll SMdiagnostics.dll winbrand.dll dnsapi.dll system.data.oracleclient.ni.dll ws2_32.dll nsi.dll winnsi.dll reachframework.ni.dll system.data.oracleclient.dll lpk.dll dhcpcsvc.dll dhcpcsvc6.dll shell32.dll user32.dll system.windows.forms.dll wmsgapi.dll shlwapi.dll gdi32.dll user32.dll lpk.dll usp10.dll ole32.dll imm32.dll msctf.dll clbcatq.dll oleaut32.dll ole32.dll cryptsp.dll rsaenh.dll RpcRtRemote.dll wevtapi.dll ntdll.dll ntdll.dll profapi.dll wow64.dll rasman.dll wow64win.dll wow64cpu.dll devobj.dll user32.dll kernel32.dll kernel32.dll system.design.ni.dll kernel32.dll user32.dll kernel32.dll KernelBase.dll user32.dll cryptsp.dll sechost.dll windows.shell.servicehostbuilder.dll advapi32.dll LspWaoIe.dll rpcrt4.dll cscapi.dll sechost.dll apilogen.dll msvcrt.dll sechost.dll eappprxy.dll user32.dll rpcrt4.dll ole32.dll sspicli.dll cryptbase.dll dnsapi.dll ws2_32.dll nsi.dll winnsi.dll ntdll.dll dhcpcsvc.dll dhcpcsvc6.dll shell32.dll shlwapi.dll gdi32.dll user32.dll lpk.dll usp10.dll msxml6.dll ntdll.dll ole32.dll imm32.dll msctf.dll clbcatq.dll oleaut32.dll cryptsp.dll profapi.dll usp10.dll rsaenh.dll RpcRtRemote.dll nsi.dll wups.dll SensApi.dll wevtapi.dll user32.dll ntdll.dll kernel32.dll KernelBase.dll gdi32.dll sechost.dll user32.dll lpk.dll usp10.dll msvcrt.dll imm32.dll msctf.dll ole32.dll rpcrt4.dll kernelbase.dll oleaut32.dll cryptbase.dll clbcatq.dll advapi32.dll sechost.dll ntdll.dll ntdll.dll wow64.dll wow64win.dll wow64cpu.dll kernel32.dll kernel32.dll bcryptprimitives.dll kernel32.dll user32.dll kernel32.dll KernelBase.dll msvcrt.dll winbrand.dll user32.dll gdi32.dll lpk.dll usp10.dll advapi32.dll sechost.dll rpcrt4.dll sspicli.dll cryptbase.dll imm32.dll msctf.dll apphelp.dll,normal
 imageres.dll devrtl.dll sendmail.dll user32.dll gdi32.dll mydocs.dll acppage.dll sfc.dll sfc_os.dll wuaueng.dll msi.dll searchfolder.dll,normal
 ntdll.dll cfgmgr32.dll system.data.oracleclient.ni.dll msutb.dll kernel32.dll kernelbase.dll advapi32.dll msvcrt.dll msvcrt.dll sechost.dll cryptbase.dll rpcrt4.dll comctl32.dll gdi32.dll user32.dll lpk.dll usp10.dll mfc42u.dll msvcrt.dll ole32.dll msctf.dll oleaut32.dll odbc32.dll shell32.dll shlwapi.dll wininet.dllnormaliz.dll urlmon.dll user32.dll wpc.dll crypt32.dll msasn1.dll iertutil.dll wminet_utils.dll winmm.dll ws2_32.dll nsi.dll api-ms-win-downlevel-user32-l1-1-0.dll imm32.dll msctf.dll odbcint.dll msctf.dll cryptbase.dll uxtheme.dll riched32.dll riched20.dll netapi32.dll dwmapi.dll comctl32.dll wow64.dll clbcatq.dll oleacc.dll imecfm.dll oleaut32.dll dpapi.dll version.dll tiptsf.dll gdi32.dll imm32.dll msado15.dll msdart.dll api-ms-win-downlevel-shell32-l1-1-0.dll cryptsp.dll kernel32.dll rsaenh.dll rpcrtremote.dll oledb32.dll rpcrt4.dll PresentationCore.dll bcrypt.dll oledb32r.dll wshbth.dll shell32.dll comsvcs.dll oleaut32.dll atl.dll energy.dll bcryptprimitives.dll msjetoledb40.dll msjet40.dll mswstr10.dll msjter40.dll msjint40.dll msadox.dll msadrh15.dll msjtes40.dll vbajet32.dll kernelbase.dll expsrv.dll imecfm.dll msadce.dll msadcer.dll propsys.dll gdi32.dll schedsvc.dll apphelp.dll ieframe.dll psapi.dll ntmarta.dll wldap32.dll setupapi.dll cfgmgr32.dll devobj.dll,caidao
 ntdll.dll shlwapi.dll kernel32.dll kernelbase.dll advapi32.dll msvcrt.dll sechost.dll msdart.dll rpcrt4.dll gdi32.dll ole32.dll System.Speech.dll user32.dll lpk.dll usp10.dll cryptbase.dll ole32.dll msimg32.dll wmsgapi.dll sechost.dll wtsapi32.dll winmm.dll userenv.dll profapi.dll winsta.dll msvcp110_win.dll netprofm.dll winmm.dll crypt32.dll twext.dll msasn1.dll cryptbase.dll System.Security.ni.dll system.data.dll wevtapi.dll system.web.dll msctfmonitor.dll msctf.dll imm32.dll msutb.dll comctl32.dll shlwapi.dll secur32.dll uxtheme.dll mscorlib.ni.dll sspicli.dll shell32.dll kernel32.dll api-ms-win-security-lsalookup-l2-1-1.dll cryptbase.dll uxtheme.dll wintrust.dll cryptsp.dll rsaenh.dll imagehlp.dll bcrypt.dll bcryptprimitives.dll ncrypt.dll gpapi.dll cryptnet.dll wininet.dll wldap32.dll sensapi.dll version.dll clbcatq.dll oleaut32.dll msvcrt.dll shlwapi.dll urlmon.dll api-ms-win-downlevel-ole32-l1-1-0.dll api-ms-win-downlevel-shlwapi-l1-1-0.dll api-ms-win-downlevel-advapi32-l1-1-0.dll api-ms-win-downlevel-user32-l1-1-0.dll api-ms-win-downlevel-version-l1-1-0.dll api-ms-win-downlevel-normaliz-l1-1-0.dll normaliz.dll iertutil.dll wininet.dll,normal
 ntdll.dll ntdll.dll kernel32.dll devicecenter.dll kernelbase.dll version.dll kernelbase.dll msvcrt.dll msvcrt.dll wship6.dll oleaut32.dll tquery.dll tquery.dll mscorwks.dll msvcp_win.dll msvcp_win.dll ucrtbase.dll winnsi.dll sechost.dll ucrtbase.dll combase.dll ncrypt.dll rpcrt4.dll rpcrt4.dll combase.dll advapi32.dll system.data.sqlxml.dll advapi32.dll bcryptprimitives.dll bcryptprimitives.dll ntdll.dll msvcrt.dll sechost.dll sechost.dll cryptdll.dll rtutils.dll msvcp_win.dll advapi32.dll cryptdll.dll spoolss.dll windows.storage.dll windows.storage.dll shlwapi.dll gdi32.dll gdi32full.dll kernel32.dll user32.dll gdi32.dll user32.dll mfperfhelper.dll win32u.dll kernel.appcore.dll system.dll kernel.appcore.dll shcore.dll cryptbase.dll shcore.dll profapi.dll powrprof.dll filterlib.dll fltlib.dll imm32.dll msidle.dll clbcatq.dll ole32.dll mssph.dll mssph.dll authz.dll authz.dll mssprxy.dll mssprxy.dll,normal
 ntdll.dll kernel32.dll KernelBase.dll gdi32.dll user32.dll lpk.dll user32.dll usp10.dll msvcrt.dll imm32.dll msvcrt.dll msctf.dll microsoft-windows-kernel-processor-power-events.dll ole32.dll rpcrt4.dll oleaut32.dll cryptbase.dll wevtapi.dll clbcatq.dll ntdll.dll advapi32.dll sechost.dll ntdll.dll ntdll.dll wow64.dll wow64win.dll wow64cpu.dll kernel32.dll user32.dll msvcrt.dll kernel32.dll kernel32.dll user32.dll svrmgrnc.dll kernel32.dll KernelBase.dll advapi32.dll ole32.dll msvcrt.dll sechost.dll rpcrt4.dll rpcrt4.dll sspicli.dll cryptbase.dll dnsapi.dll ws2_32.dll shell32.dll msobjs.dll System.Runtime.Serialization.dll wow64.dll nsi.dll wbemcomn.dll winnsi.dll clr.dll dhcpcsvc.dll idstore.dll dhcpcsvc6.dll shell32.dll shlwapi.dll gdi32.dll user32.dll lpk.dll usp10.dll ole32.dll imm32.dll msctf.dll oleaut32.dll clbcatq.dll oleaut32.dll msisip.dll dui70.dll ntdll.dll cryptsp.dll ole32.dll rsaenh.dll rpcrt4.dll RpcRtRemote.dll wevtapi.dll ntdll.dll lpk.dll wow64cpu.dll ntdll.dll ehividctl.ni.dll msvcr120_clr0400.dll kernel32.dll wow64.dll wow64win.dll wow64cpu.dll kernel32.dll kernel32.dll kernel32.dll user32.dll kernel32.dll KernelBase.dll msvcrt.dll kernel32.dll comctl32.dll msvcrt.dll winbrand.dll user32.dll gdi32.dll lpk.dll usp10.dll advapi32.dll api-ms-win-core-shlwapi-obsolete-l1-1-0.dll sechost.dll rpcrt4.dll sspicli.dll cryptbase.dll imm32.dll msctf.dll apphelp.dll,normal
 ntdll.dll kernel32.dll mscorlib.ni.dll kernelbase.dll msvcrt.dll ole32.dll gdi32.dll user32.dll lpk.dll ntdll.dll usp10.dll rpcrt4.dll usp10.dll oleaut32.dll imm32.dll msctf.dll cryptbase.dll sechost.dll netprofm.dll advapi32.dll microsoft.visualc.ni.dll System.Numerics.ni.dll clbcatq.dll shlwapi.dll dimsjob.dll taskschd.dll ntdll.dll sspicli.dll kernel32.dll nsi.dll netprofm.dll nlaapi.dll scrobj.dll user32.dll cryptsp.dll rsaenh.dll rpcrtremote.dll pautoenr.dll kernel32.dll npmproxy.dll slc.dll wldap32.dll certcli.dll atl.dll rpcrtremote.dll winbrand.dll crypt32.dll msasn1.dll clbcatq.dll certenroll.dll user32.dll dsrole.dll advapi32.dll kernel32.dll ws2_32.dll secur32.dll usp10.dll logoncli.dll netutils.dll ntdsapi.dll mswsock.dll credssp.dll cryptdll.dll bcrypt.dll System.Web.Services.dll bcryptprimitives.dll kerberos.dll wship6.dll dnsapi.dll winnsi.dll rasadhlp.dll,normal
 ntdll.dll kernel32.dll kernelbase.dll lpk.dll advapi32.dll msvcrt.dll crypt32.dll atl.dll ole32.dll oleaut32.dll shlwapi.dll shell32.dll user32.dll shell32.dll imageres.dll rpcrt4.dll gdi32.dll combase.dll imm32.dll msctf.dll kernel.appcore.dll cryptbase.dll ntdll.dll bcryptprimitives.dll cryptsp.dll uxtheme.dll mscoree.dll clbcatq.dll shlwapi.dll shcore.dll userenv.dll ole32.dll profapi.dll clrjit.dll twinapi.dll propsys.dll bcp47langs.dll linkinfo.dll cryptsp.dll rsaenh.dll bcrypt.dll windows.globalization.dll duser.dll execmodelproxy.dll sspicli.dll srvcli.dll ntshrui.dll winhttp.dll setupapi.dll imm32.dll cfgmgr32.dll user32.dll cscapi.dll msvcrt.dll ntmarta.dll mscoreei.dll sspicli.dll version.dll psapi.dll system.management.ni.dll clr.dll mscoreei.dll system.drawing.design.ni.dll msvcr120_clr0400.dll Microsoft.Office.Tools.Outlook.dll mscorlib.ni.dll system.ni.dll system.core.ni.dll microsoft.powershell.consolehost.ni.dll system.management.automation.ni.dll system.numerics.ni.dll system.xml.ni.dll microsoft.office.tools.word.v9.0.dll system.directoryservices.ni.dll microsoft.management.infrastructure.ni.dll clrjit.dll sechost.dll mscorlib.dll system.configuration.install.ni.dll system.data.dll system.transactions.ni.dll dwmapi.dll rpcrt4.dll system.transactions.dll system.configuration.dll system.configuration.ni.dll microsoft.powershell.security.dll gdi32.dll microsoft.powershell.security.ni.dll ntdll.dll secur32.dll wldp.dll wshext.dll system.data.ni.dll system.data.dll setupapi.dll ws2_32.dll dot3api.dll crypt32.dll nsi.dll msasn1.dll rpcrt4.dll microsoft.powershell.commands.utility.ni.dll diasymreader.dll mscorlib.ni.dll rasapi32.dll kernel32.dll rasman.dll rtutils.dll System.Transactions.ni.dll mswsock.dll winhttp.dll winnsi.dll dhcpcsvc6.dll dhcpcsvc.dll system.security.dll system.security.ni.dll imageres.dll microsoft.powershell.commands.management.ni.dll wmiutils.dll rpcrt4.dll wbemcomn.dll wbemprox.dll lpk.dll wminet_utils.dll wminet_utils.dll napinsp.dll dnsapi.dll winrnr.dll nlaapi.dll rasadhlp.dll wbemsvc.dll fastprox.dll,empire
 ntdll.dll kernel32.dll scrobj.dll sspicli.dll KernelBase.dll gdi32.dll user32.dll lpk.dll usp10.dll msvcrt.dll imm32.dll msctf.dll ole32.dll rpcrt4.dll oleaut32.dll cryptbase.dll clbcatq.dll advapi32.dll wow64win.dll propsys.dll sechost.dll duser.dll ntdll.dll ntdll.dll wow64.dll msctf.dll oleaut32.dll wow64win.dll wow64cpu.dll vbajet32.dll SensApi.dll imageres.dll kernel32.dll kernel32.dll kernel32.dll user32.dll kernel32.dll KernelBase.dll msvcrt.dll Microsoft.Security.ApplicationId.PolicyManagement.XmlHelper.ni.dll winbrand.dll user32.dll lpk.dll gdi32.dll api-ms-win-core-localization-l1-2-0.dll lpk.dll usp10.dll advapi32.dll msvcr80.dll sechost.dll rpcrt4.dll sspicli.dll cryptbase.dll imm32.dll system.transactions.dll mfmediaengine.dll msctf.dll apphelp.dll,normal
 mscoreei.dll kernelbase.dll ntdll.dll kernel32.dll SensApi.dll msvcrt.dll KernelBase.dll kernelbase.dll netprofm.dll advapi32.dll msvcrt.dll clbcatq.dll sechost.dll oleaut32.dll rpcrt4.dll gdi32.dll advapi32.dll shell32.dll shlwapi.dll gdi32.dll user32.dll lpk.dll usp10.dll imm32.dll msctf.dll ole32.dll cryptbase.dll oleaut32.dll clbcatq.dll urlmon.dll api-ms-win-downlevel-ole32-l1-1-0.dll api-ms-win-downlevel-shlwapi-l1-1-0.dll advapi32.dll sechost.dll system.configuration.dll version.dll userenv.dll devobj.dll api-ms-win-downlevel-version-l1-1-0.dll api-ms-win-downlevel-user32-l1-1-0.dll api-ms-win-downlevel-normaliz-l1-1-0.dll KernelBase.dll normaliz.dll mpr.dll iertutil.dll wininet.dll propsys.dll oleaut32.dll setupapi.dll cfgmgr32.dll uxtheme.dll comctl32.dll security.dll profapi.dll msvcr120_clr0400.dll api-ms-win-downlevel-advapi32-l1-1-0.dll secur32.dll sspicli.dll system.runtime.remoting.dll msctf.dll ntdll.dll crypt32.dll kernel32.dll kernelbase.dll usp10.dll msvcrt.dll mpr.dll lpk.dll rpcrt4.dll gdi32.dll user32.dll lpk.dll usp10.dll ole32.dll oleaut32.dll imm32.dll windows.applicationmodel.background.timebroker.dll kernel.appcore.dll ntdll.dll rpcrt4.dll kernel32.dll kernelbase.dll advapi32.dll msvcrt.dll sechost.dll secur32.dll rpcrt4.dll msvcr120_clr0400.dll mscoree.dll msswch.dll ole32.dll gdi32.dll user32.dll mscms.dll lpk.dll shlwapi.dll usp10.dll oleaut32.dll imm32.dll wow64win.dll msctf.dll cryptbase.dll nlslexicons0009.dll mscoreei.dll cryptsp.dll rsaenh.dll rpcrtremote.dll clbcatq.dll sxs.dll RpcRtRemote.dll mscoreei.dll mscorwks.dll msvcr80.dll shlwapi.dll shell32.dll advapi32.dll profapi.dll mscorlib.ni.dll UIAutomationProvider.dll mscorjit.dll rsaenh.dll mscorlib.dll mscorlib.dll version.dll mscorlib.dll cryptdll.dll profapi.dll wow64win.dll kernelbase.dll mscorlib.dll kernel32.dll tquery.dll presentationframework.royale.ni.dll system.ni.dll windowsbase.ni.dll presentationcore.ni.dll presentationframework.ni.dll cfgmgr32.dll presentationcore.dll presentationcore.dll presentationcore.dll msctf.dll presentationcore.dll clbcatq.dll system.xml.ni.dll uiautomationprovider.ni.dll system.drawing.ni.dll system.deployment.ni.dll lpk.dll presentationui.ni.dll system.printing.ni.dll system.printing.dll user32.dll system.printing.dll KernelBase.dll nlsdata0009.dll System.Configuration.ni.dll user32.dll System.Drawing.ni.dll system.printing.dll sxs.dll system.printing.dll user32.dll reachframework.ni.dll uiautomationtypes.ni.dll system.data.ni.dll system.data.dll system.security.dll system.data.dll system.data.dll hgcpl.dll system.data.dll system.data.dll ws2_32.dll user32.dll nsi.dll crypt32.dll msasn1.dll accessibility.ni.dll system.configuration.ni.dll system.security.ni.dll system.directoryservices.ni.dll system.data.sqlxml.ni.dll microsoft.visualc.ni.dll presentationcffrasterizer.ni.dll system.windows.forms.ni.dll system.runtime.serialization.formatters.soap.ni.dll wow64cpu.dll system.directoryservices.ni.dll system.transactions.ni.dll cdp.dll system.transactions.dll system.transactions.dll system.transactions.dll nsi.dll system.transactions.dll advapi32.dll System.Data.dll system.transactions.dll system.enterpriseservices.ni.dll system.enterpriseservices.dll system.enterpriseservices.dll system.runtime.remoting.ni.dll system.web.ni.dll system.web.dll clbcatq.dll system.web.dll system.web.dll system.web.dll cryptsp.dll system.web.services.ni.dll system.directoryservices.protocols.ni.dll system.design.ni.dll system.serviceprocess.ni.dll system.web.regularexpressions.ni.dll system.drawing.design.ni.dll system.data.oracleclient.ni.dll system.data.oracleclient.dll system.data.oracleclient.dll system.data.oracleclient.dll system.data.oracleclient.dll system.data.oracleclient.dll mskeyprotect.dll system.configuration.install.ni.dll kernel32.dll ntdll.dll kernel32.dll kernelbase.dll gdi32.dll user32.dll lpk.dll usp10.dll msvcrt.dll imm32.dll msctf.dll ole32.dll system.xml.dll ole32.dll rpcrt4.dll oleaut32.dll user32.dll cryptbase.dll clbcatq.dll advapi32.dll sechost.dll,normal
 ntdll.dll ntdll.dll wow64.dll netprofm.dll wow64win.dll wow64cpu.dll kernel32.dll clbcatq.dll wbemsvc.dll kernel32.dll mscorlib.ni.dll kernel32.dll user32.dll ncrypt.dll kernel32.dll KernelBase.dll advapi32.dll msvcrt.dll rsaenh.dll sechost.dll ole32.dll sspicli.dll rsaenh.dll rpcrt4.dll netutils.dll sspicli.dll cryptbase.dll dnsapi.dll profapi.dll ws2_32.dll nsi.dll winnsi.dll dhcpcsvc.dll dhcpcsvc6.dll eappcfg.dll system.transactions.dll gpapi.dll shell32.dll combase.dll bcryptprimitives.dll rsaenh.dll shlwapi.dll gdi32.dll user32.dll system.security.dll lpk.dll usp10.dll ole32.dll rpcrt4.dll imm32.dll msctf.dll clbcatq.dll oleaut32.dll apphelp.dll cryptsp.dll rsaenh.dll RpcRtRemote.dll gdi32.dll wevtapi.dll ntdll.dll kernel32.dll ntdll.dll KernelBase.dll gdi32.dll user32.dll lpk.dll usp10.dll msvcrt.dll imm32.dll msctf.dll ole32.dll kernelbase.dll thumbcache.dll rpcrt4.dll webio.dll oleaut32.dll lpk.dll api-ms-win-core-fibers-l1-1-1.dll KernelBase.dll ntdll.dll wtsapi32.dll oleaut32.dll cryptbase.dll kernel32.dll KernelBase.dll gdi32.dll sechost.dll user32.dll lpk.dll usp10.dll msvcrt.dll imm32.dll imagehlp.dll ntshrui.dll lpk.dll msctf.dll ole32.dll rpcrt4.dll oleaut32.dll adtschema.dll cryptbase.dll system.data.dll clbcatq.dll advapi32.dll sechost.dll ntdll.dll ntdll.dll kernelbase.dll wow64.dll rpcrtremote.dll wow64win.dll wow64cpu.dll kernel32.dll kernel32.dll kernel32.dll user32.dll kernel32.dll KernelBase.dll bcrypt.dll advapi32.dll rpcrt4.dll msvcrt.dll rasman.dll user32.dll sechost.dll mscorlib.dll rpcrt4.dll system.core.ni.dll sspicli.dll SensApi.dll cryptbase.dll dnsapi.dll ws2_32.dll nsi.dll imm32.dll winnsi.dll dhcpcsvc.dll System.Core.dll dhcpcsvc6.dll shell32.dll shlwapi.dll user32.dll gdi32.dll user32.dll lpk.dll wincorlib.dll advapi32.dll usp10.dll ole32.dll imm32.dll msctf.dll clbcatq.dll cfgmgr32.dll oleaut32.dll rpcrt4.dll cryptsp.dll rsaenh.dll RpcRtRemote.dll wevtapi.dll ntdll.dll ntdll.dll system.enterpriseservices.dll duser.dll gdi32.dll wow64.dll wow64win.dll wow64cpu.dll kernel32.dll kernel32.dll kernel32.dll system.configuration.dll user32.dll kernel32.dll kernel32.dll KernelBase.dll advapi32.dll msvcrt.dll mscorlib.dll sechost.dll rpcrt4.dll sspicli.dll cryptbase.dll dnsapi.dll ws2_32.dll cryptbase.dll nsi.dll shell32.dll winnsi.dll dhcpcsvc.dll dhcpcsvc6.dll shell32.dll shlwapi.dll gdi32.dll user32.dll lpk.dll usp10.dll msvcr120_clr0400.dll MMDevAPI.dll ole32.dll imm32.dll msctf.dll System.DirectoryServices.dll System.ni.dll clbcatq.dll oleaut32.dll cryptsp.dll kernel32.dll rsaenh.dll shfolder.dll wkscli.dll RpcRtRemote.dll wevtapi.dll ntdll.dll ntdll.dll kernel32.dll KernelBase.dll advapi32.dll msvcrt.dll sechost.dll rpcrt4.dll gdi32.dll user32.dll lpk.dll usp10.dll usp10.dll ole32.dll kernelbase.dll msimg32.dll esent.dll wtsapi32.dll winmm.dll usp10.dll dxgi.dll wbemsvc.dll msasn1.dll userenv.dll profapi.dll winsta.dll kernel32.dll crypt32.dll dcomp.dll cryptsp.dll System.DirectoryServices.Protocols.ni.dll msasn1.dll msctf.dll msftedit.dll imm32.dll msutb.dll comctl32.dll shlwapi.dll api-ms-win-crt-utility-l1-1-0.dll sspicli.dll dbghelp.dll ole32.dll shell32.dll cryptbase.dll wintrust.dll cryptsp.dll rsaenh.dll wmsgapi.dll Wldap32.dll SensApi.dll MsCtfMonitor.dll setupapi.dll microsoft.office.tools.word.dll msvcp_win.dll cfgmgr32.dll user32.dll oleaut32.dll devobj.dll version.dll clbcatq.dll usp10.dll kernel32.dll oleaut32.dll shcore.dll secur32.dll imagehlp.dll user32.dll bcrypt.dll bcryptprimitives.dll ncrypt.dll user32.dll gpapi.dll mscorlib.ni.dll cryptnet.dll usp10.dll kernel32.dll cabinet.dll winsta.dll user32.dll CbsCore.dll devrtl.dll Wldap32.dll user32.dll urlmon.dll wininet.dll iertutil.dll ntdll.dll ntdll.dll wow64.dll wow64win.dll wow64cpu.dll kernel32.dll kernel32.dll wintrust.dll kernel32.dll RpcRtRemote.dll user32.dll kernel32.dll KernelBase.dll msvcrt.dll winnsi.dll usp10.dll user32.dll oleaut32.dll ole32.dll gdi32.dll user32.dll ntdll.dll advapi32.dll pwrshmsg.dll sechost.dll rpcrt4.dll sspicli.dll cryptbase.dll lpk.dll usp10.dll version.dll imm32.dll imm32.dll shell32.dll msctf.dll sxs.dll clbcatq.dll vbscript.dll system.deployment.dll advapi32.dll KernelBase.dll wintrust.dll sxs.dll crypt32.dll msasn1.dll cryptsp.dll nlslexicons0011.dll rpcrtremote.dll rsaenh.dll msisip.dll kernel32.dll wow64win.dll offfiltx.dll cryptbase.dll wshext.dll comctl32.dll shell32.dll shlwapi.dll scrobj.dll clbcatq.dll msi.dll scrrun.dll ntdll.dll kernel32.dll KernelBase.dll gdi32.dll user32.dll lpk.dll usp10.dll msvcrt.dll imm32.dll msctf.dll ole32.dll clbcatq.dll rpcrt4.dll oleaut32.dll rpcrt4.dll ntdll.dll kernel32.dll ntdll.dll wow64cpu.dll wow64.dll wow64win.dll wow64cpu.dll kernel32.dll user32.dll kernel32.dll wininet.dll kernel32.dll user32.dll kernel32.dll KernelBase.dll advapi32.dll msvcrt.dll oleaut32.dll gdi32.dll sechost.dll rpcrt4.dll sspicli.dll cryptbase.dll dnsapi.dll ws2_32.dll imm32.dll nsi.dll winnsi.dll sechost.dll dhcpcsvc.dll dhcpcsvc6.dll shell32.dll shlwapi.dll gdi32.dll system.web.services.ni.dll user32.dll lpk.dll usp10.dll system.web.dll ole32.dll imm32.dll msctf.dll clbcatq.dll oleaut32.dll cryptsp.dll rsaenh.dll RpcRtRemote.dll wevtapi.dll ntdll.dll ntdll.dll wow64.dll wow64win.dll wow64cpu.dll kernel32.dll kernel32.dll kernel32.dll user32.dll sspicli.dll kernel32.dll KernelBase.dll advapi32.dll msvcrt.dll sechost.dll mscoree.dll rpcrt4.dll sspicli.dll cryptbase.dll dnsapi.dll ws2_32.dll nsi.dll winnsi.dll dhcpcsvc.dll dhcpcsvc6.dll shell32.dll shlwapi.dll gdi32.dll user32.dll lpk.dll usp10.dll ole32.dll imm32.dll msctf.dll clbcatq.dll oleaut32.dll cryptsp.dll rsaenh.dll RpcRtRemote.dll wevtapi.dll,normal
 ntdll.dll,normal
 ntdll.dll kernel32.dll kernelbase.dll msvcrt.dll System.Drawing.dll sechost.dll system.numerics.ni.dll cryptbase.dll rpcrt4.dll combase.dll ucrtbase.dll wintrust.dll bcryptprimitives.dll sxshared.dll kernel.appcore.dll clbcatq.dll user32.dll win32u.dll gdi32.dll cfgmgr32.dll rpcrt4.dll gdi32full.dll defragproxy.dll,normal
 adtschema.dll auditcse.dll gpsvc.dll adtschema.dll gpsvc.dll powercpl.dll auditcse.dll adtschema.dll winsatapi.dll gpsvc.dll shell32.dll auditcse.dll System.Drawing.dll adtschema.dll auditcse.dll crypt32.dll gpsvc.dll adtschema.dll gpsvc.dll auditcse.dll adtschema.dll shell32.dll user32.dll gpsvc.dll auditcse.dll gpsvc.dll auditcse.dll adtschema.dll CertEnroll.dll CertEnroll.dll schedsvc.dll adtschema.dll auditcse.dll sspicli.dll gpsvc.dll gpsvc.dll System.Configuration.ni.dll adtschema.dll auditcse.dll schedsvc.dll system.web.dll System.ni.dll aeevts.dll version.dll rsaenh.dll winhttp.dll gpsvc.dll adtschema.dll auditcse.dll schedsvc.dll system.core.ni.dll ncrypt.dll api-ms-win-core-privateprofile-l1-1-0.dll kdcsvc.dll gpsvc.dll adtschema.dll auditcse.dll gpsvc.dll clbcatq.dll adtschema.dll msasn1.dll cryptbase.dll wow64cpu.dll odbc32.dll auditcse.dll adtschema.dll gpsvc.dll auditcse.dll schedsvc.dll cryptbase.dll system.windows.forms.dll wintrust.dll aeevts.dll user32.dll gpsvc.dll auditcse.dll wow64.dll adtschema.dll wevtapi.dll schedsvc.dll gpsvc.dll auditcse.dll auditcse.dll adtschema.dll userenv.dll auditcse.dll kernel32.dll adtschema.dll gpsvc.dll wow64.dll schedsvc.dll shlwapi.dll adtschema.dll system.configuration.install.ni.dll gpsvc.dll api-ms-win-downlevel-ole32-l1-1-0.dll auditcse.dll adtschema.dll gpsvc.dll auditcse.dll adtschema.dll gpsvc.dll auditcse.dll kernel32.dll adtschema.dll BDATunePIA.dll clbcatq.dll gpsvc.dll auditcse.dll adtschema.dll user32.dll system.xml.ni.dll ieframe.dll auditcse.dll oleaut32.dll gpsvc.dll gdi32.dll oleaut32.dll adtschema.dll cryptsp.dll auditcse.dll gpsvc.dll adtschema.dll CertEnroll.dll CertEnroll.dll auditcse.dll ntdll.dll gpsvc.dll schedsvc.dll adtschema.dll gpsvc.dll auditcse.dll adtschema.dll lsasrv.dll gpsvc.dll auditcse.dll adtschema.dll mscorlib.dll gpsvc.dll auditcse.dll adtschema.dll gpsvc.dll System.Data.dll auditcse.dll adtschema.dll bcrypt.dll system.runtime.remoting.ni.dll auditcse.dll gpsvc.dll adtschema.dll gpsvc.dll auditcse.dll ole32.dll adtschema.dll gpsvc.dll auditcse.dll cryptbase.dll crypt32.dll kdcsvc.dll adtschema.dll gpsvc.dll auditcse.dll wevtapi.dll system.xml.dll bcrypt.dll wevtapi.dll wevtapi.dll wecsvc.dll lpk.dll wevtapi.dll nlaapi.dll wow64.dll devobj.dll wevtapi.dll adwsres.dll els.dll dfsrress.dll els.dll wecsvc.dll wevtapi.dll wevtapi.dll kernel32.dll aeevts.dll advapi32.dll apilogen.dll appidapi.dll winsta.dll appidapi.dll ntdll.dll user32.dll msvcp110_win.dll crypt32.dll AudioSes.dll authui.dll qmgr.dll gpsvc.dll dimsroam.dll CertPolEng.dll ci.dll shell32.dll wtsapi32.dll cofiredm.dll cofiredm.dll SyncInfrastructure.dll netprofm.dll dps.dll resourcepolicyclient.dll auditcse.dll pcwum.dll SensApi.dll ole32.dll gdi32.dll dps.dll pla.dll sdiageng.dll sdiagprv.dll usp10.dll rpcrt4.dll ncrypt.dll kernel32.dll netdiagfx.dll webio.dll kernel32.dll WUDFPlatform.dll winhttp.dll gpapi.dll eapsvc.dll certadm.dll certadm.dll fms.dll ntdll.dll fdeploy.dll wevtfwd.dll apds.dll hgcpl.dll iphlpsvc.dll microsoft-windows-kernel-power-events.dll ncsi.dll pnidui.dll nlasvc.dll msv1_0.dll cryptbase.dll PSEvents.dll ntprint.dll RacEngn.dll TSWorkspace.dll radardt.dll RstrtMgr.dll xmllite.dll scwengb.dll svrmgrnc.dll riched20.dll osbaseln.dll schedsvc.dll umrdp.dll mstscax.dll termsrv.dll kernel32.dll System.Windows.Forms.dll ntdll.dll profsvc.dll rsaenh.dll MPSSVC.dll mscms.dll mscoree.dll wuaueng.dll WsmRes.dll dot3svc.dll oleres.dll kernel32.dll wininet.dll mscorlib.dll msasn1.dll schedsvc.dll Wldap32.dll webservices.dll ws2_32.dll UIAutomationCore.dll CbsMsg.dll samsrv.dll api-ms-win-core-sysinfo-l1-1-0.dll credui.dll propsys.dll netdiagfx.dll presentationcffrasterizer.ni.dll iphlpsvc.dll setupetw.dll clbcatq.dll clusapi.dll dsrole.dll connect.dll logoncli.dll comdlg32.dll Display.dll netutils.dll xwizards.dll duser.dll adtschema.dll rpchttp.dll SCardSvr.dll user32.dll System.Configuration.dll umrdp.dll eqossnap.dll dps.dll pnidui.dll wow64.dll oleres.dll adsldpc.dll ntshrui.dll appidapi.dll MPSSVC.dll oleaut32.dll ActionCenter.dll schedsvc.dll system.enterpriseservices.wrapper.dll l2nacp.dll WinMgmtR.dll wininet.dll WinMgmtR.dll MPSSVC.dll secur32.dll usp10.dll system.configuration.install.dll apphelp.dll setupetw.dll ieframe.dll ieframe.dll lsasrv.dll lsasrv.dll rsaenh.dll mprmsg.dll nsi.dll cryptbase.dll FCRegSvc.dll RpcEpMap.dll MPSSVC.dll msvcrt.dll ktmw32.dll dui70.dll lsasrv.dll System.Security.ni.dll MPSSVC.dll napipsec.dll Win32_Tpm.dll RpcEpMap.dll adsldp.dll ktmw32.dll avrt.dll userenv.dll nettrace.dll ws2_32.dll ntdll.dll msctf.dll dwmapi.dll bcryptprimitives.dll prflbmsg.dll msvcrt.dll ntevt.dll VAN.dll shsvcs.dll shsvcs.dll shsvcs.dll version.dll netcenter.dll SensApi.dll perfdisk.dll certcli.dll adwsres.dll dfsrress.dll els.dll els.dll wecsvc.dll msctf.dll system.data.dll ActionQueue.dll usercpl.dll winnsi.dll netlogon.dll onex.dll ntdsmsg.dll mscorlib.dll mscoreei.dll cmisetup.dll perfctrs.dll msobjs.dll umpnpmgr.dll dxgi.dll umpnpmgr.dll efscore.dll umpo.dll themecpl.dll sstpsvc.dll wlgpclnt.dll clbcatq.dll DxpTaskSync.dll uxtheme.dll fdPHost.dll ReAgent.dll PortableDeviceSyncProvider.dll PortableDeviceSyncProvider.dll clbcatq.dll kdcsvc.dll wintrust.dll Magnification.dll DiagCpl.dll FirewallControlPanel.dll cryptsp.dll netshell.dll system.web.dll DrUpdate.dll wdc.dll msvcrt.dll stobject.dll imm32.dll SndVolSSO.dll cryptbase.dll ktmw32.dll rtm.dll ipnathlp.dll mscorlib.dll perfos.dll loadperf.dll bcrypt.dll msvcrt.dll imm32.dll UIAnimation.dll msasn1.dll tbssvc.dll efssvc.dll dimsjob.dll shell32.dll microsoft-windows-hal-events.dll CertEnroll.dll kernel32.dll winnsi.dll energy.dll ntdll.dll taskbarcpl.dll ole32.dll DeviceUxRes.dll system.data.oracleclient.dll msimsg.dll dwmcore.dll dwmcore.dll comres.dll RpcRtRemote.dll comres.dll comres.dll comres.dll msoobeui.dll microsoft-windows-kernel-processor-power-events.dll whealogr.dll msvcrt.dll api-ms-win-core-privateprofile-l1-1-0.dll netevent.dll tcpmon.dll pautoenr.dll mscorlib.dll system.configuration.dll kernelbase.dll certprop.dll System.Configuration.ni.dll oleaut32.dll dsound.dll mshtml.dll mshtml.dll mciavi32.dll dot3gpclnt.dll powercpl.dll sud.dll msctf.dll csrsrv.dll csrsrv.dll msdtcVSp1res.dll msdtcVSp1res.dll fundisc.dll sxs.dll FDResPub.dll DocumentPerformanceEvents.dll gdi32.dll winsta.dll wow64cpu.dll dwmredir.dll ntdll.dll kerberos.dll rsaenh.dll perfnet.dll zipfldr.dll rdpendp.dll pots.dll ntdll.dll ucrtbase.dll msctf.dll clbcatq.dll winsrv.dll msasn1.dll IPBusEnum.dll msutb.dll ntdll.dll mapi32.dll WABSyncProvider.dll pdh.dll gdi32.dll Sens.dll msvcp_win.dll api-ms-win-core-threadpool-legacy-l1-1-0.dll winbrand.dll shwebsvc.dll lpk.dll werconcpl.dll gdi32.dll FntCache.dll w32time.dll wersvc.dll usp10.dll appinfo.dll quartz.dll tabskb.dll UIRibbon.dll version.dll gpsvc.dll mi.dll comctl32.dll oleaccrc.dll perfproc.dll ipmiprr.dll ActionCenterCPL.dll wbemcntl.dll mscorlib.dll propsys.dll themeui.dll winsetup.dll wow64win.dll adtschema.dll NaturalLanguage6.dll system.transactions.dll gpsvc.dll cfgmgr32.dll auditcse.dll advapi32.dll msctf.dll system.data.oracleclient.dll schedsvc.dll shlwapi.dll pla.dll pla.dll windows.gaming.input.dll pla.dll adtschema.dll gpsvc.dll auditcse.dll termsrv.dll umrdp.dll umrdp.dll umrdp.dll shell32.dll msvcrt.dll umrdp.dll ntprint.dll adtschema.dll fusion.dll winbrand.dll gpsvc.dll msctf.dll auditcse.dll slc.dll adtschema.dll gpsvc.dll auditcse.dll wow64.dll adtschema.dll ntdsapi.dll gpsvc.dll auditcse.dll adtschema.dll gpsvc.dll api-ms-win-downlevel-version-l1-1-0.dll auditcse.dll pla.dll wevtapi.dll wevtapi.dll wow64cpu.dll wevtapi.dll wecsvc.dll wevtapi.dll wevtapi.dll adwsres.dll kernel32.dll wecsvc.dll dfsrress.dll wevtapi.dll wevtapi.dll els.dll msctf.dll els.dll kernel32.dll uxtheme.dll system.deployment.ni.dll gdi32.dll authui.dll crypt32.dll apilogen.dll cryptsp.dll appidapi.dll appidapi.dll imecfm.dll aeevts.dll system.data.sqlxml.dll pla.dll msvcrt.dll ntasn1.dll AudioSes.dll gpsvc.dll KernelBase.dll qmgr.dll dimsroam.dll CertPolEng.dll ci.dll ntdll.dll shell32.dll cofiredm.dll usp10.dll system.xml.ni.dll cofiredm.dll auditcse.dll svrmgrnc.dll osbaseln.dll SyncInfrastructure.dll dps.dll pcwum.dll sdiageng.dll cryptbase.dll winnsi.dll sdiagprv.dll netdiagfx.dll msvcrt.dll WUDFPlatform.dll clr.dll rsaenh.dll mscoree.dll eapsvc.dll certadm.dll certadm.dll fms.dll vbscript.dll fdeploy.dll wevtfwd.dll rpcrt4.dll apds.dll hgcpl.dll sspicli.dll iphlpsvc.dll microsoft-windows-kernel-power-events.dll ncsi.dll pnidui.dll netprofm.dll nlasvc.dll msv1_0.dll PSEvents.dll ntprint.dll RacEngn.dll clbcatq.dll TSWorkspace.dll radardt.dll msvcrt.dll RstrtMgr.dll scwengb.dll kernel.appcore.dll schedsvc.dll umrdp.dll mstscax.dll imm32.dll termsrv.dll mscoree.dll profsvc.dll webio.dll MPSSVC.dll kernel32.dll mscms.dll wuaueng.dll winhttp.dll syncinfrastructure.dll davhlpr.dll WsmRes.dll dot3svc.dll oleres.dll kernel32.dll rpcrt4.dll UIAutomationCore.dll wininet.dll schedsvc.dll Wldap32.dll wininet.dll imageres.dll webservices.dll ieframe.dll credui.dll System.Security.ni.dll propsys.dll clbcatq.dll CbsMsg.dll KernelBase.dll crypt32.dll samsrv.dll netdiagfx.dll iphlpsvc.dll setupetw.dll logoncli.dll usercpl.dll comdlg32.dll Microsoft.Transactions.Bridge.ni.dll msctf.dll duser.dll system.web.dll Display.dll rpchttp.dll umrdp.dll dps.dll SCardSvr.dll netshell.dll pnidui.dll wdc.dll oleres.dll api-ms-win-crt-math-l1-1-0.dll ntdll.dll msvcrt.dll adsldpc.dll sechost.dll System.Data.OracleClient.dll SndVolSSO.dll msctf.dll appidapi.dll MPSSVC.dll cryptsp.dll eqossnap.dll ieframe.dll ntshrui.dll dnsapi.dll schedsvc.dll shlwapi.dll ActionCenter.dll MPSSVC.dll l2nacp.dll oleacc.dll WinMgmtR.dll WinMgmtR.dll comres.dll lsasrv.dll wow64win.dll wow64cpu.dll lsasrv.dll apphelp.dll system.configuration.ni.dll FCRegSvc.dll oleaut32.dll setupetw.dll ktmw32.dll RpcEpMap.dll netutils.dll mshtml.dll clusapi.dll Wldap32.dll MPSSVC.dll dui70.dll connect.dll lsasrv.dll MPSSVC.dll ntdll.dll napipsec.dll Win32_Tpm.dll user32.dll advapi32.dll mscoree.dll msctf.dll msctf.dll RpcEpMap.dll msutb.dll userenv.dll pdh.dll cryptbase.dll nettrace.dll system.configuration.install.ni.dll comres.dll dwmapi.dll mshtml.dll prflbmsg.dll comres.dll tabskb.dll ntevt.dll gpsvc.dll comres.dll shsvcs.dll shsvcs.dll shsvcs.dll bcrypt.dll perfdisk.dll adwsres.dll dfsrress.dll els.dll els.dll kernel32.dll msjtes40.dll KernelBase.dll system.xml.dll sspicli.dll wecsvc.dll certcli.dll wmiutils.dll ActionQueue.dll kernel32.dll netlogon.dll xwizards.dll onex.dll ntdll.dll ntdsmsg.dll cmisetup.dll perfctrs.dll adtschema.dll wups.dll microsoft.windows.diagnosis.commands.getdiaginput.ni.dll msctf.dll msobjs.dll umpnpmgr.dll system.ni.dll umpnpmgr.dll usp10.dll advapi32.dll efscore.dll cryptbase.dll clbcatq.dll umpo.dll themecpl.dll sstpsvc.dll wlgpclnt.dll DxpTaskSync.dll fdPHost.dll ReAgent.dll PortableDeviceSyncProvider.dll PortableDeviceSyncProvider.dll sechost.dll kdcsvc.dll Magnification.dll DiagCpl.dll FirewallControlPanel.dll stobject.dll sechost.dll usp10.dll rtm.dll ipnathlp.dll perfos.dll System.Xml.dll cryptbase.dll loadperf.dll UIAnimation.dll tbssvc.dll sspicli.dll efssvc.dll dimsjob.dll dhcpcsvc6.dll microsoft-windows-hal-events.dll ntdll.dll CertEnroll.dll energy.dll taskbarcpl.dll msctf.dll DeviceUxRes.dll msimsg.dll dwmcore.dll dwmcore.dll ntdll.dll msoobeui.dll microsoft-windows-kernel-processor-power-events.dll whealogr.dll cryptbase.dll netutils.dll netevent.dll SensApi.dll tcpmon.dll pautoenr.dll certprop.dll dsound.dll mciavi32.dll msctf.dll mprmsg.dll dot3gpclnt.dll ktmw32.dll system.web.services.ni.dll ktmw32.dll powercpl.dll sud.dll csrsrv.dll csrsrv.dll msvcr120_clr0400.dll msdtcVSp1res.dll version.dll msdtcVSp1res.dll fundisc.dll rsaenh.dll FDResPub.dll mssprxy.dll DocumentPerformanceEvents.dll dwmredir.dll kerberos.dll winnsi.dll wow64win.dll perfnet.dll clr.dll zipfldr.dll rdpendp.dll pots.dll winsrv.dll IPBusEnum.dll WABSyncProvider.dll rsaenh.dll Sens.dll shwebsvc.dll werconcpl.dll FntCache.dll w32time.dll wersvc.dll advapi32.dll appinfo.dll crypt32.dll VAN.dll quartz.dll lpk.dll netcenter.dll UIRibbon.dll ntdll.dll msvcrt.dll version.dll oleaccrc.dll perfproc.dll ipmiprr.dll ActionCenterCPL.dll cryptsp.dll gdi32.dll mscoreei.dll themeui.dll kernel32.dll winsetup.dll adtschema.dll wldap32.dll auditcse.dll gpsvc.dll pla.dll system.enterpriseservices.wrapper.dll wevtapi.dll ehRecObj.ni.dll KernelBase.dll wevtapi.dll wevtapi.dll rpcrtremote.dll oleaut32.dll wecsvc.dll wevtapi.dll adwsres.dll wevtapi.dll dfsrress.dll ntdll.dll els.dll els.dll wecsvc.dll sechost.dll wevtapi.dll wevtapi.dll apilogen.dll appidapi.dll rpcrt4.dll aeevts.dll rsaenh.dll wintrust.dll appidapi.dll AudioSes.dll oleaut32.dll qmgr.dll crypt32.dll dimsroam.dll CertPolEng.dll ci.dll cofiredm.dll cofiredm.dll authui.dll SyncInfrastructure.dll user32.dll dps.dll pcwum.dll rsaenh.dll pla.dll sdiageng.dll sdiagprv.dll ntdll.dll netdiagfx.dll WUDFPlatform.dll apphelp.dll eapsvc.dll certadm.dll certadm.dll fms.dll fdeploy.dll mscorjit.dll wow64win.dll wevtfwd.dll gpsvc.dll apds.dll hgcpl.dll iphlpsvc.dll microsoft-windows-kernel-power-events.dll shell32.dll ncsi.dll pnidui.dll user32.dll netprofm.dll nlasvc.dll msv1_0.dll PSEvents.dll ntprint.dll RacEngn.dll sensapi.dll TSWorkspace.dll cryptbase.dll radardt.dll System.Deployment.dll RstrtMgr.dll mcstoredb.ni.dll advapi32.dll rpcrt4.dll auditcse.dll scwengb.dll msvcrt.dll svrmgrnc.dll schedsvc.dll clbcatq.dll umrdp.dll osbaseln.dll clbcatq.dll mstscax.dll termsrv.dll kernel32.dll profsvc.dll webio.dll MPSSVC.dll mscms.dll wbemcomn.dll clbcatq.dll wuaueng.dll winhttp.dll WsmRes.dll lpk.dll msimtf.dll dot3svc.dll System.Management.dll oleres.dll webservices.dll lpk.dll CbsMsg.dll system.web.regularexpressions.dll UIAutomationCore.dll api-ms-win-core-url-l1-1-0.dll samsrv.dll setupetw.dll kernel32.dll schedsvc.dll Display.dll Wldap32.dll rpchttp.dll SCardSvr.dll sspicli.dll wininet.dll KernelBase.dll eqossnap.dll wintrust.dll ntshrui.dll ActionCenter.dll l2nacp.dll WinMgmtR.dll ieframe.dll credui.dll WinMgmtR.dll propsys.dll KernelBase.dll lsasrv.dll FCRegSvc.dll RpcEpMap.dll System.dll netdiagfx.dll mscoree.dll ws2_32.dll iphlpsvc.dll clusapi.dll connect.dll clr.dll napipsec.dll Win32_Tpm.dll tdh.dll nettrace.dll prflbmsg.dll ntdll.dll apphelp.dll ntevt.dll kernelbase.dll mpr.dll shsvcs.dll perfdisk.dll certcli.dll System.Data.SqlXml.dll usp10.dll ActionQueue.dll logoncli.dll usp10.dll setupapi.dll user32.dll usercpl.dll system.transactions.dll api-ms-win-core-string-l1-1-0.dll imageres.dll comdlg32.dll gdi32.dll netlogon.dll xwizards.dll coreuicomponents.dll onex.dll ntdsmsg.dll cmisetup.dll perfctrs.dll mmcfxcommon.dll secur32.dll kernel32.dll duser.dll adtschema.dll msobjs.dll umpnpmgr.dll msctf.dll efscore.dll umpo.dll themecpl.dll sstpsvc.dll wlgpclnt.dll advapi32.dll kernel32.dll lsasrv.dll winnsi.dll DxpTaskSync.dll fdPHost.dll ReAgent.dll umrdp.dll PortableDeviceSyncProvider.dll kdcsvc.dll PresentationFramework.ni.dll msvcr80.dll Magnification.dll DiagCpl.dll kernel32.dll wsclient.dll FirewallControlPanel.dll user32.dll cryptdll.dll dps.dll pnidui.dll shsvcs.dll oleres.dll stobject.dll adsldpc.dll ntdll.dll rtm.dll netshell.dll ipnathlp.dll MPSSVC.dll msctf.dll ieframe.dll perfos.dll loadperf.dll UIAnimation.dll lpk.dll tbssvc.dll efssvc.dll user32.dll schedsvc.dll ntdll.dll KernelBase.dll dimsjob.dll microsoft-windows-hal-events.dll wdc.dll CertEnroll.dll energy.dll taskbarcpl.dll msswch.dll gdi32.dll MPSSVC.dll DeviceUxRes.dll clbcatq.dll SndVolSSO.dll msimsg.dll dwmcore.dll msoobeui.dll mscorlib.dll microsoft-windows-kernel-processor-power-events.dll presentationui.dll appidapi.dll sxs.dll whealogr.dll netevent.dll tcpmon.dll System.Transactions.dll pautoenr.dll shlwapi.dll user32.dll certprop.dll mscorlib.dll imm32.dll dsound.dll setupetw.dll comres.dll sensapi.dll mshtml.dll tdh.dll apphelp.dll mciavi32.dll dwmcore.dll imm32.dll mprmsg.dll MPSSVC.dll dot3gpclnt.dll user32.dll slc.dll ktmw32.dll cryptbase.dll powercpl.dll sud.dll sensapi.dll csrsrv.dll SensApi.dll csrsrv.dll dui70.dll msdtcVSp1res.dll system.xml.linq.dll fundisc.dll FDResPub.dll DocumentPerformanceEvents.dll lsasrv.dll MPSSVC.dll umpnpmgr.dll dwmredir.dll kerberos.dll RpcEpMap.dll sechost.dll perfnet.dll zipfldr.dll scrobj.dll ktmw32.dll rdpendp.dll pots.dll winsrv.dll IPBusEnum.dll userenv.dll rpcrt4.dll WABSyncProvider.dll user32.dll PortableDeviceSyncProvider.dll atl.dll msutb.dll system.directoryservices.dll Sens.dll shwebsvc.dll werconcpl.dll comres.dll pdh.dll Microsoft.Transactions.Bridge.ni.dll cscapi.dll mshtml.dll FntCache.dll dmiso8601utils.dll w32time.dll sspicli.dll system.dll fusion.dll wersvc.dll dwmapi.dll imm32.dll msasn1.dll appinfo.dll VAN.dll quartz.dll msdtcVSp1res.dll comres.dll schannel.dll shsvcs.dll netcenter.dll wow64win.dll UIRibbon.dll dimsroam.dll gpsvc.dll msctf.dll oleaccrc.dll KernelBase.dll perfproc.dll ipmiprr.dll tabskb.dll comres.dll ActionCenterCPL.dll themeui.dll winsetup.dll adwsres.dll dfsrress.dll els.dll els.dll wecsvc.dll crypt32.dll RstrtMgr.dll profsvc.dll msvcrt.dll adwsres.dll adwsres.dll adwsres.dll adwsres.dll rsaenh.dll adwsres.dll kernel.appcore.dll adwsres.dll sxs.dll pwrshmsg.dll pwrshmsg.dll pwrshmsg.dll pwrshmsg.dll user32.dll msvcr120_clr0400.dll pwrshmsg.dll api-ms-win-downlevel-shlwapi-l1-1-0.dll pwrshmsg.dll profsvc.dll schedsvc.dll kernelbase.dll dps.dll wevtapi.dll wevtapi.dll wevtapi.dll wecsvc.dll tiptsf.dll wevtapi.dll wevtapi.dll ntdll.dll els.dll adwsres.dll els.dll wecsvc.dll dfsrress.dll wevtapi.dll wevtapi.dll apilogen.dll appidapi.dll dwmapi.dll appidapi.dll crypt32.dll gdi32.dll aeevts.dll dps.dll AudioSes.dll authui.dll hgcpl.dll qmgr.dll dimsroam.dll shell32.dll CertPolEng.dll ci.dll cofiredm.dll cofiredm.dll ncsi.dll pnidui.dll netprofm.dll SyncInfrastructure.dll auditcse.dll pcwum.dll sechost.dll svrmgrnc.dll System.Transactions.dll osbaseln.dll schedsvc.dll pla.dll sdiageng.dll ole32.dll sdiagprv.dll profsvc.dll netdiagfx.dll rpcrt4.dll webio.dll profapi.dll WUDFPlatform.dll winhttp.dll user32.dll version.dll eapsvc.dll certadm.dll certadm.dll msdmo.dll fms.dll fdeploy.dll System.Data.dll wevtfwd.dll gpsvc.dll gdi32.dll apds.dll iphlpsvc.dll microsoft-windows-kernel-power-events.dll vcruntime140.dll nlasvc.dll msv1_0.dll PSEvents.dll ntprint.dll RacEngn.dll rpcrtremote.dll TSWorkspace.dll radardt.dll user32.dll RstrtMgr.dll KernelBase.dll scwengb.dll umrdp.dll user32.dll atl.dll mstscax.dll kernel.appcore.dll termsrv.dll eapsvc.dll MPSSVC.dll userenv.dll mscms.dll msctf.dll wuaueng.dll WsmRes.dll dot3svc.dll oleaut32.dll wininet.dll auditcse.dll oleres.dll user32.dll ntdll.dll wow64.dll microsoft.visualstudio.tools.applications.runtime.v9.0.dll ehstorapi.dll schedsvc.dll Wldap32.dll ntshrui.dll ActionCenter.dll webservices.dll UIAutomationCore.dll samcli.dll CbsMsg.dll ieframe.dll propsys.dll netdiagfx.dll samsrv.dll iphlpsvc.dll dcntel.dll setupetw.dll System.Data.dll sspicli.dll certcli.dll system.web.dll logoncli.dll comdlg32.dll duser.dll Display.dll winnsi.dll rpchttp.dll umrdp.dll ncrypt.dll SCardSvr.dll dps.dll lpk.dll netshell.dll pnidui.dll eqossnap.dll l2nacp.dll oleres.dll stobject.dll cryptsp.dll adsldpc.dll appidapi.dll rpcrtremote.dll WinMgmtR.dll WinMgmtR.dll MPSSVC.dll ieframe.dll imagehlp.dll credui.dll msasn1.dll schedsvc.dll dimsjob.dll CertEnroll.dll lsasrv.dll lsasrv.dll MPSSVC.dll lpk.dll FCRegSvc.dll system.directoryservices.ni.dll RpcEpMap.dll dwmcore.dll apphelp.dll kernel32.dll pautoenr.dll CoreMessaging.dll System.Data.OracleClient.dll lpk.dll setupetw.dll clusapi.dll connect.dll dwmcore.dll advapi32.dll MPSSVC.dll napipsec.dll profapi.dll Win32_Tpm.dll csrsrv.dll wow64cpu.dll dui70.dll csrsrv.dll lsasrv.dll dwrite.dll system.data.oracleclient.ni.dll MPSSVC.dll dwmredir.dll wtsapi32.dll RpcEpMap.dll nettrace.dll zipfldr.dll dpapi.dll winsrv.dll msvcrt.dll userenv.dll prflbmsg.dll ntevt.dll usermgrcli.dll dwmapi.dll shsvcs.dll shsvcs.dll dhcpcsvc6.dll perfdisk.dll ActionQueue.dll wow64.dll shsvcs.dll gpsvc.dll usercpl.dll adwsres.dll dfsrress.dll els.dll els.dll wecsvc.dll netlogon.dll oleaut32.dll sechost.dll xwizards.dll onex.dll ntdsmsg.dll tipskins.dll Microsoft.VisualBasic.Activities.Compiler.ni.dll cmisetup.dll perfctrs.dll adtschema.dll msobjs.dll umpnpmgr.dll umpnpmgr.dll efscore.dll umpo.dll themecpl.dll usp10.dll sstpsvc.dll wlgpclnt.dll DxpTaskSync.dll fdPHost.dll ReAgent.dll PortableDeviceSyncProvider.dll kernel32.dll PortableDeviceSyncProvider.dll kdcsvc.dll Magnification.dll DiagCpl.dll FirewallControlPanel.dll wdc.dll imm32.dll lpk.dll rpchttp.dll SndVolSSO.dll rtm.dll ipnathlp.dll perfos.dll loadperf.dll rpcrtremote.dll UIAnimation.dll tbssvc.dll windows.globalization.dll efssvc.dll microsoft-windows-hal-events.dll kernel32.dll energy.dll taskbarcpl.dll DeviceUxRes.dll msimsg.dll comres.dll comres.dll comres.dll comres.dll msoobeui.dll microsoft-windows-kernel-processor-power-events.dll whealogr.dll tiptsf.dll netevent.dll tcpmon.dll certprop.dll dsound.dll mshtml.dll mshtml.dll mciavi32.dll mprmsg.dll dot3gpclnt.dll ktmw32.dll ktmw32.dll powercpl.dll sud.dll msdtcVSp1res.dll usp10.dll msdtcVSp1res.dll oleaut32.dll microsoft.powershell.security.dll system.core.dll fundisc.dll KernelBase.dll FDResPub.dll DocumentPerformanceEvents.dll kerberos.dll System.Configuration.Install.ni.dll perfnet.dll rdpendp.dll pots.dll IPBusEnum.dll msutb.dll WABSyncProvider.dll pdh.dll Sens.dll shwebsvc.dll werconcpl.dll FntCache.dll w32time.dll wersvc.dll gdi32.dll appinfo.dll VAN.dll quartz.dll tabskb.dll netcenter.dll UIRibbon.dll oleaccrc.dll perfproc.dll ipmiprr.dll ActionCenterCPL.dll themeui.dll crypt32.dll devobj.dll winsetup.dll api-ms-win-downlevel-user32-l1-1-0.dll ntdll.dll profsvc.dll adtschema.dll msobjs.dll adtschema.dll adtschema.dll adtschema.dll adtschema.dll netprofm.dll CertEnroll.dll CertEnroll.dll gpsvc.dll auditcse.dll adtschema.dll schedsvc.dll msctf.dll adtschema.dll cryptbase.dll gpsvc.dll auditcse.dll microsoft.office.tools.v4.0.framework.dll adtschema.dll gpsvc.dll auditcse.dll schedsvc.dll adtschema.dll Windows.UI.Xaml.dll gpsvc.dll auditcse.dll credui.dll webio.dll wevtapi.dll crypt32.dll mscorlib.dll wevtapi.dll wevtapi.dll wecsvc.dll wevtapi.dll wevtapi.dll els.dll els.dll iertutil.dll adwsres.dll wecsvc.dll dfsrress.dll wevtapi.dll wevtapi.dll authui.dll apilogen.dll eappcfg.dll crypt32.dll appidapi.dll appidapi.dll aeevts.dll AudioSes.dll qmgr.dll gpsvc.dll dimsroam.dll msvcrt.dll CertPolEng.dll ci.dll shell32.dll cofiredm.dll cofiredm.dll netprofm.dll SyncInfrastructure.dll auditcse.dll svrmgrnc.dll netutils.dll dps.dll microsoft.management.infrastructure.ni.dll pcwum.dll schedsvc.dll pla.dll sdiageng.dll sdiagprv.dll lpk.dll profsvc.dll fusion.dll webio.dll elslad.dll netdiagfx.dll winhttp.dll WUDFPlatform.dll eapsvc.dll certadm.dll oleaut32.dll certadm.dll wevtapi.dll fms.dll fdeploy.dll wevtfwd.dll apds.dll hgcpl.dll iphlpsvc.dll microsoft-windows-kernel-power-events.dll ncsi.dll pnidui.dll nlasvc.dll msv1_0.dll mscorlib.dll PSEvents.dll ntprint.dll RacEngn.dll TSWorkspace.dll system.configuration.install.dll radardt.dll RstrtMgr.dll scwengb.dll osbaseln.dll cryptsp.dll umrdp.dll mstscax.dll termsrv.dll MPSSVC.dll mscms.dll wuaueng.dll WsmRes.dll dot3svc.dll UIAutomationCore.dll wininet.dll oleres.dll schedsvc.dll Wldap32.dll ntshrui.dll mmcss.dll webservices.dll ieframe.dll propsys.dll CbsMsg.dll netdiagfx.dll iphlpsvc.dll msvcr80.dll wow64.dll samsrv.dll imm32.dll certcli.dll logoncli.dll setupetw.dll comdlg32.dll duser.dll adtschema.dll Display.dll rpchttp.dll umrdp.dll dps.dll SCardSvr.dll pnidui.dll oleres.dll adsldpc.dll eqossnap.dll appidapi.dll MPSSVC.dll ActionCenter.dll l2nacp.dll WinMgmtR.dll WinMgmtR.dll ieframe.dll credui.dll schedsvc.dll dimsjob.dll CertEnroll.dll MPSSVC.dll lsasrv.dll lsasrv.dll FCRegSvc.dll sechost.dll RpcEpMap.dll apphelp.dll pautoenr.dll setupetw.dll clusapi.dll oleaut32.dll connect.dll oleaut32.dll MPSSVC.dll napipsec.dll Win32_Tpm.dll dui70.dll lsasrv.dll MPSSVC.dll RpcEpMap.dll zipfldr.dll winmmbase.dll nettrace.dll prflbmsg.dll userenv.dll ntevt.dll shsvcs.dll shsvcs.dll perfdisk.dll dwmapi.dll ActionQueue.dll shsvcs.dll usercpl.dll gpsvc.dll netlogon.dll adwsres.dll dfsrress.dll els.dll els.dll wecsvc.dll xwizards.dll onex.dll ntdsmsg.dll cmisetup.dll perfctrs.dll msobjs.dll umpnpmgr.dll umpnpmgr.dll clrjit.dll efscore.dll RpcRtRemote.dll umpo.dll themecpl.dll sstpsvc.dll wlgpclnt.dll DxpTaskSync.dll fdPHost.dll ReAgent.dll PortableDeviceSyncProvider.dll PortableDeviceSyncProvider.dll kdcsvc.dll Magnification.dll DiagCpl.dll FirewallControlPanel.dll netshell.dll wdc.dll stobject.dll SndVolSSO.dll profapi.dll rtm.dll ipnathlp.dll perfos.dll loadperf.dll UIAnimation.dll tbssvc.dll efssvc.dll microsoft-windows-hal-events.dll energy.dll taskbarcpl.dll DeviceUxRes.dll msimsg.dll dwmcore.dll dwmcore.dll comres.dll comres.dll comres.dll comres.dll msoobeui.dll microsoft-windows-kernel-processor-power-events.dll whealogr.dll netevent.dll tcpmon.dll certprop.dll dsound.dll mshtml.dll mshtml.dll mciavi32.dll mprmsg.dll dot3gpclnt.dll ktmw32.dll ktmw32.dll powercpl.dll sud.dll csrsrv.dll csrsrv.dll msdtcVSp1res.dll msdtcVSp1res.dll fundisc.dll FDResPub.dll DocumentPerformanceEvents.dll dwmredir.dll kerberos.dll perfnet.dll rdpendp.dll pots.dll winsrv.dll IPBusEnum.dll msutb.dll WABSyncProvider.dll pdh.dll Sens.dll shwebsvc.dll werconcpl.dll FntCache.dll w32time.dll wersvc.dll appinfo.dll VAN.dll quartz.dll tabskb.dll netcenter.dll UIRibbon.dll oleaccrc.dll perfproc.dll ipmiprr.dll ActionCenterCPL.dll themeui.dll winsetup.dll RstrtMgr.dll,normal
 ntdll.dll ntdll.dll mscorlib.dll wow64.dll wow64win.dll msctf.dll wow64cpu.dll usp10.dll mscorlib.ni.dll msvcrt.dll kernel32.dll kernel32.dll kernel32.dll dhcpcsvc.dll user32.dll cryptbase.dll user32.dll wshext.dll kernel32.dll kernelbase.dll advapi32.dll msvcrt.dll sechost.dll rpcrt4.dll sspicli.dll cryptbase.dll dnsapi.dll ws2_32.dll nsi.dll wow64.dll winnsi.dll dhcpcsvc.dll dhcpcsvc6.dll shell32.dll lpk.dll ole32.dll shlwapi.dll gdi32.dll advapi32.dll user32.dll lpk.dll usp10.dll dhcpcsvc6.dll ole32.dll kernel32.dll imm32.dll msctf.dll clbcatq.dll oleaut32.dll cryptsp.dll rsaenh.dll rpcrtremote.dll wevtapi.dll,normal
 ntdll.dll kernel32.dll kernelbase.dll rsaenh.dll msvcrt.dll advapi32.dll msvcrt.dll msvcr120_clr0400.dll sechost.dll rpcrt4.dll msvcr120_clr0400.dll mscoree.dll rpcrt4.dll ole32.dll gdi32.dll user32.dll lpk.dll usp10.dll oleaut32.dll imm32.dll msctf.dll cryptbase.dll gdi32.dll cryptsp.dll rsaenh.dll rpcrtremote.dll shlwapi.dll clbcatq.dll sxs.dll mscoreei.dll wshqos.dll System.Drawing.ni.dll mscorwks.dll msvcr80.dll shlwapi.dll shell32.dll profapi.dll mscorlib.ni.dll mscorjit.dll kernel32.dll mscorlib.dll mscorlib.dll twinapi.appcore.dll shell32.dll version.dll pcwum.dll mscorlib.dll dhcpcsvc6.dll msvcrt.dll mscorlib.dll system.ni.dll windowsbase.ni.dll presentationcore.ni.dll presentationframework.ni.dll userenv.dll System.Data.OracleClient.dll sechost.dll presentationcore.dll presentationcore.dll system.servicemodel.internals.ni.dll advapi32.dll imm32.dll presentationcore.dll presentationcore.dll system.xml.ni.dll uiautomationprovider.ni.dll system.drawing.ni.dll system.deployment.ni.dll oleaut32.dll presentationui.ni.dll system.printing.ni.dll system.printing.dll system.printing.dll wow64win.dll system.printing.dll shell32.dll system.printing.dll wow64.dll System.Xml.Linq.dll reachframework.ni.dll uiautomationtypes.ni.dll system.data.ni.dll mapi32.dll system.data.dll shlwapi.dll system.data.dll shell32.dll system.data.dll kernel32.dll bcp47langs.dll system.data.dll ole32.dll twinapi.appcore.dll system.data.dll ws2_32.dll nsi.dll system.directoryservices.protocols.dll crypt32.dll msasn1.dll accessibility.ni.dll KernelBase.dll wbemsvc.dll system.configuration.ni.dll system.security.ni.dll system.data.sqlxml.ni.dll microsoft.visualc.ni.dll presentationcffrasterizer.ni.dll system.windows.forms.ni.dll wlanutil.dll system.runtime.serialization.formatters.soap.ni.dll oleaut32.dll system.directoryservices.ni.dll dnsapi.dll cfgmgr32.dll system.transactions.ni.dll system.transactions.dll system.transactions.dll rsaenh.dll system.transactions.dll system.transactions.dll system.transactions.dll system.enterpriseservices.ni.dll system.enterpriseservices.dll system.enterpriseservices.dll system.runtime.remoting.ni.dll system.web.ni.dll system.web.dll system.web.dll system.web.dll system.web.dll kernel32.dll system.web.services.ni.dll system.directoryservices.protocols.ni.dll system.design.ni.dll system.serviceprocess.ni.dll system.web.regularexpressions.ni.dll system.drawing.design.ni.dll system.data.oracleclient.ni.dll system.data.oracleclient.dll system.data.oracleclient.dll system.data.oracleclient.dll system.data.oracleclient.dll system.data.oracleclient.dll system.configuration.install.ni.dll,normal
 ntdll.dll kernel32.dll kernel32.dll kernelbase.dll System.Management.ni.dll msvcrt.dll clrjit.dll oleaut32.dll msvcp_win.dll wintrust.dll ucrtbase.dll combase.dll rpcrt4.dll bcryptprimitives.dll advapi32.dll mswsock.dll sechost.dll ole32.dll gdi32.dll mscorjit.dll gdi32full.dll user32.dll oleaut32.dll win32u.dll atl.dll mscoree.dll imm32.dll kernel.appcore.dll version.dll rpcrtremote.dll uxtheme.dll system.xml.dll tiptsf.dll mscorlib.dll secur32.dll clbcatq.dll duser.dll windows.storage.dll shlwapi.dll ntdll.dll shcore.dll powrprof.dll profapi.dll appresolver.dll bcp47langs.dll imm32.dll mrmcorer.dll elscore.dll propsys.dll slc.dll userenv.dll cryptsp.dll urlmon.dll rpcrt4.dll sppc.dll crypt32.dll iertutil.dll system.configuration.dll user32.dll cryptbase.dll shell32.dll ntdll.dll cfgmgr32.dll linkinfo.dll ntshrui.dll sspicli.dll srvcli.dll fltlib.dll cscapi.dll system.directoryservices.ni.dll lpk.dll policymanager.dll msvcp110_win.dll bcrypt.dll ntmarta.dll mscoreei.dll system.drawing.dll version.dll clr.dll smiengine.dll msvcr120_clr0400.dll mscorlib.ni.dll microsoft.powershell.consolehost.dll microsoft.powershell.consolehost.dll cryptsp.dll rsaenh.dll cryptbase.dll clrjit.dll sechost.dll system.management.automation.dll clbcatq.dll rpcrtremote.dll system.management.automation.dll system.management.automation.dll system.management.automation.dll system.core.dll system.core.dll system.core.dll system.core.dll windows.cortana.pal.desktop.dll wow64.dll user32.dll Microsoft.PowerShell.Management.Activities.dll system.dll system.dll psapi.dll system.enterpriseservices.dll wintrust.dll ntdsapi.dll system.configuration.ni.dll msasn1.dll crypt32.dll bcryptprimitives.dll gdi32.dll gpapi.dll user32.dll msvcrt.dll system.management.automation.resources.dll system.management.automation.resources.dll amsi.dll sechost.dll mpoav.dll sechost.dll shell32.dll microsoft.management.infrastructure.dll microsoft.management.infrastructure.dll system.numerics.dll crypt32.dll system.numerics.dll system.xml.dll system.xml.dll rpcrtremote.dll profapi.dll system.directoryservices.dll system.directoryservices.dll system.management.dll system.management.dll system.data.dll system.data.dll microsoft.powershell.consolehost.resources.dll microsoft.powershell.consolehost.resources.dll system.data.dll ws2_32.dll mscorlib.resources.dll mscorlib.resources.dll microsoft.powershell.security.dll microsoft.powershell.security.dll system.transactions.dll oleaut32.dll system.transactions.dll system.transactions.dll secur32.dll kernel32.dll system.configuration.dll system.configuration.dll wldp.dll mpclient.dll userenv.dll microsoft.powershell.psreadline.dll microsoft.powershell.psreadline.dll urlmon.dll iertutil.dll microsoft.visualc.ni.dll msiso.dll microsoft.csharp.dll microsoft.csharp.dll microsoft.powershell.commands.utility.dll microsoft.powershell.commands.utility.dll system.configuration.install.dll system.configuration.install.dll,normal
 ntdll.dll ntdll.dll kernel32.dll kernelbase.dll kernelbase.dll user32.dll msvcrt.dll sensapi.dll gdi32full.dll msvcrt.dll ole32.dll ole32.dll wininet.dll cryptsp.dll shlwapi.dll lpk.dll wininet.dll msvcrt.dll iertutil.dll system.data.sqlxml.dll iertutil.dll gdi32.dll combase.dll rpcrt4.dll rpcrt4.dll sechost.dll sechost.dll user32.dll userenv.dll userenv.dll ntdll.dll imm32.dll profapi.dll sxs.dll msvcr120_clr0400.dll imm32.dll msctf.dll secur32.dll profapi.dll secur32.dll kernel32.dll sspicli.dll sppuinotify.dll sspicli.dll shell32.dll shlwapi.dll shcore.dll shcore.dll ws2_32.dll ws2_32.dll nsi.dll sxs.dll nsi.dll ondemandconnroutehelper.dll system.data.dll ondemandconnroutehelper.dll KernelBase.dll kernel.appcore.dll kernel.appcore.dll System.dll winhttp.dll winhttp.dll urlmon.dll system.core.ni.dll urlmon.dll advapi32.dll advapi32.dll iphlpapi.dll winnsi.dll winnsi.dll oleaut32.dll dnsapi.dll mswsock.dll mswsock.dll,normal
 ntdll.dll ntdll.dll wow64.dll wow64win.dll wow64cpu.dll kernel32.dll kernel32.dll kernel32.dll system.data.dll kernel32.dll imm32.dll KernelBase.dll user32.dll ipnathlp.dll kernel32.dll KernelBase.dll msvcrt.dll winbrand.dll user32.dll winnsi.dll gdi32.dll winmm.dll lpk.dll ntdll.dll usp10.dll ole32.dll advapi32.dll sechost.dll rpcrt4.dll sspicli.dll cryptbase.dll System.ni.dll imm32.dll msctf.dll apphelp.dll,normal
 cfgmgr32.dll devobj.dll ntdll.dll kernel32.dll cryptbase.dll kernelbase.dll cryptsp.dll sechost.dll advapi32.dll win32u.dll gdi32.dll user32.dll msctf.dll powrprof.dll msvcrt.dll sspicli.dll combase.dll crypt32.dll userenv.dll msimg32.dll wmsgapi.dll wtsapi32.dll winmm.dll kernel32.dll user32.dll winsta.dll msctfmonitor.dll comctl32.dll sechost.dll kernel32.dll rpcrt4.dll msasn1.dll kernel32.dll profapi.dll winmmbase.dll msctf.dll msutb.dll KernelBase.dll imm32.dll shell32.dll rsaenh.dll mscorlib.dll shlwapi.dll clr.dll shcore.dll kernel.appcore.dll cryptbase.dll ehiwuapi.ni.dll bcryptprimitives.dll uxtheme.dll mscoree.dll msasn1.dll wintrust.dll cryptsp.dll user32.dll system.deployment.ni.dll rsaenh.dll bcrypt.dll msvcrt.dll imagehlp.dll clbcatq.dll urlmon.dll system.configuration.ni.dll ole32.dll iertutil.dll wininet.dll dwmapi.dll credui.dll kernel32.dll cryptbase.dll authui.dll sechost.dll dui70.dll powrprof.dll system.runtime.serialization.dll duser.dll mmdevapi.dll system.xml.dll kbd101.dll rdpendp.dll msacm32.dll clbcatq.dll propsys.dll ntprint.dll oleaut32.dll ksuser.dll rpcrt4.dll avrt.dll audioses.dll msctfp.dll version.dll wer.dll oleacc.dll System.configuration.dll rsaenh.dll ntmarta.dll imecfm.dll inputswitch.dll bcp47langs.dll xmllite.dll dwrite.dll uianimation.dll d3d11.dll dxgi.dll d3d10warp.dll dcomp.dll imecfm.dll wer.dll tiptsf.dll,normal
 wow64.dll mscss7en.dll msctf.dll ntdll.dll kernel32.dll KernelBase.dll mlang.dll gdi32.dll user32.dll lpk.dll usp10.dll msvcrt.dll imm32.dll msctf.dll ole32.dll rpcrt4.dll oleaut32.dll cryptbase.dll clbcatq.dll oleaut32.dll advapi32.dll ole32.dll sechost.dll ntdll.dll kernel32.dll KernelBase.dll gdi32.dll user32.dll lpk.dll wow64win.dll usp10.dll sensapi.dll msvcrt.dll imm32.dll msctf.dll msctf.dll gdi32.dll ole32.dll rpcrt4.dll oleaut32.dll cryptbase.dll clbcatq.dll sstpsvc.dll rpcrt4.dll shell32.dll rsaenh.dll advapi32.dll sechost.dll ntdll.dll drupdate.dll ntdll.dll wow64.dll wow64win.dll wow64cpu.dll cscapi.dll kernel32.dll bcrypt.dll kernel32.dll kernel32.dll crypt32.dll user32.dll kernel32.dll usp10.dll provsvc.dll KernelBase.dll msvcrt.dll winbrand.dll user32.dll win32u.dll scrobj.dll gdi32.dll lpk.dll usp10.dll advapi32.dll lpk.dll sechost.dll rpcrt4.dll sspicli.dll cryptbase.dll imm32.dll msctf.dll apphelp.dll,normal
 ntdll.dll kernel32.dll kernelbase.dll gdi32.dll gdi32.dll user32.dll lpk.dll usp10.dll framedynos.dll kernel32.dll ntdll.dll msvcrt.dll imm32.dll clbcatq.dll msvcrt.dll msctf.dll ole32.dll rpcrt4.dll oleaut32.dll cryptbase.dll clbcatq.dll advapi32.dll sechost.dll,normal
 sensapi.dll kernel32.dll ntdll.dll ntdll.dll wow64.dll wow64win.dll wow64cpu.dll System.XML.dll kernel32.dll kernel32.dll kernel32.dll user32.dll kernel32.dll KernelBase.dll advapi32.dll msvcrt.dll sechost.dll rpcrt4.dll sspicli.dll gdi32.dll cryptbase.dll shell32.dll dnsapi.dll ws2_32.dll nsi.dll winnsi.dll gdi32.dll gdi32.dll user32.dll shlwapi.dll dhcpcsvc.dll dhcpcsvc6.dll shell32.dll profapi.dll shlwapi.dll gdi32.dll user32.dll lpk.dll usp10.dll usp10.dll kernel32.dll ole32.dll kernel32.dll imm32.dll msctf.dll clbcatq.dll oleaut32.dll cryptsp.dll sspicli.dll lpk.dll rsaenh.dll RpcRtRemote.dll wevtapi.dll,normal
 ntdll.dll dhcpcsvc6.dll ntdll.dll wow64.dll wow64win.dll wow64cpu.dll kernel32.dll kernel32.dll kernel32.dll lpk.dll cfgmgr32.dll uxtheme.dll user32.dll rpcrt4.dll sechost.dll kernel32.dll wintypes.dll ntdll.dll kernelbase.dll advapi32.dll msvcrt.dll sechost.dll dui70.dll wshext.dll rpcrt4.dll sspicli.dll ntdll.dll cryptbase.dll comctl32.dll gdi32.dll cryptbase.dll user32.dll imm32.dll lpk.dll mscoreei.dll usp10.dll mfc42u.dll ole32.dll crypt32.dll oleaut32.dll odbc32.dll shell32.dll advapi32.dll cryptbase.dll shlwapi.dll wininet.dll urlmon.dll rsaenh.dll crypt32.dll msasn1.dll iertutil.dll winmm.dll ws2_32.dll nsi.dll cscapi.dll imm32.dll msasn1.dll gdi32.dll msctf.dll odbcint.dll user32.dll kernel32.dll riched32.dll riched20.dll ole32.dll clbcatq.dll oleaut32.dll ntdll.dll shell32.dll comctl32.dll shell32.dll shell32.dll uxtheme.dll ntdll.dll combase.dll rpcrt4.dll msado15.dll schedsvc.dll msdart.dll cryptsp.dll rsaenh.dll rpcrtremote.dll oledb32.dll bcrypt.dll oledb32r.dll comsvcs.dll atl.dll bcryptprimitives.dll spoolss.dll gdi32.dll msjetoledb40.dll msjet40.dll mswstr10.dll msjter40.dll msjint40.dll msadox.dll sechost.dll msadrh15.dll msjtes40.dll version.dll vbajet32.dll expsrv.dll kernel32.dll msadce.dll msadcer.dll propsys.dll apphelp.dll api-ms-win-downlevel-ole32-l1-1-0.dll ieframe.dll ieframe.dll kernel32.dll ieframe.dll ieframe.dll psapi.dll oleacc.dll ntmarta.dll wldap32.dll setupapi.dll cfgmgr32.dll devobj.dll,caidao
 ntdll.dll kernel32.dll system.transactions.dll oleaut32.dll user32.dll lpk.dll imm32.dll ole32.dll ws2_32.dll sechost.dll ntshrui.dll clbcatq.dll SensApi.dll nsi.dll sxs.dll user32.dll kernel32.dll rpcrt4.dll kernel32.dll msvcrt.dll system.security.ni.dll advapi32.dll msctf.dll gdi32.dll usp10.dll winbrand.dll wldap32.dll rpcrt4.dll devobj.dll cfgmgr32.dll system.numerics.ni.dll kernelbase.dll crypt32.dll ole32.dll msvcrt.dll ws2_32.dll msasn1.dll rpcrtremote.dll System.Activities.dll shell32.dll cryptbase.dll sspicli.dll secur32.dll srvcli.dll bcrypt.dll cryptsp.dll dnsapi.dll logoncli.dll api-ms-win-downlevel-ole32-l1-1-0.dll bcryptprimitives.dll schannel.dll wow64.dll rsaenh.dll dhcpcsvc.dll netutils.dll cfgmgr32.dll credssp.dll winsta.dll setupapi.dll crypt32.dll powrprof.dll ntmarta.dll netapi32.dll wkscli.dll winnsi.dll gdi32.dll dhcpcsvc6.dll dhcpcsvc.dll wtsapi32.dll dsrole.dll winbrand.dll imm32.dll ole32.dll gdi32.dll samcli.dll ntdsapi.dll browcli.dll windows.security.authentication.onlineid.dll wbemprox.dll wbemcomn2.dll fastprox.dll wbemsvc.dll ntdll.dll wmiutils.dll clbcatq.dll twinapi.dll ncobjapi.dll ole32.dll cimwin32.dll framedynos.dll lpk.dll security.dll cscapi.dll schedcli.dll wmi.dll wbemcomn.dll wsock32.dll oleaut32.dll wevtapi.dll userenv.dll ntevt.dll provthrd.dll msvcirt.dll perfos.dll cbsapi.dll wmipcima.dll cbsapi.dll cbsapi.dll netapi32.dll netutils.dll srvcli.dll user32.dll samcli.dll logoncli.dll dsrole.dll browcli.dll schedcli.dll userenv.dll profapi.dll vdswmi.dll shlwapi.dll shell32.dll dskquota.dll,normal
 sfc.dll sfc_os.dll,normal
 ntdll.dll kernel32.dll mssvp.dll kernelbase.dll advapi32.dll msvcrt.dll sechost.dll rpcrt4.dll secur32.dll wow64.dll gdi32.dll user32.dll coremessaging.dll lpk.dll mscorlib.dll usp10.dll msswch.dll winmm.dll dwmapi.dll gpsvc.dll gdiplus.dll wer.dll ole32.dll spoolss.dll oleaut32.dll rsaenh.dll shlwapi.dll wmsgapi.dll duser.dll uxtheme.dll mswsock.dll ntdll.dll ole32.dll imm32.dll msctf.dll cryptbase.dll kernelbase.dll nsi.dll dui70.dll system.core.ni.dll rsaenh.dll clbcatq.dll comctl32.dll system.dll oleacc.dll xmllite.dll vcruntime140.dll clbcatq.dll tabskb.dll cryptsp.dll rsaenh.dll sensapi.dll rpcrtremote.dll cfgmgr32.dll system.configuration.ni.dll advapi32.dll windowscodecs.dll ntdll.dll kernel32.dll ntdll.dll wow64.dll wow64win.dll wow64cpu.dll devobj.dll kernel32.dll kernel32.dll kernel32.dll System.Transactions.ni.dll kernel32.dll user32.dll kernel32.dll kernelbase.dll msvcrt.dll oleaut32.dll bcryptprimitives.dll ole32.dll ole32.dll gdi32.dll user32.dll ntdll.dll advapi32.dll sechost.dll rpcrt4.dll mscorwks.dll sspicli.dll cryptbase.dll lpk.dll usp10.dll version.dll imm32.dll msctf.dll usp10.dll System.Drawing.dll wldap32.dll sxs.dll clbcatq.dll vbscript.dll wintypes.dll advapi32.dll kernel32.dll wintrust.dll crypt32.dll winbrand.dll msjet40.dll propsys.dll advapi32.dll setupapi.dll msasn1.dll cryptsp.dll rsaenh.dll msisip.dll wshext.dll comctl32.dll shell32.dll nsi.dll shlwapi.dll user32.dll scrobj.dll msi.dll napinsp.dll scrrun.dll ntdll.dll kernel32.dll wups2.dll msctf.dll mscorlib.dll kernelbase.dll advapi32.dll msvcrt.dll sechost.dll ntdll.dll rpcrt4.dll msvcr120_clr0400.dll crypt32.dll mscoree.dll ole32.dll gdi32.dll system.drawing.ni.dll user32.dll lpk.dll usp10.dll oleaut32.dll advapi32.dll imm32.dll msctf.dll sechost.dll cryptbase.dll advapi32.dll cryptsp.dll combase.dll rsaenh.dll rpcrtremote.dll clbcatq.dll sxs.dll gpapi.dll mscoreei.dll clr.dll usp10.dll shlwapi.dll mscorlib.ni.dll usp10.dll oleaut32.dll clrjit.dll system.ni.dll system.enterpriseservices.ni.dll msvcr120_clr0400.dll version.dll mscorlib.dll mscorsec.dll mscorlib.dll system.transactions.ni.dll shcore.dll system.transactions.dll SensApi.dll system.transactions.dll system.transactions.dll system.xml.ni.dll system.directoryservices.ni.dll imm32.dll msvcrt.dll system.runtime.remoting.ni.dll system.core.ni.dll system.configuration.ni.dll ntdll.dll msvcr120_clr0400.dll Microsoft.Office.Tools.ni.dll ntdll.dll mscorlib.dll ntdll.dll wow64.dll wow64win.dll gdi32full.dll api-ms-win-crt-stdio-l1-1-0.dll wow64cpu.dll kernel32.dll kernel32.dll kernel32.dll nsi.dll sechost.dll user32.dll rpcrt4.dll kernel32.dll kernelbase.dll advapi32.dll msvcrt.dll sechost.dll rpcrt4.dll slc.dll sspicli.dll KernelBase.dll usp10.dll cryptbase.dll msvcr120_clr0400.dll mscoree.dll ole32.dll gdi32.dll kernel32.dll version.dll user32.dll lpk.dll usp10.dll oleaut32.dll imm32.dll msctf.dll mscorjit.dll cryptsp.dll rsaenh.dll rpcrtremote.dll MpOAV.dll clbcatq.dll kernel32.dll sxs.dll mscoreei.dll mscorwks.dll msvcr80.dll shlwapi.dll ws2_32.dll shell32.dll profapi.dll mscorlib.ni.dll mscorjit.dll d3d10level9.dll mscorlib.dll System.DirectoryServices.dll mscorlib.dll version.dll ntdll.dll mscorlib.dll KernelBase.dll mscorlib.dll system.ni.dll system.runtime.serialization.ni.dll system.data.dll rsaenh.dll system.runtime.serialization.dll clbcatq.dll system.runtime.serialization.dll system.runtime.serialization.dll system.runtime.serialization.dll system.dll system.dll system.dll system.dll system.xml.ni.dll mlang.dll msasn1.dll system.xml.dll system.xml.dll system.xml.dll system.data.dll system.xml.dll system.configuration.ni.dll system.configuration.dll system.configuration.dll system.configuration.dll system.configuration.dll smdiagnostics.ni.dll smdiagnostics.dll smdiagnostics.dll wow64.dll mpr.dll smdiagnostics.dll System.Security.dll smdiagnostics.dll system.security.ni.dll system.security.dll system.security.dll nlaapi.dll tbs.dll firewallapi.dll system.security.dll netapi32.dll system.security.dll system.data.sqlxml.ni.dll system.data.sqlxml.dll advapi32.dll msutb.dll system.data.sqlxml.dll msobjs.dll system.data.sqlxml.dll system.data.sqlxml.dll ntdll.dll ntdll.dll wow64.dll sechost.dll wow64win.dll wow64cpu.dll cryptbase.dll rasadhlp.dll kernel32.dll kernel32.dll kernel32.dll user32.dll lpk.dll kernel32.dll iertutil.dll system.data.ni.dll kernel32.dll kernelbase.dll advapi32.dll msvcrt.dll sechost.dll sechost.dll rpcrt4.dll sspicli.dll shell32.dll cryptbase.dll msvcr120_clr0400.dll mscoree.dll ole32.dll Microsoft.VisualStudio.Tools.Office.Contract.v9.0.dll gdi32.dll user32.dll lpk.dll usp10.dll oleaut32.dll imm32.dll msctf.dll user32.dll system.data.dll cryptsp.dll rsaenh.dll rpcrtremote.dll clbcatq.dll kernel32.dll user32.dll sxs.dll mscoreei.dll clr.dll shlwapi.dll spoolss.dll wow64win.dll mscorlib.ni.dll gdi32.dll clrjit.dll wow64win.dll system.ni.dll system.core.ni.dll imm32.dll version.dll system.data.entity.design.ni.dll mscorlib.dll mscorlib.dll system.dll api-ms-win-crt-math-l1-1-0.dll mapi32.dll mscorlib.dll dhcpcsvc.dll system.dll system.core.dll system.core.dll system.data.entity.design.dll system.data.entity.design.dll system.data.entity.ni.dll system.data.entity.dll system.data.entity.dll system.xml.ni.dll api-ms-win-crt-multibyte-l1-1-0.dll system.xml.dll system.xml.dll system.data.ni.dll system.data.dll kernelbase.dll system.data.dll version.dll system.data.dll osbaseln.dll system.web.ni.dll system.web.dll system.web.dll system.xml.linq.ni.dll ntlanman.dll system.xml.linq.dll nsi.dll System.Runtime.Remoting.ni.dll system.xml.linq.dll system.data.datasetextensions.ni.dll system.data.datasetextensions.dll winbrand.dll system.data.datasetextensions.dll system.configuration.ni.dll system.configuration.dll system.configuration.dll system.numerics.ni.dll system.numerics.dll cryptsp.dll system.numerics.dll system.security.ni.dll system.security.dll system.security.dll ntdll.dll imm32.dll ntdll.dll wow64.dll wow64win.dll wow64cpu.dll kernel32.dll kernel32.dll kernel32.dll user32.dll kernel32.dll kernelbase.dll advapi32.dll msvcrt.dll sechost.dll rpcrt4.dll sspicli.dll cryptbase.dll msvcr120_clr0400.dll mscoree.dll ole32.dll gdi32.dll user32.dll lpk.dll usp10.dll oleaut32.dll imm32.dll msctf.dll cryptsp.dll rsaenh.dll rpcrtremote.dll clbcatq.dll sxs.dll mscoreei.dll clr.dll shlwapi.dll mscorlib.ni.dll clrjit.dll system.ni.dll system.core.ni.dll version.dll mscorlib.dll mscorlib.dll system.dll system.dll system.management.instrumentation.ni.dll system.core.dll system.core.dll system.management.ni.dll system.configuration.ni.dll system.configuration.dll system.configuration.dll system.xml.ni.dll system.xml.dll system.xml.dll system.numerics.ni.dll usp10.dll system.numerics.dll system.numerics.dll system.security.ni.dll system.security.dll system.security.dll system.configuration.install.ni.dll,normal
 ntdll.dll ntdll.dll kernel32.dll oleaut32.dll kernelbase.dll kernelbase.dll ws2_32.dll ws2_32.dll sechost.dll sechost.dll sspicli.dll rpcrt4.dll kernel32.dll rpcrt4.dll nsi.dll nsi.dll vcruntime140.dll kernel32.dll vcruntime140.dll ucrtbase.dll gdi32.dll System.EnterpriseServices.dll ucrtbase.dll sxs.dll winnsi.dll ucrtbase.dll ucrtbase.dll ucrtbase.dll ole32.dll ucrtbase.dll stobject.dll ucrtbase.dll ucrtbase.dll mswsock.dll mswsock.dll,HTran
 msvcp110_win.dll api-ms-win-service-core-l1-1-0.dll ntdll.dll kernel32.dll kernelbase.dll msvcrt.dll combase.dll rpcrt4.dll kernel.appcore.dll cryptbase.dll ntdll.dll bcryptprimitives.dll clbcatq.dll sechost.dll kernel32.dll cryptsp.dll rsaenh.dll xmllite.dll bcrypt.dll user32.dll gdi32.dll user32.dll imm32.dll msctf.dll msctf.dll uxtheme.dll KernelBase.dll thumbcache.dll oleaut32.dll shcore.dll advapi32.dll shell32.dll imm32.dll propsys.dll shlwapi.dll comctl32.dll,normal
 msctf.dll ntdll.dll kernel32.dll KernelBase.dll gdi32.dll user32.dll lpk.dll api-ms-win-core-kernel32-legacy-l1-1-1.dll usp10.dll imm32.dll msvcrt.dll imm32.dll msctf.dll system.windows.forms.dll ole32.dll oleaut32.dll clbcatq.dll rpcrt4.dll oleaut32.dll ntdll.dll ntdll.dll user32.dll wow64.dll imm32.dll user32.dll msvcrt.dll usp10.dll wow64win.dll lpk.dll wow64cpu.dll gdi32.dll kernel32.dll kernel32.dll kernel32.dll user32.dll kernel32.dll KernelBase.dll msvcrt.dll sechost.dll winbrand.dll user32.dll gdi32.dll lpk.dll rpcrt4.dll usp10.dll advapi32.dll sechost.dll rpcrt4.dll sspicli.dll cryptbase.dll imm32.dll msctf.dll apphelp.dll,normal
 ntdll.dll ntdll.dll ntdll.dll wow64.dll wow64win.dll wow64cpu.dll kernel32.dll wls0wndh.dll kernel32.dll System.IO.Compression.FileSystem.ni.dll kernel32.dll msvcp140.dll system.data.sqlxml.dll user32.dll gdi32full.dll sspicli.dll kernel32.dll KernelBase.dll msvcrt.dll kernel32.dll mscorwks.dll Windows.UI.XamlHost.dll winbrand.dll user32.dll gdi32.dll lpk.dll usp10.dll advapi32.dll sechost.dll rpcrt4.dll sspicli.dll cryptbase.dll imm32.dll msctf.dll apphelp.dll,normal
 ntdll.dll kernel32.dll advapi32.dll kernelbase.dll mscoree.dll gdi32.dll user32.dll lpk.dll usp10.dll msvcrt.dll imm32.dll msctf.dll ole32.dll rpcrt4.dll oleaut32.dll cryptbase.dll clbcatq.dll advapi32.dll Microsoft.JScript.dll user32.dll user32.dll sechost.dll ntdll.dll kernel32.dll msctf.dll kernelbase.dll gdi32.dll user32.dll lpk.dll usp10.dll msvcrt.dll presentationframework.dll imm32.dll gdi32.dll msctf.dll ole32.dll ntdll.dll rpcrt4.dll oleaut32.dll msvcp_win.dll napinsp.dll kernel32.dll cryptbase.dll cryptbase.dll clbcatq.dll slc.dll advapi32.dll lpk.dll sechost.dll kernelbase.dll dhcpcsvc6.dll ntdll.dll ntdll.dll wow64.dll kernel32.dll wevtapi.dll wow64win.dll powrprof.dll ntdll.dll wow64cpu.dll msshooks.dll kernel32.dll kernel32.dll mssprxy.dll kernel32.dll user32.dll kernel32.dll kernelbase.dll msvcrt.dll winbrand.dll user32.dll gdi32.dll lpk.dll usp10.dll advapi32.dll sechost.dll rpcrt4.dll sspicli.dll cryptbase.dll imm32.dll msctf.dll apphelp.dll,normal
 ntdll.dll ntdll.dll wow64.dll kernel32.dll mscorlib.dll wow64win.dll kernel32.dll wow64cpu.dll kernel32.dll kernel32.dll kernel32.dll rsaenh.dll kernel32.dll user32.dll kernel32.dll kernelbase.dll advapi32.dll msvcrt.dll sechost.dll System.Security.dll ole32.dll wow64win.dll rpcrt4.dll sspicli.dll kernel32.dll system.dll cryptbase.dll dnsapi.dll ws2_32.dll nsi.dll winnsi.dll dhcpcsvc.dll dhcpcsvc6.dll shell32.dll shlwapi.dll gdi32.dll user32.dll KernelBase.dll lpk.dll usp10.dll ole32.dll imm32.dll msctf.dll wow64.dll clbcatq.dll oleaut32.dll cryptsp.dll rsaenh.dll rpcrtremote.dll wevtapi.dll ntdll.dll kernel32.dll kernelbase.dll mscorlib.ni.dll ole32.dll KernelBase.dll advapi32.dll msvcrt.dll wow64cpu.dll system.core.ni.dll sechost.dll rpcrt4.dll ole32.dll msls31.dll gdi32.dll user32.dll xmllite.dll advapi32.dll lpk.dll urlmon.dll usp10.dll imm32.dll msctf.dll wdscore.dll sechost.dll oleaut32.dll shell32.dll shlwapi.dll drupdate.dll dbghelp.dll setupapi.dll crypt32.dll cryptbase.dll cbscore.dll version.dll crypt32.dll oleaut32.dll msasn1.dll clbcatq.dll wintrust.dll userenv.dll profapi.dll ktmw32.dll windowsbase.ni.dll dpx.dll dpx.dll ntdll.dll ntdll.dll dpx.dll wcp.dll drupdate.dll setupapi.dll cfgmgr32.dll version.dll devobj.dll mpr.dll kernel32.dll wrpint.dll lpk.dll System.dll sxsstore.dll uxtheme.dll sqmapi.dll winhttp.dll webio.dll winhttp.dll msvcrt.dll webio.dll sensapi.dll cryptsp.dll authui.dll rsaenh.dll clbcatq.dll dnsapi.dll profapi.dll rpcrtremote.dll oleaut32.dll clbcatq.dll user32.dll cbsapi.dll smipi.dll GdiPlus.dll smiengine.dll ntdll.dll ntmarta.dll sxs.dll kernel32.dll kernelbase.dll gdi32.dll System.Windows.Forms.ni.dll user32.dll lpk.dll ole32.dll usp10.dll tdh.dll msvcrt.dll imm32.dll advapi32.dll msctf.dll ole32.dll imageres.dll rpcrt4.dll msvcrt.dll kernel32.dll gdi32.dll onecoreuapcommonproxystub.dll oleaut32.dll ntdll.dll cryptbase.dll clbcatq.dll mscorlib.dll bcp47mrm.dll advapi32.dll sechost.dll sechost.dll ntdll.dll kernel32.dll kernelbase.dll gdi32.dll user32.dll lpk.dll usp10.dll msvcrt.dll imm32.dll msctf.dll mscoree.dll ole32.dll rpcrt4.dll oleaut32.dll cryptbase.dll user32.dll apphelp.dll clbcatq.dll advapi32.dll sechost.dll ntdll.dll kernel32.dll kernelbase.dll gdi32.dll user32.dll lpk.dll usp10.dll system.core.ni.dll msvcrt.dll imm32.dll msctf.dll usp10.dll ole32.dll rpcrt4.dll oleaut32.dll cryptbase.dll clbcatq.dll advapi32.dll sechost.dll ntdll.dll ntdll.dll shell32.dll wow64.dll wow64win.dll wow64cpu.dll kernel32.dll kernel32.dll wow64.dll kernel32.dll user32.dll kernel32.dll kernelbase.dll msvcrt.dll winbrand.dll user32.dll gdi32.dll lpk.dll System.XML.dll usp10.dll advapi32.dll sechost.dll rpcrt4.dll sspicli.dll cryptbase.dll imm32.dll msctf.dll apphelp.dll,normal
 ntdll.dll system.core.dll clrjit.dll kernel32.dll kernelbase.dll advapi32.dll msvcrt.dll sechost.dll clr.dll rpcrt4.dll msvcr120_clr0400.dll Microsoft.PowerShell.Utility.Activities.dll mscoree.dll ole32.dll gdi32.dll kernel32.dll user32.dll lpk.dll uxtheme.dll usp10.dll oleaut32.dll imm32.dll DeviceUxRes.dll api-ms-win-core-registry-l2-1-0.dll msctf.dll ntdll.dll cryptbase.dll cryptsp.dll rsaenh.dll rpcrtremote.dll clbcatq.dll sxs.dll vcruntime140.dll mscoreei.dll mscorwks.dll gdi32.dll msvcr80.dll cryptbase.dll shlwapi.dll shell32.dll profapi.dll sspicli.dll mscorlib.ni.dll lpk.dll mscorjit.dll mscorlib.dll mscorlib.dll version.dll mscorlib.dll kernel32.dll mscorlib.dll rsaenh.dll advapi32.dll GdiPlus.dll mscorsec.dll wintrust.dll advapi32.dll msctf.dll crypt32.dll msasn1.dll comctl32.dll riched20.dll imagehlp.dll ncrypt.dll advapi32.dll bcrypt.dll system.dll bcryptprimitives.dll userenv.dll gpapi.dll cryptnet.dll wldap32.dll sensapi.dll stdole.dll stdole.dll stdole.ni.dll stdole.ni.dll stdole.ni.dll,normal
 comctl32.dll system.core.ni.dll ntdll.dll kernel32.dll advapi32.dll kernelbase.dll gdi32.dll user32.dll lpk.dll usp10.dll msvcrt.dll comctl32.dll shlwapi.dll ole32.dll rpcrt4.dll oleaut32.dll shell32.dll gdiplus.dll uxtheme.dll imm32.dll msctf.dll user32.dll dwmapi.dll sqmapi.dll sensapi.dll cryptbase.dll clbcatq.dll gdi32.dll setupapi.dll advapi32.dll windows.applicationmodel.background.systemeventsbroker.dll srvcli.dll sechost.dll propsys.dll System.Web.ni.dll system.configuration.dll setupapi.dll cfgmgr32.dll devobj.dll ws2_32.dll mmdevapi.dll windowscodecs.dll gdi32.dll audioses.dll winmm.dll ksuser.dll avrt.dll msacm32.dll midimap.dll,normal
 npmproxy.dll,normal
 msvcrt.dll wow64.dll ntdll.dll kernel32.dll kernelbase.dll msvcrt.dll kernel32.dll conhostv2.dll combase.dll ucrtbase.dll rpcrt4.dll bcryptprimitives.dll wow64cpu.dll System.Xml.ni.dll gdi32.dll gdi32full.dll user32.dll kernelbase.dll msctf.dll win32u.dll imm32.dll imageres.dll oleaut32.dll gdi32full.dll cryptnet.dll msvcp_win.dll propsys.dll sechost.dll shcore.dll advapi32.dll kernel.appcore.dll profapi.dll cfgmgr32.dll windows.storage.dll powrprof.dll shlwapi.dll iertutil.dll clbcatq.dll msctf.dll shell32.dll,normal
 ntdll.dll kernel32.dll kernelbase.dll user32.dll mscorwks.dll msvcrt.dll System.Printing.dll kernel32.dll combase.dll sechost.dll oleaut32.dll uiautomationprovider.dll advapi32.dll shell32.dll shlwapi.dll mscorwks.dll profapi.dll gdi32.dll rpcrt4.dll rpcrt4.dll gdiplus.dll framedynos.dll sspicli.dll imm32.dll msctf.dll System.Core.ni.dll kernel.appcore.dll cryptbase.dll bcryptprimitives.dll gpapi.dll clbcatq.dll cryptsp.dll rsaenh.dll bcrypt.dll imebrokerps.dll,normal
 ntdll.dll mscoreei.dll api-ms-win-core-processthreads-l1-1-1.dll kernel32.dll kernelbase.dll advapi32.dll msvcrt.dll sechost.dll version.dll rpcrt4.dll gdi32.dll lpk.dll devicecenter.dll user32.dll lpk.dll usp10.dll ole32.dll shlwapi.dll msimg32.dll wmsgapi.dll wtsapi32.dll ole32.dll msvcrt.dll mscoreei.dll winmm.dll userenv.dll setupapi.dll profapi.dll winsta.dll wdscore.dll crypt32.dll cryptsp.dll windows.ui.dll msasn1.dll system.deployment.dll msctfmonitor.dll msctf.dll lpk.dll imm32.dll msutb.dll comctl32.dll shlwapi.dll secur32.dll sspicli.dll windows.staterepository.dll shell32.dll user32.dll system.drawing.ni.dll cryptbase.dll uxtheme.dll wintrust.dll cryptsp.dll rsaenh.dll sxs.dll imagehlp.dll bcrypt.dll bcryptprimitives.dll ncrypt.dll gpapi.dll cryptnet.dll fdeploy.dll wldap32.dll sensapi.dll version.dll wow64.dll clbcatq.dll oleaut32.dll cfgmgr32.dll urlmon.dll clbcatq.dll wow64win.dll ntdll.dll api-ms-win-downlevel-ole32-l1-1-0.dll api-ms-win-downlevel-shlwapi-l1-1-0.dll api-ms-win-downlevel-advapi32-l1-1-0.dll shell32.dll api-ms-win-downlevel-user32-l1-1-0.dll gpapi.dll shell32.dll mssvp.dll api-ms-win-downlevel-version-l1-1-0.dll api-ms-win-downlevel-normaliz-l1-1-0.dll normaliz.dll iertutil.dll netprofm.dll wininet.dll ntdll.dll kernel32.dll kernelbase.dll advapi32.dll msvcrt.dll sechost.dll rpcrt4.dll ole32.dll gdi32.dll user32.dll sechost.dll slc.dll ucrtbase.dll user32.dll lpk.dll usp10.dll imm32.dll msctf.dll oleaut32.dll msvcrt.dll wdscore.dll shell32.dll system.data.dll win32u.dll system.runtime.durableinstancing.ni.dll user32.dll shlwapi.dll dbghelp.dll cryptbase.dll system.drawing.dll version.dll sechost.dll crypt32.dll cbscore.dll msasn1.dll clr.dll wintrust.dll userenv.dll profapi.dll ktmw32.dll vcruntime140.dll dpx.dll dpx.dll advapi32.dll dpx.dll wcp.dll setupapi.dll cfgmgr32.dll devobj.dll mpr.dll drupdate.dll srclient.dll spp.dll vssapi.dll atl.dll winhttp.dll webio.dll winhttp.dll webio.dll sensapi.dll cryptsp.dll rsaenh.dll rpcrtremote.dll clbcatq.dll vsstrace.dll wrpint.dll sxsstore.dll sqmapi.dll gdi32.dll cbsapi.dll smipi.dll smiengine.dll,normal
 ntdll.dll ntdll.dll lpk.dll wow64.dll msctf.dll wow64win.dll wow64cpu.dll kernel32.dll kernel32.dll kernel32.dll user32.dll sensapi.dll kernel32.dll wow64win.dll kernelbase.dll sechost.dll kernel.appcore.dll msvcrt.dll presentationui.ni.dll winbrand.dll user32.dll gdi32.dll lpk.dll usp10.dll advapi32.dll sechost.dll rsaenh.dll sechost.dll rpcrt4.dll wow64win.dll sspicli.dll cryptbase.dll imm32.dll msctf.dll apphelp.dll,normal
 ntdll.dll ole32.dll ntdll.dll ole32.dll system.data.ni.dll System.Core.dll wow64.dll wow64win.dll wow64cpu.dll system.data.sqlxml.dll kernel32.dll kernel32.dll kernel32.dll user32.dll cryptbase.dll kernel32.dll kernelbase.dll apphelp.dll gdiplus.dll imm32.dll advapi32.dll mcstoredb.ni.dll ole32.dll kernel32.dll comctl32.dll gdi32.dll mfc42u.dll msvcrt.dll ole32.dll oleaut32.dll dhcpcsvc.dll sechost.dll shell32.dll user32.dll wininet.dll winmm.dll kernel32.dll ws2_32.dll kernel32.dll sechost.dll rpcrt4.dll odbc32.dll mscorlib.dll combase.dll user32.dll shlwapi.dll gpapi.dll iertutil.dll cryptbase.dll winmmbase.dll imm32.dll nsi.dll sspicli.dll wow64.dll cryptbase.dll user32.dll bcryptprimitives.dll imm32.dll msctf.dll uxtheme.dll mssprxy.dll riched32.dll riched20.dll usp10.dll msls31.dll PresentationFramework.dll d3d10level9.dll dwmapi.dll comctl32.dll clbcatq.dll clbcatq.dll version.dll profapi.dll oleacc.dll propsys.dll profapi.dll ntmarta.dll dui70.dll msvcrt.dll imecfm.dll wer.dll shcore.dll msado15.dll wininet.dll msdart.dll oledb32.dll bcrypt.dll rpcrt4.dll comsvcs.dll msjetoledb40.dll msjet40.dll msjter40.dll mswstr10.dll msjint40.dll crypt32.dll msasn1.dll dpapi.dll cryptsp.dll linkinfo.dll rsaenh.dll CbsCore.dll msadox.dll shlwapi.dll gdi32.dll msadrh15.dll msjtes40.dll vbajet32.dll expsrv.dll msdadiag.dll imecfm.dll wer.dll msadce.dll msadcer.dll ieframe.dll urlmon.dll ieproxy.dll setupapi.dll cfgmgr32.dll devobj.dll,caidao
 ntdll.dll ntdll.dll dhcpcsvc.dll kernel32.dll kernelbase.dll kernelbase.dll advapi32.dll advapi32.dll msvcrt.dll msvcrt.dll oleaut32.dll combase.dll oleaut32.dll ntshrui.dll user32.dll tquery.dll tquery.dll imm32.dll msshooks.dll imm32.dll msshooks.dll dpapi.dll shlwapi.dll sechost.dll radardt.dll sechost.dll rpcrt4.dll msvcr120_clr0400.dll oleaut32.dll gdi32.dll imagehlp.dll rpcrt4.dll clbcatq.dll gdi32.dll msctf.dll kernel.appcore.dll oleaut32.dll kernel.appcore.dll els.dll cryptbase.dll winsta.dll cryptbase.dll version.dll bcryptprimitives.dll bcryptprimitives.dll clbcatq.dll cryptsp.dll sspicli.dll cryptsp.dll rsaenh.dll rsaenh.dll bcrypt.dll bcrypt.dll mssprxy.dll mssprxy.dll shcore.dll shcore.dll,normal
 imm32.dll ntdll.dll gdi32.dll kernel32.dll KernelBase.dll cryptsp.dll gdi32.dll credui.dll user32.dll d3d9.dll system.xml.dll system.data.sqlxml.dll lpk.dll usp10.dll msvcrt.dll imm32.dll msctf.dll ole32.dll rpcrt4.dll advapi32.dll ole32.dll oleaut32.dll ntdll.dll kernel32.dll bcryptprimitives.dll KernelBase.dll msvcrt.dll ole32.dll version.dll ntdll.dll gdi32.dll user32.dll lpk.dll usp10.dll rpcrt4.dll gdi32.dll System.Core.ni.dll imm32.dll msctf.dll cryptbase.dll clbcatq.dll advapi32.dll sechost.dll oleaut32.dll cryptsp.dll rsaenh.dll kernelbase.dll RpcRtRemote.dll uxtheme.dll comctl32.dll shlwapi.dll userenv.dll profapi.dll system.web.dll IDStore.dll shacct.dll,normal
 clbcatq.dll user32.dll gdi32.dll imm32.dll msctf.dll sxs.dll cmdext.dll,normal
 oleaut32.dll ntdll.dll winmmbase.dll flashutil64_32_0_0_207_activex.dll ncrypt.dll msvcr120_clr0400.dll ntdll.dll wow64.dll advapi32.dll wow64win.dll wow64cpu.dll kernel32.dll kernel32.dll kernel32.dll user32.dll ntdll.dll kernel32.dll kernelbase.dll kernel32.dll msvcrt.dll oleaut32.dll ole32.dll gdi32.dll user32.dll combase.dll SensApi.dll advapi32.dll sechost.dll rpcrt4.dll sspicli.dll shlwapi.dll system.windows.forms.dll cryptbase.dll lpk.dll usp10.dll version.dll imm32.dll dpx.dll msctf.dll sxs.dll clbcatq.dll vbscript.dll advapi32.dll usp10.dll comctl32.dll usp10.dll wintrust.dll crypt32.dll dmcfgutils.dll msasn1.dll cryptsp.dll rsaenh.dll msisip.dll wshext.dll comctl32.dll shell32.dll shlwapi.dll scrobj.dll msi.dll scrrun.dll,normal
 ntdll.dll kernel32.dll KernelBase.dll System.Management.dll advapi32.dll msvcrt.dll setupapi.dll sechost.dll rpcrt4.dll user32.dll gdi32.dll lpk.dll usp10.dll ole32.dll oleaut32.dll shlwapi.dll esent.dll imm32.dll msctf.dll psapi.dll shell32.dll profapi.dll cryptnet.dll system.numerics.dll cryptbase.dll secur32.dll sspicli.dll cryptsp.dll credssp.dll tquery.dll gdi32.dll ktmw32.dll mssrch.dll wbemcomn.dll clbcatq.dll msidle.dll kbd101.dll kbd106.dll System.Design.dll kbdnec.dll kernelbase.dll kbd106.dll powrprof.dll user32.dll setupapi.dll cfgmgr32.dll msctf.dll devobj.dll user32.dll FDResPub.dll System.Windows.Forms.dll comctl32.dll cryptsp.dll rsaenh.dll bcrypt.dll RpcRtRemote.dll propsys.dll dui70.dll mssprxy.dll wtsapi32.dll nlsdata0009.dll winsta.dll Wldap32.dll mscorwks.dll System.DirectoryServices.dll kernel32.dll system.drawing.ni.dll sechost.dll ntmarta.dll System.Web.Services.dll system.deployment.ni.dll atl.dll cryptsp.dll gdi32.dll samcli.dll cryptdll.dll netutils.dll es.dll vssapi.dll system.data.sqlxml.ni.dll dhcpcsvc.dll vsstrace.dll samlib.dll cfgmgr32.dll cryptsp.dll userenv.dll sxs.dll apphelp.dll crypt32.dll msasn1.dll wow64win.dll NaturalLanguage6.dll NlsData0011.dll NlsLexicons0011.dll NlsModels0011.dll ELSCore.dll elsTrans.dll elslad.dll korwbrkr.dll chtbrkr.dll Query.dll chsbrkr.dll comctl32.dll setupapi.dll devobj.dll NlsData000a.dll NlsLexicons000a.dll NlsData0000.dll imm32.dll NlsData0018.dll mscorlib.dll NlsLexicons0018.dll NlsData001b.dll scrrun.dll NlsLexicons001b.dll NlsData0021.dll NlsLexicons0021.dll NlsData0011.dll NlsLexicons0011.dll NlsModels0011.dll NlsData000a.dll NlsLexicons000a.dll NlsData0000.dll powrprof.dll,normal
 ntdll.dll kernel32.dll wldap32.dll kernelbase.dll advapi32.dll msvcrt.dll ole32.dll System.Web.RegularExpressions.dll riched20.dll cryptbase.dll sechost.dll rpcrt4.dll bcryptprimitives.dll ucrtbase.dll mpclient.dll oleaut32.dll msvcp_win.dll msvcr120_clr0400.dll kernelbase.dll ucrtbase.dll combase.dll ole32.dll crypt32.dll msasn1.dll slc.dll mssprxy.dll bcrypt.dll sppc.dll mssprxy.dll userenv.dll profapi.dll version.dll lpk.dll gdi32.dll gdi32full.dll kernel32.dll user32.dll win32u.dll gpapi.dll cabinet.dll cabinet.dll kernel.appcore.dll,normal
 ntdll.dll kernel32.dll KernelBase.dll gdi32.dll user32.dll system.xml.dll lpk.dll uxtheme.dll cryptbase.dll kernel32.dll cryptbase.dll usp10.dll msvcrt.dll EhStorShell.dll imm32.dll mpr.dll msctf.dll ole32.dll CbsApi.dll rpcrt4.dll ole32.dll oleaut32.dll ntdll.dll cryptsp.dll portabledevicetypes.dll kernel32.dll KernelBase.dll cryptbase.dll gdi32.dll user32.dll lpk.dll msctf.dll chrome_child.dll usp10.dll msvcrt.dll imm32.dll msctf.dll ole32.dll rpcrt4.dll oleaut32.dll ntdll.dll ntshrui.dll kernel32.dll cryptbase.dll KernelBase.dll gdi32.dll wpdshext.dll user32.dll lpk.dll usp10.dll mscms.dll msvcrt.dll imm32.dll msctf.dll ole32.dll rpcrt4.dll oleaut32.dll cryptbase.dll clbcatq.dll advapi32.dll sechost.dll cryptsp.dll ntdll.dll ntdll.dll wow64.dll wow64win.dll wow64cpu.dll kernel32.dll kernel32.dll kernel32.dll user32.dll kernel32.dll KernelBase.dll msvcrt.dll oleaut32.dll wtsapi32.dll ws2_32.dll apphelp.dll ole32.dll kernel32.dll gdi32.dll user32.dll advapi32.dll sechost.dll rpcrt4.dll msftedit.dll rpcrtremote.dll sspicli.dll api-ms-win-security-provider-l1-1-0.dll cryptbase.dll lpk.dll shell32.dll system.windows.forms.dll ntdll.dll usp10.dll version.dll propsys.dll apphelp.dll imm32.dll msctf.dll sechost.dll sxs.dll clbcatq.dll advapi32.dll vbscript.dll system.servicemodel.dll advapi32.dll wintrust.dll crypt32.dll msasn1.dll cryptsp.dll gdi32.dll linkinfo.dll rsaenh.dll msisip.dll wshext.dll user32.dll oleaut32.dll comctl32.dll shell32.dll shlwapi.dll scrobj.dll msi.dll scrrun.dll cryptbase.dll ntdll.dll shlwapi.dll ntdll.dll wow64.dll rpcrt4.dll wow64win.dll wow64cpu.dll kernel32.dll kernel32.dll kernel32.dll user32.dll kernel32.dll KernelBase.dll msvcrt.dll wintrust.dll winbrand.dll user32.dll msvcrt.dll gdi32.dll lpk.dll usp10.dll advapi32.dll sechost.dll rpcrt4.dll kernel32.dll sspicli.dll cryptbase.dll imm32.dll msctf.dll apphelp.dll,normal
 system.transactions.ni.dll ntdll.dll ntdll.dll urlmon.dll kernel32.dll kernelbase.dll kernelbase.dll shell32.dll msvcrt.dll msvcrt.dll cfgmgr32.dll advapi32.dll,normal
 lpk.dll ntdll.dll kernel32.dll kernelbase.dll gdi32.dll user32.dll msvcrt.dll imm32.dll usp10.dll msvcrt.dll nsi.dll oleaut32.dll combase.dll msctf.dll rpcrt4.dll uxtheme.dll tiptsf.dll dwmapi.dll comctl32.dll wow64cpu.dll oleaut32.dll ole32.dll profapi.dll sechost.dll kernel.appcore.dll ntdll.dll msvcrt.dll cryptbase.dll bcryptprimitives.dll clbcatq.dll oleacc.dll shlwapi.dll advapi32.dll sqmapi.dll shell32.dll version.dll comctl32.dll shlwapi.dll propsys.dll profapi.dll ntmarta.dll dui70.dll imecfm.dll wer.dll,normal
 ntdll.dll kernel32.dll schannel.dll KernelBase.dll system.core.dll advapi32.dll msvcrt.dll sechost.dll rpcrt4.dll msctf.dll user32.dll rpcrt4.dll lpk.dll win32u.dll gdi32.dll gdi32full.dll combase.dll nsi.dll api-ms-win-core-xstate-l2-1-0.dll ucrtbase.dll msvcp110_win.dll bcryptprimitives.dll shell32.dll cfgmgr32.dll windows.storage.dll powrprof.dll shlwapi.dll kernel.appcore.dll ntdll.dll smiengine.dll fusion.dll SHCore.dll profsvc.dll windows.storage.dll profapi.dll ole32.dll imm32.dll uxtheme.dll msctf.dll oleaut32.dll msvcp_win.dll dwmapi.dll,normal
 sensapi.dll sensapi.dll,normal
 ntdll.dll crypt32.dll ntdll.dll kernel32.dll kernelbase.dll riched32.dll kernelbase.dll msvcrt.dll msvcrt.dll oleaut32.dll msvcp_win.dll ntdll.dll msvcp_win.dll bcrypt.dll ucrtbase.dll ucrtbase.dll rasadhlp.dll combase.dll rpcrt4.dll rpcrt4.dll kernel.appcore.dll rpcrt4.dll bcryptprimitives.dll System.Web.dll userenv.dll System.Management.Automation.dll bcryptprimitives.dll advapi32.dll advapi32.dll user32.dll sechost.dll shlwapi.dll kernelbase.dll sechost.dll tquery.dll tquery.dll cryptdll.dll cryptdll.dll uxtheme.dll imm32.dll user32.dll win32u.dll gdi32.dll gdi32full.dll kernel.appcore.dll kernel.appcore.dll clbcatq.dll mssprxy.dll mssprxy.dll,normal
 ntdll.dll user32.dll kernel32.dll kernelbase.dll advapi32.dll msvcrt.dll sechost.dll rpcrt4.dll user32.dll usp10.dll SensApi.dll gdi32.dll user32.dll lpk.dll usp10.dll sechost.dll ole32.dll propsys.dll oleaut32.dll tquery.dll tquery.dll shlwapi.dll imm32.dll kernel32.dll msctf.dll rpcrt4.dll msshooks.dll atl.dll msshooks.dll mscoree.dll mscoreei.dll cryptbase.dll clbcatq.dll cryptsp.dll rsaenh.dll System.Numerics.dll rpcrtremote.dll mssprxy.dll ninput.dll sxs.dll,normal
 oleaut32.dll dropboxext64.27.0.dll msftedit.dll mssvp.dll mapi32.dll mssvp.dll mapi32.dll,normal
 ntdll.dll kernel32.dll KernelBase.dll advapi32.dll wintrust.dll api-ms-win-core-shutdown-l1-1-0.dll shsvcs.dll msvcrt.dll sechost.dll rpcrt4.dll usp10.dll ole32.dll gdi32.dll kernel32.dll mscorwks.dll setupapi.dll user32.dll lpk.dll usp10.dll imm32.dll msctf.dll wdscore.dll oleaut32.dll shell32.dll shlwapi.dll sechost.dll dbghelp.dll cryptbase.dll imageres.dll CbsCore.dll user32.dll version.dll crypt32.dll SensApi.dll msasn1.dll rpcrt4.dll wintrust.dll api-ms-win-core-synch-l1-2-0.dll userenv.dll profapi.dll user32.dll ktmw32.dll dpx.dll dpx.dll dpx.dll shell32.dll wcp.dll DrUpdate.dll setupapi.dll cfgmgr32.dll secur32.dll devobj.dll sensapi.dll crypt32.dll cryptbase.dll mpr.dll wrpint.dll sxsstore.dll sqmapi.dll winhttp.dll webio.dll winhttp.dll webio.dll wshqos.dll SensApi.dll cryptsp.dll rsaenh.dll RpcRtRemote.dll clbcatq.dll wucltux.dll CbsApi.dll smipi.dll propsys.dll user32.dll peerdistsh.dll smiengine.dll ntdll.dll ntdll.dll wow64.dll wow64win.dll wow64cpu.dll kernel32.dll kernel32.dll api-ms-win-core-rtlsupport-l1-1-0.dll msvcp_win.dll kernel32.dll kernel32.dll user32.dll System.XML.dll dps.dll kernel32.dll KernelBase.dll msvcrt.dll winbrand.dll user32.dll gdi32.dll lpk.dll usp10.dll advapi32.dll spoolss.dll sechost.dll rpcrt4.dll sspicli.dll cryptbase.dll imm32.dll msctf.dll apphelp.dll,normal
 MPSSVC.dll ntdll.dll kernel32.dll kernelbase.dll msvcrt.dll combase.dll rpcrt4.dll mscorlib.dll winsta.dll oleaut32.dll shcore.dll wer.dll smdiagnostics.ni.dll sechost.dll webio.dll advapi32.dll kernel.appcore.dll bcryptprimitives.dll cryptsp.dll clbcatq.dll user32.dll netprofm.dll nsi.dll gdi32.dll user32.dll gdi32.dll cryptsp.dll d3d10level9.dll bcrypt.dll rsaenh.dll gdi32.dll cryptbase.dll devobj.dll System.Data.Entity.ni.dll npmproxy.dll netprofm.dll nsi.dll npmproxy.dll netprofm.dll dhcpcsvc.dll nsi.dll user32.dll lpk.dll npmproxy.dll netprofm.dll KernelBase.dll nsi.dll cryptbase.dll npmproxy.dll msvcrt.dll netprofm.dll nsi.dll npmproxy.dll advapi32.dll netprofm.dll nsi.dll lpk.dll npmproxy.dll netprofm.dll nsi.dll npmproxy.dll netprofm.dll sppuinotify.dll nsi.dll npmproxy.dll netprofm.dll nsi.dll sechost.dll npmproxy.dll netprofm.dll nsi.dll npmproxy.dll netprofm.dll system.transactions.dll wdscore.dll nsi.dll ntdll.dll oleaut32.dll oleaut32.dll lpk.dll npmproxy.dll netprofm.dll mscoree.dll nsi.dll shell32.dll npmproxy.dll netprofm.dll nsi.dll npmproxy.dll netprofm.dll msctf.dll nsi.dll kernel32.dll system.xml.ni.dll npmproxy.dll netprofm.dll nsi.dll kernelbase.dll ntdll.dll npmproxy.dll netprofm.dll nsi.dll npmproxy.dll netprofm.dll nsi.dll npmproxy.dll netprofm.dll rpcrt4.dll mscoreei.dll nsi.dll npmproxy.dll netprofm.dll System.Transactions.dll nsi.dll KernelBase.dll kernelbase.dll npmproxy.dll shlwapi.dll netprofm.dll nsi.dll msvcp110_win.dll presentationframework.royale.ni.dll usp10.dll npmproxy.dll netprofm.dll advapi32.dll lpk.dll comctl32.dll nsi.dll tiptsf.dll npmproxy.dll netprofm.dll mrmcorer.dll mscorlib.dll nsi.dll npmproxy.dll netprofm.dll api-ms-win-core-privateprofile-l1-1-0.dll nsi.dll npmproxy.dll netprofm.dll nsi.dll npmproxy.dll cfgmgr32.dll netprofm.dll shcore.dll nsi.dll npmproxy.dll clbcatq.dll netprofm.dll nsi.dll npmproxy.dll netprofm.dll nsi.dll msctf.dll mscorlib.dll npmproxy.dll netprofm.dll nsi.dll npmproxy.dll netprofm.dll nsi.dll npmproxy.dll netprofm.dll nsi.dll kernel32.dll npmproxy.dll mscorlib.dll rpcrt4.dll rsaenh.dll netprofm.dll nsi.dll npmproxy.dll netprofm.dll nsi.dll npmproxy.dll mscorlib.dll fastprox.dll netprofm.dll nsi.dll npmproxy.dll webio.dll netprofm.dll user32.dll nsi.dll gdi32.dll npmproxy.dll netprofm.dll nsi.dll npmproxy.dll sechost.dll netprofm.dll nsi.dll Accessibility.dll PresentationCore.dll npmproxy.dll netprofm.dll nsi.dll npmproxy.dll cryptsp.dll netprofm.dll nsi.dll npmproxy.dll msvcrt.dll kernel32.dll netprofm.dll nsi.dll npmproxy.dll netprofm.dll shlwapi.dll kernel32.dll nsi.dll npmproxy.dll netprofm.dll nsi.dll expsrv.dll npmproxy.dll netprofm.dll nsi.dll npmproxy.dll imm32.dll netprofm.dll mlang.dll nsi.dll npmproxy.dll netprofm.dll user32.dll nsi.dll npmproxy.dll ieframe.dll netprofm.dll dxgi.dll nsi.dll npmproxy.dll netprofm.dll PwdSSP.dll msctf.dll imm32.dll nsi.dll npmproxy.dll netprofm.dll nsi.dll system.data.oracleclient.dll npmproxy.dll user32.dll netprofm.dll System.Management.ni.dll nsi.dll system.directoryservices.ni.dll npmproxy.dll rtutils.dll netprofm.dll nsi.dll npmproxy.dll netprofm.dll nsi.dll SensApi.dll dxp.dll npmproxy.dll netprofm.dll nsi.dll npmproxy.dll netprofm.dll nsi.dll npmproxy.dll msvcrt.dll netprofm.dll nsi.dll npmproxy.dll netprofm.dll nsi.dll npmproxy.dll netprofm.dll kernelbase.dll nsi.dll npmproxy.dll netprofm.dll nsi.dll ssdpapi.dll user32.dll npmproxy.dll netprofm.dll nsi.dll npmproxy.dll netprofm.dll nsi.dll npmproxy.dll netprofm.dll nsi.dll npmproxy.dll netprofm.dll nsi.dll BCP47Langs.dll npmproxy.dll wow64cpu.dll SensApi.dll wow64win.dll netprofm.dll System.Data.SqlXml.dll nsi.dll rsaenh.dll psapi.dll npmproxy.dll cryptsp.dll netprofm.dll nsi.dll npmproxy.dll netprofm.dll System.Data.dll nsi.dll rpcrtremote.dll npmproxy.dll netprofm.dll credssp.dll nsi.dll npmproxy.dll netprofm.dll nsi.dll npmproxy.dll netprofm.dll nsi.dll oleaut32.dll npmproxy.dll netprofm.dll nsi.dll npmproxy.dll netprofm.dll nsi.dll npmproxy.dll netprofm.dll nsi.dll wow64.dll cfgmgr32.dll npmproxy.dll netprofm.dll nsi.dll npmproxy.dll netprofm.dll nsi.dll npmproxy.dll netprofm.dll UIAnimation.dll nsi.dll npmproxy.dll netprofm.dll nsi.dll System.Drawing.ni.dll imecfm.dll npmproxy.dll netprofm.dll nsi.dll npmproxy.dll netprofm.dll nsi.dll npmproxy.dll netprofm.dll nsi.dll npmproxy.dll netprofm.dll nsi.dll npmproxy.dll netprofm.dll nsi.dll npmproxy.dll ntdll.dll netprofm.dll nsi.dll npmproxy.dll netprofm.dll nsi.dll npmproxy.dll netprofm.dll d3d11.dll nsi.dll npmproxy.dll KernelBase.dll netprofm.dll nsi.dll npmproxy.dll netprofm.dll nsi.dll npmproxy.dll user32.dll netprofm.dll nsi.dll npmproxy.dll netprofm.dll nsi.dll npmproxy.dll netprofm.dll nsi.dll npmproxy.dll netprofm.dll nsi.dll npmproxy.dll netprofm.dll nsi.dll npmproxy.dll netprofm.dll nsi.dll npmproxy.dll,normal
 ntdll.dll sechost.dll mscorlib.dll dpx.dll kernel32.dll KernelBase.dll System.ni.dll advapi32.dll msvcrt.dll sechost.dll apds.dll rpcrt4.dll msvcr120_clr0400.dll mscoree.dll ole32.dll gdi32.dll user32.dll lpk.dll cryptbase.dll usp10.dll oleaut32.dll sensapi.dll imm32.dll msctf.dll cryptbase.dll cryptsp.dll rsaenh.dll RpcRtRemote.dll sxs.dll clbcatq.dll secur32.dll advapi32.dll cfgmgr32.dll sxs.dll mscoreei.dll clr.dll msctf.dll shlwapi.dll mscorlib.ni.dll clrjit.dll version.dll mscorlib.dll version.dll wmsgapi.dll mscorlib.dll System.ni.dll System.Core.ni.dll msvcp110_win.dll Microsoft.VisualStudio.Tools.Applications.Runtime.ni.dll System.Xml.ni.dll sensapi.dll System.Data.ni.dll System.Data.dll oleaut32.dll System.Data.dll tiptsf.dll System.Data.dll WindowsBase.ni.dll ntdll.dll shlwapi.dll System.Configuration.ni.dll ntdll.dll kernel32.dll system.xml.dll KernelBase.dll clbcatq.dll advapi32.dll msvcrt.dll oleaut32.dll sechost.dll rpcrt4.dll msvcr120_clr0400.dll mscoree.dll ole32.dll gdi32.dll UIAnimation.dll ntdll.dll user32.dll imagehlp.dll lpk.dll kernel32.dll usp10.dll oleaut32.dll msvcrt.dll sechost.dll imm32.dll combase.dll msctf.dll wscinterop.dll cryptbase.dll msls31.dll system.printing.ni.dll samlib.dll cryptsp.dll rsaenh.dll wow64cpu.dll RpcRtRemote.dll clbcatq.dll sxs.dll mscoreei.dll msctf.dll clr.dll shlwapi.dll vcruntime140.dll mscorlib.ni.dll msvcr80.dll kernel32.dll windows.security.authentication.onlineid.dll clrjit.dll System.ni.dll version.dll mscorlib.dll user32.dll mscorlib.dll UIAutomationClient.ni.dll vaultcli.dll System.Core.ni.dll WindowsBase.ni.dll UIAutomationTypes.ni.dll UIAutomationProvider.ni.dll Accessibility.ni.dll system.data.oracleclient.dll wow64win.dll netprofm.dll System.Configuration.ni.dll System.Xml.ni.dll ntdll.dll microsoft.mediacenter.interop.dll ntdll.dll wow64.dll sspicli.dll adtschema.dll wow64win.dll wow64cpu.dll msctfmonitor.dll kernel32.dll kernel32.dll kernel32.dll user32.dll kernel32.dll KernelBase.dll advapi32.dll shcore.dll rsaenh.dll msvcrt.dll kernel32.dll sechost.dll rpcrt4.dll sspicli.dll cryptbase.dll msvcr120_clr0400.dll mscoree.dll ole32.dll gdi32.dll ntdll.dll user32.dll lpk.dll usp10.dll oleaut32.dll imm32.dll ole32.dll mscorlib.dll msctf.dll clbcatq.dll cryptsp.dll rsaenh.dll RpcRtRemote.dll clbcatq.dll dpx.dll sxs.dll mswsock.dll powrprof.dll mscoreei.dll System.Xml.dll mscorlib.ni.dll mscorwks.dll webio.dll msvcr80.dll kernel32.dll shlwapi.dll shell32.dll profapi.dll mscorlib.ni.dll mscorjit.dll sensapi.dll mscorlib.dll mscorlib.dll version.dll presentationcore.ni.dll KernelBase.dll SensApi.dll els.dll advapi32.dll mscorlib.dll msvcr80.dll mscorlib.dll Microsoft.VisualStudio.Tools.Applications.ServerDocument.v9.0.dll Microsoft.VisualStudio.Tools.Applications.ServerDocument.v9.0.dll mscorsec.dll wintrust.dll crypt32.dll msasn1.dll comctl32.dll riched20.dll imagehlp.dll wow64cpu.dll logoncli.dll ncrypt.dll bcrypt.dll slc.dll RacEngn.dll sechost.dll msctf.dll bcryptprimitives.dll userenv.dll gpapi.dll wuapi.dll System.Windows.Forms.dll cryptnet.dll Wldap32.dll SensApi.dll Microsoft.VisualStudio.Tools.Applications.ServerDocument.v9.0.dll System.ni.dll System.dll System.dll System.dll Microsoft.VisualStudio.Tools.Applications.AddInAdapter.v9.0.ni.dll oleaut32.dll System.dll System.AddIn.ni.dll Microsoft.VisualStudio.Tools.Applications.Runtime.v9.0.ni.dll Microsoft.VisualStudio.Tools.Applications.Runtime.v9.0.dll Microsoft.VisualStudio.Tools.Applications.Runtime.v9.0.dll Microsoft.VisualStudio.Tools.Applications.Runtime.v9.0.dll Microsoft.VisualStudio.Tools.Applications.Runtime.v9.0.dll Microsoft.VisualStudio.Tools.Applications.Runtime.v9.0.dll System.Xml.ni.dll System.XML.dll lpk.dll advapi32.dll System.XML.dll rpcrtremote.dll System.XML.dll System.XML.dll System.XML.dll System.Data.ni.dll System.Data.dll user32.dll nsi.dll System.Data.dll kernelbase.dll System.Data.dll System.Data.dll System.Data.dll ws2_32.dll nsi.dll System.AddIn.ni.dll System.AddIn.dll System.AddIn.dll System.AddIn.dll System.AddIn.dll System.Core.ni.dll kernel32.dll Microsoft.VisualStudio.Tools.Applications.Hosting.v9.0.ni.dll Microsoft.VisualStudio.Tools.Applications.Hosting.v9.0.dll comctl32.dll Microsoft.VisualStudio.Tools.Applications.Hosting.v9.0.dll Microsoft.VisualStudio.Tools.Applications.Hosting.v9.0.dll imm32.dll Microsoft.VisualStudio.Tools.Applications.ServerDocument.v9.0.dll gdi32.dll user32.dll Microsoft.VisualStudio.Tools.Applications.ServerDocument.v9.0.dll Microsoft.VisualStudio.Tools.Applications.ServerDocument.v9.0.ni.dll Microsoft.VisualStudio.Tools.Applications.ServerDocument.v9.0.ni.dll Microsoft.VisualStudio.Tools.Applications.ServerDocument.v9.0.ni.dll ntdll.dll ntdll.dll wow64.dll wow64win.dll wow64cpu.dll kernel32.dll system.xml.ni.dll kernel32.dll wldp.dll msctf.dll kernel32.dll user32.dll kernel32.dll KernelBase.dll reachframework.ni.dll advapi32.dll clbcatq.dll msvcrt.dll sechost.dll rpcrt4.dll sxsstore.dll sspicli.dll cryptbase.dll msvcr120_clr0400.dll mscoree.dll ole32.dll system.runtime.remoting.ni.dll gdi32.dll user32.dll cryptdll.dll sxs.dll lpk.dll advapi32.dll usp10.dll user32.dll oleaut32.dll imm32.dll msctf.dll cryptsp.dll rpcrt4.dll rsaenh.dll RpcRtRemote.dll devobj.dll clbcatq.dll cryptbase.dll sxs.dll mscoreei.dll mscorwks.dll msvcr80.dll cryptsp.dll shlwapi.dll winnsi.dll shell32.dll profapi.dll ole32.dll sspicli.dll normaliz.dll msctf.dll mscorlib.ni.dll mscorjit.dll mscorlib.dll mscorlib.dll version.dll oleaut32.dll mscorlib.dll mscorlib.dll Microsoft.VisualStudio.Tools.Office.Word.AddInProxy.v9.0.dll mscorlib.dll Microsoft.VisualStudio.Tools.Office.Word.AddInProxy.v9.0.dll mscorsec.dll wintrust.dll imageres.dll lpk.dll crypt32.dll user32.dll msasn1.dll comctl32.dll msasn1.dll riched20.dll gdi32.dll imagehlp.dll wow64cpu.dll ucrtbase.dll ncrypt.dll bcrypt.dll msctf.dll bcryptprimitives.dll userenv.dll gpapi.dll cryptnet.dll oleaut32.dll Wldap32.dll SensApi.dll Microsoft.VisualStudio.Tools.Office.Word.AddInProxy.v9.0.dll imm32.dll System.ni.dll System.Core.ni.dll System.AddIn.ni.dll cryptbase.dll uxtheme.dll kbdnec.dll winmm.dll Microsoft.VisualStudio.Tools.Applications.Adapter.v9.0.ni.dll rsaenh.dll Microsoft.VisualStudio.Tools.Applications.Adapter.v9.0.dll rsaenh.dll Microsoft.VisualStudio.Tools.Applications.Adapter.v9.0.dll api-ms-win-security-cryptoapi-l1-1-0.dll Microsoft.VisualStudio.Tools.Applications.Adapter.v9.0.dll Microsoft.VisualStudio.Tools.Applications.Adapter.v9.0.dll Microsoft.VisualStudio.Tools.Applications.Adapter.v9.0.dll System.ni.dll dhcpcsvc6.dll ntshrui.dll System.AddIn.ni.dll System.AddIn.dll System.AddIn.dll System.AddIn.dll shlwapi.dll System.AddIn.dll System.dll System.dll System.dll System.dll System.AddIn.Contract.ni.dll System.AddIn.Contract.dll System.AddIn.Contract.dll System.AddIn.Contract.dll System.AddIn.Contract.dll System.AddIn.Contract.dll Microsoft.VisualStudio.Tools.Office.Contract.v9.0.ni.dll Microsoft.VisualStudio.Tools.Office.Contract.v9.0.dll Microsoft.VisualStudio.Tools.Office.Contract.v9.0.dll Microsoft.VisualStudio.Tools.Office.Contract.v9.0.dll Microsoft.Office.Tools.v9.0.ni.dll Microsoft.Office.Tools.v9.0.dll Microsoft.Office.Tools.v9.0.dll Microsoft.Office.Tools.v9.0.dll microsoft.powershell.consolehost.ni.dll Microsoft.VisualStudio.Tools.Office.AddInAdapter.v9.0.ni.dll Microsoft.VisualStudio.Tools.Office.AddInAdapter.v9.0.dll Microsoft.VisualStudio.Tools.Office.AddInAdapter.v9.0.dll Microsoft.VisualStudio.Tools.Office.AddInAdapter.v9.0.dll Microsoft.VisualStudio.Tools.Applications.Runtime.v9.0.ni.dll shlwapi.dll advapi32.dll sspicli.dll Microsoft.VisualStudio.Tools.Applications.Runtime.v9.0.dll Microsoft.VisualStudio.Tools.Applications.Runtime.v9.0.dll Microsoft.VisualStudio.Tools.Applications.Runtime.v9.0.dll system.transactions.dll profapi.dll Microsoft.VisualStudio.Tools.Applications.Runtime.v9.0.dll lpk.dll Microsoft.VisualStudio.Tools.Applications.Runtime.v9.0.dll Microsoft.Office.Interop.Word.dll Microsoft.Office.Interop.Word.dll winbrand.dll Microsoft.Office.Interop.Word.dll Microsoft.VisualStudio.Tools.Applications.AddInAdapter.v9.0.ni.dll Microsoft.VisualStudio.Tools.Applications.AddInAdapter.v9.0.dll Microsoft.VisualStudio.Tools.Applications.AddInAdapter.v9.0.dll sapi_onecore.dll twinapi.dll Microsoft.VisualStudio.Tools.Applications.AddInAdapter.v9.0.dll auditcse.dll Microsoft.VisualStudio.Tools.Applications.AddInAdapter.v9.0.dll Microsoft.VisualStudio.Tools.Applications.AddInAdapter.v9.0.dll cfgmgr32.dll Microsoft.VisualStudio.Tools.Applications.Contract.v9.0.ni.dll Microsoft.VisualStudio.Tools.Applications.Contract.v9.0.dll certcli.dll sechost.dll Microsoft.VisualStudio.Tools.Applications.Contract.v9.0.dll sspicli.dll powercpl.dll Microsoft.VisualStudio.Tools.Applications.Contract.v9.0.dll ntdll.dll Microsoft.VisualStudio.Tools.Applications.Contract.v9.0.dll Microsoft.VisualStudio.Tools.Applications.Contract.v9.0.dll sspicli.dll ole32.dll System.Drawing.ni.dll System.Drawing.dll System.Drawing.dll System.Drawing.dll System.Drawing.dll System.Drawing.dll System.Xml.ni.dll user32.dll System.XML.dll profapi.dll System.XML.dll esent.dll System.XML.dll System.XML.dll System.XML.dll Microsoft.VisualStudio.Tools.Office.Word.AddInProxy.v9.0.dll Microsoft.VisualStudio.Tools.Office.Word.AddInProxy.v9.0.dll system.security.dll Microsoft.VisualStudio.Tools.Office.Word.AddInProxy.v9.0.ni.dll Microsoft.VisualStudio.Tools.Office.Word.AddInProxy.v9.0.ni.dll bcrypt.dll Microsoft.VisualStudio.Tools.Office.Word.AddInProxy.v9.0.ni.dll ntdll.dll mscorlib.dll ntdll.dll wow64.dll wow64win.dll wow64cpu.dll kernel32.dll kernel32.dll mscorsec.dll gdi32.dll windowsbase.dll kernel32.dll kernel32.dll user32.dll security.dll version.dll kernel32.dll KernelBase.dll advapi32.dll msvcrt.dll sechost.dll rpcrt4.dll sspicli.dll cryptbase.dll lpk.dll shcore.dll msvcr120_clr0400.dll mscoree.dll ole32.dll gdi32.dll user32.dll wow64win.dll lpk.dll usp10.dll oleaut32.dll imm32.dll msctf.dll cryptsp.dll rsaenh.dll RpcRtRemote.dll clbcatq.dll sxs.dll mscoreei.dll mscorwks.dll msvcr80.dll comctl32.dll cryptbase.dll system.windows.forms.dll shlwapi.dll shell32.dll profapi.dll mscorlib.ni.dll usp10.dll advapi32.dll mscorjit.dll microsoft.ink.dll mscorlib.dll mscorlib.dll version.dll mscorlib.dll kernel32.dll mscorlib.dll System.ni.dll System.Speech.ni.dll system.transactions.ni.dll System.dll System.dll System.dll System.dll System.Speech.dll System.Speech.dll System.Xml.ni.dll System.XML.dll System.XML.dll System.XML.dll System.XML.dll sysglobl.ni.dll user32.dll crypt32.dll sysglobl.dll sysglobl.dll System.Configuration.ni.dll System.configuration.dll cryptbase.dll cbsapi.dll System.configuration.dll System.configuration.dll System.configuration.dll comctl32.dll System.Security.ni.dll System.Security.dll System.Security.dll System.Security.dll System.Security.dll System.Data.SqlXml.ni.dll wow64cpu.dll System.Data.SqlXml.dll System.Data.SqlXml.dll System.Data.SqlXml.dll System.Data.SqlXml.dll ntdll.dll ntdll.dll wow64.dll iphlpsvc.dll wow64win.dll wow64cpu.dll dpx.dll kernel32.dll kernel32.dll kernel32.dll tipskins.dll user32.dll kernel32.dll KernelBase.dll lpk.dll advapi32.dll msvcrt.dll sechost.dll rpcrt4.dll sspicli.dll cryptbase.dll msvcr120_clr0400.dll mscoree.dll ole32.dll gdi32.dll user32.dll lpk.dll api-ms-win-service-winsvc-l1-1-0.dll duser.dll usp10.dll oleaut32.dll imm32.dll msctf.dll cryptsp.dll rsaenh.dll RpcRtRemote.dll clbcatq.dll sxs.dll mscoreei.dll clr.dll shlwapi.dll mscorlib.ni.dll clrjit.dll System.ni.dll ReachFramework.ni.dll d3d10warp.dll version.dll mscorlib.dll mscorlib.dll System.dll System.dll System.Core.ni.dll WindowsBase.ni.dll PresentationCore.ni.dll PresentationCore.dll PresentationCore.dll WindowsBase.dll WindowsBase.dll System.Core.dll System.Core.dll System.Printing.ni.dll System.Printing.dll System.Printing.dll System.Drawing.ni.dll System.Drawing.dll System.Drawing.dll System.Security.ni.dll System.Security.dll System.Security.dll System.Xml.ni.dll System.Xml.dll System.Xml.dll PresentationFramework.ni.dll PresentationFramework.dll PresentationFramework.dll System.Configuration.ni.dll System.Configuration.dll System.Configuration.dll,normal
 ntdll.dll ntdll.dll wow64.dll wow64win.dll wow64cpu.dll kernel32.dll kernel32.dll imm32.dll kernel32.dll user32.dll ntdll.dll kernel32.dll KernelBase.dll gdi32.dll msvcrt.dll winbrand.dll user32.dll gdi32.dll System.Web.DynamicData.ni.dll system.runtime.remoting.dll mscorlib.ni.dll lpk.dll usp10.dll shlwapi.dll advapi32.dll mscorlib.dll sechost.dll rpcrt4.dll kernelbase.dll rsaenh.dll sspicli.dll cryptbase.dll imm32.dll msctf.dll apphelp.dll,normal
 ntdll.dll mimefilt.dll System.Web.Services.dll kernel32.dll kernel32.dll system.xml.ni.dll user32.dll advapi32.dll api-ms-win-downlevel-normaliz-l1-1-0.dll normaliz.dll ntdll.dll wow64.dll wow64win.dll wow64cpu.dll kernel32.dll oleaut32.dll system.security.dll kernel32.dll kernelbase.dll oleaut32.dll ole32.dll wow64cpu.dll msvcrt.dll gdi32.dll user32.dll advapi32.dll system.transactions.ni.dll user32.dll lpk.dll ws2_32.dll sechost.dll rpcrt4.dll sspicli.dll cryptbase.dll microsoft.vsa.dll lpk.dll usp10.dll user32.dll msimg32.dll version.dll shell32.dll shlwapi.dll wsock32.dll ws2_32.dll nsi.dll imm32.dll vcruntime140.dll msctf.dll apphelp.dll msctf.dll gdi32.dll sechost.dll msctf.dll shcore.dll System.ni.dll mpr.dll comctl32.dll olepro32.dll setupapi.dll cfgmgr32.dll devobj.dll api-ms-win-downlevel-advapi32-l1-1-0.dll api-ms-win-downlevel-shlwapi-l1-1-0.dll api-ms-win-downlevel-user32-l1-1-0.dll api-ms-win-downlevel-version-l1-1-0.dll api-ms-win-downlevel-normaliz-l1-1-0.dll mscorlib.dll iertutil.dll acgenral.dll system.data.oracleclient.dll uxtheme.dll tsworkspace.dll winmm.dll samcli.dll msacm32.dll sfc.dll sfc_os.dll userenv.dll profapi.dll dwmapi.dll urlmon.dll api-ms-win-downlevel-ole32-l1-1-0.dll wininet.dll lspweb.dll,normal
 ntdll.dll rpcrtremote.dll kernel32.dll KernelBase.dll advapi32.dll msvcrt.dll CbsApi.dll sechost.dll rpcrtremote.dll ieshims.dll rpcrt4.dll wshbth.dll user32.dll gdi32.dll lpk.dll usp10.dll crypt32.dll ole32.dll comctl32.dll rpcrt4.dll user32.dll shlwapi.dll shell32.dll msisip.dll dui70.dll imm32.dll wintypes.dll gdi32.dll cryptsp.dll cbsapi.dll gdi32.dll msctf.dll cryptbase.dll ntdll.dll ntdll.dll wow64.dll wow64win.dll wow64cpu.dll kernel32.dll kernel32.dll kernel32.dll user32.dll kernel32.dll KernelBase.dll msvcrt.dll winbrand.dll rpcrt4.dll user32.dll browser.dll gdi32.dll lpk.dll usp10.dll advapi32.dll sechost.dll ntdll.dll rpcrt4.dll sspicli.dll cryptbase.dll imm32.dll msctf.dll apphelp.dll,normal
 ntdll.dll kernel32.dll msvcp110_win.dll System.Drawing.ni.dll imm32.dll KernelBase.dll lpk.dll advapi32.dll msvcrt.dll sechost.dll devobj.dll coremessaging.dll rpcrt4.dll sechost.dll msvcr120_clr0400.dll mscoree.dll user32.dll ole32.dll gdi32.dll System.ni.dll user32.dll lpk.dll usp10.dll kernelbase.dll oleaut32.dll imm32.dll kernel32.dll msctf.dll cryptbase.dll cryptsp.dll rsaenh.dll kernel32.dll comctl32.dll bcryptprimitives.dll RpcRtRemote.dll clbcatq.dll sxs.dll mscoreei.dll clr.dll shlwapi.dll mscorlib.ni.dll clrjit.dll kernel32.dll version.dll mscorlib.dll mscorlib.dll System.ni.dll System.Core.ni.dll System.Configuration.Install.ni.dll mscoreei.dll System.Transactions.ni.dll imm32.dll System.Transactions.dll System.Transactions.dll System.Transactions.dll wintrust.dll System.Xml.ni.dll Microsoft.Management.Infrastructure.ni.dll System.Management.ni.dll System.Configuration.ni.dll System.DirectoryServices.ni.dll System.Runtime.Serialization.ni.dll Microsoft.CSharp.ni.dll version.dll System.Data.ni.dll msvcrt.dll System.Data.dll System.Data.dll System.Data.dll System.Numerics.ni.dll System.Security.ni.dll,normal
 ntdll.dll kernel32.dll KernelBase.dll advapi32.dll msvcrt.dll kernel32.dll sechost.dll oleaut32.dll rpcrt4.dll usp10.dll ole32.dll kernel32.dll gdi32.dll user32.dll lpk.dll usp10.dll imm32.dll user32.dll msctf.dll wdscore.dll oleaut32.dll ole32.dll kernel32.dll shell32.dll shlwapi.dll dbghelp.dll wow64cpu.dll cryptbase.dll CbsCore.dll version.dll crypt32.dll msasn1.dll wintrust.dll shlwapi.dll userenv.dll System.Core.dll profapi.dll ktmw32.dll dpx.dll ntdll.dll dpx.dll gdi32.dll dpx.dll wcp.dll DrUpdate.dll user32.dll setupapi.dll shlwapi.dll ntdll.dll cfgmgr32.dll usp10.dll devobj.dll kernel32.dll mpr.dll msimg32.dll wrpint.dll cscapi.dll sxsstore.dll sqmapi.dll winhttp.dll user32.dll webio.dll win32u.dll winhttp.dll webio.dll SensApi.dll wow64.dll profapi.dll shlwapi.dll cryptsp.dll rsaenh.dll RpcRtRemote.dll clbcatq.dll CbsApi.dll msctf.dll smipi.dll smiengine.dll RpcRtRemote.dll ntdll.dll sechost.dll RpcRtRemote.dll ntdll.dll wtsapi32.dll wow64.dll wow64win.dll wow64cpu.dll kernel32.dll kernel32.dll kernel32.dll user32.dll kernel32.dll KernelBase.dll gpapi.dll msvcrt.dll winbrand.dll user32.dll gdi32.dll lpk.dll usp10.dll advapi32.dll sechost.dll rpcrt4.dll sspicli.dll cryptbase.dll imm32.dll msctf.dll apphelp.dll,normal
 ntdll.dll System.Configuration.ni.dll kernel32.dll shlwapi.dll setupapi.dll kernelbase.dll System.Configuration.Install.dll msvcrt.dll combase.dll rpcrt4.dll kernel.appcore.dll cryptbase.dll cryptbase.dll bcryptprimitives.dll clbcatq.dll system.drawing.dll wow64cpu.dll user32.dll gdi32.dll sechost.dll cryptsp.dll rsaenh.dll bcrypt.dll idstore.dll userenv.dll profapi.dll,normal
 ntdll.dll kernel32.dll ole32.dll msctf.dll kernelbase.dll settingsyncpolicy.dll msvcrt.dll system.xml.dll rpcrt4.dll combase.dll ucrtbase.dll bcryptprimitives.dll oleaut32.dll msvcp_win.dll imm32.dll msoobeui.dll advapi32.dll user32.dll advapi32.dll win32u.dll clrjit.dll gdi32.dll gdi32full.dll kernel.appcore.dll sechost.dll clbcatq.dll crypt32.dll propsys.dll fusion.dll msasn1.dll setupapi.dll advapi32.dll wevtapi.dll user32.dll winhttp.dll gdi32.dll bcrypt.dll netutils.dll userenv.dll profapi.dll apprepsync.dll wintrust.dll wkscli.dll msvcr120_clr0400.dll kernel32.dll wininet.dll mscorlib.dll apprepapi.dll tbs.dll shell32.dll crypt32.dll cfgmgr32.dll windows.storage.dll powrprof.dll shlwapi.dll shcore.dll wtsapi32.dll winsta.dll webservices.dll iertutil.dll,normal
 ncrypt.dll oleaut32.dll ntdll.dll kernel32.dll KernelBase.dll advapi32.dll msvcrt.dll mscorlib.dll sechost.dll rpcrt4.dll winbrand.dll gdi32.dll user32.dll lpk.dll usp10.dll msswch.dll winmm.dll dwmapi.dll GdiPlus.dll ole32.dll oleacc.dll wbemprox.dll oleaut32.dll onex.dll shlwapi.dll wmsgapi.dll microsoft.jscript.dll RpcRtRemote.dll duser.dll ntdll.dll uxtheme.dll imm32.dll msctf.dll cryptbase.dll dui70.dll rsaenh.dll uiautomationprovider.dll mscorlib.dll comctl32.dll xmllite.dll clbcatq.dll dps.dll tabskb.dll cryptsp.dll rsaenh.dll KernelBase.dll RpcRtRemote.dll InkObj.dll atl.dll cfgmgr32.dll WindowsCodecs.dll,normal
 ntdll.dll System.Xml.dll rpcrt4.dll sspicli.dll api-ms-win-core-errorhandling-l1-1-0.dll kernel32.dll kernel32.dll kernelbase.dll gdi32.dll user32.dll lpk.dll usp10.dll msvcp_win.dll oleaut32.dll System.Data.Services.Client.dll msvcrt.dll imm32.dll msctf.dll ole32.dll shell32.dll rpcrt4.dll oleaut32.dll cryptbase.dll usermgrcli.dll cryptbase.dll nsi.dll clbcatq.dll advapi32.dll sechost.dll ntdll.dll api-ms-win-downlevel-shlwapi-l1-1-0.dll ntdll.dll wow64.dll wow64win.dll wow64cpu.dll kernel32.dll kernel32.dll advapi32.dll kernel32.dll taskschd.dll msctf.dll adsldpc.dll user32.dll microsoft.powershell.commands.diagnostics.ni.dll kernel32.dll kernelbase.dll cryptsp.dll advapi32.dll msvcrt.dll System.Runtime.Serialization.ni.dll advapi32.dll sechost.dll rpcrt4.dll sspicli.dll system.windows.forms.ni.dll combase.dll Microsoft.MediaCenter.UI.ni.dll sspicli.dll cryptbase.dll ieui.dll gdi32.dll oleaut32.dll dnsapi.dll cryptsp.dll user32.dll lpk.dll usp10.dll imm32.dll dnsapi.dll cryptsp.dll ws2_32.dll nsi.dll usp10.dll winnsi.dll dhcpcsvc.dll dhcpcsvc6.dll shell32.dll shlwapi.dll ole32.dll clbcatq.dll oleaut32.dll cryptsp.dll urlmon.dll shlwapi.dll rsaenh.dll rpcrtremote.dll wevtapi.dll nsi.dll msctf.dll ntdll.dll ntdll.dll wow64.dll wow64win.dll wow64cpu.dll kernel32.dll kernel32.dll kernel32.dll winmm.dll user32.dll kernel32.dll kernelbase.dll advapi32.dll msvcrt.dll sechost.dll api-ms-win-downlevel-normaliz-l1-1-0.dllnormaliz.dll rpcrt4.dll sspicli.dll cryptbase.dll dnsapi.dll ws2_32.dll nsi.dll winnsi.dll dhcpcsvc.dll dhcpcsvc6.dll shell32.dll sechost.dll shlwapi.dll gdi32.dll user32.dll lpk.dll usp10.dll ole32.dll imm32.dll msctf.dll clbcatq.dll oleaut32.dll cryptsp.dll rsaenh.dll rpcrtremote.dll wevtapi.dll,normal
 oleaut32.dll ntdll.dll wrpint.dll ntdll.dll kernel32.dll clbcatq.dll KernelBase.dll gdi32.dll user32.dll user32.dll lpk.dll user32.dll api-ms-win-core-processthreads-l1-1-1.dll usp10.dll msvcrt.dll api-ms-win-core-xstate-l1-1-0.dll wintrust.dll oleacc.dll imm32.dll msctf.dll ole32.dll rpcrt4.dll oleaut32.dll ntdll.dll ntdll.dll system.data.dll System.DirectoryServices.dll kernel32.dll wow64.dll wow64win.dll wow64cpu.dll kernel32.dll kernel32.dll kernel32.dll user32.dll kernel32.dll KernelBase.dll msvcrt.dll KernelBase.dll oleaut32.dll uxtheme.dll rasman.dll ole32.dll gdi32.dll user32.dll advapi32.dll sechost.dll KernelBase.dll rpcrt4.dll sspicli.dll cryptbase.dll lpk.dll usp10.dll version.dll imm32.dll msctf.dll sxs.dll clbcatq.dll wow64win.dll vbscript.dll profapi.dll advapi32.dll wintrust.dll crypt32.dll msasn1.dll clbcatq.dll cryptsp.dll rmclient.dll rsaenh.dll shell32.dll msisip.dll wshext.dll comctl32.dll shell32.dll shlwapi.dll scrobj.dll msi.dll scrrun.dll,normal
 ntdll.dll userenv.dll kernel32.dll kernelbase.dll cryptui.dll RpcRtRemote.dll advapi32.dll msvcrt.dll sechost.dll rpcrt4.dll shell32.dll wldap32.dll shlwapi.dll user32.dll lpk.dll imm32.dll ole32.dll cryptbase.dll uxtheme.dll propsys.dll textinputframework.dll rpcrtremote.dll oleaut32.dll comctl32.dll profapi.dll urlmon.dll lpk.dll comctl32.dll api-ms-win-downlevel-ole32-l1-1-0.dll api-ms-win-downlevel-shlwapi-l1-1-0.dll api-ms-win-downlevel-advapi32-l1-1-0.dll api-ms-win-downlevel-user32-l1-1-0.dll api-ms-win-downlevel-version-l1-1-0.dll version.dll setupapi.dll wevtapi.dll api-ms-win-downlevel-normaliz-l1-1-0.dll System.Runtime.DurableInstancing.dll usp10.dll Culture.dll System.dll normaliz.dll iertutil.dll uiautomationtypes.dll wininet.dll sqmapi.dll userenv.dll user32.dll secur32.dll sspicli.dll cfgmgr32.dll mpr.dll msctf.dll clbcatq.dll gdi32.dll setupapi.dll devobj.dll,normal
 ntdll.dll api-ms-win-downlevel-normaliz-l1-1-0.dll ntdll.dll wow64.dll wow64win.dll sensapi.dll wow64cpu.dll kernel32.dll kernel32.dll kernel32.dll user32.dll rpcrtremote.dll kernel32.dll wow64.dll cfgmgr32.dll kernelbase.dll msvcrt.dll winbrand.dll sechost.dll user32.dll gdi32.dll lpk.dll usp10.dll usp10.dll advapi32.dll sechost.dll rpcrt4.dll kernel32.dll sspicli.dll user32.dll cryptbase.dll imm32.dll msctf.dll apphelp.dll smdiagnostics.ni.dll,normal
 sspicli.dll msctf.dll System.Web.Entity.dll ntdll.dll clbcatq.dll user32.dll kernel32.dll KernelBase.dll advapi32.dll msvcrt.dll sechost.dll lpk.dll rpcrt4.dll usp10.dll wow64cpu.dll kernelbase.dll wintrust.dll user32.dll msvcrt.dll gdi32.dll lpk.dll clbcatq.dll usp10.dll msvcr80.dll mpr.dll rpcrt4.dll cryptsp.dll ole32.dll oleaut32.dll secur32.dll sspicli.dll ws2_32.dll nsi.dll netapi32.dll rpcrt4.dll version.dll netutils.dll srvcli.dll wkscli.dll logoncli.dll framedynos.dll wtsapi32.dll gpsvc.dll vcruntime140.dll wow64cpu.dll ntdsapi.dll version.dll slc.dll ntdll.dll imm32.dll msctf.dll cryptbase.dll clbcatq.dll lpk.dll wbemprox.dll wbemcomn.dll ntdll.dll ntdll.dll wow64.dll wow64win.dll lpk.dll wow64cpu.dll kernel32.dll kernel32.dll advapi32.dll kernel32.dll user32.dll kernel32.dll system.drawing.dll KernelBase.dll advapi32.dll msvcrt.dll mscorlib.dll sechost.dll rpcrt4.dll sspicli.dll cryptbase.dll dnsapi.dll ws2_32.dll nsi.dll winnsi.dll dhcpcsvc.dll comctl32.dll dhcpcsvc6.dll shell32.dll shlwapi.dll gdi32.dll user32.dll lpk.dll usp10.dll ole32.dll crypt32.dll imm32.dll msctf.dll clbcatq.dll oleaut32.dll cryptsp.dll rsaenh.dll RpcRtRemote.dll wevtapi.dll,normal
 clbcatq.dll ntdll.dll kernel32.dll aeevts.dll kernelbase.dll advapi32.dll msvcrt.dll cryptbase.dll sechost.dll rpcrt4.dll user32.dll gdi32.dll System.ComponentModel.DataAnnotations.dll lpk.dll api-ms-win-core-datetime-l1-1-1.dll secur32.dll usp10.dll sppcommdlg.dll system.xml.ni.dll comctl32.dll shlwapi.dll wintypes.dll ntdll.dll imm32.dll msctf.dll ole32.dll oleaut32.dll shell32.dll msftedit.dll winbrand.dll system.drawing.design.dll slc.dll sppc.dll cryptbase.dll clbcatq.dll secur32.dll cryptsp.dll rsaenh.dll rpcrtremote.dll sppcomapi.dll sppcext.dll crypt32.dll mscorlib.dll msasn1.dll wow64win.dll winscard.dll ipmiprr.dll rasapi32.dll rasman.dll usp10.dll user32.dll setupapi.dll crypt32.dll cfgmgr32.dll devobj.dll tapi32.dll msi.dll slwga.dll wtsapi32.dll cryptui.dll winhttp.dll sxs.dll webio.dll uxtheme.dll sspicli.dll ws2_32.dll nsi.dll dwmapi.dll,normal
 ntdll.dll kernel32.dll kernelbase.dll advapi32.dll msvcrt.dll sechost.dll dbghelp.dll rpcrt4.dll gdi32.dll user32.dll ws2_32.dll lpk.dll usp10.dll ole32.dll msimg32.dll wmsgapi.dll wtsapi32.dll winmm.dll userenv.dll profapi.dll system.drawing.ni.dll netapi32.dll system.serviceprocess.ni.dll winsta.dll crypt32.dll msasn1.dll msctfmonitor.dll system.data.sqlxml.dll msctf.dll clbcatq.dll imm32.dll msutb.dll comctl32.dll shlwapi.dll secur32.dll sspicli.dll shell32.dll cryptbase.dll uxtheme.dll wintrust.dll sechost.dll winsta.dll oleaut32.dll cryptsp.dll rsaenh.dll imagehlp.dll bcrypt.dll bcryptprimitives.dll version.dll ncrypt.dll imm32.dll smipi.dll ntdll.dll gpapi.dll kbd106.dll cryptnet.dll wldap32.dll wow64cpu.dll sensapi.dll version.dll clbcatq.dll oleaut32.dll urlmon.dll api-ms-win-downlevel-ole32-l1-1-0.dll sspicli.dll user32.dll api-ms-win-downlevel-shlwapi-l1-1-0.dll api-ms-win-downlevel-advapi32-l1-1-0.dll bcryptprimitives.dll ole32.dll api-ms-win-downlevel-user32-l1-1-0.dll api-ms-win-downlevel-version-l1-1-0.dll api-ms-win-downlevel-normaliz-l1-1-0.dll normaliz.dll iertutil.dll wininet.dll advapi32.dll ntdll.dll user32.dll gdi32.dll kernel32.dll gdi32.dll kernelbase.dll api-ms-win-core-memory-l1-1-2.dll lpk.dll usp10.dll wow64.dll msvcrt.dll csrsrv.dll basesrv.dll winsrv.dll user32.dll user32.dll sxssrv.dll ntdll.dll sxs.dll rpcrt4.dll cryptbase.dll msvcp_win.dll ntdll.dll system.numerics.dll ntdll.dll wow64.dll wow64win.dll wow64cpu.dll kernel32.dll api-ms-win-core-timezone-l1-1-0.dll devobj.dll system.configuration.dll kernel32.dll gdi32.dll kernel32.dll user32.dll kernel32.dll kernelbase.dll system.web.applicationservices.dll msvcrt.dll winbrand.dll user32.dll gdi32.dll lpk.dll usp10.dll user32.dll rpcrt4.dll advapi32.dll mfmediaengine.dll System.ServiceModel.Internals.dll sechost.dll rpcrt4.dll sspicli.dll cryptbase.dll cryptsp.dll imm32.dll msctf.dll gdi32.dll sechost.dll apphelp.dll mscorlib.ni.dll cryptsp.dll ntdll.dll ntdll.dll wow64.dll wow64win.dll wow64cpu.dll kernel32.dll gdi32.dll kernel32.dll ntdll.dll System.Web.Extensions.ni.dll imm32.dll System.Web.dll kernel32.dll user32.dll kernel32.dll rasman.dll kernelbase.dll kernel32.dll system.configuration.install.ni.dll advapi32.dll clbcatq.dll ntdll.dll kernelbase.dll msvcrt.dll sechost.dll rpcrt4.dll sspicli.dll profapi.dll cryptbase.dll msvcr120_clr0400.dll winnsi.dll mscoree.dll rsaenh.dll advapi32.dll user32.dll gdi32.dll ole32.dll gdi32.dll user32.dll ntdll.dll lpk.dll usp10.dll kernel32.dll oleaut32.dll imm32.dll msctf.dll cryptsp.dll pautoenr.dll ole32.dll rsaenh.dll rpcrtremote.dll clbcatq.dll sxs.dll ntdll.dll mscoreei.dll system.runtime.serialization.formatters.soap.dll wininet.dll mscorwks.dll msvcr80.dll msftedit.dll PresentationFramework.dll shlwapi.dll ole32.dll shell32.dll profapi.dll mscorlib.ni.dll mscorjit.dll mscorlib.dll SensApi.dll mscorlib.dll version.dll mscorlib.dll kernel32.dll msctf.dll shell32.dll system.windows.forms.dll wcmapi.dll mscorlib.dll mscorsec.dll wintrust.dll gdi32.dll crypt32.dll msasn1.dll microsoft.visualstudio.tools.applications.serverdocument.v10.0.dll microsoft.visualstudio.tools.applications.serverdocument.v10.0.dll ole32.dll comctl32.dll riched20.dll imagehlp.dll ncrypt.dll bcrypt.dll bcryptprimitives.dll userenv.dll gdi32.dll gpapi.dll cryptnet.dll setupapi.dll msimg32.dll Microsoft.Office.Tools.Common.Implementation.dll wldap32.dll sensapi.dll odbc32.dll kernelbase.dll microsoft.visualstudio.tools.applications.serverdocument.v10.0.dll system.ni.dll system.addin.ni.dll oleaut32.dll microsoft.visualstudio.tools.applications.runtime.v9.0.ni.dll microsoft.visualstudio.tools.applications.runtime.v9.0.dll microsoft.visualstudio.tools.applications.runtime.v9.0.dll microsoft.visualstudio.tools.applications.runtime.v9.0.dll microsoft.visualstudio.tools.applications.runtime.v9.0.dll system.dll system.dll system.dll system.dll clbcatq.dll system.addin.dll rpcrtremote.dll system.addin.dll secur32.dll system.addin.dll wow64win.dll system.addin.dll system.xml.ni.dll RpcRtRemote.dll system.xml.dll system.xml.dll system.xml.dll system.xml.dll system.data.ni.dll mmcndmgr.dll ws2_32.dll nsi.dll shcore.dll system.data.dll ole32.dll system.data.dll winmm.dll system.data.dll system.data.dll system.data.dll kernelbase.dll windowsbase.ni.dll windowsbase.dll windowsbase.dll windowsbase.dll windowsbase.dll system.configuration.ni.dll system.configuration.dll system.configuration.dll kernel32.dll system.configuration.dll wintrust.dll system.configuration.dll ntdll.dll ntdll.dll wow64.dll wow64win.dll shell32.dll wow64cpu.dll kernel32.dll sxs.dll kernel32.dll kernel32.dll mscorlib.dll user32.dll kernel32.dll kernelbase.dll advapi32.dll msvcrt.dll oleaut32.dll sechost.dll rpcrt4.dll mimilib.dll sspicli.dll cryptbase.dll wow64win.dll msvcr120_clr0400.dll mscoree.dll ole32.dll gdi32.dll api-ms-win-crt-locale-l1-1-0.dll user32.dll msctf.dll clbcatq.dll lpk.dll usp10.dll oleaut32.dll imm32.dll msctf.dll cryptsp.dll advapi32.dll rsaenh.dll rpcrtremote.dll ntdll.dll clbcatq.dll sxs.dll mscoreei.dll mscorwks.dll msvcr80.dll shlwapi.dll shell32.dll SensApi.dll ntdll.dll profapi.dll mscorlib.ni.dll mscorjit.dll mscorlib.dll mscorlib.dll version.dll mscoreei.dll shlwapi.dll mscorlib.dll mscorlib.dll system.ni.dll system.web.services.ni.dll system.web.services.dll system.web.services.dll system.web.services.dll system.web.services.dll System.Printing.dll lpk.dll system.dll system.dll system.dll system.dll system.xml.ni.dll system.xml.dll system.xml.dll system.addin.contract.ni.dll system.xml.dll system.xml.dll system.web.ni.dll system.web.dll system.web.dll system.web.dll system.web.dll system.configuration.ni.dll system.configuration.dll system.configuration.dll system.configuration.dll system.configuration.dll system.enterpriseservices.ni.dll system.enterpriseservices.dll system.enterpriseservices.dll system.directoryservices.ni.dll system.directoryservices.dll system.directoryservices.dll system.directoryservices.dll system.directoryservices.dll system.design.ni.dll system.design.dll system.design.dll system.data.ni.dll system.data.dll system.data.dll system.data.dll system.data.dll system.data.dll ws2_32.dll nsi.dll crypt32.dll msasn1.dll,normal
 ntdll.dll ntdll.dll msimg32.dll wow64.dll ntdll.dll wow64win.dll wow64cpu.dll kernel32.dll odbcint.dll netapi32.dll kernel32.dll kernel32.dll system.deployment.dll system.security.dll mscorlib.ni.dll user32.dll kernel32.dll kernelbase.dll msvcrt.dll winbrand.dll user32.dll gdi32.dll gdi32.dll lpk.dll bcryptprimitives.dll usp10.dll advapi32.dll sechost.dll rsaenh.dll rpcrt4.dll sspicli.dll cryptbase.dll imm32.dll msctf.dll apphelp.dll,normal
 napinsp.dll ntdll.dll pnrpnsp.dll xmllite.dll winrnr.dll wshbth.dll kernelbase.dll msvcp140.dll vcruntime140.dll api-ms-win-crt-runtime-l1-1-0.dll mintdh.dll user32.dll ucrtbase.dll devicecenter.dll api-ms-win-core-timezone-l1-1-0.dll api-ms-win-core-file-l2-1-0.dll api-ms-win-core-localization-l1-2-0.dll sechost.dll cryptbase.dll api-ms-win-core-synch-l1-2-0.dll msctf.dll msctf.dll oleaut32.dll api-ms-win-core-processthreads-l1-1-1.dll WinSCard.dll api-ms-win-core-file-l1-2-0.dll api-ms-win-crt-string-l1-1-0.dll api-ms-win-crt-heap-l1-1-0.dll api-ms-win-crt-stdio-l1-1-0.dll api-ms-win-crt-convert-l1-1-0.dll api-ms-win-crt-locale-l1-1-0.dll system.configuration.ni.dll api-ms-win-crt-math-l1-1-0.dll api-ms-win-crt-multibyte-l1-1-0.dll system.dll api-ms-win-crt-time-l1-1-0.dll api-ms-win-crt-filesystem-l1-1-0.dll api-ms-win-crt-environment-l1-1-0.dll uxtheme.dll api-ms-win-crt-utility-l1-1-0.dll acropdf.dll acropdf.dll acropdf.dll advapi32.dll acropdfimpl.dll mpr.dll shell32.dll msxml3.dll shell32.dll ntdll.dll shell32.dll usp10.dll kernel32.dll kernelbase.dll devrtl.dll oleacc.dll user32.dll gdi32.dll lpk.dll usp10.dll shell32.dll ole32.dll msvcrt.dll ole32.dll rpcrt4.dll oleaut32.dll ktmw32.dll wevtapi.dll imm32.dll system.security.dll kernel32.dll sensapi.dll msctf.dll cryptbase.dll sechost.dll ole32.dll advapi32.dll wow64cpu.dll cryptsp.dll rsaenh.dll oleacc.dll msctf.dll shlwapi.dll sspicli.dll RpcRtRemote.dll rpcrtremote.dll clbcatq.dll tschannel.dll xmllite.dll apphelp.dll ntdll.dll kernel32.dll kernelbase.dll msvcrt.dll winbrand.dll user32.dll gdi32.dll lpk.dll usp10.dll imm32.dll msctf.dll advapi32.dll sechost.dll rpcrt4.dll apphelp.dll,normal
 api-ms-win-core-threadpool-legacy-l1-1-0.dll vbscript.dll ntdll.dll kernel32.dll kernelbase.dll msvcrt.dll msisip.dll advapi32.dll wer.dll user32.dll sechost.dll crypt32.dll rpcrt4.dll policymanager.dll gdi32.dll sspicli.dll shell32.dll combase.dll shlwapi.dll oleaut32.dll shcore.dll win32u.dll lpk.dll cryptsp.dll rsaenh.dll bcrypt.dll cryptbase.dll bcryptprimitives.dll profapi.dll ntmarta.dll,normal
 ntdll.dll kernel32.dll kernelbase.dll advapi32.dll msvcrt.dll nsi.dll dhcpcsvc.dll bcryptprimitives.dll PresentationCore.dll msvcrt.dll coreuicomponents.dll sechost.dll rpcrt4.dll msvcr120_clr0400.dll mscoree.dll ole32.dll gpapi.dll KernelBase.dll gdi32.dll user32.dll lpk.dll usp10.dll oleaut32.dll imm32.dll shlwapi.dll msctf.dll cryptbase.dll wow64cpu.dll advapi32.dll cryptsp.dll advapi32.dll wship6.dll kernel32.dll rsaenh.dll rpcrtremote.dll msvcrt.dll clbcatq.dll wpdshext.dll sxs.dll clr.dll mscoreei.dll clr.dll shlwapi.dll mscorlib.ni.dll clrjit.dll system.ni.dll comsvcs.dll usp10.dll ssshim.dll system.core.ni.dll system.identitymodel.ni.dll version.dll wevtapi.dll mscorlib.dll mscorlib.dll ole32.dll mscoreei.dll system.runtime.serialization.ni.dll rpcrtremote.dll sechost.dll system.xml.ni.dll msutb.dll smdiagnostics.ni.dll system.configuration.ni.dll api-ms-win-downlevel-version-l1-1-0.dll system.servicemodel.internals.ni.dll gdi32.dll system.security.ni.dll system.web.applicationservices.ni.dll cryptsp.dll system.numerics.ni.dll lpk.dll wtsapi32.dll ntdll.dll ntdll.dll wow64.dll wow64win.dll kernel32.dll wow64cpu.dll kernel32.dll msasn1.dll rpcrtremote.dll kernel32.dll imm32.dll kernel32.dll user32.dll advapi32.dll user32.dll kernel32.dll kernelbase.dll advapi32.dll msvcrt.dll sechost.dll wow64win.dll rpcrt4.dll sspicli.dll cryptbase.dll msvcr120_clr0400.dll mscoree.dll oleaut32.dll kernel32.dll ole32.dll gdi32.dll imm32.dll user32.dll usp10.dll lpk.dll usp10.dll oleaut32.dll imm32.dll gdi32.dll mscorwks.dll msctf.dll cryptsp.dll advapi32.dll rsaenh.dll oleacc.dll rpcrtremote.dll clbcatq.dll sxs.dll mscoreei.dll mscorwks.dll msvcr80.dll shlwapi.dll api-ms-win-crt-runtime-l1-1-0.dll shell32.dll profapi.dll mscorlib.ni.dll mscorjit.dll wship6.dll mscorlib.dll lpk.dll mscorlib.dll version.dll mscorlib.dll mscorlib.dll system.ni.dll oleaut32.dll reachframework.ni.dll reachframework.dll sspicli.dll reachframework.dll system.dll cryptbase.dll system.dll system.dll system.dll windowsbase.ni.dll presentationcore.ni.dll presentationframework.ni.dll cryptsp.dll presentationframework.dll system.design.dll presentationframework.dll ntdll.dll presentationframework.dll presentationframework.dll windowsbase.dll apphelp.dll windowsbase.dll windowsbase.dll msvcrt.dll windowsbase.dll presentationcore.dll presentationcore.dll ole32.dll system.transactions.dll xmllite.dll presentationcore.dll api-ms-win-crt-convert-l1-1-0.dll presentationcore.dll system.printing.ni.dll api-ms-win-core-xstate-l1-1-0.dll system.printing.dll system.printing.dll system.printing.dll system.printing.dll system.xml.ni.dll clbcatq.dll sechost.dll system.xml.dll system.xml.dll ntmarta.dll system.xml.dll system.xml.dll system.drawing.ni.dll system.drawing.dll system.drawing.dll system.drawing.dll usp10.dll system.drawing.dll system.security.ni.dll system.security.dll msctf.dll system.security.dll rsaenh.dll rpcrt4.dll system.security.dll system.security.dll netprofm.dll msvcrt.dll mpr.dll system.configuration.ni.dll system.configuration.dll system.configuration.dll system.configuration.dll system.configuration.dll system.data.sqlxml.ni.dll system.data.sqlxml.dll system.data.sqlxml.dll system.data.sqlxml.dll oleaut32.dll system.data.sqlxml.dll uiautomationprovider.ni.dll uiautomationprovider.dll uiautomationprovider.dll uiautomationprovider.dll uiautomationprovider.dll system.deployment.ni.dll system.deployment.dll system.deployment.dll system.deployment.dll gdi32.dll version.dll system.deployment.dll presentationui.ni.dll presentationui.dll apphelp.dll presentationui.dll uiautomationtypes.ni.dll webio.dll uiautomationtypes.dll uiautomationtypes.dll uiautomationtypes.dll uiautomationtypes.dll system.data.ni.dll wdscore.dll oleaut32.dll system.data.dll system.data.dll system.data.dll system.data.dll system.data.dll ws2_32.dll kernel32.dll api-ms-win-core-string-obsolete-l1-1-0.dll nsi.dll advapi32.dll sensapi.dll crypt32.dll msasn1.dll accessibility.ni.dll accessibility.dll mscorlib.dll accessibility.dll accessibility.dll accessibility.dll microsoft.visualc.ni.dll wow64.dll SensApi.dll presentationcffrasterizer.ni.dll presentationcffrasterizer.dll presentationcffrasterizer.dll system.windows.forms.ni.dll rpcrtremote.dll system.windows.forms.dll system.windows.forms.dll system.windows.forms.dll system.windows.forms.dll system.runtime.serialization.formatters.soap.ni.dll system.runtime.serialization.formatters.soap.dll system.runtime.serialization.formatters.soap.dll shell32.dll system.directoryservices.ni.dll system.directoryservices.dll system.directoryservices.dll ntdll.dll system.directoryservices.dll system.directoryservices.dll system.transactions.ni.dll system.transactions.dll system.transactions.dll system.transactions.dll msctf.dll system.transactions.dll kernelbase.dll rpcrt4.dll system.transactions.dll system.enterpriseservices.ni.dll system.enterpriseservices.dll system.enterpriseservices.dll system.runtime.remoting.ni.dll accessibility.dll system.runtime.remoting.dll system.runtime.remoting.dll ntdll.dll sspicli.dll system.web.ni.dll system.web.dll system.web.dll system.web.dll system.web.dll system.web.services.ni.dll system.web.services.dll system.web.services.dll system.web.services.dll system.web.services.dll system.directoryservices.protocols.ni.dll msvcr120_clr0400.dll system.directoryservices.protocols.dll system.directoryservices.protocols.dll system.directoryservices.protocols.dll system.directoryservices.protocols.dll advapi32.dll winhttp.dll usp10.dll system.design.ni.dll system.design.dll user32.dll system.design.dll system.serviceprocess.ni.dll system.serviceprocess.dll ncrypt.dll system.serviceprocess.dll system.web.regularexpressions.ni.dll system.web.regularexpressions.dll system.web.regularexpressions.dll clbcatq.dll system.web.regularexpressions.dll system.web.regularexpressions.dll dhcpcsvc6.dll system.drawing.design.ni.dll system.drawing.design.dll system.drawing.design.dll system.data.oracleclient.ni.dll system.data.oracleclient.dll system.data.oracleclient.dll ntdll.dll system.data.oracleclient.dll system.data.oracleclient.dll system.data.oracleclient.dll propsys.dll system.configuration.install.ni.dll system.xml.dll system.configuration.install.dll system.configuration.install.dll ntdll.dll msvcrt.dll perfctrs.dll ntdll.dll wow64.dll wow64win.dll wow64cpu.dll kernel32.dll nsi.dll kernel32.dll npmproxy.dll kernel32.dll imm32.dll user32.dll kernel32.dll kernelbase.dll advapi32.dll rpcrt4.dll msvcrt.dll SensApi.dll sechost.dll ole32.dll rpcrt4.dll lpk.dll sspicli.dll cryptbase.dll msvcr120_clr0400.dll mscoree.dll provsvc.dll ole32.dll gdi32.dll user32.dll gdi32.dll lpk.dll usp10.dll wevtapi.dll oleaut32.dll imm32.dll msctf.dll cryptsp.dll rsaenh.dll rpcrtremote.dll clbcatq.dll sxs.dll mscoreei.dll mscorwks.dll msvcr80.dll shlwapi.dll shell32.dll profapi.dll mscorlib.ni.dll kernelbase.dll mscorjit.dll mscorlib.dll mscorlib.dll version.dll version.dll System.Web.dll user32.dll mscorlib.dll System.Configuration.ni.dll mscorlib.dll system.ni.dll system.servicemodel.ni.dll system.servicemodel.dll system.servicemodel.dll system.servicemodel.dll system.servicemodel.dll system.dll system.dll iertutil.dll usp10.dll advapi32.dll user32.dll msvcrt.dll kernel32.dll kernel32.dll system.dll lpk.dll system.dll smdiagnostics.ni.dll mcstoredb.dll rpcrt4.dll lpk.dll sechost.dll msasn1.dll smdiagnostics.dll smdiagnostics.dll smdiagnostics.dll smdiagnostics.dll system.runtime.serialization.ni.dll kernelbase.dll system.runtime.serialization.dll system.runtime.serialization.dll system.runtime.serialization.dll shlwapi.dll shell32.dll system.runtime.serialization.dll system.web.ni.dll api-ms-win-core-threadpool-private-l1-1-0.dll usp10.dll ieui.dll system.web.dll system.web.dll system.web.dll system.web.dll system.xml.ni.dll msvcrt.dll system.xml.dll profapi.dll system.xml.dll lpk.dll microsoft.csharp.dll shacct.dll system.xml.dll winnsi.dll system.xml.dll system.configuration.ni.dll system.configuration.dll system.configuration.dll gdi32.dll system.configuration.dll system.configuration.dll system.transactions.ni.dll system.transactions.dll system.transactions.dll system.transactions.dll shcore.dll system.transactions.dll system.transactions.dll system.identitymodel.ni.dll system.identitymodel.dll system.deployment.dll mscoree.dll sechost.dll system.identitymodel.dll system.identitymodel.dll system.identitymodel.dll oleaut32.dll system.enterpriseservices.ni.dll system.enterpriseservices.dll system.enterpriseservices.dll system.web.regularexpressions.ni.dll system.web.regularexpressions.dll system.web.regularexpressions.dll system.web.regularexpressions.dll system.web.regularexpressions.dll system.serviceprocess.ni.dll gdi32.dll Microsoft.VisualStudio.Tools.Office.AddInAdapter.v9.0.dll system.serviceprocess.dll system.serviceprocess.dll rpcrt4.dll system.web.services.ni.dll system.web.services.dll system.web.services.dll system.web.services.dll system.data.dll ntdll.dll cryptbase.dll system.web.services.dll wow64.dll system.messaging.ni.dll system.messaging.dll system.messaging.dll system.identitymodel.selectors.ni.dll system.identitymodel.selectors.dll system.identitymodel.selectors.dll kernelbase.dll system.directoryservices.ni.dll msadox.dll system.directoryservices.dll system.directoryservices.dll system.directoryservices.dll msvcrt.dll imageres.dll lpk.dll system.directoryservices.dll prflbmsg.dll microsoft.transactions.bridge.ni.dll microsoft.transactions.bridge.dll oleaut32.dll microsoft.transactions.bridge.dll usp10.dll system.security.ni.dll system.security.dll system.security.dll wer.dll wmsgapi.dll system.security.dll system.security.dll system.data.sqlxml.ni.dll system.data.sqlxml.dll system.data.sqlxml.dll msi.dll system.data.sqlxml.dll system.data.sqlxml.dll system.drawing.ni.dll system.drawing.dll system.drawing.dll kernel32.dll kernel32.dll wow64cpu.dll msvcrt.dll msctf.dll system.drawing.dll system.drawing.dll system.data.ni.dll system.data.dll system.data.dll system.data.dll system.data.dll system.data.dll ws2_32.dll nsi.dll wow64cpu.dll sensapi.dll crypt32.dll msctf.dll sspicli.dll msasn1.dll system.directoryservices.protocols.ni.dll system.directoryservices.protocols.dll rpcrtremote.dll system.directoryservices.protocols.dll system.directoryservices.protocols.dll msasn1.dll system.directoryservices.protocols.dll system.design.ni.dll system.design.dll system.design.dll system.windows.forms.ni.dll System.AddIn.Contract.ni.dll system.windows.forms.dll system.windows.forms.dll system.windows.forms.dll system.windows.forms.dll microsoft.visualc.ni.dll system.runtime.remoting.ni.dll system.runtime.remoting.dll rpcrtremote.dll ntdll.dll system.runtime.remoting.dll system.runtime.serialization.formatters.soap.ni.dll system.runtime.serialization.formatters.soap.dll system.runtime.serialization.formatters.soap.dll imm32.dll system.drawing.design.ni.dll system.drawing.design.dll system.drawing.design.dll system.data.oracleclient.ni.dll system.data.oracleclient.dll system.data.oracleclient.dll system.data.oracleclient.dll system.data.oracleclient.dll system.data.oracleclient.dll accessibility.ni.dll accessibility.dll accessibility.dll accessibility.dll user32.dll accessibility.dll mssprxy.dll system.deployment.ni.dll system.deployment.dll system.deployment.dll system.deployment.dll system.deployment.dll system.configuration.install.ni.dll system.configuration.install.dll system.configuration.install.dll ntdll.dll rpcrt4.dll ntdll.dll wow64.dll wow64win.dll RpcRtRemote.dll wow64cpu.dll kernel32.dll kernel32.dll rpcrt4.dll kernel32.dll user32.dll els.dll user32.dll kernel32.dll mscoree.dll kernelbase.dll advapi32.dll msvcrt.dll sechost.dll rpcrt4.dll sspicli.dll cryptbase.dll msvcr120_clr0400.dll mscoree.dll ole32.dll gdi32.dll usp10.dll windows.applicationmodel.dll user32.dll lpk.dll usp10.dll oleaut32.dll microsoft.visualbasic.activities.compiler.ni.dll imm32.dll msctf.dll cryptsp.dll gdi32.dll rsaenh.dll advapi32.dll rpcrtremote.dll clbcatq.dll sxs.dll mscoreei.dll clr.dll shlwapi.dll mscorlib.ni.dll clrjit.dll microsoft.office.tools.outlook.implementation.dll microsoft.office.tools.outlook.implementation.dll system.ni.dll system.core.ni.dll microsoft.office.tools.common.implementation.ni.dll version.dll mscorlib.dll mscorlib.dll system.dll system.dll system.core.dll system.core.dll microsoft.office.tools.outlook.ni.dll microsoft.office.tools.common.ni.dll microsoft.office.tools.ni.dll system.drawing.ni.dll system.windows.forms.ni.dll system.windows.forms.dll system.windows.forms.dll system.drawing.dll system.drawing.dll system.xml.ni.dll system.xml.dll system.xml.dll microsoft.office.tools.v4.0.framework.dll microsoft.office.tools.v4.0.framework.dll system.configuration.ni.dll system.configuration.dll system.configuration.dll system.numerics.ni.dll system.numerics.dll system.numerics.dll system.security.ni.dll system.security.dll system.security.dll,normal
 ntdll.dll kernel32.dll kernel32.dll wdscore.dll kernelbase.dll user32.dll sechost.dll rsaenh.dll sppc.dll ws2_32.dll msvcrt.dll winmm.dll sensapi.dll rpcrt4.dll nsi.dll vcruntime140.dll api-ms-win-crt-runtime-l1-1-0.dll ucrtbase.dll kernel32.dll api-ms-win-core-timezone-l1-1-0.dll api-ms-win-core-file-l2-1-0.dll system.identitymodel.ni.dll api-ms-win-core-localization-l1-2-0.dll api-ms-win-core-synch-l1-2-0.dll api-ms-win-core-processthreads-l1-1-1.dll api-ms-win-core-file-l1-2-0.dll api-ms-win-crt-heap-l1-1-0.dll api-ms-win-crt-string-l1-1-0.dll api-ms-win-crt-stdio-l1-1-0.dll api-ms-win-crt-convert-l1-1-0.dll api-ms-win-crt-math-l1-1-0.dll api-ms-win-crt-locale-l1-1-0.dll system.data.oracleclient.dll mswsock.dll user32.dll cimwin32.dll gdi32.dll lpk.dll usp10.dll mscorlib.ni.dll imm32.dll msctf.dll nlaapi.dll napinsp.dll iconv.dll sechost.dll dnsapi.dll winrnr.dll rasadhlp.dll,HTran
 ntdll.dll kernel32.dll kernelbase.dll advapi32.dll msvcrt.dll cryptbase.dll microsoft.windows.diagnosis.commands.updatediagreport.dll sechost.dll rpcrt4.dll clbcatq.dll msi.dll gdi32.dll shell32.dll System.Data.SqlXml.ni.dll shlwapi.dll ole32.dll gdi32.dll user32.dll lpk.dll usp10.dll imm32.dll msctf.dll ole32.dll cryptbase.dll uxtheme.dll userenv.dll kernel32.dll propsys.dll oleaut32.dll comctl32.dll clbcatq.dll profapi.dll urlmon.dll System.Windows.Forms.ni.dll Accessibility.dll api-ms-win-downlevel-ole32-l1-1-0.dll api-ms-win-downlevel-shlwapi-l1-1-0.dll user32.dll api-ms-win-downlevel-advapi32-l1-1-0.dll mcepg.ni.dll api-ms-win-downlevel-user32-l1-1-0.dll api-ms-win-downlevel-version-l1-1-0.dll user32.dll ws2_32.dll version.dll api-ms-win-downlevel-normaliz-l1-1-0.dll normaliz.dll rpcrt4.dll iertutil.dll wininet.dll ntdll.dll userenv.dll advapi32.dll secur32.dll sspicli.dll setupapi.dll cfgmgr32.dll devobj.dll mpr.dll wow64.dll msctf.dll ntdll.dll wups2.dll kernel32.dll kernelbase.dll msvcrt.dll rpcrt4.dll gdi32.dll user32.dll lpk.dll kernelbase.dll usp10.dll ole32.dll oleaut32.dll imm32.dll,normal
 shlwapi.dll ntdll.dll ntdll.dll wow64.dll wow64win.dll sechost.dll wow64cpu.dll kernel32.dll kernel32.dll kernel32.dll clbcatq.dll kernel32.dll user32.dll kernel32.dll propsys.dll KernelBase.dll msvcrt.dll winbrand.dll oleaut32.dll advapi32.dll user32.dll kernel32.dll lpk.dll gdi32.dll lpk.dll usp10.dll advapi32.dll sechost.dll rpcrt4.dll sspicli.dll cryptbase.dll imm32.dll msvcrt.dll msctf.dll apphelp.dll,normal
 ntdll.dll cryptsp.dll kernel32.dll system.xaml.dll kernelbase.dll msvcrt.dll rpcrt4.dll combase.dll oleaut32.dll kernel.appcore.dll usp10.dll bcryptprimitives.dll netapi32.dll dsprop.dll System.Core.dll clbcatq.dll sechost.dll oleaut32.dll user32.dll advapi32.dll gdi32.dll imm32.dll msctf.dll mscorlib.dll els.dll uxtheme.dll dwmapi.dll clbcatq.dll sspicli.dll shcore.dll profapi.dll advapi32.dll cryptsp.dll sspicli.dll bcrypt.dll rsaenh.dll System.Web.dll cryptbase.dll userenv.dll rpcrt4.dll crypt32.dll msasn1.dll system.data.entity.design.dll wintypes.dll settingsynccore.dll tokenbroker.dll system.data.sqlxml.dll wintrust.dll shell32.dll IDStore.dll windows.storage.dll wevtapi.dll shlwapi.dll powrprof.dll ole32.dll wevtapi.dll netutils.dll wkscli.dll wininet.dll iertutil.dll nlsdata000c.dll actxprxy.dll propsys.dll taskschdps.dll apprepsync.dll apprepapi.dll aepic.dll tbs.dll webservices.dll sfc_os.dll cfgmgr32.dll workfoldersshell.dll wtsapi32.dll msvcrt.dll mrmcorer.dll windows.ui.dll ole32.dll msspell7.dll ninput.dll bcp47langs.dll devicesetupmanagerapi.dll msvcp140.dll msctf.dll profext.dll wcp.dll ntmarta.dll vaultcli.dll system.data.dll setupapi.dll userenv.dll devrtl.dll ws2_32.dll rsaenh.dll nsi.dll ondemandconnroutehelper.dll shlwapi.dll winnsi.dll winhttp.dll mswsock.dll dnsapi.dll urlmon.dll rasadhlp.dll imagehlp.dll kernel32.dll gpapi.dll cryptnet.dll wldap32.dll dhcpcsvc6.dll dhcpcsvc.dll webio.dll,normal
 msftedit.dll msftedit.dll,normal
 ntdll.dll ntdll.dll wow64.dll lpk.dll wow64win.dll wow64cpu.dll uxtheme.dll kernel32.dll kernel32.dll kernel32.dll user32.dll kernel32.dll KernelBase.dll msvcrt.dll ole32.dll gdi32.dll user32.dll kernel32.dll wmiutils.dll advapi32.dll sechost.dll rpcrt4.dll msctf.dll ntdll.dll sspicli.dll cryptbase.dll lpk.dll usp10.dll imm32.dll wow64cpu.dll msctf.dll clbcatq.dll pla.dll IntegrationSubsys.dll oleaut32.dll KernelBase.dll cryptsp.dll RpcRtRemote.dll uxtheme.dll ActionCenter.dll rsaenh.dll nsi.dll kernel32.dll rpcrt4.dll shell32.dll shlwapi.dll actxprxy.dll comctl32.dll ntdll.dll ntdll.dll ntdll.dll wow64.dll KernelBase.dll wow64win.dll wow64cpu.dll ole32.dll kernel32.dll kernel32.dll msvcrt.dll kernel32.dll user32.dll kernel32.dll KernelBase.dll whealogr.dll rsaenh.dll msvcr120_clr0400.dll msvcrt.dll KernelBase.dll winbrand.dll mscms.dll user32.dll gdi32.dll lpk.dll usp10.dll advapi32.dll sechost.dll rpcrt4.dll sspicli.dll cryptbase.dll imm32.dll msctf.dll apphelp.dll,normal
 ntdll.dll kernel32.dll KernelBase.dll microsoft.office.tools.common.ni.dll gdi32.dll user32.dll lpk.dll RpcRtRemote.dll usp10.dll msvcrt.dll imm32.dll version.dll winhttp.dll msctf.dll ole32.dll rpcrt4.dll ole32.dll oleaut32.dll uxtheme.dll dwmapi.dll usp10.dll KernelBase.dll msidle.dll advapi32.dll mscms.dll sechost.dll comctl32.dll shlwapi.dll usp10.dll cryptbase.dll rpcrtremote.dll msswch.dll winmm.dll api-ms-win-core-namedpipe-l1-1-0.dll sppobjs.dll ntdll.dll hid.dll kernel32.dll KernelBase.dll msvcrt.dll ole32.dll System.Core.dll gdi32.dll user32.dll lpk.dll imageres.dll usp10.dll rpcrt4.dll imm32.dll msctf.dll cryptbase.dll clbcatq.dll ws2_32.dll advapi32.dll sechost.dll oleaut32.dll cryptsp.dll rsaenh.dll system.configuration.dll RpcRtRemote.dll uxtheme.dll shacct.dll comctl32.dll profapi.dll shlwapi.dll userenv.dll profapi.dll IDStore.dll,normal
 ntdll.dll ntdll.dll wow64.dll gdi32.dll dpx.dll wow64win.dll wow64cpu.dll kernel32.dll System.Transactions.dll kernel32.dll kernel32.dll bcryptprimitives.dll user32.dll rpcrtremote.dll kernel32.dll kernelbase.dll mscorlib.ni.dll winnsi.dll msvcrt.dll msctf.dll winbrand.dll user32.dll ws2_32.dll secur32.dll gdi32.dll lpk.dll usp10.dll advapi32.dll sechost.dll rpcrt4.dll sspicli.dll cryptbase.dll imm32.dll msctf.dll apphelp.dll,normal
 ntdll.dll kernel32.dll kernelbase.dll imm32.dll gdi32.dll user32.dll lpk.dll gdi32.dll msvcrt.dll usp10.dll msvcrt.dll imm32.dll msctf.dll ole32.dll rpcrt4.dll rpcrt4.dll msswch.dll oleaut32.dll ntdll.dll basesrv.dll GdiPlus.dll cryptbase.dll user32.dll gdi32.dll devobj.dll kernel32.dll kernelbase.dll lpk.dll usp10.dll twinapi.dll msvcrt.dll sxssrv.dll mscorlib.dll csrsrv.dll system.data.dll winsrv.dll sxs.dll rpcrt4.dll cryptbase.dll,normal
 ntdll.dll kernel32.dll kernelbase.dll gdi32.dll user32.dll lpk.dll usp10.dll advapi32.dll msvcrt.dll ntdll.dll imm32.dll msctf.dll ole32.dll rpcrt4.dll oleaut32.dll msctf.dll cryptbase.dll ole32.dll clbcatq.dll advapi32.dll sechost.dll dhcpcsvc6.dll clr.dll ntdll.dll propsys.dll kernel32.dll api-ms-win-core-xstate-l2-1-0.dll System.Web.dll kernelbase.dll msvcp_win.dll gdi32.dll user32.dll lpk.dll usp10.dll advapi32.dll KernelBase.dll msvcrt.dll imm32.dll kernel32.dll msctf.dll ole32.dll rpcrt4.dll rpcrt4.dll oleaut32.dll iertutil.dll cryptbase.dll clbcatq.dll advapi32.dll sechost.dll ntdll.dll ntdll.dll wow64.dll cfgmgr32.dll System.Windows.Forms.dll wow64win.dll wow64cpu.dll kernel32.dll kernel32.dll kernel32.dll gpsvc.dll user32.dll nlaapi.dll msvcrt.dll kernel32.dll user32.dll kernelbase.dll msvcrt.dll winbrand.dll user32.dll gdi32.dll mscoree.dll lpk.dll usp10.dll dot3svc.dll advapi32.dll sechost.dll rpcrt4.dll sspicli.dll cryptbase.dll imm32.dll msctf.dll apphelp.dll,normal
 uxtheme.dll linkinfo.dll thumbcache.dll msftedit.dll windows.globalization.dll dhcpcsvc.dll scrobj.dll bcp47langs.dll tiptsf.dll windows.storage.search.dll explorerframe.dll globinputhost.dll structuredquery.dll searchfolder.dll onecorecommonproxystub.dll cscapi.dll msctf.dll mssvp.dll coml2.dll ntdll.dll ntlanman.dll drprov.dll mapi32.dll winsta.dll sxs.dll kernel32.dll ntshrui.dll samcli.dll dlnashext.dll playtodevice.dll samlib.dll api-ms-win-crt-math-l1-1-0.dll actxprxy.dll KernelBase.dll api-ms-win-core-fibers-l1-1-1.dll devdispitemprovider.dll wpdshext.dll setupapi.dll ws2_32.dll sechost.dll devobj.dll clbcatq.dll ehstorapi.dll twinapi.dll portabledeviceapi.dll cfgmgr32.dll portabledevicetypes.dll ehstorshell.dll cscui.dll wtsapi32.dll,normal
 d3d10level9.dll ntdll.dll ntdll.dll wow64.dll wow64win.dll wow64cpu.dll kernel32.dll kernel32.dll System.ServiceModel.Web.dll kernel32.dll user32.dll wow64cpu.dll kernel32.dll structuredquery.dll kernelbase.dll imm32.dll kernel32.dll msvcrt.dll sechost.dll winbrand.dll kernel32.dll user32.dll wow64win.dll gdi32.dll lpk.dll usp10.dll advapi32.dll sechost.dll rpcrt4.dll sspicli.dll cryptbase.dll Microsoft.VisualBasic.Compatibility.ni.dll imm32.dll msctf.dll apphelp.dll,normal
 ntdll.dll sechost.dll kernel32.dll KernelBase.dll advapi32.dll msvcrt.dll sechost.dll msvcr120_clr0400.dll rpcrt4.dll ole32.dll gdi32.dll user32.dll lpk.dll usp10.dll imm32.dll system.transactions.dll msctf.dll kernelbase.dll wdscore.dll oleaut32.dll oleaut32.dll shell32.dll shlwapi.dll dbghelp.dll cryptbase.dll MMDevAPI.dll CbsCore.dll version.dll ntmarta.dll url.dll crypt32.dll msasn1.dll wintrust.dll userenv.dll profapi.dll ktmw32.dll dpx.dll dpx.dll dpx.dll wcp.dll DrUpdate.dll setupapi.dll cfgmgr32.dll devobj.dll mpr.dll wrpint.dll shlwapi.dll userenv.dll sspicli.dll usp10.dll sxsstore.dll cmiv2.dll sqmapi.dll profapi.dll msctf.dll winhttp.dll webio.dll winhttp.dll security.dll cryptbase.dll webio.dll SensApi.dll cryptsp.dll rsaenh.dll RpcRtRemote.dll clbcatq.dll CbsApi.dll smipi.dll smiengine.dll usp10.dll windows.storage.dll ntdll.dll kernel32.dll KernelBase.dll advapi32.dll msvcrt.dll sechost.dll rpcrt4.dll user32.dll user32.dll gdi32.dll deviceaccess.dll lpk.dll usp10.dll mpr.dll sechost.dll wow64cpu.dll ole32.dll oleaut32.dll api-ms-win-eventing-controller-l1-1-0.dll secur32.dll sspicli.dll ws2_32.dll nsi.dll win32u.dll netapi32.dll netutils.dll user32.dll imm32.dll srvcli.dll wkscli.dll logoncli.dll framedynos.dll imm32.dll kernel32.dll wtsapi32.dll api-ms-win-service-winsvc-l1-1-0.dll msasn1.dll ntdsapi.dll version.dll slc.dll imm32.dll msctf.dll cryptbase.dll wow64.dll clbcatq.dll version.dll wbemprox.dll wbemcomn.dll ntdll.dll ntdll.dll wow64.dll wow64win.dll wow64cpu.dll kernel32.dll shell32.dll kernel32.dll kernel32.dll user32.dll kernel32.dll KernelBase.dll msvcrt.dll shell32.dll System.Configuration.dll System.ServiceModel.dll dwmapi.dll msobjs.dll sechost.dll wow64.dll kernel32.dll oleaut32.dll microsoft.mediacenter.tv.tuners.interop.dll SensApi.dll ole32.dll ssdpapi.dll oleaut32.dll gdi32.dll user32.dll rpcrt4.dll advapi32.dll Wldap32.dll sechost.dll rpcrt4.dll shell32.dll sspicli.dll cryptbase.dll lpk.dll ole32.dll winbrand.dll usp10.dll version.dll api-ms-win-security-cryptoapi-l1-1-0.dll dhcpcsvc6.dll imm32.dll sxs.dll msctf.dll sxs.dll apphelp.dll clbcatq.dll vbscript.dll advapi32.dll presentationframework.ni.dll api-ms-win-core-localization-l1-2-0.dll wintrust.dll crypt32.dll msasn1.dll cryptsp.dll rsaenh.dll msisip.dll api-ms-win-core-file-l1-1-0.dll wshext.dll comctl32.dll shell32.dll shlwapi.dll scrobj.dll samcli.dll msi.dll api-ms-win-core-kernel32-private-l1-1-1.dll scrrun.dll ntdll.dll ntdll.dll kernel32.dll wow64.dll wow64win.dll system.identitymodel.selectors.dll wow64cpu.dll kernel32.dll kernel32.dll kernel32.dll user32.dll kernel32.dll KernelBase.dll shell32.dll advapi32.dll ntdsapi.dll msvcrt.dll sechost.dll system.xml.dll imm32.dll rpcrt4.dll sspicli.dll System.Core.dll mscorlib.ni.dll ole32.dll cryptbase.dll kernelbase.dll ntdll.dll cryptbase.dll vm3dum64.dll msctf.dll dnsapi.dll ws2_32.dll devobj.dll kernelbase.dll nsi.dll winnsi.dll dhcpcsvc.dll dhcpcsvc6.dll Accessibility.ni.dll shell32.dll shlwapi.dll ntdll.dll gdi32.dll user32.dll lpk.dll usp10.dll ole32.dll imm32.dll msctf.dll cfgmgr32.dll clbcatq.dll oleaut32.dll cryptsp.dll rsaenh.dll RpcRtRemote.dll wevtapi.dll ntdll.dll kernel32.dll KernelBase.dll gdi32.dll user32.dll lpk.dll usp10.dll msvcrt.dll imm32.dll mscorlib.ni.dll kernelbase.dll msctf.dll ole32.dll rpcrt4.dll oleaut32.dll cryptbase.dll clbcatq.dll advapi32.dll sechost.dll ntdll.dll ntdll.dll wow64.dll msvcrt.dll wow64win.dll imageres.dll wow64cpu.dll kernel32.dll shell32.dll kernel32.dll kernel32.dll gdi32.dll user32.dll kernel32.dll KernelBase.dll ntmarta.dll wtsapi32.dll wow64.dll advapi32.dll msvcrt.dll sechost.dll rpcrt4.dll sspicli.dll cryptbase.dll dnsapi.dll ws2_32.dll nsi.dll winnsi.dll dhcpcsvc.dll dhcpcsvc6.dll shell32.dll shlwapi.dll gdi32.dll user32.dll lpk.dll usp10.dll ole32.dll imm32.dll msctf.dll clbcatq.dll oleaut32.dll cryptsp.dll rsaenh.dll RpcRtRemote.dll wevtapi.dll,normal
 system.web.services.dll ntdll.dll kernel32.dll combase.dll kernelbase.dll gdi32.dll user32.dll cryptbase.dll wow64.dll lpk.dll usp10.dll msvcrt.dll cryptbase.dll kernel32.dll cryptbase.dll imm32.dll msctf.dll ole32.dll cryptbase.dll rpcrt4.dll oleaut32.dll cryptbase.dll clbcatq.dll cryptbase.dll msvcrt.dll advapi32.dll sechost.dll rsaenh.dll ntdll.dll ntdll.dll advapi32.dll wow64.dll wow64win.dll wow64cpu.dll kernel32.dll kernel32.dll kernel32.dll version.dll lpk.dll user32.dll kernel32.dll kernelbase.dll msvcrt.dll winbrand.dll user32.dll ntdll.dll gdi32.dll kernel32.dll lpk.dll usp10.dll advapi32.dll sechost.dll rpcrt4.dll sspicli.dll cryptbase.dll imm32.dll msctf.dll apphelp.dll,normal
 msvcrt.dll ntdll.dll ntdll.dll ntdll.dll ntdll.dll wow64.dll wow64win.dll winsta.dll winhttp.dll wow64cpu.dll kernel32.dll kernel32.dll crypt32.dll kbdnec.dll kernel32.dll oleaut32.dll user32.dll kernel32.dll user32.dll KernelBase.dll System.DirectoryServices.Protocols.ni.dll msvcrt.dll user32.dll gdi32.dll lpk.dll usp10.dll advapi32.dll sechost.dll rpcrt4.dll sspicli.dll cryptbase.dll imm32.dll msctf.dll apphelp.dll winbrand.dll,normal
 ntdll.dll kernel32.dll api-ms-win-downlevel-advapi32-l1-1-0.dll kernelbase.dll kernel32.dll msvcrt.dll sensapi.dll combase.dll rpcrt4.dll system.windows.forms.dll kernel.appcore.dll cryptbase.dll bcryptprimitives.dll system.data.oracleclient.dll clbcatq.dll user32.dll gdi32.dll imm32.dll msctf.dll rpcrt4.dll sechost.dll cryptsp.dll rsaenh.dll srvcli.dll bcrypt.dll uxtheme.dll userenv.dll profapi.dll system.xml.ni.dll idstore.dll,normal
 ntdll.dll gdiplus.dll devobj.dll kernel32.dll usp10.dll KernelBase.dll gdi32.dll advapi32.dll msvcrt.dll System.dll sechost.dll rpcrt4.dll msvcr120_clr0400.dll api-ms-win-core-shutdown-l1-1-0.dll msvcrt.dll system.web.regularexpressions.ni.dll gdi32.dll user32.dll lpk.dll usp10.dll msswch.dll winmm.dll dwmapi.dll GdiPlus.dll ole32.dll kernel32.dll oleacc.dll oleaut32.dll api-ms-win-downlevel-advapi32-l1-1-0.dll shlwapi.dll wmsgapi.dll duser.dll uxtheme.dll imm32.dll clrjit.dll msctf.dll ntdll.dll kernel32.dll KernelBase.dll msvcrt.dll sensapi.dll ole32.dll rpcrt4.dll gdi32.dll user32.dll lpk.dll usp10.dll rpcrt4.dll imm32.dll user32.dll msctf.dll cryptbase.dll vm3dum64.dll clbcatq.dll advapi32.dll sechost.dll oleaut32.dll cryptsp.dll rsaenh.dll shell32.dll System.Runtime.Serialization.Formatters.Soap.ni.dll devicecenter.dll RpcRtRemote.dll uxtheme.dll thumbcache.dll shell32.dll shlwapi.dll psapi.dll propsys.dll comctl32.dll Microsoft.VisualStudio.Tools.Applications.Adapter.v9.0.dll,normal
 npmproxy.dll,normal
 ntdll.dll ntdll.dll system.configuration.ni.dll wow64.dll wow64win.dll wow64cpu.dll cryptbase.dll rsaenh.dll lpk.dll kernel32.dll kernel32.dll kernel32.dll sechost.dll user32.dll kernel32.dll kernelbase.dll msvcrt.dll winbrand.dll user32.dll gdi32.dll lpk.dll usp10.dll advapi32.dll sechost.dll rpcrt4.dll sspicli.dll api-ms-win-core-file-l1-2-1.dll rpcrt4.dll cryptbase.dll imm32.dll rsaenh.dll msctf.dll apphelp.dll ntdll.dll kernel32.dll kernelbase.dll advapi32.dll msvcrt.dll sechost.dll rpcrt4.dll wevtapi.dll user32.dll imm32.dll gdi32.dll ole32.dll user32.dll npmproxy.dll wow64cpu.dll comctl32.dll msvcrt.dll lpk.dll usp10.dll msswch.dll version.dll winmm.dll dwmapi.dll gdiplus.dll atl.dll ndiscapcfg.dll ole32.dll oleacc.dll oleaut32.dll shlwapi.dll ole32.dll wmsgapi.dll uxtheme.dll duser.dll uxtheme.dll imm32.dll msctf.dll cryptbase.dll msasn1.dll dui70.dll comctl32.dll xmllite.dll msctf.dll clbcatq.dll tabskb.dll cryptsp.dll Microsoft.VisualStudio.Tools.Applications.AddInAdapter.v9.0.dll rsaenh.dll rpcrtremote.dll cfgmgr32.dll windowscodecs.dll,normal
 ntdll.dll System.Transactions.dll ntdll.dll wow64.dll shell32.dll wow64win.dll wow64cpu.dll kernel32.dll user32.dll kernel32.dll kernel32.dll mscoreei.dll combase.dll user32.dll kernel32.dll KernelBase.dll kernel32.dll msvcrt.dll gpsvc.dll winbrand.dll user32.dll user32.dll gdi32.dll lpk.dll usp10.dll System.Xml.ni.dll advapi32.dll sechost.dll rpcrt4.dll sspicli.dll cryptbase.dll imm32.dll mscoree.dll msctf.dll apphelp.dll,normal
 ntdll.dll mscoree.dll kernel32.dll kernelbase.dll oleaut32.dll msvcr120_clr0400.dll mscoree.dll msvcp_win.dll ucrtbase.dll cryptbase.dll system.web.regularexpressions.dll combase.dll rpcrt4.dll bcryptprimitives.dll schannel.dll user32.dll win32u.dll gdi32.dll gdi32full.dll advapi32.dll msvcrt.dll sechost.dll mscoreei.dll System.Data.ni.dll advapi32.dll shlwapi.dll kernel.appcore.dll version.dll user32.dll ole32.dll msvcr80.dll ntdll.dll languageoverlayutil.dll clbcatq.dll msvcrt.dll taskschd.dll sspicli.dll mscorsvc.dll fusion.dll xmllite.dll,normal
 cryptsp.dll ntdll.dll ntdll.dll wow64.dll wow64win.dll wow64cpu.dll usp10.dll system.transactions.ni.dll kernel32.dll kernel32.dll perfos.dll kernel32.dll user32.dll System.Xml.ni.dll kernel32.dll kernelbase.dll wintrust.dll msvcrt.dll winbrand.dll user32.dll gdi32.dll ntdll.dll ntdll.dll lpk.dll imm32.dll usp10.dll advapi32.dll System.Deployment.ni.dll sechost.dll rpcrt4.dll sspicli.dll cryptbase.dll imm32.dll msctf.dll apphelp.dll,normal
 gdi32.dll setupapi.dll sndvolsso.dll rpcrtremote.dll cfgmgr32.dll oleaut32.dll wow64.dll rpcrt4.dll devobj.dll vm3dum64_10.dll microsoft.visualstudio.tools.applications.addinadapter.v9.0.ni.dll wevtapi.dll rpcrtremote.dll shlwapi.dll dbghelp.dll sspicli.dll api-ms-win-downlevel-ole32-l1-1-0.dll System.Numerics.ni.dll System.Core.dll winsta.dll winbrand.dll vm3dum64_10.dll vm3dum64_10.dll dbghelp.dll d3d10level9.dll dbghelp.dll d3d10level9.dll dbghelp.dll d3d10level9.dll vm3dum64.dll gdi32.dll vm3dum64.dll mscorlib.dll vm3dum64.dll imm32.dll setupapi.dll cfgmgr32.dll oleaut32.dll devobj.dll vm3dum64_10.dll dbghelp.dll kernel32.dll imm32.dll vm3dum64_10.dll vm3dum64_10.dll vm3dum64.dll dbghelp.dll d3d10level9.dll vm3dum64.dll dbghelp.dll rpcrt4.dll d3d10level9.dll user32.dll vm3dum64.dll kernelbase.dll dbghelp.dll d3d10level9.dll setupapi.dll cfgmgr32.dll oleaut32.dll devobj.dll propsys.dll cryptbase.dll vm3dum64_10.dll dbghelp.dll vm3dum64_10.dll mscoree.dll vm3dum64_10.dll vm3dum64.dll updatehandlers.dll dbghelp.dll crypt32.dll d3d10level9.dll vm3dum64.dll dbghelp.dll d3d10level9.dll vm3dum64.dll advapi32.dll dbghelp.dll d3d10level9.dll setupapi.dll cfgmgr32.dll oleaut32.dll devobj.dll dbghelp.dll vm3dum64.dll dbghelp.dll vm3dum64.dll dbghelp.dll vm3dum64_10.dll vm3dum64_10.dll clbcatq.dll vm3dum64_10.dll accessibility.dll advapi32.dll windows.storage.dll vm3dum64.dll dbghelp.dll d3d10level9.dll d3d10level9.dll d3d10level9.dll setupapi.dll cfgmgr32.dll oleaut32.dll devobj.dll vm3dum64_10.dll dbghelp.dll api-ms-win-downlevel-ole32-l1-1-0.dll vm3dum64_10.dll msvcrt.dll system.windows.forms.dll vm3dum64_10.dll vm3dum64.dll ntdll.dll dbghelp.dll d3d10level9.dll vm3dum64.dll dbghelp.dll d3d10level9.dll vm3dum64.dll dbghelp.dll d3d10level9.dll Microsoft.VisualStudio.Tools.Office.AddInAdapter.v9.0.ni.dll setupapi.dll cfgmgr32.dll oleaut32.dll msimsg.dll devobj.dll vm3dum64_10.dll vm3dum64_10.dll vm3dum64_10.dll vm3dum64.dll d3d10level9.dll dbghelp.dll dbghelp.dll vm3dum64.dll dbghelp.dll usp10.dll d3d10level9.dll vm3dum64.dll dbghelp.dll d3d10level9.dll,normal
 user32.dll msvcrt.dll srvcli.dll ntdll.dll kernel32.dll KernelBase.dll msvcrt.dll ole32.dll gdi32.dll clbcatq.dll msvcrt.dll user32.dll lpk.dll usp10.dll rpcrt4.dll imm32.dll msctf.dll cryptbase.dll user32.dll clbcatq.dll advapi32.dll sechost.dll oleaut32.dll cryptsp.dll sensapi.dll rsaenh.dll RpcRtRemote.dll uxtheme.dll rpcrtremote.dll thumbcache.dll shell32.dll shlwapi.dll comctl32.dll wshqos.dll psapi.dll dwmapi.dll propsys.dll ntdll.dll tquery.dll sechost.dll kernel32.dll msvcrt.dll api-ms-win-core-memory-l1-1-1.dll mscorlib.dll KernelBase.dll SensApi.dll advapi32.dll user32.dll msvcrt.dll sspicli.dll sechost.dll rpcrt4.dll gdi32.dll user32.dll lpk.dll usp10.dll msswch.dll winmm.dll winsta.dll dwmapi.dll GdiPlus.dll ole32.dll oleacc.dll oleaut32.dll shlwapi.dll PortableDeviceSyncProvider.dll wmsgapi.dll msxml6.dll duser.dll uxtheme.dll imm32.dll msctf.dll cryptbase.dll dui70.dll comctl32.dll xmllite.dll vm3dum64_10.dll ntdll.dll clbcatq.dll tabskb.dll cryptsp.dll kernel32.dll rsaenh.dll RpcRtRemote.dll InkObj.dll normaliz.dll atl.dll cfgmgr32.dll WindowsCodecs.dll,normal
 mtxoci.dll ntdll.dll cryptnet.dll kernel32.dll kernelbase.dll msvcrt.dll ole32.dll gdi32.dll user32.dll system.management.dll lpk.dll usp10.dll rpcrt4.dll advapi32.dll user32.dll cryptbase.dll ntdll.dll rpcrt4.dll gdi32.dll oleaut32.dll imm32.dll msctf.dll cryptbase.dll sechost.dll advapi32.dll slc.dll clbcatq.dll dskquota.dll shlwapi.dll sspicli.dll nsi.dll slwga.dll kernel32.dll cryptsp.dll rsaenh.dll msctf.dll wow64.dll advapi32.dll rpcrtremote.dll npmproxy.dll slc.dll ole32.dll wldap32.dll rsaenh.dll dimsjob.dll atl.dll crypt32.dll msasn1.dll rsaenh.dll ws2_32.dll ole32.dll mswsock.dll secur32.dll credssp.dll lpk.dll pwdssp.dll cabinet.dll netutils.dll api-ms-win-core-file-l1-1-0.dll wship6.dll oleaut32.dll lpk.dll dnsapi.dll winnsi.dll rasadhlp.dll rpcrt4.dll taskschd.dll kerberos.dll KernelBase.dll cryptdll.dll bcrypt.dll bcryptprimitives.dll netprofm.dll winhttp.dll nlaapi.dll pautoenr.dll pautoenr.dll certcli.dll advapi32.dll certenroll.dll dsrole.dll logoncli.dll ntdsapi.dll ntdll.dll ntdll.dll wow64.dll wow64win.dll ole32.dll wow64cpu.dll kernel32.dll kernel32.dll kernel32.dll api-ms-win-downlevel-user32-l1-1-0.dll user32.dll kernel32.dll kernelbase.dll api-ms-win-core-fibers-l1-1-0.dll advapi32.dll msvcrt.dll ole32.dll sechost.dll ntdll.dll rpcrt4.dll sspicli.dll cryptbase.dll d3d10warp.dll dnsapi.dll ws2_32.dll nsi.dll winnsi.dll dhcpcsvc.dll dhcpcsvc6.dll shell32.dll shlwapi.dll gdi32.dll user32.dll lpk.dll usp10.dll ole32.dll imm32.dll msctf.dll clbcatq.dll oleaut32.dll cryptsp.dll rsaenh.dll rpcrtremote.dll wevtapi.dll,normal
 ntdll.dll wow64win.dll ntdll.dll ntmarta.dll wow64.dll logoncli.dll wow64win.dll wow64cpu.dll shlwapi.dll kernel32.dll kernel32.dll KernelBase.dll kernel32.dll user32.dll kernel32.dll KernelBase.dll advapi32.dll sechost.dll ntdll.dll msvcrt.dll sechost.dll ntdll.dll rpcrt4.dll sspicli.dll wups2.dll cryptbase.dll dnsapi.dll ws2_32.dll nsi.dll rpcrt4.dll winnsi.dll ucrtbase.dll dhcpcsvc.dll user32.dll dhcpcsvc6.dll shell32.dll shlwapi.dll gdi32.dll user32.dll shell32.dll lpk.dll usp10.dll ole32.dll imm32.dll msctf.dll rpcrt4.dll clbcatq.dll oleaut32.dll cryptsp.dll rsaenh.dll RpcRtRemote.dll kernel32.dll wevtapi.dll ntdll.dll kernel32.dll KernelBase.dll gdi32.dll user32.dll mscorwks.dll lpk.dll usp10.dll profapi.dll msvcrt.dll api-ms-win-core-libraryloader-l1-1-1.dll TSWorkspace.dll imm32.dll msctf.dll ole32.dll rpcrt4.dll oleaut32.dll msswch.dll wcp.dll cryptbase.dll clbcatq.dll advapi32.dll sechost.dll ntdll.dll cryptsp.dll advapi32.dll ntdll.dll mscorsvc.dll wow64.dll wow64win.dll wow64.dll wow64cpu.dll kernel32.dll devobj.dll wldap32.dll kernel32.dll system.enterpriseservices.dll kernel32.dll wow64win.dll user32.dll kernel32.dll KernelBase.dll advapi32.dll msvcrt.dll sechost.dll imm32.dll rpcrt4.dll sspicli.dll cryptbase.dll dnsapi.dll ws2_32.dll nsi.dll system.data.dll winnsi.dll dhcpcsvc.dll wow64.dll rsaenh.dll System.Xml.dll dhcpcsvc6.dll Microsoft.VisualStudio.Tools.Applications.ServerDocument.v9.0.ni.dll shell32.dll system.runtime.serialization.ni.dll shlwapi.dll gdi32.dll user32.dll lpk.dll usp10.dll kernel32.dll ole32.dll imm32.dll msctf.dll clbcatq.dll cryptsp.dll oleaut32.dll Microsoft.VisualStudio.Tools.Applications.Runtime.ni.dll lpk.dll cryptsp.dll bcryptprimitives.dll rsaenh.dll usp10.dll msctf.dll RpcRtRemote.dll user32.dll wevtapi.dll user32.dll bcrypt.dll ntdll.dll bcd.dll kernel32.dll KernelBase.dll advapi32.dll advapi32.dll ncrypt.dll msvcrt.dll shlwapi.dll sechost.dll rpcrt4.dll ole32.dll gdi32.dll user32.dll credssp.dll lpk.dll KernelBase.dll usp10.dll imm32.dll msctf.dll wdscore.dll clbcatq.dll pla.dll cryptbase.dll System.Configuration.ni.dll mscorwks.dll oleaut32.dll shell32.dll microsoft.office.tools.v9.0.dll combase.dll shlwapi.dll uxtheme.dll system.web.dll user32.dll dbghelp.dll gdi32.dll cryptbase.dll CbsCore.dll cryptsp.dll gdi32.dll version.dll crypt32.dll msasn1.dll wintrust.dll wevtapi.dll userenv.dll System.Security.ni.dll profapi.dll system.drawing.design.ni.dll ktmw32.dll dpx.dll dpx.dll dpx.dll wcp.dll DrUpdate.dll setupapi.dll cfgmgr32.dll devobj.dll mpr.dll wrpint.dll sxsstore.dll sppobjs.dll sqmapi.dll mscorlib.dll api-ms-win-core-localization-l1-2-0.dll winhttp.dll webio.dll winhttp.dll webio.dll SensApi.dll ws2_32.dll combase.dll wmsgapi.dll cryptsp.dll rsaenh.dll RpcRtRemote.dll clbcatq.dll CbsApi.dll smipi.dll smiengine.dll ntdll.dll cryptsp.dll kernel32.dll KernelBase.dll cfgmgr32.dll gdi32.dll user32.dll mscorlib.dll lpk.dll msswch.dll usp10.dll msvcrt.dll imm32.dll msctf.dll ole32.dll napinsp.dll rpcrt4.dll oleaut32.dll cryptbase.dll vm3dum64.dll clbcatq.dll advapi32.dll sechost.dll cryptsp.dll ntdll.dll ntdll.dll ntdll.dll System.Transactions.dll wow64.dll wow64win.dll wow64cpu.dll kernel32.dll clbcatq.dll kernel32.dll usp10.dll kernel32.dll msvcrt.dll user32.dll npmproxy.dll kernel32.dll KernelBase.dll advapi32.dll msvcrt.dll sechost.dll rpcrt4.dll sspicli.dll cryptbase.dll shlwapi.dll user32.dll idstore.dll gdi32.dll system.data.dll lpk.dll usp10.dll shlwapi.dll shell32.dll ole32.dll System.Web.dll oleaut32.dll crypt32.dll msasn1.dll imm32.dll msctf.dll iertutil.dll urlmon.dll comctl32.dll profapi.dll mscorlib.dll ws2_32.dll nsi.dll dnsapi.dll system.xaml.ni.dll mcstoredb.dll winnsi.dll wow64.dll clbcatq.dll cryptsp.dll rsaenh.dll RpcRtRemote.dll wininet.dll apphelp.dll SensApi.dll ieframe.dll msimg32.dll psapi.dll uxtheme.dll oleacc.dll oleacc.dll version.dll user32.dll propsys.dll setupapi.dll cfgmgr32.dll devobj.dll netprofm.dll nlaapi.dll nlaapi.dll sechost.dll wsock32.dll ole32.dll ole32.dll npmproxy.dll comctl32.dll msctf.dll msctf.dll comdlg32.dll System.Deployment.ni.dll sqmapi.dll ntmarta.dll Wldap32.dll ieframe.dll rasapi32.dll ntmarta.dll rasman.dll rtutils.dll rasadhlp.dll system.configuration.ni.dll ieui.dll sxs.dll NapiNSP.dll shell32.dll mswsock.dll winrnr.dll wship6.dll grooveintlresource.dll ieproxy.dll scrrun.dll wintrust.dll url.dll xmllite.dll LspWaoIe.dll imagehlp.dll ExplorerFrame.dll duser.dll dui70.dll shell32.dll imecfm.dll msfeeds.dll mlang.dllnormaliz.dll msxml3.dll shell32.dll userenv.dll,normal
 ntdll.dll kernel32.dll msvcrt.dll kernelbase.dll accessibility.ni.dll advapi32.dll System.ServiceProcess.dll msvcrt.dll atl.dll ole32.dll oleaut32.dll ntdll.dll shlwapi.dll user32.dll shell32.dll ieframe.dll lpk.dll sechost.dll kernel32.dll gdi32.dll combase.dll nlssorting.dll imm32.dll msctf.dll api-ms-win-downlevel-advapi32-l1-1-0.dll kernel.appcore.dll cryptbase.dll bcryptprimitives.dll uxtheme.dll mscoree.dll clbcatq.dll msvcrt.dll imm32.dll shcore.dll userenv.dll profapi.dll imm32.dll propsys.dll bcp47langs.dll win32u.dll twinapi.dll linkinfo.dll cryptsp.dll rsaenh.dll shell32.dll bcrypt.dll userenv.dll sspicli.dll srvcli.dll rtutils.dll ntshrui.dll setupapi.dll cfgmgr32.dll ntmarta.dll cscapi.dll mscoreei.dll shcore.dll system.management.automation.ni.dll psapi.dll rpcrt4.dll system.xml.ni.dll system.management.ni.dll microsoft.management.infrastructure.ni.dll clr.dll msvcr120_clr0400.dll system.configuration.dll cfgmgr32.dll rpcrt4.dll msvcrt.dll system.configuration.ni.dll mscorlib.ni.dll cryptbase.dll lpk.dll system.ni.dll system.core.ni.dll system.numerics.dll microsoft.powershell.consolehost.ni.dll msasn1.dll clbcatq.dll kernel32.dll system.numerics.ni.dll system.directoryservices.ni.dll clrjit.dll ntmarta.dll system.configuration.install.ni.dll system.transactions.ni.dll system.transactions.dll microsoft.powershell.security.dll microsoft.powershell.security.ni.dll clbcatq.dll secur32.dll wldp.dll system.data.ni.dll system.data.dll kernel32.dll ws2_32.dll crypt32.dll nsi.dll msasn1.dll microsoft.powershell.commands.utility.ni.dll diasymreader.dll msctf.dll rasapi32.dll rtutils.dll gdi32.dll powrprof.dll wininet.dll mswsock.dll usp10.dll winhttp.dll winnsi.dll dhcpcsvc6.dll dhcpcsvc.dll system.security.dll system.security.ni.dll msasn1.dll microsoft.powershell.commands.management.ni.dll wmiutils.dll wbemcomn.dll wbemprox.dll wminet_utils.dll wminet_utils.dll napinsp.dll dnsapi.dll winrnr.dll nlaapi.dll wbemsvc.dll fastprox.dll,empire
 system.drawing.dll ntdll.dll kernel32.dll kernelbase.dll msvcrt.dll ole32.dll gdi32.dll imm32.dll user32.dll sppuinotify.dll lpk.dll usp10.dll msctf.dll rpcrt4.dll imm32.dll msctf.dll cryptbase.dll clbcatq.dll rpcrt4.dll gdi32full.dll advapi32.dll sechost.dll mmfutil.dll oleaut32.dll oleaut32.dll cryptsp.dll rsaenh.dll rpcrtremote.dll sechost.dll shacct.dll comctl32.dll kernel32.dll shlwapi.dll userenv.dll profapi.dll idstore.dll,normal
 system.serviceprocess.ni.dll ntdll.dll shlwapi.dll ntdll.dll wow64.dll wow64win.dll wow64cpu.dll kernel32.dll kernel32.dll kernel32.dll kernel32.dll user32.dll kernel32.dll ole32.dll kernelbase.dll oleaut32.dll msvcrt.dll rtutils.dll winbrand.dll user32.dll gdi32.dll lpk.dll system.xml.ni.dll usp10.dll api-ms-win-downlevel-advapi32-l1-1-0.dll clbcatq.dll advapi32.dll sechost.dll LspUtil.dll rpcrt4.dll sspicli.dll cryptbase.dll imm32.dll msctf.dll apphelp.dll,normal
 usp10.dll KernelBase.dll ntdll.dll msvcrt.dll ntdll.dll wow64.dll wow64win.dll wow64cpu.dll kernel32.dll msvcrt.dll kernel32.dll System.AddIn.ni.dll kernel32.dll user32.dll gpsvc.dll oleaut32.dll kernel32.dll KernelBase.dll Accessibility.dll gdi32.dll advapi32.dll ntdll.dll dhcpcsvc.dll mscorlib.ni.dll msctf.dll msvcrt.dll sechost.dll rpcrt4.dll sspicli.dll ntdll.dll cryptbase.dll dnsapi.dll ws2_32.dll nsi.dll oleaut32.dll cscapi.dll winnsi.dll dhcpcsvc.dll d3d10_1.dll dhcpcsvc6.dll shell32.dll shlwapi.dll gdi32.dll msi.dll user32.dll mfmp4srcsnk.dll lpk.dll usp10.dll ole32.dll imm32.dll msctf.dll clbcatq.dll oleaut32.dll System.Xaml.ni.dll cryptsp.dll rsaenh.dll RpcRtRemote.dll wevtapi.dll ntdll.dll ntdll.dll wow64.dll wow64win.dll wow64cpu.dll kernel32.dll kernel32.dll kernel32.dll user32.dll kernel32.dll ole32.dll ssshim.dll cryptbase.dll kernel32.dll KernelBase.dll kernel32.dll System.ServiceProcess.ni.dll advapi32.dll custommarshalers.ni.dll msvcrt.dll sechost.dll rpcrt4.dll sspicli.dll cryptbase.dll rpcrt4.dll tquery.dll dnsapi.dll ws2_32.dll nsi.dll winnsi.dll shlwapi.dll ws2_32.dll ieframe.dll dhcpcsvc.dll dhcpcsvc6.dll shell32.dll shlwapi.dll cryptbase.dll gdi32.dll user32.dll mssph.dll lpk.dll Microsoft.Office.Tools.Outlook.dll usp10.dll ole32.dll apphelp.dll imm32.dll msvcrt.dll rsaenh.dll msctf.dll user32.dll clbcatq.dll oleaut32.dll cryptsp.dll rsaenh.dll RpcRtRemote.dll wevtapi.dll ntdll.dll ntdll.dll wow64.dll wow64win.dll wow64cpu.dll cryptsp.dll mscoreei.dll kernel32.dll imm32.dll kernel32.dll kernel32.dll user32.dll kernel32.dll KernelBase.dll advapi32.dll msvcrt.dll sechost.dll msisip.dll rpcrt4.dll sspicli.dll cryptbase.dll dnsapi.dll ws2_32.dll nsi.dll winnsi.dll dhcpcsvc.dll slc.dll dhcpcsvc6.dll shell32.dll shlwapi.dll gdi32.dll user32.dll lpk.dll usp10.dll wow64.dll ole32.dll imm32.dll msctf.dll clbcatq.dll oleaut32.dll cryptsp.dll rsaenh.dll RpcRtRemote.dll wevtapi.dll,normal
 ntdll.dll kernel32.dll kernelbase.dll msvcrt.dll user32.dll ole32.dll gdi32.dll user32.dll bcrypt.dll lpk.dll usp10.dll rpcrt4.dll oleaut32.dll imm32.dll KernelBase.dll msctf.dll cryptbase.dll ntmarta.dll clbcatq.dll advapi32.dll WindowsBase.dll sechost.dll oleaut32.dll cryptsp.dll rsaenh.dll rpcrtremote.dll uxtheme.dll system.data.oracleclient.dll msctf.dll thumbcache.dll shell32.dll shlwapi.dll comctl32.dll psapi.dll msasn1.dll propsys.dll lpk.dll,normal
 ntdll.dll cfgmgr32.dll system.data.oracleclient.dll msasn1.dll kernel32.dll KernelBase.dll advapi32.dll gdi32.dll SensApi.dll clbcatq.dll lpk.dll msvcrt.dll user32.dll sechost.dll imm32.dll KernelBase.dll rpcrt4.dll ole32.dll gdi32.dll system.management.ni.dll accessibility.dll gdi32.dll cfgmgr32.dll user32.dll lpk.dll usp10.dll imm32.dll oleaut32.dll lpk.dll msctf.dll kernel32.dll wdscore.dll oleaut32.dll shell32.dll nsi.dll shlwapi.dll dbghelp.dll shlwapi.dll cryptbase.dll CbsCore.dll version.dll crypt32.dll msasn1.dll PresentationFramework.Royale.dll wintrust.dll bdatunepia.dll userenv.dll system.xml.linq.dll profapi.dll kernel32.dll ktmw32.dll dpx.dll dpx.dll dpx.dll lpk.dll System.Security.dll system.xml.dll wcp.dll DrUpdate.dll dhcpcsvc6.dll setupapi.dll cfgmgr32.dll devobj.dll mpr.dll wrpint.dll sxsstore.dll sqmapi.dll winhttp.dll webio.dll comctl32.dll system.deployment.dll winhttp.dll webio.dll SensApi.dll cryptsp.dll lpk.dll bcryptprimitives.dll KernelBase.dll rpcrtremote.dll rsaenh.dll RpcRtRemote.dll clbcatq.dll CbsApi.dll smipi.dll windows.internal.ui.logon.proxystub.dll imageres.dll spoolss.dll smiengine.dll ucrtbase.dll webio.dll ntdll.dll kernel32.dll KernelBase.dll gdi32.dll user32.dll userenv.dll lpk.dll usp10.dll msvcrt.dll imm32.dll msctf.dll ole32.dll rpcrt4.dll oleaut32.dll cryptbase.dll clbcatq.dll advapi32.dll rsaenh.dll sechost.dll sspicli.dll ntdll.dll ntdll.dll wow64.dll wow64win.dll wow64cpu.dll usp10.dll kernel32.dll kernel32.dll kernel32.dll msctf.dll user32.dll kernel32.dll sspicli.dll KernelBase.dll msvcrt.dll oleaut32.dll ole32.dll gdi32.dll kernel32.dll wow64win.dll user32.dll advapi32.dll sechost.dll rpcrt4.dll sspicli.dll cryptbase.dll lpk.dll usp10.dll version.dll imm32.dll msctf.dll sxs.dll rpcrt4.dll clbcatq.dll vbscript.dll advapi32.dll msvcrt.dll wintrust.dll crypt32.dll msasn1.dll cryptsp.dll rsaenh.dll sechost.dll msisip.dll wshext.dll sxs.dll comctl32.dll shell32.dll shlwapi.dll scrobj.dll msi.dll scrrun.dll ntdll.dll npmproxy.dll ntdll.dll api-ms-win-downlevel-version-l1-1-0.dll wow64.dll wow64win.dll wow64cpu.dll kernel32.dll system.servicemodel.web.ni.dll kernel32.dll kernel32.dll user32.dll kernel32.dll KernelBase.dll combase.dll msvcrt.dll winbrand.dll user32.dll gdi32.dll lpk.dll usp10.dll advapi32.dll sechost.dll rpcrt4.dll sspicli.dll cryptbase.dll imm32.dll msctf.dll apphelp.dll,normal
 sendmail.dll mydocs.dll,normal
 ntdll.dll ntdll.dll wow64.dll wow64win.dll wow64cpu.dll kernel32.dll imageres.dll kernel32.dll kernel32.dll kernel32.dll user32.dll kernel32.dll system.web.dll kernel32.dll kernelbase.dll msvcrt.dll winbrand.dll user32.dll System.Web.dll gdi32.dll lpk.dll usp10.dll advapi32.dll kernel32.dll sechost.dll lpk.dll sechost.dll rpcrt4.dll sspicli.dll kernel32.dll cryptbase.dll imm32.dll cryptbase.dll msctf.dll apphelp.dll,normal
 winrnr.dll rasadhlp.dll pnrpnsp.dll napinsp.dll dwmredir.dll,normal
 microsoft.visualstudio.tools.office.appinfodocument.v9.0.ni.dll ntdll.dll kernel32.dll cryptsp.dll KernelBase.dll msvcr80.dll msvcrt.dll advapi32.dll advapi32.dll dot3api.dll sechost.dll rpcrt4.dll vaultcli.dll cryptsp.dll rsaenh.dll cryptbase.dll winhttp.dll lpk.dll srvcli.dll ntdll.dll ntdll.dll wow64.dll user32.dll wow64win.dll rmclient.dll kernel32.dll wow64cpu.dll mscoree.dll kernel32.dll kernel32.dll kernel32.dll imm32.dll user32.dll wevtapi.dll kernel32.dll KernelBase.dll msvcrt.dll user32.dll gdi32.dll lpk.dll usp10.dll advapi32.dll sechost.dll rpcrt4.dll sspicli.dll cryptbase.dll imm32.dll msctf.dll winbrand.dll apphelp.dll,normal
 msftedit.dll mssvp.dll mapi32.dll wpdshext.dll user32.dll audiodev.dll SMDiagnostics.dll mssvp.dll mapi32.dll,normal
 onecorecommonproxystub.dll microsoftaccountwamextension.dll imm32.dll windows.security.authentication.onlineid.dll sxs.dll windows.networking.hostname.dll rpcrtremote.dll tquery.dll cryptdll.dll structuredquery.dll imgutil.dll d3d10warp.dll imebrokerps.dll mtf.dll,normal
 ntdll.dll kernel32.dll ntdll.dll kernel32.dll kernelbase.dll kernelbase.dll msvcrt.dll bcrypt.dll msvcrt.dll kernel32.dll ole32.dll combase.dll nlslexicons0011.dll rpcrt4.dll rpcrt4.dll sechost.dll sechost.dll user32.dll gdi32.dll System.Core.dll user32.dll imm32.dll msctf.dll kernel.appcore.dll oleaut32.dll dhcpcsvc.dll kernel.appcore.dll cryptbase.dll clbcatq.dll cryptbase.dll bcryptprimitives.dll bcryptprimitives.dll uxtheme.dll uxtheme.dll rsaenh.dll xmllite.dll presentationframework.aero.dll kernel32.dll clbcatq.dll msfeeds.dll msfeeds.dll imm32.dll shlwapi.dll msvcrt.dll iertutil.dll setupapi.dll iertutil.dll cfgmgr32.dll system.xml.ni.dll advapi32.dll advapi32.dll system.data.entity.design.dll elscore.dll gdi32.dll elscore.dll mlang.dll gdi32.dll usp10.dll netapi32.dll slc.dll slc.dll clbcatq.dll sspicli.dll oleaut32.dll netutils.dll spoolss.dll ole32.dll srvcli.dll system.directoryservices.protocols.dll wkscli.dll userenv.dll sppc.dll sppc.dll shell32.dll shcore.dll sechost.dll dui70.dll shcore.dll oleaut32.dll msimg32.dll cryptsp.dll cryptsp.dll rsaenh.dll rsaenh.dll atl.dll bcrypt.dll bcrypt.dll wininet.dll wininet.dll userenv.dll userenv.dll profapi.dll secur32.dll secur32.dll usp10.dll apphelp.dll sspicli.dll sspicli.dll msxml6.dll apphelp.dll msxml6.dll ws2_32.dll gdi32.dll ws2_32.dll nsi.dll nsi.dll ondemandconnroutehelper.dll msctf.dll ondemandconnroutehelper.dll Microsoft.Office.Tools.Excel.Implementation.ni.dll winhttp.dll winhttp.dll msfeedsbs.dll msfeedsbs.dll netprofm.dll netprofm.dll mswsock.dll mswsock.dll iphlpapi.dll winnsi.dll msctfmonitor.dll winnsi.dll oleaut32.dll npfproxy.dll ole32.dll npmproxy.dll urlmon.dll msctf.dll winbrand.dll usp10.dll netplwiz.dll urlmon.dll user32.dll ieframe.dll comctl32.dll crypt32.dll msasn1.dll msasn1.dll cryptsp.dll dpapi.dll dpapi.dll wbemprox.dll wbemprox.dll wbemcomn.dll wbemcomn.dll wbemsvc.dll wbemsvc.dll fastprox.dll fastprox.dll gpapi.dll gpapi.dll ncrypt.dll ncrypt.dll ntdll.dll ntasn1.dll ntasn1.dll cryptnet.dll wldap32.dll dnsapi.dll dwmapi.dll dwmapi.dll rasadhlp.dll rasadhlp.dll fwpuclnt.dll schannel.dll schannel.dll wintrust.dll ncryptsslp.dll ncryptsslp.dll taskschd.dll taskschd.dll xmllite.dll xmllite.dll,normal
 ntdll.dll kernel32.dll mswsock.dll rpcrt4.dll wow64win.dll mscoree.dll wow64cpu.dll kernelbase.dll gdi32.dll user32.dll lpk.dll usp10.dll msvcrt.dll system.configuration.dll imm32.dll msctf.dll ole32.dll rpcrt4.dll oleaut32.dll cryptbase.dll clbcatq.dll advapi32.dll sechost.dll,normal
 ntdll.dll kernel32.dll mscorlib.dll kernelbase.dll kernelbase.dll rsaenh.dll advapi32.dll msvcrt.dll sechost.dll profapi.dll msvcrt.dll powrprof.dll imagehlp.dll rpcrtremote.dll rpcrt4.dll crypt32.dll msasn1.dll cryptdll.dll cryptdll.dll clbcatq.dll netapi32.dll netutils.dll srvcli.dll wkscli.dll logoncli.dll ole32.dll shell32.dll nsi.dll gdi32.dll user32.dll mscoreei.dll lpk.dll system.drawing.ni.dll usp10.dll oleaut32.dll shlwapi.dll msshooks.dll imm32.dll samlib.dll secur32.dll shell32.dll sspicli.dll shell32.dll userenv.dll profapi.dll version.dll setupapi.dll cfgmgr32.dll sensapi.dll devobj.dll winscard.dll winsta.dll wldap32.dll imm32.dll msctf.dll cryptbase.dll rsaenh.dll hid.dll vaultcli.dll wintrust.dll bcrypt.dll bcryptprimitives.dll cryptsp.dll,mimikatz
 ntdll.dll kernel32.dll ntdll.dll ntdll.dll wow64.dll wow64win.dll wow64cpu.dll kernel32.dll kernel32.dll kernel32.dll user32.dll microsoft.visualstudio.tools.applications.adapter.v9.0.dll apphelp.dll gdi32.dll kernel32.dll crypt32.dll kernelbase.dll msvcrt.dll winbrand.dll user32.dll combase.dll gdi32.dll winscard.dll lpk.dll System.Web.Extensions.ni.dll usp10.dll advapi32.dll msswch.dll sechost.dll rpcrt4.dll cryptbase.dll sspicli.dll cryptbase.dll imm32.dll msctf.dll apphelp.dll ntdll.dll kernel32.dll dfsrress.dll kernelbase.dll imm32.dll advapi32.dll msvcrt.dll sechost.dll rpcrt4.dll user32.dll gdi32.dll lpk.dll usp10.dll ole32.dll oleaut32.dll System.Core.ni.dll shlwapi.dll msshooks.dll imm32.dll msctf.dll sspicli.dll cryptbase.dll msidle.dll clbcatq.dll tquery.dll cryptsp.dll rsaenh.dll rpcrtremote.dll mssprxy.dll kernel.appcore.dll ieframe.dll urlmon.dll api-ms-win-downlevel-advapi32-l1-1-0.dll api-ms-win-downlevel-shlwapi-l1-1-0.dll api-ms-win-downlevel-user32-l1-1-0.dll api-ms-win-downlevel-shell32-l1-1-0.dll msctf.dll rpcrt4.dll api-ms-win-downlevel-version-l1-1-0.dll shell32.dll api-ms-win-downlevel-version-l1-1-0.dll version.dll api-ms-win-downlevel-normaliz-l1-1-0.dll normaliz.dll oleaut32.dll ieframe.dll dsrole.dll iertutil.dll vaultcli.dll comctl32.dll api-ms-win-downlevel-shlwapi-l2-1-0.dll msctf.dll api-ms-win-downlevel-ole32-l1-1-0.dll secur32.dll rsaenh.dll sspicli.dll kbd106.dll imm32.dll mlang.dll propsys.dll system.transactions.ni.dll wininet.dll advapi32.dll rpcrt4.dll userenv.dll profapi.dll api-ms-win-downlevel-advapi32-l2-1-0.dll advapi32.dll msvcp_win.dll ntdll.dll KernelBase.dll kernel32.dll kernelbase.dll advapi32.dll system.windows.forms.dll dnsapi.dll msvcrt.dll imm32.dll sechost.dll wow64cpu.dll winbrand.dll rpcrt4.dll sspicli.dll gdi32.dll spoolss.dll lpk.dll user32.dll lpk.dll nlaapi.dll rsaenh.dll usp10.dll ole32.dll msimg32.dll wtsapi32.dll winmm.dll userenv.dll profapi.dll winsta.dll crypt32.dll msasn1.dll msctf.dll imm32.dll comctl32.dll shlwapi.dll secur32.dll sspicli.dll shell32.dll user32.dll cryptbase.dll uxtheme.dll wintrust.dll cryptsp.dll system.transactions.dll rsaenh.dll bcrypt.dll gdi32.dll wmsgapi.dll wldap32.dll rpcrtremote.dll version.dll clbcatq.dll oleaut32.dll urlmon.dll clr.dll api-ms-win-downlevel-ole32-l1-1-0.dll api-ms-win-downlevel-shlwapi-l1-1-0.dll api-ms-win-downlevel-advapi32-l1-1-0.dll api-ms-win-downlevel-user32-l1-1-0.dll api-ms-win-downlevel-version-l1-1-0.dll clbcatq.dll user32.dll msvcrt.dll api-ms-win-downlevel-normaliz-l1-1-0.dll iertutil.dll msctfmonitor.dll msutb.dll imagehlp.dll bcryptprimitives.dll ncrypt.dll gpapi.dll cryptnet.dll sensapi.dll normaliz.dll wininet.dll,normal
 ntdll.dll kernel32.dll kernelbase.dll msvcrt.dll ole32.dll sechost.dll rpcrt4.dll api-ms-win-core-handle-l1-1-0.dll advapi32.dll kernelbase.dll wersvc.dll,normal
 sechost.dll ntdll.dll usp10.dll ntdll.dll wow64.dll wow64win.dll sxs.dll wow64cpu.dll kernel32.dll xmllite.dll wpdshext.dll system.dll user32.dll kernel32.dll kernel32.dll oleaut32.dll user32.dll kernel32.dll kernelbase.dll msvcrt.dll sechost.dll winbrand.dll user32.dll gdi32.dll lpk.dll usp10.dll advapi32.dll netutils.dll sechost.dll rpcrt4.dll shlwapi.dll sspicli.dll msls31.dll dnsapi.dll dwmapi.dll cryptbase.dll imm32.dll msctf.dll apphelp.dll ntdll.dll kernel32.dll kernelbase.dll advapi32.dll msvcrt.dll sechost.dll rpcrt4.dll msvcr120_clr0400.dll mscoree.dll ole32.dll gdi32.dll user32.dll lpk.dll usp10.dll oleaut32.dll mscorwks.dll kernel32.dll wow64cpu.dll imm32.dll msctf.dll sspicli.dll cryptbase.dll cryptsp.dll rsaenh.dll clbcatq.dll rpcrtremote.dll gdi32.dll advapi32.dll lpk.dll sxs.dll sechost.dll mscoreei.dll clr.dll shlwapi.dll kernel32.dll mscorlib.ni.dll system.transactions.ni.dll system.windows.forms.datavisualization.ni.dll system.web.regularexpressions.dll devobj.dll clrjit.dll winnsi.dll sensapi.dll system.ni.dll system.core.ni.dll kernel32.dll d3d11.dll System.ServiceModel.Internals.ni.dll system.data.ni.dll version.dll globinputhost.dll system.data.dll SensApi.dll msvcrt.dll system.data.dll mscorlib.dll mscorlib.dll system.data.dll system.xml.ni.dll sensapi.dll system.transactions.ni.dll system.transactions.dll system.transactions.dll system.transactions.dll system.numerics.ni.dll msctf.dll system.configuration.ni.dll system.enterpriseservices.ni.dll system.security.ni.dll ntdll.dll ntdll.dll wow64.dll wow64win.dll wow64cpu.dll kernel32.dll kernel32.dll kernel32.dll dpx.dll dpx.dll user32.dll kernel32.dll tipskins.dll kernelbase.dll advapi32.dll msvcrt.dll sechost.dll mscorlib.dll rpcrt4.dll sspicli.dll cryptbase.dll bcrypt.dll ntdll.dll msvcr120_clr0400.dll mscoree.dll msctf.dll ole32.dll gdi32.dll user32.dll ntdll.dll lpk.dll usp10.dll igc64.dll webio.dll oleaut32.dll imm32.dll msctf.dll cryptsp.dll rsaenh.dll ntdll.dll rpcrtremote.dll imm32.dll clbcatq.dll sechost.dll sxs.dll mscoreei.dll mscorwks.dll msvcr80.dll shlwapi.dll shell32.dll profapi.dll mscorlib.ni.dll mscorjit.dll usp10.dll kernel32.dll mscorlib.dll System.Printing.dll mscorlib.dll version.dll oleaut32.dll system.servicemodel.internals.ni.dll mscorlib.dll mscorlib.dll system.ni.dll mmcfxcommon.ni.dll devicecenter.dll mmcfxcommon.dll sxs.dll mmcfxcommon.dll cryptnet.dll system.dll system.dll winmmbase.dll system.dll system.dll system.drawing.ni.dll usp10.dll system.windows.forms.ni.dll sechost.dll imm32.dll system.windows.forms.dll system.windows.forms.dll system.windows.forms.dll msswch.dll system.windows.forms.dll system.drawing.dll clbcatq.dll system.drawing.dll system.drawing.dll system.drawing.dll system.configuration.ni.dll nsi.dll system.configuration.dll system.configuration.dll system.configuration.dll system.configuration.dll system.xml.ni.dll version.dll system.xml.dll kernelbase.dll system.xml.dll system.runtime.remoting.dll system.xml.dll mscorwks.dll wow64cpu.dll system.xml.dll system.security.ni.dll system.security.dll wshbth.dll msvcrt.dll lpk.dll system.security.dll system.security.dll system.security.dll system.data.sqlxml.ni.dll system.data.sqlxml.dll system.ni.dll api-ms-win-downlevel-advapi32-l1-1-0.dll system.data.sqlxml.dll system.data.sqlxml.dll system.data.sqlxml.dll accessibility.ni.dll accessibility.dll accessibility.dll gdi32.dll kernel32.dll accessibility.dll msvcp_win.dll accessibility.dll system.runtime.serialization.formatters.soap.ni.dll lpk.dll rsaenh.dll usp10.dll system.runtime.serialization.formatters.soap.dll system.runtime.serialization.formatters.soap.dll wintrust.dll system.deployment.ni.dll system.deployment.dll system.deployment.dll vcruntime140.dll system.deployment.dll system.deployment.dll ncrypt.dll ntdll.dll ntdll.dll winsta.dll wow64.dll wow64win.dll wow64cpu.dll kernel32.dll kernel32.dll kernel32.dll user32.dll kernel32.dll osf.dll kernelbase.dll advapi32.dll ucrtbase.dll msvcrt.dll sechost.dll rpcrt4.dll sspicli.dll cryptbase.dll msvcr120_clr0400.dll mscoree.dll ole32.dll gdi32.dll user32.dll lpk.dll usp10.dll oleaut32.dll imm32.dll msctf.dll Microsoft.VisualC.ni.dll cryptsp.dll rsaenh.dll rpcrtremote.dll cryptsp.dll imm32.dll clbcatq.dll sxs.dll mscoreei.dll mscorwks.dll msvcr80.dll shlwapi.dll shell32.dll profapi.dll mscorlib.ni.dll mscorjit.dll mscorlib.dll system.data.dll kernel32.dll mscorlib.dll version.dll clbcatq.dll mscorlib.dll mscorlib.dll presentationframework.royale.ni.dll system.ni.dll windowsbase.ni.dll presentationframework.royale.dll presentationframework.royale.dll presentationframework.royale.dll presentationframework.royale.dll presentationcore.ni.dll presentationframework.ni.dll presentationframework.dll presentationframework.dll presentationframework.dll presentationframework.dll windowsbase.dll windowsbase.dll KernelBase.dll windowsbase.dll windowsbase.dll system.dll system.dll system.dll system.dll presentationcore.dll presentationcore.dll presentationcore.dll presentationcore.dll,normal
 ntdll.dll ntdll.dll Microsoft.Powershell.GraphicalHost.dll user32.dll wow64.dll wow64win.dll wow64cpu.dll advapi32.dll kernel32.dll kernel32.dll system.configuration.ni.dll kernel32.dll user32.dll kernel32.dll kernelbase.dll spoolss.dll sapi_onecore.dll msvcrt.dll winbrand.dll user32.dll gdi32.dll lpk.dll msvcp_win.dll usp10.dll advapi32.dll sechost.dll rpcrt4.dll sspicli.dll system.transactions.dll System.Xaml.ni.dll cryptbase.dll cryptsp.dll imm32.dll msctf.dll apphelp.dll,normal
 kernel32.dll msctf.dll RpcRtRemote.dll ntdll.dll kernel32.dll KernelBase.dll msvcrt.dll rpcrt4.dll gdi32.dll user32.dll lpk.dll ntdll.dll usp10.dll ole32.dll oleaut32.dll ntdll.dll user32.dll imm32.dll RpcRtRemote.dll ntdll.dll kernel32.dll KernelBase.dll msvcrt.dll profsvc.dll ole32.dll usermgrproxy.dll gdi32.dll clbcatq.dll user32.dll msvcrt.dll lpk.dll kernel32.dll usp10.dll rpcrt4.dll mscorlib.dll imm32.dll msctf.dll apphelp.dll cryptbase.dll sechost.dll clbcatq.dll advapi32.dll sechost.dll oleaut32.dll gdi32.dll cryptsp.dll imm32.dll SensApi.dll rsaenh.dll RpcRtRemote.dll shacct.dll comctl32.dll shlwapi.dll RpcRtRemote.dll aclui.dll mcstoredb.dll userenv.dll profapi.dll IDStore.dll sspicli.dll ntdll.dll kernel32.dll System.dll kernel32.dll user32.dll ntdll.dll ntdll.dll wow64.dll wow64win.dll wow64cpu.dll system.data.oracleclient.ni.dll kernel32.dll kernel32.dll KernelBase.dll kernel32.dll oleaut32.dll ole32.dll msvcrt.dll gdi32.dll user32.dll advapi32.dll System.Data.OracleClient.dll sechost.dll rpcrt4.dll sspicli.dll cryptbase.dll crypt32.dll lpk.dll System.ni.dll usp10.dll shell32.dll System.Transactions.dll shlwapi.dll ws2_32.dll nsi.dll imm32.dll msctf.dll clbcatq.dll dnsapi.dll ole32.dll cryptsp.dll rsaenh.dll winnsi.dll dhcpcsvc.dll dhcpcsvc6.dll RpcRtRemote.dll wevtapi.dll,normal
 ntdll.dll kernel32.dll kernelbase.dll advapi32.dll msvcrt.dll sechost.dll rpcrt4.dll docprop.dll msvcr120_clr0400.dll mscoree.dll System.Xml.ni.dll ole32.dll gdi32.dll gdi32.dll user32.dll shell32.dll lpk.dll usp10.dll oleaut32.dll sspicli.dll imm32.dll rpcrt4.dll xmllite.dll profapi.dll msctf.dll cryptbase.dll mscoree.dll cryptsp.dll rsaenh.dll kernelbase.dll rpcrtremote.dll imm32.dll System.Web.RegularExpressions.ni.dll clbcatq.dll Microsoft.Windows.Diagnosis.Commands.UpdateDiagRootcause.ni.dll sxs.dll userenv.dll version.dll mscoreei.dll mscorwks.dll ntdll.dll msvcr80.dll msvcr80.dll shlwapi.dll clbcatq.dll userenv.dll shell32.dll profapi.dll user32.dll mscorlib.ni.dll mscorjit.dll mscorlib.dll mscorlib.dll version.dll mscorlib.dll mscorlib.dll system.ni.dll system.drawing.ni.dll system.windows.forms.ni.dll accessibility.ni.dll usp10.dll system.security.ni.dll SensApi.dll cfgmgr32.dll system.configuration.ni.dll system.xml.ni.dll system.runtime.serialization.formatters.soap.ni.dll system.deployment.ni.dll system.data.sqlxml.ni.dll ntdll.dll ntdll.dll wow64.dll crypt32.dll sspicli.dll mscoreei.dll msvcrt.dll es.dll windows.media.dll sechost.dll oleaut32.dll wow64win.dll wow64cpu.dll oleacc.dll System.Data.SqlXml.dll kernel32.dll kernel32.dll rpcrt4.dll kernel32.dll cryptbase.dll user32.dll kernel32.dll kernelbase.dll advapi32.dll msvcrt.dll sechost.dll rpcrt4.dll sspicli.dll api-ms-win-crt-environment-l1-1-0.dll cryptbase.dll msvcr120_clr0400.dll mscoree.dll ole32.dll gdi32.dll clrjit.dll user32.dll kernel.appcore.dll lpk.dll usp10.dll oleaut32.dll imm32.dll msctf.dll cryptsp.dll sechost.dll rsaenh.dll rpcrtremote.dll clbcatq.dll usp10.dll imageres.dll sxs.dll wups2.dll mscoreei.dll mscorwks.dll msvcr80.dll shlwapi.dll devicecenter.dll shell32.dll profapi.dll mscorlib.ni.dll ondemandconnroutehelper.dll mscorjit.dll mscorlib.dll mscorlib.dll version.dll mscorlib.dll shlwapi.dll mscorlib.dll devrtl.dll system.ni.dll system.deployment.ni.dll system.deployment.dll system.deployment.dll system.deployment.dll system.deployment.dll system.dll system.dll system.dll system.dll system.drawing.ni.dll system.windows.forms.ni.dll system.windows.forms.dll system.windows.forms.dll system.windows.forms.dll msvcrt.dll system.windows.forms.dll system.drawing.dll system.drawing.dll mscoree.dll system.drawing.dll system.drawing.dll system.xml.ni.dll system.xml.dll system.xml.dll system.xml.dll wininet.dll system.xml.dll system.security.ni.dll system.security.dll system.security.dll system.security.dll system.security.dll ntdll.dll system.configuration.ni.dll system.configuration.dll system.configuration.dll system.configuration.dll system.configuration.dll,normal
 wow64.dll sechost.dll nsi.dll microsoft.security.applicationid.policymanagement.policyengineapi.interop.ni.dll ntdll.dll kernel32.dll KernelBase.dll advapi32.dll msvcrt.dll system.data.dll linkinfo.dll sechost.dll rpcrt4.dll atl.dll user32.dll system.runtime.serialization.ni.dll gdi32.dll lpk.dll usp10.dll ole32.dll oleaut32.dll user32.dll mscoree.dll shlwapi.dll imm32.dll msctf.dll davclnt.dll msvcrt.dll cryptbase.dll api-ms-win-core-privateprofile-l1-1-1.dll uxtheme.dll clbcatq.dll shell32.dll userenv.dll profapi.dll System.Drawing.dll mscorjit.dll comctl32.dll ntmarta.dll Wldap32.dll advapi32.dll setupapi.dll cfgmgr32.dll setupapi.dll devobj.dll propsys.dll linkinfo.dll srvcli.dll kernel32.dll slc.dll kernel32.dll winnsi.dll cryptsp.dll rsaenh.dll mscoreei.dll sspicli.dll version.dll ntshrui.dll mscorwks.dll mscorwks.dll ntdll.dll mscorwks.dll cscapi.dll ntdll.dll combase.dll msvcr80.dll mscorlib.ni.dll System.ni.dll Microsoft.PowerShell.ConsoleHost.ni.dll psapi.dll System.Management.Automation.ni.dll shell32.dll user32.dll System.Core.ni.dll ntdll.dll Microsoft.PowerShell.Commands.Diagnostics.ni.dll System.Configuration.Install.ni.dll Microsoft.WSMan.Management.ni.dll ntdll.dll System.Transactions.ni.dll System.Transactions.dll ntdll.dll Microsoft.PowerShell.Commands.Utility.ni.dll Microsoft.PowerShell.Commands.Management.ni.dll Microsoft.PowerShell.Security.ni.dll Culture.dll System.Xml.ni.dll wow64.dll System.Management.ni.dll System.DirectoryServices.ni.dll shfolder.dll mscorjit.dll secur32.dll sspicli.dll System.Data.ni.dll ws2_32.dll nsi.dll user32.dll crypt32.dll msasn1.dll System.Data.dll netutils.dll,normal
 crypt32.dll ntdll.dll kernel32.dll api-ms-win-core-processthreads-l1-1-1.dll kernelbase.dll gdi32.dll user32.dll winscard.dll lpk.dll usp10.dll msvcrt.dll imm32.dll winnsi.dll msctf.dll ole32.dll rpcrt4.dll oleaut32.dll ntdll.dll ntdll.dll lpk.dll wow64.dll user32.dll wow64win.dll wow64cpu.dll sspicli.dll kernel32.dll kernel32.dll sspicli.dll kernel32.dll mssprxy.dll system.security.ni.dll sppcommdlg.dll user32.dll kernel32.dll kernelbase.dll msvcrt.dll winbrand.dll user32.dll gdi32.dll mmcss.dll sechost.dll lpk.dll usp10.dll advapi32.dll system.data.dll sechost.dll rpcrt4.dll sspicli.dll rpcrtremote.dll cryptbase.dll imm32.dll msctf.dll apphelp.dll,normal
 ntdll.dll wow64.dll ntdll.dll wow64.dll ole32.dll rpcrtremote.dll wow64win.dll wow64cpu.dll presentationframework.dll kernel32.dll kernel32.dll kernel32.dll kernelbase.dll uiautomationtypes.dll shell32.dll user32.dll kernel32.dll winnsi.dll KernelBase.dll kernel32.dll msvcrt.dll winbrand.dll user32.dll gdi32.dll wow64.dll lpk.dll usp10.dll advapi32.dll sechost.dll rpcrt4.dll sspicli.dll cryptbase.dll imm32.dll msctf.dll apphelp.dll,normal
 lpk.dll ntdll.dll sechost.dll kernel32.dll winbrand.dll KernelBase.dll advapi32.dll msvcrt.dll sechost.dll lpk.dll rpcrt4.dll gdi32.dll user32.dll system.numerics.ni.dll lpk.dll usp10.dll kernel32.dll msswch.dll msctf.dll winmm.dll dwmapi.dll GdiPlus.dll ole32.dll sechost.dll oleacc.dll oleaut32.dll shlwapi.dll ws2_32.dll dhcpcsvc6.dll wmsgapi.dll duser.dll uxtheme.dll system.drawing.ni.dll imm32.dll system.printing.dll msctf.dll cryptbase.dll dui70.dll comctl32.dll xmllite.dll clbcatq.dll cryptsp.dll rsaenh.dll ntdll.dll RpcRtRemote.dll cfgmgr32.dll tabskb.dll cryptsp.dll WindowsCodecs.dll,normal
 ntdll.dll msvcrt.dll ntdll.dll wow64.dll wow64win.dll shlwapi.dll wow64cpu.dll kernel32.dll imecfm.dll kernel32.dll rsaenh.dll kernel32.dll user32.dll kernel32.dll lpk.dll KernelBase.dll advapi32.dll kernel32.dll msvcrt.dll sechost.dll rpcrt4.dll sspicli.dll cryptbase.dll system.data.oracleclient.dll wow64cpu.dll dnsapi.dll ws2_32.dll api-ms-win-downlevel-advapi32-l2-1-0.dll nsi.dll winnsi.dll dhcpcsvc.dll dhcpcsvc6.dll shell32.dll cryptbase.dll shlwapi.dll gdi32.dll user32.dll lpk.dll usp10.dll ole32.dll kernelbase.dll wsock32.dll imm32.dll msctf.dll clbcatq.dll oleaut32.dll cryptsp.dll rsaenh.dll RpcRtRemote.dll wevtapi.dll ntdll.dll ntdll.dll winsta.dll wow64.dll wow64win.dll winrnr.dll wow64cpu.dll oleaut32.dll kernel32.dll kernel32.dll kernel32.dll user32.dll kernel32.dll KernelBase.dll oleaut32.dll ole32.dll msvcrt.dll ws2_32.dll gdi32.dll user32.dll oleaut32.dll advapi32.dll sechost.dll sechost.dll rpcrt4.dll imm32.dll sspicli.dll cryptbase.dll lpk.dll system.security.dll shell32.dll usp10.dll gdi32.dll msimg32.dll user32.dll version.dll mpr.dll olepro32.dll winnsi.dll kernel32.dll comctl32.dll shlwapi.dll sechost.dll shell32.dll wsock32.dll certadm.dll ole32.dll ws2_32.dll nsi.dll netapi32.dll netutils.dll srvcli.dll ntdll.dll wkscli.dll GdiPlus.dll bcrypt.dll KernelBase.dll imm32.dll msctf.dll ntdll.dll uxtheme.dll setupapi.dll cfgmgr32.dll devobj.dll wintypes.dll clbcatq.dll cfgmgr32.dll propsys.dll cryptsp.dll profapi.dll WindowsCodecs.dll wow64cpu.dll system.servicemodel.discovery.ni.dll apphelp.dll EhStorShell.dll EhStorShell.dll mscorlib.dll imagehlp.dll EhStorShell.dll EhStorShell.dll ntshrui.dll ntshrui.dll ntshrui.dll DrUpdate.dll ntshrui.dll cscapi.dll slc.dll imageres.dll imageres.dll netprofm.dll imageres.dll advapi32.dll wldap32.dll imageres.dll imageres.dll sensapi.dll bcp47mrm.dll System.Configuration.Install.dll imageres.dll imageres.dll usp10.dll imageres.dll imageres.dll imageres.dll bcrypt.dll imm32.dll msctf.dll imageres.dll imageres.dll wtsapi32.dll winsta.dll ntdll.dll ntdll.dll wow64.dll wow64win.dll oleaut32.dll profapi.dll winnsi.dll wow64cpu.dll kernel32.dll dui70.dll advapi32.dll kernel32.dll kernel32.dll user32.dll kernel32.dll KernelBase.dll advapi32.dll msvcrt.dll sechost.dll lpk.dll rpcrt4.dll windowsbase.dll sspicli.dll kernel32.dll cryptbase.dll dnsapi.dll ws2_32.dll textinputframework.dll nsi.dll csrsrv.dll sspicli.dll winnsi.dll oleaut32.dll dhcpcsvc.dll dhcpcsvc6.dll shell32.dll shlwapi.dll system.numerics.dll gdi32.dll user32.dll msvcr120_clr0400.dll lpk.dll usp10.dll ole32.dll imm32.dll System.Xml.Linq.dll System.configuration.dll msctf.dll clbcatq.dll msvcrt.dll oleaut32.dll cryptsp.dll rsaenh.dll RpcRtRemote.dll wevtapi.dll ntdll.dll rpcrt4.dll ntdll.dll wow64.dll wow64win.dll wow64cpu.dll kernel32.dll kernel32.dll kernel32.dll user32.dll kernel32.dll ws2_32.dll KernelBase.dll KernelBase.dll msvcrt.dll advapi32.dll webio.dll msvcrt.dll msswch.dll mscoreei.dll sechost.dll rpcrt4.dll usp10.dll sspicli.dll sxs.dll cryptbase.dll dnsapi.dll ws2_32.dll nsi.dll winnsi.dll mscorlib.dll dhcpcsvc.dll usp10.dll dhcpcsvc6.dll shell32.dll shlwapi.dll gdi32.dll user32.dll wevtapi.dll lpk.dll rpcrt4.dll usp10.dll comctl32.dll imecfm.dll kernel32.dll msvcrt.dll ole32.dll kernel32.dll imm32.dll msctf.dll system.deployment.dll clbcatq.dll oleaut32.dll cryptsp.dll rsaenh.dll RpcRtRemote.dll wevtapi.dll System.dll ntdll.dll ntdll.dll wow64.dll wow64win.dll dhcpcsvc.dll wow64cpu.dll imm32.dll kernel32.dll kernel32.dll userenv.dll kernel32.dll user32.dll kernel32.dll KernelBase.dll advapi32.dll msvcrt.dll msvcrt.dll sechost.dll rpcrt4.dll sspicli.dll ntdll.dll cryptbase.dll dnsapi.dll kernel32.dll ws2_32.dll nsi.dll dhcpcsvc6.dll winnsi.dll dhcpcsvc.dll dhcpcsvc6.dll shell32.dll shlwapi.dll gdi32.dll user32.dll lpk.dll oleaut32.dll usp10.dll ole32.dll System.Transactions.dll imm32.dll nsi.dll msctf.dll clbcatq.dll oleaut32.dll cryptsp.dll rpcrt4.dll rsaenh.dll ExplorerFrame.dll RpcRtRemote.dll wevtapi.dll crypt32.dll kernel32.dll ntdll.dll kernel32.dll KernelBase.dll ntdll.dll rpcrt4.dll ntdll.dll gdi32.dll user32.dll lpk.dll usp10.dll msvcrt.dll imm32.dll msctf.dll sspicli.dll ole32.dll rpcrt4.dll shell32.dll oleaut32.dll ntdll.dll kernel32.dll KernelBase.dll gdi32.dll user32.dll lpk.dll usp10.dll msvcrt.dll rsaenh.dll imm32.dll msctf.dll ole32.dll rpcrt4.dll oleaut32.dll cryptbase.dll clbcatq.dll advapi32.dll imm32.dll sechost.dll ntdll.dll ntdll.dll wow64.dll wow64win.dll nsi.dll wow64cpu.dll kernel32.dll normaliz.dll kernel32.dll kernel32.dll system.xml.dll advapi32.dll user32.dll kernel32.dll KernelBase.dll msvcrt.dll winbrand.dll user32.dll gdi32.dll lpk.dll usp10.dll advapi32.dll sechost.dll rpcrt4.dll sspicli.dll cryptbase.dll imm32.dll msctf.dll apphelp.dll,normal
 ntdll.dll ntdll.dll mscorlib.dll wow64.dll wow64win.dll wow64cpu.dll kernel32.dll kernel32.dll kernel32.dll sechost.dll kernel32.dll user32.dll logoncli.dll mlang.dll kernel32.dll gdi32.dll KernelBase.dll msvcrt.dll ntdll.dll winbrand.dll wevtapi.dll user32.dll gdi32.dll lpk.dll usp10.dll advapi32.dll sechost.dll comctl32.dll rpcrt4.dll rsaenh.dll sspicli.dll cryptbase.dll imm32.dll msctf.dll apphelp.dll,normal
 ntdll.dll kernel32.dll KernelBase.dll system.web.ni.dll advapi32.dll msvcrt.dll sechost.dll rpcrt4.dll user32.dll slc.dll gdi32.dll lpk.dll usp10.dll ole32.dll ntdll.dll oleaut32.dll tquery.dll System.Data.ni.dll windows.media.dll shlwapi.dll clr.dll kernelbase.dll powrprof.dll imm32.dll msctf.dll msshooks.dll clbcatq.dll cryptbase.dll clbcatq.dll cryptsp.dll kernel32.dll rsaenh.dll RpcRtRemote.dll mscoree.dll mscoreei.dll mssprxy.dll ntdll.dll,normal
 devrtl.dll,normal
 profapi.dll ntdll.dll wow64.dll kernel32.dll KernelBase.dll logoncli.dll gdi32.dll user32.dll lpk.dll usp10.dll msvcrt.dll gdi32.dll imm32.dll msctf.dll ole32.dll rpcrt4.dll oleaut32.dll userenv.dll ntdll.dll RpcRtRemote.dll ntdll.dll wow64.dll wow64win.dll wow64cpu.dll msasn1.dll kernel32.dll kernel32.dll kernel32.dll gdi32.dll user32.dll ntdll.dll kernel32.dll msvcrt.dll KernelBase.dll msvcrt.dll CertEnroll.dll winbrand.dll user32.dll KernelBase.dll gdi32.dll lpk.dll usp10.dll shell32.dll advapi32.dll msvcrt.dll sechost.dll wow64win.dll rpcrt4.dll sspicli.dll cryptbase.dll imm32.dll msctf.dll apphelp.dll,normal
 ntdll.dll kernel32.dll ole32.dll KernelBase.dll msvcrt.dll clbcatq.dll ole32.dll gdi32.dll user32.dll lpk.dll usp10.dll rpcrt4.dll imm32.dll msctf.dll gpsvc.dll ws2_32.dll cryptbase.dll clbcatq.dll advapi32.dll wdscore.dll sechost.dll ntdll.dll oleaut32.dll comctl32.dll cryptsp.dll rsaenh.dll RpcRtRemote.dll shacct.dll cryptsp.dll system.serviceprocess.ni.dll kernelbase.dll comctl32.dll shlwapi.dll userenv.dll profapi.dll IDStore.dll,normal
 rpcrt4.dll ntdll.dll ntdll.dll kernel32.dll wow64.dll wow64win.dll profapi.dll wow64cpu.dll kernel32.dll usp10.dll system.transactions.dll msisip.dll user32.dll kernel32.dll kernel32.dll user32.dll kernel32.dll user32.dll KernelBase.dll ole32.dll msdmo.dll msvcrt.dll winbrand.dll user32.dll gdi32.dll lpk.dll usp10.dll advapi32.dll sechost.dll rpcrt4.dll sspicli.dll cryptbase.dll imm32.dll msctf.dll apphelp.dll,normal
 kernel32.dll msvcp_win.dll ntdll.dll kernel32.dll kernelbase.dll msvcrt.dll winbrand.dll user32.dll d3d10level9.dll gdi32.dll lpk.dll cryptsp.dll usp10.dll imm32.dll msctf.dll,normal
 ntdll.dll kernel32.dll kernelbase.dll gdi32.dll user32.dll msvcrt.dll imm32.dll System.Drawing.ni.dll oleaut32.dll svrmgrnc.dll combase.dll msctf.dll system.data.dll rpcrt4.dll oleaut32.dll KernelBase.dll sspicli.dll sechost.dll kernel32.dll kernel.appcore.dll cryptbase.dll bcryptprimitives.dll clbcatq.dll,normal
 ntdll.dll kernel32.dll KernelBase.dll cryptbase.dll advapi32.dll msvcrt.dll shlwapi.dll comctl32.dll sechost.dll kernel32.dll rpcrt4.dll nsi.dll gdi32.dll user32.dll imm32.dll lpk.dll usp10.dll ole32.dll gdi32.dll user32.dll msimg32.dll wmsgapi.dll framedynos.dll wtsapi32.dll oleaut32.dll winmm.dll system.runtime.remoting.ni.dll userenv.dll profapi.dll winsta.dll crypt32.dll msasn1.dll MsCtfMonitor.dll kernel32.dll bcp47mrm.dll msctf.dll imm32.dll shlwapi.dll msutb.dll rpcrt4.dll comctl32.dll shlwapi.dll secur32.dll sspicli.dll shell32.dll lpk.dll cryptbase.dll uxtheme.dll wintrust.dll sspicli.dll cryptsp.dll ntdll.dll rsaenh.dll imagehlp.dll bcrypt.dll bcryptprimitives.dll ncrypt.dll gpapi.dll api-ms-win-downlevel-shlwapi-l1-1-0.dll cryptnet.dll system.configuration.dll Wldap32.dll SensApi.dll version.dll clbcatq.dll sspicli.dll oleaut32.dll lpk.dll bcryptprimitives.dll kernel.appcore.dll urlmon.dll api-ms-win-downlevel-ole32-l1-1-0.dll api-ms-win-downlevel-shlwapi-l1-1-0.dll api-ms-win-downlevel-advapi32-l1-1-0.dll api-ms-win-downlevel-user32-l1-1-0.dll api-ms-win-downlevel-version-l1-1-0.dll api-ms-win-downlevel-normaliz-l1-1-0.dllnormaliz.dll uxtheme.dll iertutil.dll wininet.dll ntdll.dll usp10.dll ntdll.dll wow64.dll wow64win.dll oleaut32.dll wow64cpu.dll msvcrt.dll kernel32.dll kernel32.dll msvcrt.dll oleaut32.dll kernel32.dll user32.dll kernel32.dll KernelBase.dll msvcrt.dll winbrand.dll user32.dll system.directoryservices.ni.dll msimtf.dll gdi32.dll lpk.dll usp10.dll advapi32.dll sechost.dll rpcrt4.dll sspicli.dll cryptbase.dll imm32.dll msctf.dll apphelp.dll,normal
 quartz.dll ntdll.dll msjet40.dll kernel32.dll kernelbase.dll advapi32.dll msvcrt.dll sechost.dll wtsapi32.dll chrome_child.dll rpcrt4.dll gdi32.dll user32.dll lpk.dll usp10.dll ole32.dll msctf.dll imm32.dll msutb.dll shlwapi.dll imm32.dll kernel32.dll msimg32.dll kernel32.dll wmsgapi.dll wer.dll wtsapi32.dll winmm.dll sspicli.dll sfc_os.dll userenv.dll profapi.dll winsta.dll crypt32.dll shell32.dll sechost.dll cryptbase.dll propsys.dll uxtheme.dll mscoree.dll msasn1.dll msctfmonitor.dll comctl32.dll imm32.dll ntdll.dll secur32.dll dwmapi.dll cryptsp.dll cryptbase.dll rsaenh.dll clbcatq.dll mscorlib.dll oleaut32.dll sspicli.dll wintrust.dll user32.dll imagehlp.dll bcrypt.dll dhcpcsvc.dll api-ms-win-core-profile-l1-1-0.dll bcryptprimitives.dll version.dll credui.dll dui70.dll Microsoft.Office.Tools.v9.0.dll duser.dll system.deployment.dll imageres.dll propsys.dll urlmon.dll iertutil.dll oleacc.dll windowscodecs.dll kernel32.dll Aspnet_perf.dll kernel32.dll authui.dll cryptui.dll gdiplus.dll imecfm.dll xmllite.dll mmdevapi.dll setupapi.dll cfgmgr32.dll devobj.dll rdpendp.dll msacm32.dll slc.dll ksuser.dll avrt.dll audioses.dll msutb.dll,normal
 wow64.dll lpk.dll ntdll.dll kernel32.dll wmsgapi.dll kernelbase.dll advapi32.dll msvcrt.dll sechost.dll rpcrt4.dll gdi32.dll user32.dll lpk.dll winmm.dll imm32.dll msctf.dll usp10.dll msswch.dll winmm.dll ntdll.dll dwmapi.dll ondemandconnroutehelper.dll gdiplus.dll ole32.dll dnsapi.dll gdi32.dll KernelBase.dll oleacc.dll oleaut32.dll Accessibility.ni.dll ntdll.dll shlwapi.dll imm32.dll imm32.dll wmsgapi.dll duser.dll uxtheme.dll imm32.dll msctf.dll cryptbase.dll dui70.dll comctl32.dll xmllite.dll clbcatq.dll tabskb.dll cryptsp.dll rsaenh.dll rpcrtremote.dll atl.dll iertutil.dll cfgmgr32.dll windowscodecs.dll inkobj.dll mmdevapi.dll propsys.dll shell32.dll,normal
 KernelBase.dll ntdll.dll Microsoft.VisualStudio.Tools.Office.Excel.AddInProxy.v9.0.ni.dll kernel32.dll KernelBase.dll msvcrt.dll combase.dll rpcrt4.dll kernel.appcore.dll profapi.dll shell32.dll GdiPlus.dll cryptbase.dll bcryptprimitives.dll clbcatq.dll imm32.dll user32.dll gdi32.dll shlwapi.dll imm32.dll msctf.dll sechost.dll cryptsp.dll rsaenh.dll sechost.dll bcrypt.dll uxtheme.dll IDStore.dll userenv.dll profapi.dll,normal
 ntdll.dll kernel32.dll kernelbase.dll clbcatq.dll advapi32.dll msvcrt.dll comctl32.dll sechost.dll rpcrt4.dll shell32.dll shlwapi.dll gdi32.dll user32.dll lpk.dll usp10.dll imm32.dll msctf.dll mscorlib.ni.dll ole32.dll kernel32.dll cryptbase.dll uxtheme.dll user32.dll propsys.dll rpcrt4.dll oleaut32.dll comctl32.dll System.dll clbcatq.dll ntdll.dll profapi.dll urlmon.dll api-ms-win-downlevel-ole32-l1-1-0.dll api-ms-win-downlevel-shlwapi-l1-1-0.dll lpk.dll api-ms-win-downlevel-advapi32-l1-1-0.dll wow64.dll system.data.oracleclient.dll ws2_32.dll api-ms-win-downlevel-user32-l1-1-0.dll api-ms-win-downlevel-version-l1-1-0.dll version.dll api-ms-win-downlevel-normaliz-l1-1-0.dll normaliz.dll iertutil.dll advapi32.dll wininet.dll userenv.dll secur32.dll System.XML.dll wpdshext.dll sspicli.dll setupapi.dll cfgmgr32.dll devobj.dll mpr.dll PresentationUI.dll ntdll.dll kernel32.dll kernelbase.dll System.Core.ni.dll msctf.dll advapi32.dll msvcrt.dll api-ms-win-core-profile-l1-1-0.dll sechost.dll SensApi.dll gdi32.dll rpcrt4.dll msvcr120_clr0400.dll mscoree.dll sxs.dll msctf.dll ole32.dll gdi32.dll gdiplus.dll SMdiagnostics.dll user32.dll lpk.dll usp10.dll clr.dll oleaut32.dll mso40uiwin32client.dll gdi32full.dll networkexplorer.dll imm32.dll devobj.dll cryptbase.dll msctf.dll sechost.dll sxs.dll cryptbase.dll system.dll KernelBase.dll cryptsp.dll rsaenh.dll version.dll rpcrtremote.dll clbcatq.dll sxs.dll mscoreei.dll wtsapi32.dll cdp.dll mscorwks.dll kernel32.dll msvcrt.dll msvcr80.dll shlwapi.dll riched20.dll shell32.dll profapi.dll mscorlib.ni.dll mscorjit.dll mscorlib.dll mscorlib.dll rpcrt4.dll version.dll mscorlib.dll user32.dll mscorlib.dll mscorsec.dll wintrust.dll crypt32.dll lpk.dll msasn1.dll sechost.dll comctl32.dll apphelp.dll riched20.dll imagehlp.dll ncrypt.dll bcrypt.dll bcryptprimitives.dll crypt32.dll userenv.dll gpapi.dll rpcrt4.dll clr.dll sspicli.dll cryptnet.dll wldap32.dll sensapi.dll imageres.dll kernel32.dll system.ni.dll system.drawing.ni.dll system.windows.forms.ni.dll system.drawing.ni.dll system.xml.ni.dll system.addin.ni.dll microsoft.office.tools.v9.0.dll microsoft.office.tools.v9.0.dll oleacc.dll microsoft.office.tools.v9.0.ni.dll imm32.dll sechost.dll microsoft.office.tools.v9.0.ni.dll microsoft.office.tools.v9.0.ni.dll ntdll.dll kernel32.dll kernelbase.dll ntdll.dll advapi32.dll msvcrt.dll api-ms-win-crt-environment-l1-1-0.dll sechost.dll rpcrt4.dll advapi32.dll msvcr120_clr0400.dll mscoree.dll ole32.dll gdi32.dll user32.dll lpk.dll usp10.dll oleaut32.dll imm32.dll msctf.dll cryptbase.dll wow64.dll cryptsp.dll rsaenh.dll rpcrtremote.dll clbcatq.dll sxs.dll mscoreei.dll mscorwks.dll msvcr80.dll shlwapi.dll oleaut32.dll shell32.dll profapi.dll mscorlib.ni.dll kernel32.dll mscorjit.dll mscorlib.dll mscorlib.dll version.dll mscorlib.dll mscorlib.dll system.ni.dll system.enterpriseservices.ni.dll system.enterpriseservices.dll system.enterpriseservices.dll system.transactions.ni.dll system.transactions.dll system.transactions.dll system.transactions.dll system.transactions.dll system.transactions.dll system.xml.ni.dll system.directoryservices.ni.dll system.runtime.remoting.ni.dll microsoft.visualc.ni.dll system.configuration.ni.dll,normal
 ntdll.dll kernel32.dll KernelBase.dll gdi32.dll user32.dll msvcrt.dll imm32.dll oleaut32.dll combase.dll Microsoft.VisualStudio.Tools.Office.Contract.v9.0.dll msctf.dll rpcrt4.dll system.data.sqlxml.ni.dll uxtheme.dll user32.dll tiptsf.dll dwmapi.dll comctl32.dll ole32.dll user32.dll sechost.dll shlwapi.dll kernel.appcore.dll cryptbase.dll bcryptprimitives.dll clbcatq.dll KernelBase.dll samcli.dll oleacc.dll advapi32.dll shell32.dll shell32.dll version.dll shlwapi.dll system.serviceprocess.ni.dll propsys.dll taskschd.dll profapi.dll system.dll ntmarta.dll dui70.dll version.dll imecfm.dll wer.dll,normal
 ntdll.dll kernel32.dll kernelbase.dll msvcrt.dll conhostv2.dll kernel32.dll combase.dll msvcrt.dll psapi.dll ucrtbase.dll rpcrt4.dll bcryptprimitives.dll gdi32.dll rpcrt4.dll gdi32full.dll user32.dll win32u.dll SensApi.dll imm32.dll usp10.dll oleaut32.dll msvcp_win.dll propsys.dll shlwapi.dll sechost.dll shcore.dll imm32.dll shell32.dll cfgmgr32.dll windows.storage.dll powrprof.dll advapi32.dll shlwapi.dll kernel.appcore.dll spoolss.dll profapi.dll clbcatq.dll clbcatq.dll KernelBase.dll msctf.dll,normal
 ntdll.dll kernel32.dll kernel32.dll kernelbase.dll chrome_elf.dll version.dll msvcrt.dll shell32.dll shlwapi.dll kernelbase.dll usp10.dll version.dll gdi32.dll system.dll user32.dll lpk.dll usp10.dll advapi32.dll sechost.dll msvcrt.dll version.dll rpcrt4.dll winmm.dll api-ms-win-downlevel-ole32-l1-1-0.dll userenv.dll profapi.dll imm32.dll lpk.dll msctf.dll winnsi.dll ole32.dll oleaut32.dll oleacc.dll uiautomationcore.dll psapi.dll wtsapi32.dll wintrust.dll crypt32.dll rtrfiltr.dll msasn1.dll chtbrkr.dll mssprxy.dll cryptbase.dll dwrite.dll cryptbase.dll dxgi.dll comctl32.dll winhttp.dll webio.dll secur32.dll ole32.dll ws2_32.dll sspicli.dll rsaenh.dll cryptbase.dll ntlanman.dll shell32.dll setupapi.dll devobj.dll ws2_32.dll nsi.dll dhcpcsvc.dll cfgmgr32.dll shlwapi.dll d3d11.dll imm32.dll chrome_child.dll dwmapi.dll dbghelp.dll comdlg32.dll ncrypt.dll urlmon.dll wininet.dll winmm.dll iertutil.dll dxva2.dll d3dcompiler_47.dll libglesv2.dll d3d9.dll gdi32.dll d3d8thk.dll libegl.dll vm3dum64_10.dll vm3dum64.dll,normal
 ntdll.dll mscorwks.dll elscore.dll kernel32.dll ntmarta.dll KernelBase.dll advapi32.dll usp10.dll msvcrt.dll sechost.dll rpcrt4.dll msvcr120_clr0400.dll mscoree.dll ole32.dll gdi32.dll user32.dll lpk.dll usp10.dll kbd106.dll oleaut32.dll imm32.dll msctf.dll netapi32.dll fastprox.dll cryptbase.dll cryptsp.dll rsaenh.dll RpcRtRemote.dll msi.dll clbcatq.dll sxs.dll mscoreei.dll msisip.dll mscorwks.dll msvcr80.dll shlwapi.dll shell32.dll profapi.dll mscorlib.ni.dll crypt32.dll System.ni.dll mscorjit.dll mscorlib.dll advapi32.dll mscorlib.dll sspicli.dll version.dll Accessibility.ni.dll mscorlib.dll mscorlib.dll mscorsec.dll wintrust.dll crypt32.dll authui.dll lpk.dll msasn1.dll system.directoryservices.ni.dll kernelbase.dll comctl32.dll riched20.dll imagehlp.dll msctf.dll ncrypt.dll xmllite.dll bcrypt.dll bcryptprimitives.dll userenv.dll gpapi.dll cryptnet.dll Wldap32.dll SensApi.dll SensApi.dll gdi32.dll stdole.dll stdole.dll stdole.ni.dll stdole.ni.dll stdole.ni.dll,normal
 ntdll.dll kernel32.dll KernelBase.dll gdi32.dll user32.dll gdi32.dll lpk.dll usp10.dll msvcrt.dll imm32.dll msctf.dll system.core.dll ole32.dll rpcrt4.dll usp10.dll oleaut32.dll advapi32.dll kernel32.dll ntdll.dll ntdll.dll wow64.dll wow64win.dll System.ServiceModel.Internals.dll mscorjit.dll wow64cpu.dll kernel32.dll sensapi.dll taskflowdataengine.dll user32.dll kernel32.dll kernel32.dll userenv.dll user32.dll kernel32.dll winbrand.dll KernelBase.dll advapi32.dll msvcrt.dll msvcrt.dll smdiagnostics.ni.dll sechost.dll rpcrt4.dll sspicli.dll cryptbase.dll dnsapi.dll ws2_32.dll sspicli.dll nsi.dll imm32.dll nettrace.dll msvcrt.dll winnsi.dll rsaenh.dll shell32.dll dhcpcsvc.dll sechost.dll dhcpcsvc6.dll shell32.dll shlwapi.dll gdi32.dll user32.dll lpk.dll usp10.dll ole32.dll imm32.dll msctf.dll clbcatq.dll oleaut32.dll cryptsp.dll rsaenh.dll RpcRtRemote.dll wevtapi.dll ntdll.dll ntdll.dll oleaut32.dll wow64.dll wow64win.dll wow64cpu.dll system.dll kernel32.dll samcli.dll kernel32.dll imm32.dll kernel32.dll user32.dll nsi.dll kernel32.dll kernel32.dll ntasn1.dll KernelBase.dll nsi.dll msvcrt.dll winbrand.dll rsaenh.dll user32.dll gdi32.dll lpk.dll usp10.dll advapi32.dll sechost.dll rpcrt4.dll sspicli.dll cryptbase.dll imm32.dll msctf.dll apphelp.dll,normal
 searchfolder.dll,normal
 ntdll.dll shlwapi.dll kernel32.dll oleaut32.dll lpk.dll imm32.dll ole32.dll ws2_32.dll rpcrtremote.dll sechost.dll kernel32.dll clbcatq.dll nsi.dll user32.dll netutils.dll msvcrt.dll advapi32.dll msctf.dll gdi32.dll psapi.dll wintrust.dll usp10.dll wldap32.dll rpcrt4.dll rpcrt4.dll cfgmgr32.dll msctf.dll userenv.dll windows.applicationmodel.background.timebroker.dll kernelbase.dll apphelp.dll crypt32.dll profapi.dll apphelp.dll msasn1.dll rpcrtremote.dll winsta.dll cryptbase.dll sspicli.dll secur32.dll cryptdll.dll user32.dll system.addin.dll winhttp.dll wevtapi.dll authz.dll avrt.dll bcrypt.dll wow64cpu.dll netjoin.dll kerberos.dll ntdll.dll shlwapi.dll cryptsp.dll fastprox.dll user32.dll cryptsp.dll mswsock.dll wship6.dll dnsapi.dll uxtheme.dll logoncli.dll System.dll rsaenh.dll edputil.dll bcryptprimitives.dll netutils.dll cryptsvc.dll oleaut32.dll credssp.dll user32.dll gpapi.dll wkssvc.dll nlasvc.dll termsrv.dll user32.dll System.Management.ni.dll msvcp110_win.dll Wldap32.dll winhttp.dll ntmarta.dll wkscli.dll winnsi.dll dhcpcsvc6.dll dhcpcsvc.dll wtsapi32.dll webio.dll rsaenh.dll rasadhlp.dll structuredquery.dll propsys.dll dsrole.dll atl.dll slc.dll es.dll samcli.dll vssapi.dll Microsoft.Office.Tools.Excel.dll vsstrace.dll sspicli.dll dnsrslvr.dll version.dll dnsext.dll cryptnet.dll samlib.dll ntdsapi.dll bdatunepia.dll ncsi.dll ssdpapi.dll esent.dll icaapi.dll lsmproxy.dll regapi.dll rdpcorekmts.dll rdpwsx.dll tlscsp.dll sensapi.dll,normal
 ntdll.dll kernel32.dll kernelbase.dll lpk.dll oleaut32.dll api-ms-win-core-xstate-l2-1-0.dll msvcrt.dll combase.dll rpcrt4.dll user32.dll gdi32.dll shlwapi.dll userenv.dll advapi32.dll sechost.dll sechost.dll msvcr120_clr0400.dll scrrun.dll userenv.dll pdh.dll mscoree.dll mscoreei.dll shlwapi.dll kernel.appcore.dll msvcrt.dll version.dll gdi32.dll mscorsvc.dll ole32.dll fusion.dll bcryptprimitives.dll clbcatq.dll taskschd.dll sspicli.dll xmllite.dll,normal
 ntdll.dll kernel32.dll KernelBase.dll advapi32.dll msctf.dll msvcrt.dll sechost.dll rpcrt4.dll ole32.dll nsi.dll wshqos.dll gdi32.dll user32.dll lpk.dll usp10.dll usp10.dll msvcrt.dll api-ms-win-eventing-controller-l1-1-0.dll rtm.dll imm32.dll msctf.dll usp10.dll wdscore.dll oleaut32.dll shell32.dll shlwapi.dll normaliz.dll dbghelp.dll cryptbase.dll CbsCore.dll version.dll d3d11.dll crypt32.dll msasn1.dll wintrust.dll userenv.dll profapi.dll ktmw32.dll dpx.dll ntdll.dll sechost.dll lpk.dll gdi32.dll imm32.dll dpx.dll dpx.dll ntdll.dll wcp.dll uiautomationtypes.dll DrUpdate.dll setupapi.dll cfgmgr32.dll windowscodecs.dll cryptbase.dll devobj.dll mpr.dll wrpint.dll msvcrt.dll advapi32.dll sxsstore.dll sqmapi.dll winhttp.dll lpk.dll webio.dll winhttp.dll webio.dll SensApi.dll cryptsp.dll windows.security.authentication.onlineid.dll msvcrt.dll cryptsp.dll rsaenh.dll RpcRtRemote.dll clbcatq.dll CbsApi.dll shell32.dll smipi.dll smiengine.dll ntdll.dll ntdll.dll user32.dll wow64.dll wow64win.dll wow64cpu.dll kernel32.dll kernel32.dll kernel32.dll user32.dll kernel32.dll ntdll.dll KernelBase.dll usp10.dll propsys.dll msvcrt.dll winbrand.dll user32.dll gdi32.dll lpk.dll usp10.dll advapi32.dll sechost.dll rpcrt4.dll sspicli.dll cryptbase.dll imm32.dll msctf.dll apphelp.dll,normal
 System.Configuration.ni.dll gdi32.dll ntdll.dll kernel32.dll kernelbase.dll msvcrt.dll ole32.dll gdi32.dll user32.dll tipskins.dll lpk.dll msctf.dll usp10.dll rpcrt4.dll imm32.dll msctf.dll msvcr120_clr0400.dll cryptbase.dll clbcatq.dll advapi32.dll userenv.dll sechost.dll system.web.regularexpressions.ni.dll rsaenh.dll oleaut32.dll cryptsp.dll msvcrt.dll ole32.dll rsaenh.dll rpcrtremote.dll uxtheme.dll thumbcache.dll shell32.dll shlwapi.dll comctl32.dll psapi.dll propsys.dll,normal
 kernel32.dll LocationFrameworkPS.dll deviceaccess.dll wow64win.dll taskschd.dll usoapi.dll wups.dll NetSetupEngine.dll ImplatSetup.dll NetSetupEngine.dll wevtapi.dll gdi32.dll ImplatSetup.dll NetSetupEngine.dll ImplatSetup.dll,normal
 ntdll.dll ntdll.dll wow64.dll wow64win.dll oleacc.dll wow64win.dll wow64cpu.dll kernel32.dll kernel32.dll kernel32.dll gdi32.dll user32.dll kernel32.dll kernelbase.dll gdi32.dll msvcrt.dll winbrand.dll user32.dll gdi32.dll cryptbase.dll oleaut32.dll lpk.dll api-ms-win-core-localization-l1-2-0.dll usp10.dll userenv.dll advapi32.dll sechost.dll system.security.dll rpcrt4.dll sspicli.dll ws2_32.dll cryptbase.dll imm32.dll msctf.dll apphelp.dll,normal
 ntdll.dll ntdll.dll wow64.dll fastprox.dll wow64win.dll imm32.dll wow64cpu.dll secur32.dll kernel32.dll kernel32.dll kernel32.dll usp10.dll user32.dll kernel32.dll rpcrtremote.dll kernelbase.dll wininet.dll kernelbase.dll advapi32.dll dbghelp.dll msvcrt.dll gdi32.dll sechost.dll rpcrt4.dll sspicli.dll cryptbase.dll dnsapi.dll ws2_32.dll kernelbase.dll user32.dll usp10.dll nsi.dll version.dll cryptbase.dll winnsi.dll dsrole.dll dhcpcsvc.dll dhcpcsvc6.dll shell32.dll System.Data.dll shlwapi.dll user32.dll gdi32.dll user32.dll lpk.dll usp10.dll ole32.dll imm32.dll mscoree.dll msctf.dll clbcatq.dll oleaut32.dll microsoft.visualstudio.tools.applications.runtime.v10.0.dll sensapi.dll cryptsp.dll kernel32.dll rsaenh.dll rpcrtremote.dll wevtapi.dll nsi.dll system.windows.forms.ni.dll ucrtbase.dll ntdll.dll uxtheme.dll ntdll.dll wow64.dll sxs.dll wow64win.dll ntdll.dll wow64cpu.dll kernel32.dll kernel32.dll kernel32.dll ntmarta.dll user32.dll kernel32.dll kernelbase.dll msvcrt.dll oleaut32.dll wevtapi.dll kernelbase.dll ole32.dll gdi32.dll user32.dll advapi32.dll sechost.dll rpcrt4.dll sspicli.dll cryptbase.dll lpk.dll devrtl.dll usp10.dll version.dll imm32.dll msctf.dll sxs.dll wevtapi.dll clbcatq.dll vbscript.dll advapi32.dll wintrust.dll ntdll.dll crypt32.dll msasn1.dll apphelp.dll cryptsp.dll rsaenh.dll msisip.dll wshext.dll comctl32.dll shell32.dll rsaenh.dll shlwapi.dll scrobj.dll msi.dll scrrun.dll ntdll.dll winhttp.dll System.ServiceProcess.dll ntdll.dll wow64.dll wow64win.dll wow64cpu.dll kernel32.dll goopdate.dll kernel32.dll kernel32.dll user32.dll sspicli.dll kernel32.dll system.ni.dll kernelbase.dll system.security.dll lpk.dll kernel32.dll msvcrt.dll advapi32.dll smiengine.dll sechost.dll msvcrt.dll sechost.dll rpcrt4.dll sspicli.dll cryptbase.dll dnsapi.dll wow64cpu.dll ole32.dll ws2_32.dll lpk.dll nsi.dll winnsi.dll dhcpcsvc.dll winbrand.dll dhcpcsvc6.dll shell32.dll kernel32.dll shlwapi.dll gdi32.dll user32.dll lpk.dll usp10.dll ole32.dll kernel32.dll imm32.dll msctf.dll clbcatq.dll oleaut32.dll cryptsp.dll api-ms-win-downlevel-shlwapi-l1-1-0.dll rsaenh.dll wow64.dll rpcrtremote.dll wevtapi.dll system.dll usp10.dll ntdll.dll ntdll.dll wow64.dll wow64win.dll lpk.dll wow64cpu.dll oleaut32.dll ntdll.dll kernel32.dll kernel32.dll rpcrt4.dll kernel32.dll api-ms-win-core-threadpool-legacy-l1-1-0.dll user32.dll api-ms-win-crt-string-l1-1-0.dll kernel32.dll kernelbase.dll advapi32.dll kernelbase.dll msvcrt.dll sechost.dll rpcrt4.dll sspicli.dll cryptbase.dll dnsapi.dll ws2_32.dll nsi.dll winnsi.dll rsaenh.dll KernelBase.dll mscoree.dll dnsapi.dll dmcfgutils.dll dhcpcsvc.dll dhcpcsvc6.dll shell32.dll shlwapi.dll gdi32.dll bcryptprimitives.dll user32.dll lpk.dll usp10.dll ole32.dll imm32.dll msctf.dll shcore.dll clbcatq.dll oleaut32.dll cryptsp.dll msctf.dll rsaenh.dll Microsoft.VisualStudio.Tools.Applications.AddInAdapter.v9.0.dll rpcrtremote.dll usp10.dll shlwapi.dll wevtapi.dll ntdll.dll ntdll.dll iphlpsvc.dll Microsoft.VisualStudio.Tools.Applications.AddInAdapter.v9.0.dll wow64.dll wow64win.dll winbrand.dll wow64cpu.dll wow64.dll kernel32.dll kernel32.dll ntdll.dll kernel32.dll user32.dll bitsperf.dll kernel32.dll kernelbase.dll advapi32.dll msvcrt.dll sechost.dll ucrtbase.dll msutb.dll rpcrt4.dll sspicli.dll cryptbase.dll dnsapi.dll imm32.dll sechost.dll ws2_32.dll sxsstore.dll mscoree.dll nsi.dll winnsi.dll dhcpcsvc.dll dhcpcsvc6.dll shell32.dll shlwapi.dll gdi32.dll user32.dll lpk.dll usp10.dll ole32.dll Microsoft.VisualStudio.Tools.Applications.Runtime.v9.0.ni.dll imm32.dll fde.dll msctf.dll sspicli.dll clbcatq.dll usp10.dll oleaut32.dll cryptsp.dll rsaenh.dll rsaenh.dll rpcrtremote.dll wevtapi.dll ntdll.dll kernel32.dll kernelbase.dll gdi32.dll user32.dll lpk.dll usp10.dll msctfmonitor.dll msvcrt.dll cryptsp.dll windows.ui.dll imm32.dll msctf.dll msctf.dll user32.dll ole32.dll rpcrt4.dll oleaut32.dll System.Core.dll usp10.dll ntdll.dll oleaut32.dll ntdll.dll wow64.dll wow64win.dll wow64cpu.dll kernel32.dll kernel32.dll kernel32.dll winrnr.dll user32.dll kernel32.dll kernelbase.dll advapi32.dll msvcrt.dll sechost.dll rpcrt4.dll sspicli.dll cryptbase.dll msctf.dll dnsapi.dll ws2_32.dll shlwapi.dll nsi.dll winnsi.dll dhcpcsvc.dll dhcpcsvc6.dll shell32.dll shlwapi.dll gdi32.dll user32.dll lpk.dll usp10.dll ole32.dll imm32.dll msctf.dll clbcatq.dll oleaut32.dll cryptsp.dll rsaenh.dll mscorlib.ni.dll dwmapi.dll rpcrtremote.dll wevtapi.dll ntdll.dll ntdll.dll imm32.dll wow64.dll crypt32.dll wow64win.dll wow64cpu.dll kernel32.dll kernel32.dll usp10.dll kernel32.dll user32.dll wow64cpu.dll kernel32.dll kernelbase.dll msvcrt.dll winbrand.dll user32.dll gdi32.dll lpk.dll usp10.dll advapi32.dll sechost.dll rpcrt4.dll sspicli.dll cryptbase.dll imm32.dll msctf.dll apphelp.dll,normal
 msvcr120_clr0400.dll api-ms-win-core-errorhandling-l1-1-1.dll ntdll.dll CbsCore.dll avrt.dll kernel32.dll kernelbase.dll msvcrt.dll ole32.dll api-ms-win-downlevel-user32-l1-1-0.dll gdi32.dll api-ms-win-core-processthreads-l1-1-2.dll user32.dll lpk.dll usp10.dll usp10.dll rpcrt4.dll imm32.dll msctf.dll cryptbase.dll clbcatq.dll advapi32.dll microsoft.windows.dns.ni.dll sechost.dll rsaenh.dll oleaut32.dll nsi.dll cryptsp.dll rsaenh.dll rpcrtremote.dll pwrshmsg.dll msasn1.dll uxtheme.dll profapi.dll thumbcache.dll shell32.dll kernel32.dll KernelBase.dll System.Web.RegularExpressions.dll shell32.dll shlwapi.dll comctl32.dll psapi.dll propsys.dll system.windows.forms.dll ntdll.dll usp10.dll ntdll.dll wow64.dll ncrypt.dll lpk.dll wow64win.dll wow64cpu.dll kernel32.dll sspicli.dll kernel32.dll cfgmgr32.dll kernel32.dll user32.dll kernel32.dll kernelbase.dll advapi32.dll msvcrt.dll Microsoft.Management.Infrastructure.CimCmdlets.ni.dll sechost.dll rpcrt4.dll system.configuration.ni.dll sspicli.dll cryptbase.dll msvcr120_clr0400.dll mscoree.dll cscui.dll wshqos.dll ole32.dll gdi32.dll user32.dll system.security.ni.dll lpk.dll usp10.dll oleaut32.dll ubpm.dll imm32.dll api-ms-win-crt-heap-l1-1-0.dll msctf.dll cryptsp.dll rsaenh.dll d3d11.dll rpcrtremote.dll clbcatq.dll sxs.dll KernelBase.dll mscoreei.dll clr.dll shlwapi.dll mscorlib.ni.dll system.management.ni.dll clrjit.dll system.ni.dll system.directoryservices.protocols.ni.dll version.dll wintrust.dll system.directoryservices.protocols.dll system.directoryservices.protocols.dll mscorlib.dll mscorlib.dll system.dll user32.dll imm32.dll system.dll system.xml.ni.dll advapi32.dll system.xml.dll system.xml.dll system.directoryservices.ni.dll system.directoryservices.dll system.directoryservices.dll wevtapi.dll System.dll system.core.ni.dll ntdll.dll windows.storage.dll system.configuration.ni.dll system.configuration.dll system.configuration.dll system.core.dll system.core.dll ntdll.dll ntdll.dll wow64.dll lpk.dll wow64win.dll wow64cpu.dll kernel32.dll clrjit.dll kernel32.dll kernel32.dll system.messaging.ni.dll user32.dll kernel32.dll kernelbase.dll oleaut32.dll advapi32.dll msvcrt.dll msvcr80.dll sechost.dll rpcrt4.dll sspicli.dll cryptbase.dll msvcr120_clr0400.dll lpk.dll shlwapi.dll mscoree.dll user32.dll ole32.dll rsaenh.dll system.design.ni.dll gdi32.dll user32.dll lpk.dll usp10.dll dhcpcsvc.dll oleaut32.dll imm32.dll kernel32.dll msctf.dll cryptsp.dll rsaenh.dll rpcrtremote.dll clbcatq.dll clrjit.dll shell32.dll sxs.dll mscoreei.dll sechost.dll clr.dll shlwapi.dll system.dll mscorlib.ni.dll clrjit.dll system.ni.dll user32.dll kernel32.dll ole32.dll system.core.ni.dll version.dll mscorlib.dll kernel32.dll mscorlib.dll system.web.entity.design.ni.dll clbcatq.dll system.xml.dll ntdll.dll system.dll sechost.dll system.dll system.core.dll system.core.dll system.drawing.ni.dll shlwapi.dll System.Xml.Linq.ni.dll provsvc.dll cryptbase.dll system.drawing.dll system.drawing.dll system.web.entity.ni.dll system.web.entity.dll system.web.entity.dll system.web.ni.dll system.web.dll advapi32.dll nsi.dll system.web.dll system.data.entity.ni.dll ntdll.dll system.data.entity.dll system.data.entity.dll system.windows.forms.ni.dll secur32.dll system.windows.forms.dll system.windows.forms.dll system.design.ni.dll apphelp.dll system.data.ni.dll system.data.dll system.data.dll lpk.dll system.web.services.dll system.data.dll system.configuration.ni.dll msvcrt.dll system.configuration.dll smiengine.dll usp10.dll system.configuration.dll ntdll.dll lpk.dll system.xml.ni.dll crypt32.dll kernel32.dll system.xml.dll system.xml.dll oleacc.dll usp10.dll system.numerics.ni.dll system.numerics.dll system.numerics.dll system.security.ni.dll system.security.dll system.security.dll ntdll.dll ntdll.dll wow64.dll wow64win.dll wow64cpu.dll kernel32.dll kernel32.dll kernel32.dll user32.dll kernel32.dll kernelbase.dll advapi32.dll Magnification.dll msvcrt.dll rpcrt4.dll sechost.dll rpcrt4.dll sspicli.dll cryptbase.dll msvcp_win.dll winbrand.dll ieframe.dll msvcr120_clr0400.dll SensApi.dll mscoree.dll ole32.dll gdi32.dll user32.dll lpk.dll usp10.dll apphelp.dll oleaut32.dll imm32.dll msctf.dll cryptsp.dll rsaenh.dll rpcrtremote.dll clbcatq.dll uxtheme.dll mscorwks.dll sxs.dll mscoreei.dll clr.dll shlwapi.dll mscorlib.ni.dll clrjit.dll system.ni.dll windowsformsintegration.ni.dll version.dll mscorlib.dll mscorlib.dll system.dll system.dll system.xaml.ni.dll system.xaml.dll system.xaml.dll system.core.ni.dll windowsbase.ni.dll presentationcore.ni.dll presentationframework.ni.dll presentationframework.dll presentationframework.dll windowsbase.dll windowsbase.dll system.core.dll system.core.dll presentationcore.dll imm32.dll presentationcore.dll system.drawing.ni.dll system.windows.forms.ni.dll system.windows.forms.dll system.windows.forms.dll system.drawing.dll system.drawing.dll uiautomationprovider.ni.dll uiautomationprovider.dll uiautomationprovider.dll system.configuration.ni.dll system.configuration.dll system.configuration.dll system.xml.ni.dll system.xml.dll system.xml.dll,normal
 ntdll.dll kernel32.dll KernelBase.dll msvcrt.dll rmclient.dll ole32.dll gdi32.dll ntdll.dll advapi32.dll user32.dll version.dll lpk.dll mpr.dll usp10.dll rpcrt4.dll imm32.dll win32u.dll msctf.dll comctl32.dll cryptbase.dll clbcatq.dll advapi32.dll user32.dll sechost.dll oleaut32.dll cryptsp.dll rsaenh.dll RpcRtRemote.dll setupapi.dll uxtheme.dll shell32.dll shlwapi.dll rasadhlp.dll thumbcache.dll propsys.dll comctl32.dll psapi.dll,normal
 ntdll.dll winnsi.dll shell32.dll crypt32.dll ntdll.dll user32.dll ntdll.dll wow64.dll wow64win.dll sechost.dll wow64cpu.dll kernel32.dll kernel32.dll user32.dll shacct.dll ole32.dll msimg32.dll shell32.dll wsock32.dll netutils.dll KernelBase.dll sxs.dll system.security.ni.dll oleaut32.dll system.web.services.dll mscoree.dll msvcrt.dll gdi32.dll user32.dll advapi32.dll sechost.dll cryptbase.dll rpcrt4.dll sspicli.dll cryptbase.dll lpk.dll usp10.dll kernel32.dll msctf.dll version.dll mpr.dll comctl32.dll shlwapi.dll sspicli.dll ws2_32.dll nsi.dll netapi32.dll srvcli.dll wkscli.dll imm32.dll msctf.dll kernel32.dll kernel32.dll,normal
 RpcRtRemote.dll uxtheme.dll ntdll.dll user32.dll ntdll.dll wow64.dll wow64win.dll wow64cpu.dll System.Security.ni.dll kernel32.dll kernel32.dll kernel32.dll oleaut32.dll kernel32.dll user32.dll clbcatq.dll secur32.dll KernelBase.dll wow64.dll msvcrt.dll ole32.dll wcp.dll kernel32.dll gdi32.dll user32.dll advapi32.dll sechost.dll rpcrt4.dll gdi32.dll powrprof.dll ntdll.dll sspicli.dll advapi32.dll cryptbase.dll lpk.dll usp10.dll imm32.dll msctf.dll user32.dll clbcatq.dll oleaut32.dll cryptsp.dll rsaenh.dll shell32.dll shlwapi.dll actxprxy.dll comctl32.dll,normal
 ntdll.dll kernel32.dll kernelbase.dll advapi32.dll system.data.oracleclient.dll msvcrt.dll sechost.dll rpcrt4.dll shell32.dll shlwapi.dll gdi32.dll user32.dll lpk.dll dwmapi.dll advapi32.dll usp10.dll imm32.dll msctf.dll ole32.dll cryptbase.dll certcli.dll uxtheme.dll propsys.dll oleaut32.dll oleaut32.dll user32.dll comctl32.dll wldap32.dll clbcatq.dll wow64cpu.dll ntmarta.dll ole32.dll wldap32.dll msctf.dll profapi.dll urlmon.dll system.transactions.dll cryptbase.dll shlwapi.dll wmsgapi.dll atl.dll api-ms-win-downlevel-ole32-l1-1-0.dll api-ms-win-downlevel-shlwapi-l1-1-0.dll api-ms-win-downlevel-advapi32-l1-1-0.dll api-ms-win-downlevel-user32-l1-1-0.dll api-ms-win-downlevel-version-l1-1-0.dll version.dll api-ms-win-downlevel-normaliz-l1-1-0.dll KernelBase.dll normaliz.dll cryptsp.dll iertutil.dll wininet.dll ntmarta.dll userenv.dll secur32.dll sspicli.dll mpr.dll setupapi.dll cfgmgr32.dll msctf.dll devobj.dll normaliz.dll urlmon.dll api-ms-win-downlevel-ole32-l1-1-0.dll api-ms-win-downlevel-user32-l1-1-0.dll rsaenh.dll api-ms-win-downlevel-version-l1-1-0.dll version.dll api-ms-win-downlevel-normaliz-l1-1-0.dll normaliz.dll iertutil.dll wininet.dll userenv.dll,normal
 ntdll.dll imm32.dll sspicli.dll System.Xml.dll kernel32.dll sechost.dll msctf.dll gpsvc.dll pnrpnsp.dll oleacc.dll ole32.dll lpk.dll advapi32.dll winsta.dll msvcp_win.dll rpcrt4.dll system.drawing.design.ni.dll msvcrt.dll shdocvw.dll user32.dll gdi32.dll usp10.dll KernelBase.dll profapi.dll RpcRtRemote.dll winsta.dll cryptbase.dll apphelp.dll sspicli.dll scext.dll secur32.dll scesrv.dll msasn1.dll srvcli.dll ws2_32.dll nsi.dll authz.dll cryptbase.dll cryptsp.dll mswsock.dll wship6.dll userenv.dll credssp.dll ubpm.dll wtsapi32.dll msv1_0.dll cryptdll.dll esent.dll psapi.dll samlib.dll wow64cpu.dll,normal
 System.Activities.dll System.Drawing.ni.dll ntdll.dll kernelbase.dll imageres.dll gdi32.dll lpk.dll KernelBase.dll winmm.dll usp10.dll msvcrt.dll imm32.dll imm32.dll ntdsapi.dll user32.dll msctf.dll ole32.dll cfgmgr32.dll mscms.dll rpcrt4.dll oleaut32.dll cryptbase.dll clbcatq.dll advapi32.dll sechost.dll kernel32.dll user32.dll wow64win.dll ntdll.dll wow64.dll msvcrt.dll ntdll.dll wow64.dll wow64win.dll ntdll.dll wow64cpu.dll imageres.dll kernel32.dll kernel32.dll kernel32.dll user32.dll kernel32.dll kernelbase.dll msvcrt.dll winbrand.dll user32.dll gdi32.dll lpk.dll usp10.dll advapi32.dll sechost.dll rpcrt4.dll sspicli.dll system.xaml.ni.dll cryptbase.dll imm32.dll msctf.dll apphelp.dll,normal
 ntdll.dll ntdll.dll wow64.dll wow64win.dll sechost.dll wow64cpu.dll kernel32.dll kernel32.dll srvcli.dll clbcatq.dll kernel32.dll rpcrtremote.dll user32.dll kernel32.dll KernelBase.dll advapi32.dll clbcatq.dll user32.dll sechost.dll oleaut32.dll msvcrt.dll ws2_32.dll system.data.services.client.ni.dll sechost.dll rpcrt4.dll sspicli.dll cryptbase.dll System.Printing.ni.dll cryptsp.dll imm32.dll msvcr120_clr0400.dll mssvp.dll mssvp.dll mscoree.dll ole32.dll gdi32.dll user32.dll lpk.dll usp10.dll user32.dll oleaut32.dll mscoreei.dll imm32.dll msctf.dll cryptsp.dll rsaenh.dll RpcRtRemote.dll clbcatq.dll sxs.dll mscoreei.dll oleaut32.dll clr.dll winnsi.dll wer.dll sechost.dll wmiutils.dll ole32.dll system.data.dll imm32.dll shlwapi.dll mscorlib.ni.dll clrjit.dll secur32.dll version.dll mscorlib.dll mscorlib.dll kernel32.dll Microsoft.Powershell.GPowerShell.dll Microsoft.Powershell.GPowerShell.dll System.ni.dll system.xml.ni.dll System.Core.ni.dll WindowsBase.ni.dll PresentationCore.ni.dll PresentationFramework.ni.dll PresentationFramework.dll PresentationFramework.dll WindowsBase.dll clbcatq.dll WindowsBase.dll System.Core.dll user32.dll kernel32.dll System.Core.dll System.dll System.dll PresentationCore.dll PresentationCore.dll System.Xaml.ni.dll System.Xaml.dll System.Xaml.dll Microsoft.PowerShell.Editor.ni.dll System.Management.Automation.dll System.Management.Automation.dll filemgmt.dll cryptsp.dll crypt32.dll System.Xml.ni.dll api-ms-win-downlevel-version-l1-1-0.dll System.Xml.dll oleaut32.dll System.Xml.dll System.Drawing.ni.dll System.Drawing.dll System.Drawing.dll System.Configuration.ni.dll System.Configuration.dll System.Configuration.dll Microsoft.Powershell.GraphicalHost.dll rsaenh.dll Microsoft.Powershell.GraphicalHost.dll System.ComponentModel.Composition.ni.dll System.ComponentModel.Composition.dll System.ComponentModel.Composition.dll Microsoft.PowerShell.Commands.Utility.ni.dll System.Windows.Forms.ni.dll System.Windows.Forms.dll System.Windows.Forms.dll UIAutomationTypes.ni.dll UIAutomationTypes.dll UIAutomationTypes.dll Microsoft.Powershell.ISECommon.dll Microsoft.Powershell.ISECommon.dll System.Runtime.Serialization.ni.dll System.Runtime.Serialization.dll apphelp.dll System.Runtime.Serialization.dll System.Numerics.ni.dll System.Numerics.dll System.Numerics.dll System.Security.ni.dll System.Security.dll System.Security.dll,normal
 ntdll.dll kernel32.dll KernelBase.dll msvcrt.dll ole32.dll wldap32.dll gdi32.dll user32.dll lpk.dll mscorlib.dll accessibility.dll usp10.dll setupapi.dll rpcrt4.dll imm32.dll msctf.dll kernelbase.dll advapi32.dll msvcrt.dll api-ms-win-core-string-l1-1-0.dll cryptbase.dll clbcatq.dll advapi32.dll twinapi.appcore.dll sechost.dll oleaut32.dll cryptsp.dll rsaenh.dll RpcRtRemote.dll uxtheme.dll rsaenh.dll thumbcache.dll shell32.dll shlwapi.dll comctl32.dll psapi.dll propsys.dll,normal
 ntdll.dll kernel32.dll ntdll.dll kernelbase.dll ws2_32.dll wininet.dll SensApi.dll msvcrt.dll comctl32.dll rpcrt4.dll nsi.dll vcruntime140.dll crypt32.dll api-ms-win-crt-runtime-l1-1-0.dll rpcrt4.dll ucrtbase.dll api-ms-win-core-timezone-l1-1-0.dll lpk.dll SensApi.dll api-ms-win-core-file-l2-1-0.dll kernel.appcore.dll api-ms-win-core-localization-l1-2-0.dll api-ms-win-core-synch-l1-2-0.dll api-ms-win-core-processthreads-l1-1-1.dll api-ms-win-core-file-l1-2-0.dll api-ms-win-crt-heap-l1-1-0.dll api-ms-win-crt-string-l1-1-0.dll api-ms-win-crt-stdio-l1-1-0.dll msctf.dll api-ms-win-crt-convert-l1-1-0.dll api-ms-win-crt-math-l1-1-0.dll ole32.dll kernel32.dll api-ms-win-crt-locale-l1-1-0.dll mswsock.dll user32.dll gdi32.dll lpk.dll usp10.dll imm32.dll msctf.dll nlaapi.dll napinsp.dll sechost.dll,HTran
 pnidui.dll ntdll.dll kernel32.dll kernelbase.dll wbemcomn2.dll chrome_elf.dll version.dll msvcrt.dll shell32.dll shlwapi.dll gdi32.dll advapi32.dll ntdll.dll user32.dll netprofm.dll lpk.dll usp10.dll advapi32.dll Wldap32.dll sechost.dll rpcrt4.dll system.core.dll winmm.dll efscore.dll userenv.dll profapi.dll kernel32.dll comctl32.dll presentationcore.dll imm32.dll batt.dll wpdshext.dll msctf.dll winnsi.dll ole32.dll advapi32.dll iertutil.dll oleaut32.dll oleacc.dll uiautomationcore.dll microsoft.management.infrastructure.native.dll psapi.dll wtsapi32.dll wintrust.dll crypt32.dll msasn1.dll dwrite.dll dxgi.dll comctl32.dll winhttp.dll sechost.dll webio.dll secur32.dll sspicli.dll cryptbase.dll dpx.dll combase.dll ws2_32.dll nsi.dll dhcpcsvc.dll chrome_child.dll dwmapi.dll dbghelp.dll comdlg32.dll urlmon.dll wininet.dll iertutil.dll,normal
 mscorlib.ni.dll ntdll.dll ntdll.dll kernel32.dll kernelbase.dll wdscore.dll advapi32.dll kernelbase.dll ws2_32.dll kernelbase.dll cryptbase.dll ws2_32.dll sechost.dll sechost.dll msctf.dll rpcrt4.dll rpcrt4.dll nsi.dll nsi.dll user32.dll vcruntime140.dll vcruntime140.dll ucrtbase.dll winnsi.dll ucrtbase.dll ucrtbase.dll ucrtbase.dll mscorlib.dll mswsock.dll mswsock.dll nsi.dll napinsp.dll sspicli.dll napinsp.dll msvcrt.dll system.dll msvcrt.dll pnrpnsp.dll pnrpnsp.dll system.runtime.remoting.dll thumbcache.dll nlaapi.dll System.Drawing.Design.ni.dll nlaapi.dll user32.dll gdi32.dll imm32.dll msctf.dll dnsapi.dll winrnr.dll wshbth.dll comctl32.dll wshbth.dll fwpuclnt.dll bcrypt.dll bcrypt.dll rasadhlp.dll rasadhlp.dll,HTran
 system.ni.dll ntdll.dll ntdll.dll kernel32.dll npfproxy.dll kernelbase.dll kernelbase.dll ws2_32.dll ws2_32.dll kernel32.dll sechost.dll sechost.dll appidapi.dll rpcrt4.dll rpcrt4.dll nsi.dll nsi.dll mssvp.dll vcruntime140.dll oleaut32.dll vcruntime140.dll ucrtbase.dll ucrtbase.dll oleaut32.dll ucrtbase.dll kernel32.dll ucrtbase.dll mswsock.dll mswsock.dll,HTran
 ntdll.dll kernel32.dll msvcrt.dll kernelbase.dll msvcrt.dll kernel32.dll combase.dll system.data.oracleclient.dll rpcrt4.dll system.security.dll kernel.appcore.dll cryptbase.dll bcryptprimitives.dll clbcatq.dll user32.dll sspicli.dll advapi32.dll usp10.dll gdi32.dll sechost.dll cryptsp.dll rsaenh.dll bcrypt.dll idstore.dll userenv.dll profapi.dll,normal
 sechost.dll fusion.dll ntdll.dll wow64win.dll sechost.dll ntdll.dll devobj.dll wow64.dll wow64win.dll wow64cpu.dll kernel32.dll dwmapi.dll kernel32.dll pautoenr.dll kernel32.dll user32.dll secur32.dll kernel32.dll kernelbase.dll advapi32.dll msvcrt.dll ieui.dll sechost.dll rpcrt4.dll kernel32.dll sspicli.dll cryptbase.dll bdatunepia.dll msvcr120_clr0400.dll gdi32.dll mscoree.dll ole32.dll gdi32.dll user32.dll lpk.dll usp10.dll oleaut32.dll imm32.dll msctf.dll cryptsp.dll rsaenh.dll rpcrtremote.dll oleaut32.dll clbcatq.dll rsaenh.dll sxs.dll wow64cpu.dll mscoreei.dll sechost.dll clr.dll shlwapi.dll npfproxy.dll mscorlib.ni.dll clrjit.dll system.ni.dll System.Reflection.Context.ni.dll kernelbase.dll oleaut32.dll system.core.ni.dll version.dll mscorlib.dll microsoft.visualbasic.activities.compiler.ni.dll msshooks.dll mscorlib.dll system.core.dll system.core.dll system.dll msutb.dll system.dll microsoft.visualbasic.activities.compiler.dll cryptbase.dll microsoft.visualbasic.ni.dll microsoft.powershell.security.dll microsoft.visualbasic.dll microsoft.visualbasic.dll system.xml.ni.dll system.xml.dll system.xml.dll system.numerics.ni.dll system.data.sqlxml.ni.dll system.numerics.dll system.numerics.dll system.security.ni.dll system.security.dll system.security.dll system.configuration.ni.dll system.configuration.dll system.configuration.dll,normal
 ntdll.dll clbcatq.dll kernel32.dll user32.dll kernelbase.dll advapi32.dll msvcrt.dll sechost.dll netapi32.dll rpcrt4.dll lpk.dll bcrypt.dll ole32.dll gdi32.dll imm32.dll user32.dll lpk.dll usp10.dll mpr.dll cryptbase.dll imm32.dll clbcatq.dll msctf.dll wdscore.dll oleaut32.dll shell32.dll shlwapi.dll mintdh.dll dbghelp.dll cryptbase.dll cbscore.dll wersvc.dll version.dll crypt32.dll msasn1.dll wintrust.dll userenv.dll sspicli.dll profapi.dll tquery.dll ktmw32.dll dpx.dll dpx.dll dpx.dll system.web.ni.dll wcp.dll tabskb.dll msctf.dll drupdate.dll setupapi.dll onecorecommonproxystub.dll cfgmgr32.dll devobj.dll mpr.dll wrpint.dll sxsstore.dll microsoft.visualstudio.tools.applications.contract.v9.0.dll sqmapi.dll cryptsp.dll winhttp.dll webio.dll ntdll.dll winhttp.dll webio.dll sensapi.dll cryptsp.dll rsaenh.dll rpcrtremote.dll clbcatq.dll cbsapi.dll smipi.dll smiengine.dll,normal
 system.data.sqlxml.ni.dll mscorjit.dll mshtml.dll msimtf.dll jscript.dll wmiprov.dll msftedit.dll mssvp.dll cryptsp.dll Microsoft.VisualStudio.Tools.Applications.Contract.v9.0.dll kernel.appcore.dll mapi32.dll wpdshext.dll mssvp.dll mapi32.dll,normal
 gdi32full.dll ntdll.dll kernel32.dll KernelBase.dll advapi32.dll msvcrt.dll sechost.dll rpcrt4.dll ntdll.dll ntdll.dll user32.dll gdi32.dll lpk.dll nsi.dll devobj.dll usp10.dll ole32.dll oleaut32.dll msctf.dll comctl32.dll tquery.dll system.data.sqlxml.dll shlwapi.dll imm32.dll msctf.dll msshooks.dll msctf.dll kernel32.dll msasn1.dll mscoree.dll cryptbase.dll rsaenh.dll mscoreei.dll clbcatq.dll cryptsp.dll cryptsp.dll ntdll.dll rsaenh.dll wpdshext.dll RpcRtRemote.dll rsaenh.dll mssprxy.dll ntdll.dll kernel32.dll KernelBase.dll advapi32.dll msvcrt.dll System.Windows.Forms.dll sechost.dll rpcrt4.dll shlwapi.dll user32.dll gdi32.dll lpk.dll cryptsp.dll dnsapi.dll msctf.dll usp10.dll sppcommdlg.dll comctl32.dll kernel32.dll shlwapi.dll imm32.dll msctf.dll imm32.dll ole32.dll lpk.dll oleaut32.dll profapi.dll shell32.dll winbrand.dll slc.dll sppc.dll cryptbase.dll clbcatq.dll cryptsp.dll rsaenh.dll RpcRtRemote.dll sppcomapi.dll sppcext.dll api-ms-win-service-winsvc-l1-1-0.dll Microsoft.Management.Infrastructure.dll mscoreei.dll oleaut32.dll crypt32.dll msasn1.dll WinSCard.dll winhttp.dll ntdll.dll webio.dll system.ni.dll rasapi32.dll pots.dll rasman.dll ws2_32.dll setupapi.dll mscoreei.dll cfgmgr32.dll devobj.dll kernel32.dll mscorjit.dll tapi32.dll msi.dll slwga.dll wtsapi32.dll wevtapi.dll cryptui.dll nsi.dll sxs.dll msvcrt.dll ntdll.dll ntdll.dll wow64.dll wow64win.dll wow64cpu.dll kernel32.dll kernel32.dll kernel32.dll user32.dll ws2_32.dll kernel32.dll KernelBase.dll advapi32.dll usp10.dll advapi32.dll msvcrt.dll sechost.dll rpcrt4.dll sspicli.dll netprofm.dll cryptbase.dll msvcr120_clr0400.dll mscoree.dll ole32.dll gdi32.dll winhttp.dll shell32.dll user32.dll lpk.dll usp10.dll oleaut32.dll imm32.dll msctf.dll cryptsp.dll system.directoryservices.dll rsaenh.dll RpcRtRemote.dll clbcatq.dll msvcp140.dll cryptsp.dll mscorlib.ni.dll sxs.dll mscoreei.dll lpk.dll mscorwks.dll sppcomapi.dll msvcr80.dll api-ms-win-core-datetime-l1-1-1.dll shlwapi.dll kernel32.dll ieframe.dll dnsapi.dll shell32.dll gdi32.dll profapi.dll clbcatq.dll mscorlib.ni.dll mscorjit.dll system.drawing.dll mscorlib.dll mscorlib.dll version.dll mscorlib.dll mscorlib.dll System.AddIn.Contract.ni.dll microsoft.visualstudio.tools.office.hostadapter.v10.0.dll System.AddIn.Contract.dll System.AddIn.Contract.dll System.AddIn.Contract.dll System.AddIn.Contract.dll ntdll.dll ntdll.dll System.Deployment.dll oleaut32.dll sechost.dll wow64.dll wow64win.dll setupapi.dll wow64cpu.dll kernel32.dll kernel32.dll kernel32.dll kernel32.dll gdi32.dll user32.dll kernel32.dll api-ms-win-core-heap-obsolete-l1-1-0.dll version.dll KernelBase.dll advapi32.dll msvcrt.dll sechost.dll rpcrt4.dll system.web.services.dll sspicli.dll cryptbase.dll cryptdll.dll msvcr120_clr0400.dll kernel32.dll wship6.dll setupapi.dll msswch.dll mscoree.dll ole32.dll gdi32.dll ntdll.dll user32.dll lpk.dll usp10.dll msswch.dll oleaut32.dll mscoree.dll user32.dll imm32.dll sspicli.dll msctf.dll shell32.dll cryptsp.dll kernel32.dll wow64.dll rsaenh.dll RpcRtRemote.dll imm32.dll clbcatq.dll sxs.dll mscoreei.dll mscorwks.dll gdi32.dll msvcr80.dll mscorlib.dll shlwapi.dll shell32.dll profapi.dll mscorlib.ni.dll mscorjit.dll mscorlib.dll shlwapi.dll mscorlib.dll version.dll mscorlib.dll user32.dll mscorlib.dll System.ni.dll System.Core.ni.dll System.ComponentModel.DataAnnotations.ni.dll sechost.dll usp10.dll System.Web.ni.dll System.Web.Abstractions.ni.dll System.Web.Extensions.ni.dll microsoft.visualstudio.tools.applications.serverdocument.v10.0.ni.dll System.Web.Routing.ni.dll System.Web.DynamicData.ni.dll ws2_32.dll System.dll System.dll kernel32.dll shell32.dll cfgmgr32.dll ntdll.dll System.dll System.Web.DynamicData.dll System.Web.DynamicData.dll System.Web.DynamicData.dll System.Web.DynamicData.dll System.dll System.Web.dll bcrypt.dll wldp.dll System.Web.dll security.dll System.Web.dll cryptbase.dll kernelbase.dll microsoft.visualstudio.tools.office.appinfodocument.v9.0.ni.dll ntdll.dll System.Web.dll clbcatq.dll System.Web.Routing.dll System.Web.Routing.dll rsaenh.dll System.Web.Routing.dll System.Web.Routing.dll System.Web.Abstractions.dll System.Web.Abstractions.dll System.Web.Abstractions.dll system.data.sqlxml.dll System.Web.Abstractions.dll System.Core.dll System.Core.dll System.Core.dll kernel32.dll System.Core.dll System.Web.Extensions.dll cryptbase.dll System.Web.Extensions.dll System.Web.Extensions.dll System.Web.Extensions.dll System.ComponentModel.DataAnnotations.dll System.ComponentModel.DataAnnotations.dll kernel.appcore.dll System.ComponentModel.DataAnnotations.dll wpdshext.dll cryptbase.dll System.ComponentModel.DataAnnotations.dll System.Data.Linq.ni.dll System.Data.Linq.dll System.Data.Linq.dll wintrust.dll System.Data.Linq.dll System.Data.Linq.dll imagehlp.dll System.Data.Entity.ni.dll System.Data.Entity.dll System.Data.Entity.dll System.Data.Entity.dll system.addin.dll cryptsp.dll System.Data.Entity.dll System.Data.ni.dll System.Data.dll System.Data.dll System.Data.dll System.IdentityModel.Selectors.ni.dll gdi32.dll System.Data.dll System.Data.dll ws2_32.dll nsi.dll crypt32.dll msasn1.dll System.Drawing.ni.dll imm32.dll System.Drawing.dll advapi32.dll System.Drawing.dll system.web.dll System.Drawing.dll System.Drawing.dll System.Xml.Linq.ni.dll System.Xml.Linq.dll tschannel.dll clbcatq.dll System.Xml.Linq.dll System.Xml.Linq.dll System.Xml.Linq.dll msctf.dll System.Xml.ni.dll System.XML.dll System.XML.dll wow64cpu.dll user32.dll System.XML.dll System.XML.dll oleaut32.dll sqmapi.dll gdi32.dll imm32.dll System.Configuration.ni.dll System.configuration.dll System.configuration.dll System.configuration.dll System.configuration.dll System.Security.ni.dll System.Security.dll System.Security.dll System.Security.dll System.Security.dll System.Data.SqlXml.ni.dll System.Data.SqlXml.dll crypt32.dll System.Core.dll kernel32.dll System.Data.SqlXml.dll msvcr120_clr0400.dll kernel32.dll System.Data.SqlXml.dll System.Data.SqlXml.dll System.Web.Services.ni.dll System.Web.Services.dll wow64cpu.dll System.Web.Services.dll System.Web.Services.dll System.Web.Services.dll System.DirectoryServices.ni.dll System.DirectoryServices.dll System.DirectoryServices.dll System.DirectoryServices.dll System.DirectoryServices.dll System.DirectoryServices.Protocols.ni.dll wship6.dll System.DirectoryServices.Protocols.dll ntdll.dll System.DirectoryServices.Protocols.dll System.DirectoryServices.Protocols.dll System.DirectoryServices.Protocols.dll msvcr120_clr0400.dll System.EnterpriseServices.ni.dll System.EnterpriseServices.dll System.EnterpriseServices.dll System.Design.ni.dll msctf.dll msvcrt.dll msvcrt.dll msvcrt.dll System.Design.dll System.Design.dll winmm.dll gdi32.dll version.dll System.ServiceProcess.ni.dll System.ServiceProcess.dll System.Management.ni.dll msvcrt.dll System.ServiceProcess.dll System.Windows.Forms.ni.dll System.Windows.Forms.dll System.Windows.Forms.dll System.Windows.Forms.dll comctl32.dll crypt32.dll System.Windows.Forms.dll cryptnet.dll rpcrt4.dll System.Web.RegularExpressions.ni.dll System.Web.RegularExpressions.dll webio.dll system.xml.dll explorerframe.dll System.Web.RegularExpressions.dll System.Web.RegularExpressions.dll System.Web.RegularExpressions.dll Microsoft.VisualC.ni.dll System.Transactions.ni.dll System.Transactions.dll System.Transactions.dll System.Transactions.dll clbcatq.dll System.Transactions.dll System.Transactions.dll user32.dll System.Runtime.Remoting.ni.dll System.Runtime.Remoting.dll System.Runtime.Remoting.dll System.Runtime.Serialization.Formatters.Soap.ni.dll mscorlib.ni.dll System.Runtime.Serialization.Formatters.Soap.dll System.Runtime.Serialization.Formatters.Soap.dll System.Security.dll msvcp_win.dll System.Drawing.Design.ni.dll System.Drawing.Design.dll System.Drawing.Design.dll System.Data.OracleClient.ni.dll System.Data.OracleClient.dll System.Data.OracleClient.dll system.servicemodel.web.dll System.Data.OracleClient.dll System.Data.OracleClient.dll System.Data.OracleClient.dll Accessibility.ni.dll Accessibility.dll Accessibility.dll Accessibility.dll windows.staterepository.dll mscoreei.dll Accessibility.dll System.Deployment.ni.dll System.Deployment.dll System.Deployment.dll oleaut32.dll System.Deployment.dll System.Deployment.dll System.Configuration.Install.ni.dll System.Configuration.Install.dll System.Configuration.Install.dll System.ServiceModel.ni.dll System.ServiceModel.dll System.ServiceModel.dll System.ServiceModel.dll System.ServiceModel.dll System.Drawing.Design.ni.dll api-ms-win-core-localization-l1-2-0.dll System.Runtime.Serialization.ni.dll advapi32.dll System.Runtime.Serialization.dll gdi32.dll System.Runtime.Serialization.dll System.Runtime.Serialization.dll system.xml.ni.dll System.Runtime.Serialization.dll System.ServiceModel.Web.ni.dll System.ServiceModel.Web.dll System.ServiceModel.Web.dll System.ServiceModel.Web.dll msvcr120_clr0400.dll usp10.dll version.dll System.ServiceModel.Web.dll System.Data.Services.Client.ni.dll kernel32.dll System.Data.Services.Client.dll System.Data.Services.Client.dll System.Data.Services.Client.dll System.Data.Services.Client.dll System.Data.Services.Design.ni.dll System.Data.Services.Design.dll usp10.dll System.Data.Services.Design.dll SMDiagnostics.ni.dll SMdiagnostics.dll SMdiagnostics.dll System.Web.dll SMdiagnostics.dll SMdiagnostics.dll System.IdentityModel.ni.dll System.IdentityModel.dll System.IdentityModel.dll System.IdentityModel.dll System.IdentityModel.dll System.Messaging.ni.dll System.Messaging.dll System.Messaging.dll System.IdentityModel.Selectors.ni.dll System.IdentityModel.Selectors.dll cryptnet.dll System.IdentityModel.Selectors.dll Microsoft.Transactions.Bridge.ni.dll Microsoft.Transactions.Bridge.dll xmllite.dll Microsoft.Transactions.Bridge.dll WindowsBase.ni.dll WindowsBase.dll WindowsBase.dll WindowsBase.dll WindowsBase.dll ntdll.dll ntdll.dll wow64.dll wow64win.dll wow64cpu.dll kernel32.dll kernel32.dll kernel32.dll user32.dll msvcrt.dll ole32.dll lpk.dll kernel32.dll KernelBase.dll advapi32.dll msvcrt.dll secur32.dll sechost.dll rpcrt4.dll sspicli.dll cryptbase.dll msvcr120_clr0400.dll mscoree.dll ole32.dll gdi32.dll user32.dll lpk.dll usp10.dll oleaut32.dll imm32.dll msctf.dll cryptsp.dll rsaenh.dll RpcRtRemote.dll clbcatq.dll sxs.dll mscoreei.dll clr.dll shlwapi.dll mscorlib.ni.dll clrjit.dll diasymreader.dll System.ni.dll System.Core.ni.dll System.Web.Entity.ni.dll version.dll System.Web.Entity.dll System.Web.Entity.dll mscorlib.dll mscorlib.dll System.dll System.dll System.Core.dll System.Core.dll System.Drawing.ni.dll System.Drawing.dll kernelbase.dll System.Drawing.dll System.Web.ni.dll System.Web.dll System.Web.dll System.Web.Extensions.ni.dll System.Web.Extensions.dll System.Web.Extensions.dll System.Data.Entity.ni.dll adtschema.dll System.Data.Entity.dll System.Data.Entity.dll System.Data.ni.dll System.Data.dll System.Data.dll System.Data.dll System.Configuration.ni.dll System.Configuration.dll System.Configuration.dll kernel32.dll System.Xml.ni.dll System.Xml.dll System.Xml.dll System.Numerics.ni.dll System.Numerics.dll System.Numerics.dll System.Security.ni.dll System.Security.dll System.Security.dll,normal
 FntCache.dll lpk.dll ntdll.dll ntdll.dll kernelbase.dll wow64.dll wow64win.dll wow64cpu.dll kernel32.dll kernel32.dll kernel32.dll user32.dll kernel32.dll KernelBase.dll uxtheme.dll clbcatq.dll winbrand.dll advapi32.dll msvcrt.dll gpapi.dll kernel32.dll system.drawing.ni.dll usp10.dll sechost.dll rpcrt4.dll sspicli.dll cryptbase.dll msvcr120_clr0400.dll Accessibility.dll mscoree.dll ole32.dll gdi32.dll user32.dll lpk.dll usp10.dll oleaut32.dll imm32.dll msctf.dll cryptsp.dll msctf.dll rsaenh.dll dnsapi.dll combase.dll RpcRtRemote.dll clbcatq.dll sxs.dll mscoreei.dll rpcrt4.dll mscorwks.dll msvcr80.dll msvcr80.dll shlwapi.dll oleaut32.dll user32.dll shell32.dll gdi32.dll api-ms-win-service-core-l1-1-1.dll profapi.dll mscorlib.ni.dll mscorjit.dll mscorlib.dll mscorlib.dll version.dll mscorlib.dll mscorlib.dll lpk.dll System.ni.dll System.Drawing.ni.dll System.Drawing.dll System.Drawing.dll System.Drawing.dll System.Drawing.dll usp10.dll System.dll System.dll wow64cpu.dll System.dll clbcatq.dll System.dll System.Configuration.ni.dll System.configuration.dll System.configuration.dll System.configuration.dll System.configuration.dll System.Core.ni.dll clbcatq.dll System.Xml.ni.dll System.XML.dll System.XML.dll System.XML.dll System.XML.dll,normal
 ntdll.dll kernel32.dll KernelBase.dll reachframework.ni.dll setupapi.dll setupapi.dll apphelp.dll gdi32.dll user32.dll lpk.dll usp10.dll msvcrt.dll imm32.dll msctf.dll ole32.dll rpcrt4.dll oleaut32.dll cryptbase.dll clbcatq.dll advapi32.dll kernel32.dll wow64.dll sechost.dll ntdll.dll ntdll.dll wow64.dll wow64win.dll wow64cpu.dll oleaut32.dll kernel32.dll kernel32.dll shlwapi.dll kernel32.dll gdi32.dll wmp.dll kernelbase.dll user32.dll kernel32.dll KernelBase.dll oleaut32.dll ole32.dll msvcrt.dll gdi32.dll system.transactions.ni.dll user32.dll wuwebv.dll advapi32.dll sechost.dll rpcrt4.dll sspicli.dll cryptbase.dll lpk.dll usp10.dll msimg32.dll version.dll system.numerics.dll mpr.dll comctl32.dll shlwapi.dll KernelBase.dll shell32.dll wsock32.dll ws2_32.dll duser.dll SensApi.dll napinsp.dll nsi.dll netapi32.dll msctf.dll netutils.dll srvcli.dll wkscli.dll gdi32.dll imm32.dll kernelbase.dll msctf.dll olepro32.dll uxtheme.dll clbcatq.dll propsys.dll profapi.dll msidle.dll bcryptprimitives.dll kernel32.dll profapi.dll system.dll apphelp.dll usp10.dll uiautomationtypes.dll shlwapi.dll setupapi.dll cfgmgr32.dll devobj.dll ntshrui.dll ntshrui.dll ntshrui.dll ntshrui.dll cscapi.dll slc.dll GdiPlus.dll System.Data.OracleClient.dll WindowsCodecs.dll EhStorShell.dll EhStorShell.dll EhStorShell.dll gdi32.dll EhStorShell.dll cryptnet.dll imageres.dll imageres.dll imageres.dll imageres.dll version.dll ntdll.dll kernelbase.dll vcruntime140.dll system.ni.dll imageres.dll imageres.dll msvcrt.dll imageres.dll mshtml.dll imageres.dll microsoft.management.infrastructure.native.dll imageres.dll imageres.dll imageres.dll msvcr120_clr0400.dll imageres.dll wtsapi32.dll winsta.dll ntdll.dll ntdll.dll wow64.dll Microsoft.Office.Interop.Excel.dll wow64win.dll wow64cpu.dll kernel32.dll kernel32.dll kernel32.dll user32.dll gdi32.dll kernel32.dll KernelBase.dll ntprint.dll msvcrt.dll winbrand.dll user32.dll user32.dll gdi32.dll lpk.dll usp10.dll msctf.dll advapi32.dll sechost.dll rpcrt4.dll sspicli.dll cryptbase.dll imm32.dll msctf.dll apphelp.dll,normal
 ntdll.dll ntdll.dll wow64.dll clbcatq.dll wow64win.dll ole32.dll wow64cpu.dll kernel32.dll kernel32.dll system.deployment.dll kernel32.dll user32.dll gdi32.dll kernel32.dll kernelbase.dll imageres.dll kernelbase.dll msvcrt.dll advapi32.dll usp10.dll onecorecommonproxystub.dll winbrand.dll user32.dll gdi32.dll lpk.dll usp10.dll kernel32.dll advapi32.dll sechost.dll rpcrt4.dll sspicli.dll cryptbase.dll imm32.dll msctf.dll apphelp.dll,normal
 cbscore.dll vm3dum64_10.dll ntdll.dll ws2_32.dll mscorlib.dll ntdll.dll wow64.dll sechost.dll wow64win.dll wow64cpu.dll kernel32.dll rsaenh.dll kernel32.dll kernel32.dll user32.dll kernel32.dll kernelbase.dll msvcrt.dll winbrand.dll cryptsp.dll msctf.dll user32.dll gdi32.dll kernel32.dll lpk.dll usp10.dll advapi32.dll sechost.dll rpcrt4.dll sspicli.dll cryptbase.dll imm32.dll msctf.dll dmxmlhelputils.dll apphelp.dll,normal
 ntdll.dll ole32.dll ntdll.dll usp10.dll wow64.dll wow64win.dll wow64cpu.dll kernel32.dll msctf.dll kernel32.dll kernel32.dll user32.dll msvcrt.dll gpsvc.dll kernel32.dll kernel32.dll api-ms-win-downlevel-normaliz-l1-1-0.dll KernelBase.dll mpr.dll advapi32.dll msvcrt.dll ntlanman.dll sechost.dll rpcrt4.dll sspicli.dll cryptbase.dll dnsapi.dll ws2_32.dll mscoree.dll nsi.dll wmsgapi.dll shlwapi.dll winnsi.dll dhcpcsvc.dll dhcpcsvc6.dll shell32.dll shlwapi.dll ole32.dll gdi32.dll ole32.dll user32.dll osfui.dll lpk.dll usp10.dll ole32.dll imm32.dll msctf.dll clbcatq.dll oleaut32.dll cryptsp.dll rsaenh.dll RpcRtRemote.dll wevtapi.dll,normal
 ntdll.dll kernel32.dll kernelbase.dll msvcrt.dll user32.dll profapi.dll gdi32.dll lpk.dll usp10.dll user32.dll System.dll mscorwks.dll ole32.dll imm32.dll apphelp.dll winmm.dll uxtheme.dll oleaut32.dll sechost.dll rpcrt4.dll advapi32.dll rpcrt4.dll clr.dll rpcrt4.dll clbcatq.dll wldap32.dll apphelp.dll user32.dll atl.dll user32.dll wow64.dll mscoree.dll setupapi.dll cfgmgr32.dll devobj.dll cryptsp.dll mscorwks.dll odbc32.dll rsaenh.dll shlwapi.dll msctf.dll secur32.dll cryptbase.dll shell32.dll userenv.dll auxiliarydisplayclassinstaller.dll profapi.dll msiso.dll comctl32.dll kernel32.dll propsys.dll ntmarta.dll ws2_32.dll nsi.dll shdocvw.dll linkinfo.dll rpcrtremote.dll ntshrui.dll ntdll.dll system.configuration.dll system.configuration.ni.dll sechost.dll sensapi.dll srvcli.dll cscapi.dll mswsock.dll user32.dll sechost.dll shlwapi.dll wship6.dll winhttp.dll bcryptprimitives.dll webio.dll winnsi.dll slc.dll mscoreei.dll version.dll wow64win.dll mscorwks.dll mscorwks.dll mscorwks.dll msvcr80.dll mscorlib.ni.dll system.ni.dll gdi32.dll microsoft.powershell.consolehost.ni.dll system.management.automation.ni.dll psapi.dll oleaut32.dll system.core.ni.dll ntdll.dll microsoft.powershell.commands.diagnostics.ni.dll system.configuration.install.ni.dll microsoft.wsman.management.ni.dll system.transactions.ni.dll system.transactions.dll kernel32.dll microsoft.powershell.commands.utility.ni.dll microsoft.powershell.commands.management.ni.dll microsoft.powershell.security.dll System.Windows.Forms.dll microsoft.powershell.security.ni.dll clr.dll msvcrt.dll setupapi.dll culture.dll mscorjit.dll mscorjit.dll usp10.dll system.enterpriseservices.dll system.xml.ni.dll system.management.ni.dll adsldpc.dll system.web.dll shell32.dll system.directoryservices.ni.dll shfolder.dll secur32.dll sspicli.dll system.data.ni.dll system.data.dll coremessaging.dll crypt32.dll msasn1.dll rasapi32.dll presentationframework.dll rasman.dll rtutils.dll dhcpcsvc6.dll dhcpcsvc.dll credssp.dll dnsapi.dll rasadhlp.dll system.security.dll system.security.ni.dll bcrypt.dll wmiutils.dll wbemcomn.dll wbemprox.dll wminet_utils.dll wminet_utils.dll nlaapi.dll napinsp.dll pnrpnsp.dll winrnr.dll wshbth.dll wbemsvc.dll fastprox.dll ntdsapi.dll,empire
 shfolder.dll conhostv2.dll ntdll.dll kernel32.dll KernelBase.dll gdi32.dll user32.dll msisip.dll lpk.dll sechost.dll kernelbase.dll usp10.dll msvcrt.dll imm32.dll msctf.dll ole32.dll rpcrt4.dll oleaut32.dll ntdll.dll kernel32.dll KernelBase.dll gdi32.dll sechost.dll user32.dll lpk.dll usp10.dll msvcrt.dll imm32.dll sxs.dll msctf.dll ole32.dll imm32.dll ole32.dll rpcrt4.dll oleaut32.dll cryptbase.dll clbcatq.dll advapi32.dll sechost.dll ntdll.dll kernel32.dll lsasrv.dll KernelBase.dll gdi32.dll cryptbase.dll System.Windows.Forms.dll user32.dll msvcp_win.dll lpk.dll usp10.dll advapi32.dll msvcrt.dll clbcatq.dll KernelBase.dll imm32.dll msctf.dll ole32.dll rpcrt4.dll ntdll.dll oleaut32.dll kernelbase.dll netutils.dll ntdll.dll kernel32.dll sspicli.dll system.windows.forms.dll KernelBase.dll ntdll.dll wow64.dll wow64win.dll wow64cpu.dll kernel32.dll kernel32.dll kernel32.dll user32.dll SensApi.dll System.Xml.dll msswch.dll kernel32.dll KernelBase.dll advapi32.dll msvcrt.dll ole32.dll sechost.dll RpcRtRemote.dll rpcrt4.dll cryptdll.dll sspicli.dll cryptbase.dll imm32.dll dnsapi.dll system.drawing.design.dll ws2_32.dll System.Runtime.Remoting.ni.dll nsi.dll winnsi.dll dhcpcsvc.dll dhcpcsvc6.dll shell32.dll shlwapi.dll gdi32.dll user32.dll lpk.dll kernel32.dll ucrtbase.dll usp10.dll gdi32.dll ole32.dll imm32.dll msctf.dll system.directoryservices.protocols.dll combase.dll clbcatq.dll rpcrt4.dll oleaut32.dll cryptsp.dll rsaenh.dll RpcRtRemote.dll shlwapi.dll advapi32.dll wevtapi.dll ntdll.dll KernelBase.dll kernel32.dll kernel32.dll KernelBase.dll gdi32.dll user32.dll lpk.dll usp10.dll imm32.dll msvcrt.dll imm32.dll msctf.dll ole32.dll sechost.dll api-ms-win-core-errorhandling-l1-1-1.dll rpcrt4.dll oleaut32.dll cryptbase.dll clbcatq.dll advapi32.dll sechost.dll ntdll.dll kernel32.dll KernelBase.dll gdi32.dll user32.dll lpk.dll usp10.dll wevtapi.dll msvcrt.dll imm32.dll msctf.dll ole32.dll rpcrt4.dll oleaut32.dll cryptbase.dll clbcatq.dll advapi32.dll sechost.dll,normal
 ntdll.dll ntdll.dll ntdll.dll System.Runtime.Remoting.ni.dll wow64.dll wow64win.dll ntdll.dll nsi.dll usp10.dll wow64cpu.dll kernel32.dll kernel32.dll kernel32.dll wow64.dll user32.dll kernel32.dll KernelBase.dll advapi32.dll msvcrt.dll KernelBase.dll threadpoolwinrt.dll sechost.dll comctl32.dll cryptsp.dll rpcrt4.dll wintrust.dll sspicli.dll ntdll.dll cryptbase.dll user32.dll dnsapi.dll ws2_32.dll nsi.dll winnsi.dll dhcpcsvc.dll dhcpcsvc6.dll presentationcore.dll shell32.dll shlwapi.dll gdi32.dll user32.dll lpk.dll usp10.dll ole32.dll imm32.dll msctf.dll clbcatq.dll bcp47mrm.dll oleaut32.dll cryptsp.dll rsaenh.dll RpcRtRemote.dll wevtapi.dll,normal
 msftedit.dll mfperfhelper.dll wpdshext.dll system.configuration.ni.dll audiodev.dll,normal
 ntdll.dll kernel32.dll KernelBase.dll advapi32.dll msvcrt.dll sechost.dll rpcrt4.dll shell32.dll shlwapi.dll gdi32.dll taskschd.dll ole32.dll user32.dll imm32.dll lpk.dll advapi32.dll usp10.dll imm32.dll xmllite.dll imm32.dll msctf.dll clbcatq.dll ole32.dll cryptbase.dll uxtheme.dll lpk.dll propsys.dll kernel32.dll oleaut32.dll comctl32.dll rsaenh.dll clbcatq.dll ntmarta.dll Wldap32.dll eappcfg.dll profapi.dll urlmon.dll api-ms-win-downlevel-ole32-l1-1-0.dll cryptsp.dll api-ms-win-downlevel-shlwapi-l1-1-0.dll api-ms-win-downlevel-advapi32-l1-1-0.dll ntdll.dll api-ms-win-downlevel-user32-l1-1-0.dll System.XML.dll advapi32.dll api-ms-win-downlevel-version-l1-1-0.dll system.configuration.install.ni.dll sensapi.dll version.dll api-ms-win-downlevel-normaliz-l1-1-0.dllnormaliz.dll bcp47langs.dll iertutil.dll wininet.dll userenv.dll secur32.dll sspicli.dll mpr.dll msisip.dll setupapi.dll cfgmgr32.dll devobj.dll urlmon.dll api-ms-win-downlevel-ole32-l1-1-0.dll api-ms-win-downlevel-user32-l1-1-0.dll winbrand.dll api-ms-win-downlevel-version-l1-1-0.dll version.dll api-ms-win-downlevel-normaliz-l1-1-0.dllnormaliz.dll iertutil.dll wininet.dll userenv.dll,normal
 ntdll.dll kernel32.dll kernelbase.dll user32.dll gdi32.dll lpk.dll usp10.dll msvcrt.dll api-ms-win-downlevel-advapi32-l1-1-0.dll oledb32.dll advapi32.dll sechost.dll rpcrt4.dll shell32.dll shlwapi.dll iertutil.dll sechost.dll api-ms-win-downlevel-version-l1-1-0.dll rpcrt4.dll kernel32.dll system.transactions.dll slc.dll version.dll apphelp.dll RacEngn.dll api-ms-win-downlevel-user32-l1-1-0.dll api-ms-win-downlevel-normaliz-l1-1-0.dll ktmw32.dll normaliz.dll api-ms-win-downlevel-shlwapi-l1-1-0.dll imm32.dll msctf.dll api-ms-win-downlevel-shell32-l1-1-0.dll cryptbase.dll rpcrtremote.dll clbcatq.dll ole32.dll tdh.dll shlwapi.dll oleaut32.dll comctl32.dll wow64cpu.dll usp10.dll cryptbase.dll uxtheme.dll api-ms-win-downlevel-ole32-l1-1-0.dll Microsoft.VisualStudio.Tools.Office.Contract.v9.0.dll ntdll.dll urlmon.dll crypt32.dll wininet.dll userenv.dll profapi.dll usp10.dll kernel32.dll api-ms-win-downlevel-normaliz-l1-1-0.dll dwmapi.dll secur32.dll sspicli.dll ieframe.dll ieshims.dll winhttp.dll comdlg32.dll shell32.dll api-ms-win-downlevel-advapi32-l2-1-0.dll ws2_32.dll nsi.dll webio.dll api-ms-win-downlevel-shlwapi-l2-1-0.dll mswsock.dll wship6.dll clbcatq.dll shcore.dll winnsi.dll api-ms-win-crt-locale-l1-1-0.dll cryptsp.dll rsaenh.dll mintdh.dll rpcrtremote.dll netprofm.dll wldap32.dll updatenotificationhelpers.dll nlaapi.dll npmproxy.dll dnsapi.dll rasadhlp.dll ieproxy.dll microsoft.management.infrastructure.cimcmdlets.ni.dll netapi32.dll sndvolsso.dll netutils.dll kernelbase.dll srvcli.dll wkscli.dll apphelp.dll crypt32.dll msasn1.dll msswch.dll winmm.dll ieui.dll windowscodecs.dll oleacc.dll duser.dll dui70.dll netprofm.dll msimg32.dll explorerframe.dll dhcpcsvc6.dll ntdll.dll mscorlib.ni.dll win32u.dll dhcpcsvc.dll propsys.dll System.ComponentModel.Composition.ni.dll setupapi.dll cfgmgr32.dll dnsapi.dll devobj.dll wldap32.dll fntcache.dll mlang.dll riched32.dll ntmarta.dll sxs.dll wshqos.dll wshqos.dll ole32.dll wshqos.dll kernel32.dll wshqos.dll credssp.dll schannel.dll ncrypt.dll ole32.dll gdi32full.dll cryptbase.dll kernel32.dll bcrypt.dll cryptsp.dll cryptbase.dll Wldap32.dll bcryptprimitives.dll wintrust.dll gpapi.dll cryptnet.dll sensapi.dll mssprxy.dll vcruntime140.dll api-ms-win-crt-runtime-l1-1-0.dll ucrtbase.dll api-ms-win-core-timezone-l1-1-0.dll advapi32.dll api-ms-win-core-file-l2-1-0.dll api-ms-win-core-localization-l1-2-0.dll api-ms-win-core-synch-l1-2-0.dll api-ms-win-core-processthreads-l1-1-1.dll api-ms-win-core-file-l1-2-0.dll api-ms-win-crt-string-l1-1-0.dll nsi.dll api-ms-win-crt-heap-l1-1-0.dll api-ms-win-crt-stdio-l1-1-0.dll api-ms-win-crt-convert-l1-1-0.dll MPSSVC.dll xmllite.dll msswch.dll winmm.dll msswch.dll winmm.dll tquery.dll structuredquery.dll linkinfo.dll wevtapi.dll rsaenh.dll samlib.dll ntshrui.dll devobj.dll cscapi.dll System.Deployment.ni.dll rsaenh.dll wow64cpu.dll wpc.dll cryptbase.dll samcli.dll slc.dll msxml3.dll msxml3.dll msxml3.dll spoolss.dll msxml3.dll msxml3.dll msxml3.dll msswch.dll winmm.dll msswch.dll winmm.dll tquery.dll actxprxy.dll ieapfltr.dll msxml6.dll wdscore.dll winshfhc.dll winhttp.dll webio.dll mpoav.dll mpclient.dll,normal
 windows.staterepositoryps.dll windows.staterepositoryps.dll,normal
 ntdll.dll kernel32.dll oleaut32.dll kernelbase.dll ntdll.dll winhttp.dll sspicli.dll gdi32.dll user32.dll lpk.dll advapi32.dll usp10.dll imm32.dll msvcrt.dll msctf.dll wintrust.dll ntdll.dll imm32.dll msctf.dll ole32.dll rpcrt4.dll oleaut32.dll cryptbase.dll clbcatq.dll advapi32.dll sechost.dll ntdll.dll ntdll.dll wow64.dll kernel.appcore.dll wow64win.dll gdi32.dll wow64cpu.dll kernel32.dll kernel32.dll kernel32.dll wdscore.dll user32.dll kernel32.dll kernelbase.dll kernel32.dll msasn1.dll msvcrt.dll winbrand.dll dhcpcsvc.dll user32.dll gdi32.dll lpk.dll usp10.dll advapi32.dll sechost.dll rpcrt4.dll sspicli.dll ntdll.dll cryptbase.dll imm32.dll msctf.dll apphelp.dll,normal
 ntdll.dll kernel32.dll msftedit.dll kernelbase.dll msvcrt.dll conhostv2.dll combase.dll oleaut32.dll wow64.dll ucrtbase.dll user32.dll rpcrt4.dll oleaut32.dll bcryptprimitives.dll napinsp.dll gdi32.dll gdi32full.dll user32.dll d3d11.dll win32u.dll imm32.dll System.Runtime.Remoting.dll oleaut32.dll msvcp_win.dll msisip.dll lpk.dll propsys.dll wow64cpu.dll sechost.dll shcore.dll shell32.dll cfgmgr32.dll windows.storage.dll powrprof.dll advapi32.dll shlwapi.dll kernel.appcore.dll profapi.dll clbcatq.dll msctf.dll,normal
 gdi32.dll clbcatq.dll System.Xml.ni.dll ntdll.dll kernel32.dll kernelbase.dll ws2_32.dll vcruntime140.dll api-ms-win-crt-runtime-l1-1-0.dll BDATunePIA.dll api-ms-win-crt-stdio-l1-1-0.dll api-ms-win-crt-string-l1-1-0.dll api-ms-win-crt-convert-l1-1-0.dll api-ms-win-crt-math-l1-1-0.dll api-ms-win-crt-locale-l1-1-0.dll msshooks.dll microsoft.visualc.ni.dll api-ms-win-crt-heap-l1-1-0.dll rpcrt4.dll nsi.dll ucrtbase.dll mswsock.dll,HTran
 ntdll.dll ntdll.dll advapi32.dll ucrtbase.dll kernel32.dll user32.dll System.Data.dll kernelbase.dll msctf.dll msvcrt.dll kernelbase.dll winnsi.dll sechost.dll sechost.dll rpcrt4.dll rpcrt4.dll ucrtbase.dll ucrtbase.dll combase.dll bcryptprimitives.dll winsatapi.dll bcryptprimitives.dll msctf.dll kernel.appcore.dll kernel.appcore.dll msvcrt.dll msvcrt.dll wow64cpu.dll user32.dll win32u.dll gdi32.dll cryptsp.dll ktmw32.dll gdi32full.dll msvcp_win.dll msvcp_win.dll kernel32.dll webservices.dll webservices.dll wldp.dll wldp.dll shell32.dll crypt32.dll msasn1.dll certadm.dll msasn1.dll wintrust.dll advapi32.dll advapi32.dll oleaut32.dll clipsvc.dll clipsvc.dll winbrand.dll winbrand.dll,normal
 ntdll.dll kernel32.dll KernelBase.dll kernelbase.dll cryptsp.dll SensApi.dll system.drawing.dll gdi32.dll user32.dll certca.dll gdi32full.dll kernel.appcore.dll lpk.dll usp10.dll msvcrt.dll kernel32.dll imm32.dll kernelbase.dll msctf.dll sspicli.dll ole32.dll framedynos.dll rpcrt4.dll oleaut32.dll cryptbase.dll clbcatq.dll advapi32.dll sechost.dll ntdll.dll kernel32.dll smipi.dll kernelbase.dll advapi32.dll windows.storage.applicationdata.dll cryptsp.dll devrtl.dll msvcrt.dll sechost.dll rpcrt4.dll gdi32.dll user32.dll lpk.dll usp10.dll advapi32.dll ole32.dll kernel.appcore.dll msimg32.dll wmsgapi.dll wtsapi32.dll usp10.dll winmm.dll system.transactions.dll userenv.dll profapi.dll winsta.dll crypt32.dll gdi32.dll api-ms-win-core-privateprofile-l1-1-1.dll msasn1.dll msctfmonitor.dll imm32.dll oleaut32.dll version.dll msutb.dll comctl32.dll shlwapi.dll secur32.dll sspicli.dll shell32.dll system.xml.dll cryptbase.dll uxtheme.dll wintrust.dll system.xml.ni.dll cryptsp.dll cryptbase.dll msutb.dll rsaenh.dll imagehlp.dll bcrypt.dll bcryptprimitives.dll ncrypt.dll gpapi.dll cryptnet.dll wldap32.dll sensapi.dll mscorwks.dll version.dll clbcatq.dll oleaut32.dll urlmon.dll kernelbase.dll api-ms-win-downlevel-ole32-l1-1-0.dll api-ms-win-downlevel-shlwapi-l1-1-0.dll api-ms-win-downlevel-advapi32-l1-1-0.dll api-ms-win-downlevel-user32-l1-1-0.dll api-ms-win-downlevel-version-l1-1-0.dll api-ms-win-downlevel-normaliz-l1-1-0.dll normaliz.dll iertutil.dll wininet.dll msctf.dll,normal
 ntdll.dll kernel32.dll KernelBase.dll gdi32.dll mscorjit.dll system.servicemodel.dll user32.dll lpk.dll usp10.dll msvcrt.dll imm32.dll nsi.dll msctf.dll comdlg32.dll ole32.dll system.runtime.remoting.ni.dll bcd.dll rpcrt4.dll oleaut32.dll cryptbase.dll clbcatq.dll advapi32.dll sechost.dll,normal
 ntdll.dll sxs.dll ntdll.dll kernel32.dll wow64.dll wow64win.dll wow64cpu.dll kernel32.dll kernel32.dll wdscore.dll System.Web.dll kernel32.dll wow64cpu.dll ole32.dll dhcpcsvc6.dll user32.dll System.Xml.dll kernel32.dll kernelbase.dll advapi32.dll msvcrt.dll SensApi.dll clbcatq.dll sechost.dll rpcrt4.dll sspicli.dll wmsgapi.dll kernel32.dll cryptbase.dll system.security.dll usp10.dll msvcr120_clr0400.dll mscoree.dll ole32.dll gdi32.dll user32.dll lpk.dll usp10.dll microsoft.powershell.commands.diagnostics.ni.dll usp10.dll oleaut32.dll imm32.dll msctf.dll cryptsp.dll imm32.dll rsaenh.dll rpcrtremote.dll ncrypt.dll clbcatq.dll sxs.dll mscoreei.dll clr.dll shlwapi.dll mscorlib.ni.dll alttab.dll clrjit.dll microsoft.management.infrastructure.native.dll system.dll microsoft.management.infrastructure.native.dll version.dll mscorlib.dll mscorlib.dll dhcpcsvc.dll system.ni.dll microsoft.visualc.ni.dll setupapi.dll system.dll system.dll system.core.ni.dll system.configuration.ni.dll system.configuration.dll system.configuration.dll system.core.dll system.core.dll system.xml.ni.dll system.xml.dll system.xml.dll,normal
 ntdll.dll Microsoft.VisualStudio.Tools.Office.Contract.v9.0.dll crypt32.dll kernel32.dll kernelbase.dll ws2_32.dll sechost.dll rpcrt4.dll vbscript.dll ucrtbase.dll vcruntime140.dll mswsock.dll,HTran
 sensapi.dll powrprof.dll sensapi.dll sensapi.dll sensapi.dll sensapi.dll sensapi.dll msvcr120_clr0400.dll api-ms-win-downlevel-version-l1-1-0.dll user32.dll api-ms-win-core-sysinfo-l1-2-0.dll api-ms-win-downlevel-user32-l1-1-0.dll mshtml.dll iertutil.dll api-ms-win-downlevel-normaliz-l1-1-0.dll normaliz.dll urlmon.dll clbcatq.dll wininet.dll userenv.dll sensapi.dll rdpendp.dll sensapi.dll gdi32full.dll sensapi.dll sensapi.dll advapi32.dll oleaut32.dll wbemdisp.dll kernel32.dll wbemcomn.dll mscorlib.dll ws2_32.dll rpcrt4.dll crypt32.dll wbemprox.dll wmiutils.dll fastprox.dll nsi.dll ntdsapi.dll wbemsvc.dll KernelBase.dll sensapi.dll ieframe.dll combase.dll secur32.dll api-ms-win-downlevel-advapi32-l2-1-0.dll api-ms-win-downlevel-shell32-l1-1-0.dll sensapi.dll sensapi.dll biwinrt.dll sensapi.dll advapi32.dll sensapi.dll sensapi.dll kernel32.dll sensapi.dll rpcrtremote.dll sensapi.dll Microsoft.VisualBasic.Compatibility.Data.ni.dll sensapi.dll usp10.dll sspicli.dll imm32.dll sensapi.dll sensapi.dll sensapi.dll sensapi.dll sensapi.dll sensapi.dll devrtl.dll oleaut32.dll sensapi.dll sensapi.dll sensapi.dll Accessibility.dll sensapi.dll sensapi.dll sensapi.dll system.runtime.serialization.dll sensapi.dll sensapi.dll cryptbase.dll rsaenh.dll sensapi.dll sensapi.dll sensapi.dll sensapi.dll taskschd.dll sensapi.dll sensapi.dll sensapi.dll sensapi.dll msvcr120_clr0400.dll user32.dll sensapi.dll sensapi.dll sensapi.dll networkexplorer.dll sxs.dll networkexplorer.dll system.data.services.ni.dll user32.dll networkexplorer.dll networkexplorer.dll dnsapi.dll drprov.dll ntlanman.dll davclnt.dll davhlpr.dll sensapi.dll sendmail.dll gdi32.dll rpcrt4.dll clbcatq.dll sensapi.dll sensapi.dll gdi32.dll sensapi.dll version.dll sensapi.dll sensapi.dll imagehlp.dll system.runtime.remoting.ni.dll usp10.dll sensapi.dll wow64.dll sensapi.dll sensapi.dll usp10.dll sensapi.dll sensapi.dll ehstorshell.dll sensapi.dll sensapi.dll sensapi.dll sensapi.dll sensapi.dll sensapi.dll sensapi.dll sensapi.dll sensapi.dll actxprxy.dll System.Core.dll rsaenh.dll sensapi.dll kernel32.dll sensapi.dll sensapi.dll profapi.dll sensapi.dll sensapi.dll sensapi.dll sensapi.dll sensapi.dll sensapi.dll sensapi.dll sensapi.dll sensapi.dll sensapi.dll rpcrt4.dll ntdll.dll user32.dll sensapi.dll sensapi.dll sensapi.dll winrnr.dll sensapi.dll sensapi.dll sensapi.dll winnsi.dll sensapi.dll clbcatq.dll sensapi.dll sensapi.dll system.xml.ni.dll sensapi.dll sensapi.dll sensapi.dll sensapi.dll slc.dll sensapi.dll sensapi.dll sensapi.dll sensapi.dll msctf.dll usoapi.dll sensapi.dll sensapi.dll system.serviceprocess.dll sensapi.dll sensapi.dll sensapi.dll Microsoft.MediaCenter.Mheg.dll sensapi.dll sensapi.dll sensapi.dll sensapi.dll sensapi.dll sensapi.dll system.data.oracleclient.ni.dll System.Web.RegularExpressions.ni.dll sensapi.dll sensapi.dll wow64cpu.dll sensapi.dll sensapi.dll sensapi.dll msvcrt.dll KernelBase.dll sensapi.dll wdc.dll sensapi.dll sensapi.dll sensapi.dll sensapi.dll sensapi.dll sensapi.dll sensapi.dll sensapi.dll sensapi.dll sensapi.dll shcore.dll wship6.dll imm32.dll sensapi.dll ntdll.dll sqmapi.dll sensapi.dll msvcp90.dll sensapi.dll sxs.dll sensapi.dll sensapi.dll user32.dll sensapi.dll cryptbase.dll sensapi.dll sensapi.dll sensapi.dll sensapi.dll cryptsp.dll clbcatq.dll lpk.dll ntdll.dll winbrand.dll sensapi.dll clr.dll mscorlib.dll sensapi.dll imm32.dll sensapi.dll sensapi.dll sensapi.dll System.Security.ni.dll sensapi.dll sensapi.dll sensapi.dll sensapi.dll sensapi.dll sensapi.dll sensapi.dll sensapi.dll sensapi.dll gdi32.dll sensapi.dll sensapi.dll sensapi.dll cryptbase.dll sensapi.dll sensapi.dll sensapi.dll sensapi.dll sensapi.dll sensapi.dll sensapi.dll sensapi.dll sensapi.dll sensapi.dll sensapi.dll sensapi.dll devobj.dll sensapi.dll sensapi.dll sensapi.dll win32u.dll sensapi.dll sensapi.dll sensapi.dll sensapi.dll sensapi.dll sensapi.dll sensapi.dll sensapi.dll sensapi.dll sensapi.dll SensApi.dll sensapi.dll system.enterpriseservices.ni.dll sensapi.dll sensapi.dll sensapi.dll sensapi.dll sensapi.dll sensapi.dll sensapi.dll sensapi.dll sensapi.dll sechost.dll sensapi.dll sensapi.dll sensapi.dll sensapi.dll sensapi.dll sensapi.dll sensapi.dll sensapi.dll sensapi.dll shdocvw.dll shdocvw.dll shdocvw.dll shdocvw.dll shell32.dll sensapi.dll sensapi.dll sensapi.dll sensapi.dll sensapi.dll sensapi.dll sensapi.dll sensapi.dll sensapi.dll sensapi.dll sensapi.dll sensapi.dll sensapi.dll sensapi.dll sensapi.dll sensapi.dll ole32.dll,normal
 wow64cpu.dll ntdll.dll kernel32.dll wow64cpu.dll kernelbase.dll gdi32.dll mscms.dll user32.dll bcp47langs.dll lpk.dll System.Drawing.ni.dll winhttp.dll usp10.dll msvcrt.dll imm32.dll rmclient.dll msctf.dll setupapi.dll ole32.dll rpcrt4.dll oleaut32.dll cryptbase.dll clbcatq.dll advapi32.dll sechost.dll gdi32.dll ntdll.dll ntdll.dll wow64.dll wow64win.dll wow64cpu.dll kernel32.dll system.xml.ni.dll kernel32.dll kernel32.dll oleaut32.dll user32.dll ipmiprr.dll wininet.dll kernel32.dll kernelbase.dll msvcrt.dll winbrand.dll user32.dll gdi32.dll lpk.dll dnsapi.dll user32.dll usp10.dll advapi32.dll sechost.dll rpcrt4.dll system.dll sspicli.dll cryptbase.dll imm32.dll msctf.dll apphelp.dll,normal
 msctf.dll api-ms-win-core-libraryloader-l1-1-1.dll ntdll.dll ntdll.dll kernel32.dll kernelbase.dll user32.dll ntdll.dll ntdll.dll gdi32.dll lpk.dll usp10.dll msvcrt.dll msvcrt.dll rpcrt4.dll kernel32.dll rpcrt4.dll oleaut32.dll comsvcs.dll ktmw32.dll wevtapi.dll mydocs.dll wevtapi.dll imm32.dll advapi32.dll msctf.dll msctf.dll cryptbase.dll cryptbase.dll sechost.dll sechost.dll rpcrt4.dll cryptbase.dll sechost.dll advapi32.dll advapi32.dll imm32.dll cryptsp.dll cryptsp.dll rsaenh.dll xmllite.dll rsaenh.dll shlwapi.dll ole32.dll sspicli.dll sspicli.dll system.data.sqlxml.dll rpcrtremote.dll rpcrtremote.dll clbcatq.dll tschannel.dll sqmapi.dll tschannel.dll xmllite.dll xmllite.dll apphelp.dll,normal
 ntdll.dll kernel32.dll kernel32.dll KernelBase.dll advapi32.dll cryptbase.dll msvcrt.dll sechost.dll rpcrt4.dll gdi32.dll user32.dll lpk.dll usp10.dll comdlg32.dll msctf.dll shlwapi.dll comctl32.dll shell32.dll ole32.dll oleaut32.dll version.dll imm32.dll kernel32.dll devobj.dll msctf.dll cryptbase.dll System.Windows.Forms.ni.dll winbrand.dll uxtheme.dll sechost.dll msvcr120_clr0400.dll clbcatq.dll oleacc.dll Microsoft.VisualStudio.Tools.Applications.Contract.v9.0.ni.dll imecfm.dll networkexplorer.dll duser.dll dwmapi.dll xmllite.dll xmllite.dll,normal
 ntdll.dll ws2_32.dll ntdll.dll ntdll.dll msctf.dll schedcli.dll comctl32.dll wow64.dll wow64win.dll wow64cpu.dll kernel32.dll cryptbase.dll kernel32.dll kernelbase.dll kernel32.dll imageres.dll user32.dll KernelBase.dll kernel32.dll kernelbase.dll lpk.dll advapi32.dll msvcrt.dll sechost.dll rpcrt4.dll sspicli.dll cryptbase.dll shcore.dll kernel.appcore.dll dnsapi.dll ws2_32.dll nsi.dll winnsi.dll RpcRtRemote.dll dhcpcsvc.dll dhcpcsvc6.dll clbcatq.dll sspicli.dll shell32.dll shlwapi.dll gdi32.dll usp10.dll user32.dll lpk.dll usp10.dll kernel32.dll ole32.dll imm32.dll wmsgapi.dll msctf.dll clbcatq.dll oleaut32.dll lpk.dll windows.storage.dll cryptsp.dll rsaenh.dll rpcrtremote.dll rpcrtremote.dll wevtapi.dll ntdll.dll kernel32.dll kernelbase.dll gdi32.dll user32.dll lpk.dll usp10.dll msvcrt.dll kernel32.dll imm32.dll msctf.dll ole32.dll rpcrt4.dll oleaut32.dll cryptbase.dll clbcatq.dll winsta.dll SensApi.dll advapi32.dll user32.dll sechost.dll ntdll.dll ntdll.dll wow64.dll wow64win.dll wow64cpu.dll kernel32.dll kernel32.dll shell32.dll usp10.dll kernel32.dll kernel32.dll imageres.dll system.web.dll user32.dll user32.dll kernel32.dll kernelbase.dll advapi32.dll ws2_32.dll msvcrt.dll sechost.dll rpcrt4.dll wow64win.dll smdiagnostics.ni.dll sspicli.dll cryptbase.dll dnsapi.dll ws2_32.dll nsi.dll system.data.sqlxml.dll winnsi.dll dhcpcsvc.dll msctf.dll dhcpcsvc6.dll shell32.dll shlwapi.dll SensApi.dll gdi32.dll msvcrt.dll System.dll user32.dll shlwapi.dll wow64.dll MMDevAPI.dll wevtapi.dll lpk.dll user32.dll usp10.dll ole32.dll imm32.dll msctf.dll clbcatq.dll oleaut32.dll cryptsp.dll rsaenh.dll rpcrtremote.dll wevtapi.dll ntdll.dll ntdll.dll wow64.dll msvcp_win.dll wow64win.dll wow64cpu.dll shlwapi.dll kernel32.dll kernel32.dll nsi.dll kernel32.dll user32.dll kernel32.dll kernelbase.dll msvcrt.dll winbrand.dll user32.dll gdi32.dll lpk.dll usp10.dll advapi32.dll sechost.dll rpcrt4.dll sspicli.dll cryptbase.dll imm32.dll msctf.dll apphelp.dll,normal
 ntdll.dll system.windows.forms.dll ntdll.dll wow64.dll System.Windows.Forms.dll wow64win.dll wow64cpu.dll cryptsp.dll kernel32.dll kernel32.dll kernel32.dll user32.dll kernel32.dll ncrypt.dll kernelbase.dll wpdshext.dll msvcrt.dll winbrand.dll user32.dll ntdll.dll wshbth.dll gdi32.dll System.ServiceProcess.ni.dll lpk.dll usp10.dll advapi32.dll sechost.dll rpcrt4.dll ntmarta.dll sspicli.dll cryptbase.dll imm32.dll msctf.dll apphelp.dll user32.dll,normal
 ntdll.dll user32.dll kernel32.dll kernelbase.dll,normal
 setupapi.dll ntdll.dll kernel32.dll KernelBase.dll rsaenh.dll api-ms-win-core-threadpool-l1-2-0.dll msvcrt.dll KernelBase.dll gdi32.dll MSTTSCommon.dll user32.dll lpk.dll usp10.dll microsoft.mediacenter.tv.tuners.interop.dll msvcrt.dll cryptbase.dll imm32.dll msctf.dll ole32.dll ntdll.dll rpcrt4.dll oleaut32.dll cryptbase.dll clbcatq.dll bcryptprimitives.dll advapi32.dll imm32.dll sechost.dll ntdll.dll kernel32.dll KernelBase.dll usp10.dll gdi32.dll user32.dll user32.dll System.Transactions.dll lpk.dll usp10.dll msvcrt.dll imm32.dll msctf.dll ole32.dll rpcrt4.dll oleaut32.dll advapi32.dll igd10iumd64.dll clbcatq.dll cryptbase.dll msisip.dll clbcatq.dll System.Runtime.DurableInstancing.ni.dll advapi32.dll sechost.dll ntdll.dll mscorwks.dll kernel32.dll KernelBase.dll gdi32.dll user32.dll sxs.dll wow64win.dll lpk.dll usp10.dll ntshrui.dll msvcrt.dll kernelbase.dll imm32.dll msctf.dll ole32.dll rpcrt4.dll oleaut32.dll wow64.dll cryptbase.dll clbcatq.dll system.data.oracleclient.dll gpapi.dll advapi32.dll advapi32.dll sechost.dll ntdll.dll ntdll.dll wow64.dll wow64win.dll wow64cpu.dll kernel32.dll kernel32.dll kernel32.dll StructuredQuery.dll user32.dll kernel32.dll cryptbase.dll KernelBase.dll advapi32.dll msvcrt.dll sechost.dll ntdll.dll rpcrt4.dll sspicli.dll cryptbase.dll dnsapi.dll user32.dll ws2_32.dll mssvp.dll nsi.dll winnsi.dll dhcpcsvc.dll dhcpcsvc6.dll shell32.dll shlwapi.dll gdi32.dll user32.dll lpk.dll usp10.dll system.web.dll netprofm.dll ole32.dll imm32.dll cfgmgr32.dll gdi32.dll user32.dll System.ni.dll msctf.dll clbcatq.dll oleaut32.dll cryptsp.dll rsaenh.dll RpcRtRemote.dll wevtapi.dll ntdll.dll kernel32.dll advapi32.dll KernelBase.dll oleaut32.dll gdi32.dll oleaut32.dll user32.dll system.security.ni.dll lpk.dll usp10.dll msvcrt.dll dnsapi.dll imm32.dll gdi32.dll imm32.dll msctf.dll ole32.dll System.Deployment.dll rpcrt4.dll oleaut32.dll cryptbase.dll clbcatq.dll kernel32.dll advapi32.dll sechost.dll ntdll.dll rasapi32.dll ntdll.dll wow64.dll kernelbase.dll wow64win.dll wow64cpu.dll kernel32.dll kernel32.dll oleacc.dll bcrypt.dll kernel32.dll user32.dll kernel32.dll KernelBase.dll msvcrt.dll winbrand.dll user32.dll gdi32.dll lpk.dll usp10.dll advapi32.dll sechost.dll rpcrt4.dll sspicli.dll cryptbase.dll imm32.dll msctf.dll apphelp.dll,normal
 ntdll.dll kernel32.dll KernelBase.dll ole32.dll msvcrt.dll ole32.dll gdi32.dll user32.dll lpk.dll usp10.dll sechost.dll rpcrt4.dll imm32.dll msctf.dll cryptbase.dll clbcatq.dll advapi32.dll mscoreei.dll system.xml.dll gpapi.dll sechost.dll oleaut32.dll cryptsp.dll rsaenh.dll RpcRtRemote.dll uxtheme.dll shell32.dll shlwapi.dll comctl32.dll psapi.dll kernel32.dll propsys.dll system.data.sqlxml.dll thumbcache.dll lpk.dll fusion.dll ntdll.dll ntdll.dll wow64.dll user32.dll wow64win.dll wow64cpu.dll sechost.dll kernel32.dll kernel32.dll kernel32.dll user32.dll kernel32.dll apphelp.dll KernelBase.dll msvcrt.dll gdi32.dll winbrand.dll user32.dll mscorwks.dll ole32.dll gdi32.dll lpk.dll wmsgapi.dll ntmarta.dll usp10.dll cfgmgr32.dll advapi32.dll kernel32.dll sechost.dll rpcrt4.dll sspicli.dll cryptbase.dll winbrand.dll imm32.dll msctf.dll apphelp.dll,normal
 ntdll.dll,normal
 ntdll.dll kernel32.dll kernelbase.dll advapi32.dll msvcrt.dll sechost.dll sspicli.dll rpcrt4.dll kernelbase.dll oleaut32.dll KernelBase.dll msvcp_win.dll ucrtbase.dll cryptnet.dll combase.dll ole32.dll bcryptprimitives.dll ntdll.dll ole32.dll System.DirectoryServices.Protocols.dll gdi32.dll System.Data.dll gdi32full.dll user32.dll win32u.dll crypt32.dll rpcrtremote.dll shell32.dll system.transactions.dll msasn1.dll wintrust.dll mpclient.dll secur32.dll slc.dll bcrypt.dll sppc.dll sspicli.dll version.dll userenv.dll lpk.dll profapi.dll gpapi.dll,normal
 ntdll.dll imm32.dll advapi32.dll ntdll.dll wow64.dll wow64win.dll wow64cpu.dll kernel32.dll kernel32.dll kernel32.dll user32.dll netprofm.dll kernel32.dll sensapi.dll KernelBase.dll advapi32.dll msvcrt.dll sechost.dll dwmapi.dll oleaut32.dll rpcrt4.dll sspicli.dll cryptbase.dll dnsapi.dll clrjit.dll ws2_32.dll System.Data.OracleClient.dll sechost.dll comctl32.dll nsi.dll msctf.dll profapi.dll winnsi.dll dhcpcsvc.dll dhcpcsvc6.dll shell32.dll cryptsp.dll shlwapi.dll gdi32.dll usp10.dll urlmon.dll rpcrtremote.dll user32.dll lpk.dll kernel32.dll usp10.dll ole32.dll imm32.dll advapi32.dll rpcrtremote.dll ws2_32.dll System.Web.dll tlscsp.dll cryptsp.dll msctf.dll clbcatq.dll oleaut32.dll cryptsp.dll rsaenh.dll RpcRtRemote.dll wevtapi.dll ntdll.dll mscoreei.dll kernel32.dll KernelBase.dll gdi32.dll user32.dll ole32.dll lpk.dll usp10.dll msvcrt.dll clbcatq.dll cryptbase.dll imm32.dll msctf.dll sechost.dll ncrypt.dll ole32.dll rpcrt4.dll oleaut32.dll cryptbase.dll shell32.dll twext.dll clbcatq.dll advapi32.dll sechost.dll ntdll.dll kernel32.dll KernelBase.dll SensApi.dll user32.dll gdi32.dll user32.dll lpk.dll usp10.dll msvcrt.dll api-ms-win-downlevel-version-l1-1-0.dll imm32.dll msctf.dll ole32.dll rpcrt4.dll oleaut32.dll cryptbase.dll clbcatq.dll advapi32.dll sechost.dll ntdll.dll kernel32.dll KernelBase.dll gdi32.dll user32.dll lpk.dll usp10.dll msvcrt.dll imm32.dll msctf.dll ole32.dll rpcrt4.dll oleaut32.dll,normal
 lpk.dll ntdll.dll ole32.dll kernel32.dll sechost.dll KernelBase.dll advapi32.dll msvcrt.dll sechost.dll rpcrt4.dll gdi32.dll user32.dll wbemprox.dll lpk.dll usp10.dll ole32.dll cryptsp.dll msimg32.dll wmsgapi.dll wtsapi32.dll winmm.dll userenv.dll profapi.dll rpcrt4.dll winsta.dll crypt32.dll msasn1.dll nsi.dll MsCtfMonitor.dll msctf.dll imm32.dll msutb.dll comctl32.dll webio.dll ntdll.dll shlwapi.dll secur32.dll SensApi.dll sspicli.dll shell32.dll ole32.dll wintrust.dll cryptbase.dll mscoree.dll imm32.dll uxtheme.dll wow64.dll gdi32full.dll oleaut32.dll wintrust.dll cryptsp.dll cryptbase.dll msctf.dll rsaenh.dll imagehlp.dll bcrypt.dll shlwapi.dll bcryptprimitives.dll ncrypt.dll kernel32.dll gpapi.dll ntdll.dll cryptnet.dll Wldap32.dll SensApi.dll version.dll clbcatq.dll oleaut32.dll urlmon.dll api-ms-win-downlevel-ole32-l1-1-0.dll api-ms-win-downlevel-shlwapi-l1-1-0.dll api-ms-win-downlevel-advapi32-l1-1-0.dll api-ms-win-downlevel-user32-l1-1-0.dll api-ms-win-downlevel-version-l1-1-0.dll api-ms-win-downlevel-normaliz-l1-1-0.dllnormaliz.dll iertutil.dll wininet.dll,normal
 ntdll.dll rpcrt4.dll kernel32.dll KernelBase.dll gdi32.dll user32.dll secur32.dll lpk.dll usp10.dll msvcrt.dll imm32.dll msctf.dll kernel32.dll kernel32.dll ole32.dll shcore.dll rpcrt4.dll oleaut32.dll,normal
 ntdll.dll kernel32.dll msvcrt.dll KernelBase.dll advapi32.dll msvcrt.dll sechost.dll rpcrt4.dll gdi32.dll user32.dll lpk.dll logoncli.dll usp10.dll ole32.dll msimg32.dll wmsgapi.dll wtsapi32.dll winmm.dll userenv.dll profapi.dll winsta.dll shlwapi.dll apphelp.dll crypt32.dll msasn1.dll MsCtfMonitor.dll msctf.dll vm3dum64_10.dll imm32.dll user32.dll msutb.dll comctl32.dll windows.internal.ui.logon.proxystub.dll shlwapi.dll secur32.dll sspicli.dll shell32.dll cryptbase.dll wintrust.dll cryptsp.dll rsaenh.dll uxtheme.dll advapi32.dll ntdll.dll imagehlp.dll termsrv.dll bcrypt.dll sechost.dll duser.dll bcryptprimitives.dll ncrypt.dll kernel32.dll gpapi.dll cryptnet.dll Wldap32.dll mlang.dll SensApi.dll user32.dll gdi32.dll usp10.dll system.deployment.dll setupapi.dll cfgmgr32.dll oleaut32.dll msvcp110_win.dll devobj.dll cabinet.dll eppmanifest.dll devrtl.dll version.dll clbcatq.dll oleaut32.dll urlmon.dll wininet.dll iertutil.dll,normal
 sechost.dll ntdll.dll oleaut32.dll ntdll.dll kernel32.dll kernelbase.dll lpk.dll security.dll kernelbase.dll apphelp.dll user32.dll msvcr120_clr0400.dll msvcrt.dll msvcrt.dll System.Web.DynamicData.Design.ni.dll shlwapi.dll kernel.appcore.dll oleaut32.dll gdi32.dll combase.dll rpcrt4.dll Wldap32.dll rpcrt4.dll imm32.dll msctf.dll ole32.dll sechost.dll sechost.dll shlwapi.dll kernel32.dll kernel.appcore.dll sechost.dll kernel.appcore.dll sechost.dll cryptbase.dll cryptbase.dll bcryptprimitives.dll bcryptprimitives.dll uxtheme.dll uxtheme.dll system.configuration.ni.dll clbcatq.dll cryptsp.dll cryptsp.dll rsaenh.dll rsaenh.dll bcrypt.dll bcrypt.dll propsys.dll propsys.dll,normal
 lpk.dll microsoft.powershell.consolehost.ni.dll ntdll.dll ntdll.dll wow64.dll System.Data.dll kernel32.dll wow64win.dll wow64cpu.dll kernel32.dll idstore.dll kernel32.dll kernel32.dll user32.dll kernel32.dll KernelBase.dll msvcrt.dll winbrand.dll user32.dll gdi32.dll lpk.dll usp10.dll oleaut32.dll advapi32.dll shlwapi.dll sechost.dll user32.dll cryptsp.dll rpcrt4.dll sspicli.dll cryptbase.dll webservices.dll imm32.dll msctf.dll apphelp.dll,normal
 ondemandconnroutehelper.dll,normal
 ntdll.dll kernel32.dll api-ms-win-core-string-obsolete-l1-1-0.dll bcryptprimitives.dll kernelbase.dll chrome_elf.dll version.dll nsi.dll msvcrt.dll apphelp.dll shell32.dll shlwapi.dll gdi32.dll user32.dll lpk.dll propsys.dll rpcrtremote.dll usp10.dll advapi32.dll fusion.dll sechost.dll rpcrt4.dll msctf.dll clbcatq.dll winmm.dll profapi.dll imm32.dll msctf.dll uxtheme.dll cryptbase.dll dwmapi.dll userenv.dll,normal
 msvcr120_clr0400.dll gdi32.dll mscoree.dll user32.dll auditcse.dll Microsoft.VisualStudio.Tools.Applications.AddInAdapter.v9.0.dll system.data.sqlxml.dll mscoreei.dll version.dll clr.dll atl.dll clr.dll taskschd.dll msctf.dll ntdll.dll clbcatq.dll ntdll.dll microsoft.management.infrastructure.dll kernel32.dll winsta.dll KernelBase.dll msvcrt.dll advapi32.dll sechost.dll rpcrt4.dll shlwapi.dll msvcrt.dll gdi32.dll user32.dll lpk.dll usp10.dll kernel.appcore.dll ole32.dll oleaut32.dll imm32.dll sspicli.dll cryptbase.dll fusion.dll mscorsvc.dll,normal
 taskschd.dll xmllite.dll,normal
 ntdll.dll ntdll.dll msvcrt.dll kernel32.dll wow64.dll wow64win.dll wow64cpu.dll apprepsync.dll kernel32.dll kernel32.dll kernel32.dll user32.dll kernel32.dll mscorlib.dll KernelBase.dll advapi32.dll msvcrt.dll wbemcomn.dll KernelBase.dll sechost.dll rpcrt4.dll sspicli.dll cryptbase.dll clr.dll dnsapi.dll ws2_32.dll clbcatq.dll rpcrt4.dll nsi.dll winnsi.dll version.dll dhcpcsvc.dll portabledevicesyncprovider.dll dhcpcsvc6.dll shell32.dll shlwapi.dll gdi32.dll user32.dll lpk.dll apphelp.dll secur32.dll wups2.dll usp10.dll ole32.dll shlwapi.dll system.data.oracleclient.dll System.Runtime.Serialization.dll imm32.dll profapi.dll msctf.dll clbcatq.dll oleaut32.dll cryptsp.dll rsaenh.dll RpcRtRemote.dll wevtapi.dll synceng.dll ntdll.dll kernel32.dll KernelBase.dll threadpoolwinrt.dll rpcrt4.dll gdi32.dll user32.dll lpk.dll usp10.dll rsaenh.dll msvcrt.dll imm32.dll msctf.dll es.dll ntdll.dll mscorlib.dll ole32.dll System.AddIn.Contract.dll rpcrt4.dll framedynos.dll oleaut32.dll cryptbase.dll clbcatq.dll advapi32.dll sechost.dll version.dll ntdll.dll kernel32.dll KernelBase.dll rsaenh.dll gdi32.dll ntdll.dll user32.dll MMFUtil.dll apphelp.dll lpk.dll usp10.dll sechost.dll msvcrt.dll advapi32.dll sechost.dll imm32.dll msctf.dll ole32.dll rpcrt4.dll oleaut32.dll cryptbase.dll clbcatq.dll advapi32.dll sechost.dll ntdll.dll clbcatq.dll ntdll.dll wow64.dll wow64win.dll wow64cpu.dll wow64win.dll kernel32.dll kernel32.dll kernel32.dll authui.dll user32.dll kernel32.dll KernelBase.dll msvcrt.dll winbrand.dll user32.dll gdi32.dll lpk.dll usp10.dll advapi32.dll sechost.dll rpcrt4.dll sspicli.dll cryptbase.dll imm32.dll msctf.dll apphelp.dll,normal
 kernel32.dll ntdll.dll kernel32.dll kernelbase.dll ieframe.dll advapi32.dll gdi32.dll rpcrt4.dll msvcrt.dll sechost.dll user32.dll rpcrt4.dll pnpts.dll user32.dll gdi32.dll kernel32.dll lpk.dll lpk.dll usp10.dll mpr.dll ole32.dll oleaut32.dll secur32.dll sspicli.dll mscorlib.ni.dll ws2_32.dll authui.dll nsi.dll netapi32.dll netutils.dll srvcli.dll wkscli.dll sechost.dll gpapi.dll logoncli.dll framedynos.dll wtsapi32.dll ntdsapi.dll version.dll slc.dll usp10.dll imm32.dll msctf.dll cryptbase.dll clbcatq.dll wbemprox.dll wbemcomn.dll,normal
 clbcatq.dll ntdll.dll ntdll.dll oleaut32.dll wow64.dll wow64win.dll wow64cpu.dll kernel32.dll system.deployment.dll kernel32.dll kernel32.dll user32.dll rtutils.dll kernel32.dll api-ms-win-downlevel-shlwapi-l2-1-0.dll microsoft.visualstudio.tools.applications.runtime.v9.0.dll cryptbase.dll KernelBase.dll npmproxy.dll msvcrt.dll winbrand.dll user32.dll gdi32.dll profapi.dll lpk.dll lpk.dll usp10.dll advapi32.dll sechost.dll rpcrt4.dll sspicli.dll cryptbase.dll imm32.dll msctf.dll apphelp.dll,normal
 rpcrt4.dll ntdll.dll ntdll.dll wow64.dll wow64win.dll wow64cpu.dll kernel32.dll kernel32.dll nsi.dll ntdll.dll kernel32.dll user32.dll kernel32.dll KernelBase.dll dwmredir.dll shlwapi.dll advapi32.dll msvcrt.dll sechost.dll rpcrt4.dll sspicli.dll shlwapi.dll sechost.dll cryptbase.dll dnsapi.dll ws2_32.dll kernel32.dll nsi.dll winnsi.dll dhcpcsvc.dll dhcpcsvc6.dll shell32.dll gdi32.dll shlwapi.dll gdi32.dll user32.dll lpk.dll wow64win.dll usp10.dll rpcrt4.dll user32.dll ole32.dll imm32.dll msctf.dll clbcatq.dll ws2_32.dll oleaut32.dll cryptsp.dll rsaenh.dll RpcRtRemote.dll system.dll wevtapi.dll kernel32.dll ntdll.dll kernel32.dll KernelBase.dll advapi32.dll msvcrt.dll sechost.dll rpcrt4.dll ole32.dll gdi32.dll user32.dll lpk.dll usp10.dll imm32.dll msctf.dll scrrun.dll wdscore.dll shell32.dll secur32.dll oleaut32.dll shell32.dll shlwapi.dll dbghelp.dll rpcrt4.dll cryptbase.dll nsi.dll system.drawing.dll CbsCore.dll version.dll crypt32.dll msvcrt.dll msasn1.dll wintrust.dll userenv.dll profapi.dll ktmw32.dll dpx.dll dpx.dll msasn1.dll rsaenh.dll dpx.dll wcp.dll DrUpdate.dll setupapi.dll cfgmgr32.dll devobj.dll mpr.dll user32.dll sechost.dll wrpint.dll sxsstore.dll sqmapi.dll kernel32.dll winhttp.dll webio.dll winhttp.dll webio.dll SensApi.dll cryptsp.dll rsaenh.dll RpcRtRemote.dll RpcRtRemote.dll rpcrt4.dll clbcatq.dll kernel32.dll CbsApi.dll msi.dll lpk.dll gdi32.dll smipi.dll sechost.dll smiengine.dll wow64win.dll ntdll.dll kernel32.dll KernelBase.dll advapi32.dll msvcrt.dll system.data.oracleclient.dll sechost.dll rpcrt4.dll wshqos.dll ole32.dll gdi32.dll api-ms-win-core-privateprofile-l1-1-1.dll user32.dll lpk.dll usp10.dll imm32.dll msctf.dll Win32_Tpm.dll gdi32.dll System.dll system.data.dll wdscore.dll oleaut32.dll shell32.dll shlwapi.dll system.data.sqlxml.dll sxs.dll dbghelp.dll system.security.dll user32.dll advapi32.dll cryptbase.dll CbsCore.dll ole32.dll version.dll kernelbase.dll nsi.dll crypt32.dll msasn1.dll netprofm.dll shlwapi.dll wintrust.dll userenv.dll profapi.dll wkscli.dll ktmw32.dll dpx.dll dpx.dll system.data.dll dpx.dll wcp.dll DrUpdate.dll mscorlib.ni.dll setupapi.dll sechost.dll cfgmgr32.dll msswch.dll devobj.dll mpr.dll wrpint.dll sxsstore.dll sqmapi.dll System.Transactions.dll winhttp.dll webio.dll winhttp.dll webio.dll cryptsp.dll SensApi.dll osfproxy.dll ole32.dll cryptsp.dll rsaenh.dll RpcRtRemote.dll clbcatq.dll CbsApi.dll user32.dll smipi.dll rpcrt4.dll smiengine.dll user32.dll ntdll.dll shlwapi.dll kernel32.dll KernelBase.dll uiautomationprovider.ni.dll gdi32.dll wevtapi.dll user32.dll lpk.dll sspicli.dll kernel32.dll advapi32.dll rpcrt4.dll usp10.dll msvcrt.dll sechost.dll imm32.dll system.core.ni.dll imm32.dll rsaenh.dll msctf.dll ole32.dll clbcatq.dll rpcrt4.dll oleaut32.dll api-ms-win-downlevel-version-l1-1-0.dll cryptbase.dll clbcatq.dll cryptui.dll wldap32.dll advapi32.dll sechost.dll kernelbase.dll oleaut32.dll ntdll.dll ntdll.dll wow64.dll wow64win.dll wow64cpu.dll kernel32.dll appxstreamingdatasourceps.dll kernel32.dll kernel32.dll user32.dll kernel32.dll KernelBase.dll crypt32.dll advapi32.dll msvcrt.dll sechost.dll rpcrt4.dll sspicli.dll cryptbase.dll mscorlib.ni.dll system.ni.dll dnsapi.dll ws2_32.dll nsi.dll winnsi.dll dhcpcsvc.dll accessibility.ni.dll dhcpcsvc6.dll shell32.dll shlwapi.dll sxs.dll SensApi.dll system.windows.forms.dll shlwapi.dll gdi32.dll user32.dll lpk.dll usp10.dll ole32.dll kernelbase.dll imm32.dll msctf.dll clbcatq.dll oleaut32.dll cryptsp.dll rsaenh.dll RpcRtRemote.dll wevtapi.dll ntdll.dll kernel32.dll KernelBase.dll gdi32.dll user32.dll system.runtime.serialization.dll lpk.dll usp10.dll msvcrt.dll imm32.dll msctf.dll ole32.dll rpcrt4.dll oleaut32.dll winnsi.dll ntdll.dll ntdll.dll wow64.dll wow64win.dll wow64cpu.dll kernel32.dll kernel32.dll KernelBase.dll kernel32.dll user32.dll kernel32.dll KernelBase.dll crypt32.dll scrrun.dll advapi32.dll msvcrt.dll sechost.dll rpcrt4.dll sspicli.dll cryptbase.dll dnsapi.dll ws2_32.dll KernelBase.dll nsi.dll winnsi.dll cryptbase.dll dhcpcsvc.dll dhcpcsvc6.dll shell32.dll shlwapi.dll gdi32.dll user32.dll lpk.dll usp10.dll ole32.dll kernel32.dll imm32.dll msctf.dll clbcatq.dll oleaut32.dll cryptsp.dll rsaenh.dll RpcRtRemote.dll wevtapi.dll,normal
 ntdll.dll kernel32.dll KernelBase.dll mscorwks.dll advapi32.dll msvcrt.dll system.core.ni.dll combase.dll clbcatq.dll sechost.dll rpcrt4.dll msvcr120_clr0400.dll kernel32.dll mscoree.dll ole32.dll gdi32.dll user32.dll wcp.dll ole32.dll lpk.dll kernelbase.dll usp10.dll oleaut32.dll imm32.dll ntdll.dll msctf.dll version.dll cryptbase.dll wow64cpu.dll cryptsp.dll msvcrt.dll rsaenh.dll system.windows.forms.ni.dll RpcRtRemote.dll ws2_32.dll clbcatq.dll sxs.dll mscoreei.dll mscorwks.dll msvcr80.dll shlwapi.dll shell32.dll profapi.dll mscorlib.ni.dll mscorjit.dll user32.dll mscorlib.dll mscorlib.dll version.dll mscorlib.dll mscorlib.dll msctf.dll System.ni.dll System.Core.ni.dll sensapi.dll System.Data.Services.Design.ni.dll System.Data.Entity.ni.dll System.Data.Services.Client.ni.dll System.Xml.ni.dll user32.dll System.Xml.Linq.ni.dll System.Data.ni.dll usp10.dll System.Data.dll System.Data.dll System.Data.dll System.Data.dll System.Data.dll ws2_32.dll nsi.dll uxtheme.dll crypt32.dll msasn1.dll System.Transactions.ni.dll System.Transactions.dll ole32.dll rpcrt4.dll System.Transactions.dll System.Core.dll dhcpcore.dll npmproxy.dll System.Transactions.dll cryptsp.dll rpcrt4.dll System.Transactions.dll System.Transactions.dll System.Runtime.Serialization.ni.dll System.Configuration.ni.dll sechost.dll System.Security.ni.dll System.Data.SqlXml.ni.dll wuapi.dll Microsoft.VisualC.ni.dll System.EnterpriseServices.ni.dll System.EnterpriseServices.dll System.EnterpriseServices.dll System.DirectoryServices.ni.dll System.Runtime.Remoting.ni.dll System.Web.ni.dll srvcli.dll kernelbase.dll System.Web.dll gdi32.dll System.Web.dll System.Web.dll wow64win.dll System.Web.dll gdi32.dll System.Runtime.Serialization.Formatters.Soap.ni.dll System.Drawing.ni.dll System.Web.Services.ni.dll dwmapi.dll advapi32.dll System.DirectoryServices.Protocols.ni.dll System.Design.ni.dll System.ServiceProcess.ni.dll srvcli.dll System.Windows.Forms.ni.dll System.Web.RegularExpressions.ni.dll System.Drawing.Design.ni.dll System.Data.OracleClient.ni.dll System.Data.OracleClient.dll shlwapi.dll ntdll.dll System.Data.OracleClient.dll KernelBase.dll System.Data.OracleClient.dll System.Data.OracleClient.dll System.Data.OracleClient.dll Microsoft.Windows.Diagnosis.Commands.UpdateDiagRootcause.ni.dll kernel32.dll Accessibility.ni.dll System.Deployment.ni.dll wow64.dll System.Configuration.Install.ni.dll SMDiagnostics.ni.dll WindowsBase.ni.dll ntdll.dll kernel32.dll cfgmgr32.dll KernelBase.dll advapi32.dll msvcrt.dll sechost.dll rpcrt4.dll mscoree.dll user32.dll msvcr120_clr0400.dll mscoree.dll usp10.dll system.core.dll ole32.dll gdi32.dll user32.dll rpcrt4.dll lpk.dll usp10.dll oleaut32.dll imm32.dll msctf.dll cryptbase.dll cryptsp.dll rsaenh.dll cryptsp.dll usp10.dll RpcRtRemote.dll clbcatq.dll sxs.dll mscoreei.dll mscorwks.dll gdi32.dll msvcr80.dll shlwapi.dll shell32.dll kernel32.dll profapi.dll mscorlib.ni.dll mscorjit.dll mscorlib.dll mscorlib.dll version.dll mscorlib.dll mscorlib.dll System.ni.dll System.Security.ni.dll System.Xml.ni.dll System.Configuration.ni.dll,normal
 ntdll.dll Microsoft.PowerShell.Commands.Utility.ni.dll ntdll.dll wow64.dll mscorlib.ni.dll bcrypt.dll wow64win.dll wow64cpu.dll wow64cpu.dll kernel32.dll kernel32.dll kernel32.dll user32.dll kernel32.dll KernelBase.dll advapi32.dll msvcrt.dll sechost.dll rpcrt4.dll stdole.ni.dll sspicli.dll wow64.dll cryptbase.dll dnsapi.dll ws2_32.dll nsi.dll user32.dll ntdll.dll xul.dll winnsi.dll dhcpcsvc.dll ntdll.dll hgcpl.dll dhcpcsvc6.dll msvcr120_clr0400.dll oleaut32.dll shell32.dll shlwapi.dll gdi32.dll user32.dll lpk.dll usp10.dll ole32.dll msctf.dll imm32.dll msctf.dll lpk.dll clbcatq.dll winbrand.dll rpcrt4.dll oleaut32.dll cryptsp.dll rsaenh.dll RpcRtRemote.dll wevtapi.dll ntdll.dll ntdll.dll wow64.dll wow64win.dll wow64cpu.dll kernel32.dll rpcrtremote.dll kernel32.dll kernel32.dll user32.dll system.data.sqlxml.ni.dll rpcrtremote.dll wow64win.dll kernel32.dll KernelBase.dll advapi32.dll msvcrt.dll sechost.dll comctl32.dll sechost.dll rpcrt4.dll sspicli.dll cryptbase.dll dnsapi.dll sechost.dll ws2_32.dll nsi.dll usp10.dll gdi32.dll nsi.dll winnsi.dll imecfm.dll dhcpcsvc.dll dhcpcsvc6.dll shell32.dll shlwapi.dll gdi32.dll msasn1.dll user32.dll lpk.dll usp10.dll ole32.dll imm32.dll msctf.dll clbcatq.dll oleaut32.dll mscoreei.dll cryptsp.dll rsaenh.dll RpcRtRemote.dll wevtapi.dll,normal
 thumbcache.dll microsoft.grouppolicy.interop.ni.dll windows.globalization.dll rpcrt4.dll bcp47langs.dll structuredquery.dll mscorwks.dll mssvp.dll user32.dll mapi32.dll linkinfo.dll mssprxy.dll shell32.dll explorerframe.dll msftedit.dll globinputhost.dll tiptsf.dll windows.storage.search.dll searchfolder.dll napipsec.dll Wldap32.dll rsaenh.dll actxprxy.dll samcli.dll RpcRtRemote.dll mpr.dll samlib.dll profapi.dll oleaut32.dll ntshrui.dll cscapi.dll coml2.dll drprov.dll lpk.dll winsta.dll ntlanman.dll davclnt.dll davhlpr.dll System.IdentityModel.ni.dll dlnashext.dll mswsock.dll playtodevice.dll twinapi.dll winmm.dll oleaut32.dll winmmbase.dll devobj.dll ehstorshell.dll setupapi.dll rpcrt4.dll cscui.dll wpdshext.dll wintrust.dll msasn1.dll crypt32.dll ehstorapi.dll wtsapi32.dll cscdll.dll networkexplorer.dll devdispitemprovider.dll portabledeviceapi.dll,normal
 lpk.dll ntdll.dll kernel32.dll KernelBase.dll msvcrt.dll ole32.dll edputil.dll gdi32.dll user32.dll lpk.dll usp10.dll rpcrt4.dll imm32.dll advapi32.dll msctf.dll cryptbase.dll clbcatq.dll advapi32.dll sechost.dll shell32.dll mscoree.dll oleaut32.dll RpcRtRemote.dll uxtheme.dll advapi32.dll mshtml.dll comctl32.dll rsaenh.dll shlwapi.dll kernel32.dll profapi.dll authui.dll IDStore.dll cryptsp.dll rsaenh.dll shacct.dll userenv.dll,normal
 ntdll.dll ntdll.dll wow64.dll wow64win.dll wow64cpu.dll kernel32.dll kernel32.dll coreuicomponents.dll kernel32.dll user32.dll kernel32.dll cryptbase.dll System.configuration.dll kernelbase.dll apphelp.dll System.Data.dll advapi32.dll Microsoft.VisualStudio.Tools.Office.Word.HostAdapter.v10.0.ni.dll gdi32.dll comctl32.dll msvcrt.dll ole32.dll ncrypt.dll kernel32.dll oleaut32.dll shell32.dll user32.dll wininet.dll advapi32.dll mfc42u.dll winmm.dll sechost.dll mscoreei.dll mscoreei.dll rpcrt4.dll ws2_32.dll combase.dll shlwapi.dll iertutil.dll odbc32.dll winmmbase.dll System.Xml.ni.dll sspicli.dll cryptbase.dll shell32.dll bcryptprimitives.dll nsi.dll shlwapi.dll System.ComponentModel.Composition.ni.dll imm32.dll msctf.dll uxtheme.dll riched20.dll dui70.dll usp10.dll msls31.dll CbsCore.dll msctf.dll riched32.dll dwmapi.dll comctl32.dll clbcatq.dll version.dll oleacc.dll msimg32.dll propsys.dll shell32.dll profapi.dll mscorlib.dll ntmarta.dll dui70.dll lpk.dll sxs.dll imecfm.dll wer.dll shcore.dll profapi.dll msado15.dll ntdll.dll msdart.dll wow64cpu.dll spoolss.dll oledb32.dll bcrypt.dll comsvcs.dll msjetoledb40.dll msjet40.dll msjter40.dll crypt32.dll msasn1.dll mswstr10.dll cryptnet.dll msjint40.dll cryptsp.dll cryptbase.dll kernel32.dll rsaenh.dll dpapi.dll msadox.dll msadrh15.dll msjtes40.dll presentationcore.dll vbajet32.dll expsrv.dll msdadiag.dll iertutil.dll imecfm.dll wer.dll msadce.dll msadcer.dll,caidao
 ntdll.dll rsaenh.dll mpr.dll kernel32.dll msutb.dll KernelBase.dll lpk.dll gdi32.dll user32.dll cryptbase.dll lpk.dll usp10.dll msvcrt.dll imm32.dll msctf.dll ole32.dll rpcrt4.dll oleaut32.dll cryptbase.dll clbcatq.dll advapi32.dll capauthz.dll msasn1.dll sechost.dll ehstorshell.dll rpcrt4.dll ntdll.dll kernel32.dll propsys.dll KernelBase.dll gdi32.dll system.directoryservices.ni.dll user32.dll lpk.dll usp10.dll msvcrt.dll imm32.dll sspicli.dll msctf.dll ole32.dll system.enterpriseservices.ni.dll rpcrt4.dll System.Core.dll rpcrtremote.dll usp10.dll sspicli.dll oleaut32.dll cryptbase.dll clbcatq.dll advapi32.dll usp10.dll mscorlib.dll netapi32.dll sechost.dll ntdll.dll ntdll.dll wow64.dll wow64win.dll kernel32.dll wow64cpu.dll lpk.dll kernel32.dll kernel32.dll kernel32.dll kernel32.dll user32.dll kernel32.dll KernelBase.dll msvcrt.dll winbrand.dll user32.dll gdi32.dll lpk.dll usp10.dll advapi32.dll sechost.dll rpcrt4.dll sspicli.dll cryptbase.dll imm32.dll msctf.dll apphelp.dll,normal
 ntdll.dll kernel32.dll KernelBase.dll gdi32.dll user32.dll lpk.dll usp10.dll msvcrt.dll imm32.dll msctf.dll ole32.dll rpcrt4.dll oleaut32.dll ntdll.dll kernel32.dll KernelBase.dll ws2_32.dll msvcrt.dll propsys.dll System.Data.SqlXml.ni.dll rpcrt4.dll nsi.dll system.dll system.management.ni.dll user32.dll gdi32.dll lpk.dll ole32.dll usp10.dll advapi32.dll sechost.dll shell32.dll system.drawing.design.ni.dll shell32.dll clrjit.dll shlwapi.dll ole32.dll crypt32.dll msctf.dll imm32.dll msctf.dll secur32.dll sspicli.dll cryptbase.dll oleaut32.dll ncrypt.dll srvcli.dll clbcatq.dll netutils.dll version.dll netapi32.dll webio.dll wow64cpu.dll wkscli.dll samcli.dll winmm.dll netprofm.dll msvcr90.dll glib-2.0.dll pcre.dll intl.dll iconv.dll msvcp90.dll shlwapi.dll dbghelp.dll msctf.dll nsi.dll rpcrt4.dll dbghelp.dll dbghelp.dll Framework.dll log4cpp.dll ws2_32.dll kernel32.dll wevtapi.dll MaIntegrationSubsys.dll wsock32.dll CafIntegrationSubsys.dll IntegrationSubsys.dll VgAuthIntegrationSubsys.dll VGAuth.dll,normal
 sfc.dll sfc_os.dll,normal
 ntdll.dll msasn1.dll kernel32.dll KernelBase.dll advapi32.dll msctf.dll msvcrt.dll sechost.dll System.Web.dll rpcrt4.dll gdi32.dll user32.dll system.windows.forms.dll lpk.dll rpcrt4.dll usp10.dll ole32.dll msimg32.dll wmsgapi.dll dpx.dll wtsapi32.dll user32.dll winmm.dll shell32.dll userenv.dll profapi.dll system.identitymodel.selectors.ni.dll winsta.dll crypt32.dll msasn1.dll wsecedit.dll MsCtfMonitor.dll kernel32.dll msctf.dll msctf.dll imm32.dll dhcpcsvc.dll msutb.dll comctl32.dll sechost.dll shlwapi.dll secur32.dll sspicli.dll shell32.dll cryptbase.dll mscoree.dll uxtheme.dll wintrust.dll cryptsp.dll rsaenh.dll imagehlp.dll bcrypt.dll wevtapi.dll bcryptprimitives.dll ncrypt.dll gpapi.dll cryptnet.dll Wldap32.dll SensApi.dll version.dll clbcatq.dll oleaut32.dll system.xml.dll esscli.dll urlmon.dll kernel32.dll kernel.appcore.dll api-ms-win-downlevel-ole32-l1-1-0.dll api-ms-win-downlevel-shlwapi-l1-1-0.dll version.dll api-ms-win-downlevel-advapi32-l1-1-0.dll api-ms-win-downlevel-user32-l1-1-0.dll api-ms-win-downlevel-version-l1-1-0.dll api-ms-win-downlevel-normaliz-l1-1-0.dllnormaliz.dll d3d10warp.dll iertutil.dll wininet.dll bcrypt.dll ntdll.dll msvcrt.dll kernel32.dll KernelBase.dll advapi32.dll msvcrt.dll sechost.dll user32.dll rpcrt4.dll msvcr120_clr0400.dll mscoree.dll ole32.dll gdi32.dll user32.dll lpk.dll sechost.dll kernel.appcore.dll imageres.dll usp10.dll oleaut32.dll execmodelproxy.dll ole32.dll duser.dll imm32.dll msctf.dll cryptbase.dll cryptsp.dll rsaenh.dll RpcRtRemote.dll clbcatq.dll clbcatq.dll sxs.dll mscoreei.dll GdiPlus.dll mscorwks.dll msvcr80.dll shlwapi.dll shell32.dll profapi.dll mscorwks.dll mscorlib.ni.dll mscorjit.dll mscorlib.dll msasn1.dll mscorlib.dll sspicli.dll user32.dll cryptsp.dll version.dll mscorlib.dll mscorlib.dll wdscore.dll System.ni.dll Microsoft.Windows.Diagnosis.Commands.WriteDiagProgress.ni.dll kernel32.dll System.Management.Automation.ni.dll Microsoft.Windows.Diagnosis.SDHost.ni.dll ntdll.dll System.Configuration.Install.ni.dll System.Transactions.ni.dll System.Transactions.dll System.Transactions.dll System.Transactions.dll System.Transactions.dll lpk.dll System.Transactions.dll System.Xml.ni.dll System.Management.ni.dll oleaut32.dll sxs.dll System.DirectoryServices.ni.dll System.Data.ni.dll System.Data.dll System.Data.dll System.Data.dll System.Data.dll System.Data.dll system.addin.contract.ni.dll shell32.dll ws2_32.dll cfgmgr32.dll nsi.dll nsi.dll rpcrt4.dll crypt32.dll wow64win.dll msasn1.dll System.Configuration.ni.dll sechost.dll System.Security.ni.dll ws2_32.dll System.Data.SqlXml.ni.dll ole32.dll System.Runtime.Serialization.Formatters.Soap.ni.dll System.Drawing.ni.dll system.configuration.ni.dll comctl32.dll System.Windows.Forms.ni.dll ntdll.dll Accessibility.ni.dll System.Deployment.ni.dll clbcatq.dll advapi32.dll System.EnterpriseServices.ni.dll System.EnterpriseServices.dll System.EnterpriseServices.dll System.Runtime.Remoting.ni.dll wow64.dll Microsoft.VisualC.ni.dll System.Web.ni.dll System.Web.dll apphelp.dll System.Web.dll System.Web.dll System.Web.dll System.Web.Services.ni.dll System.DirectoryServices.Protocols.ni.dll System.Design.ni.dll System.ServiceProcess.ni.dll System.Web.RegularExpressions.ni.dll System.Drawing.Design.ni.dll System.Data.OracleClient.ni.dll System.Data.OracleClient.dll System.Data.OracleClient.dll psapi.dll System.Data.OracleClient.dll System.Data.OracleClient.dll System.Data.OracleClient.dll gpapi.dll kernelbase.dll Microsoft.JScript.ni.dll msctf.dll Microsoft.Vsa.ni.dll rsaenh.dll Microsoft.Windows.Diagnosis.Commands.UpdateDiagRootcause.ni.dll Microsoft.Windows.Diagnosis.Commands.GetDiagInput.ni.dll Microsoft.Windows.Diagnosis.Commands.UpdateDiagReport.ni.dll rsaenh.dll ntdll.dll kernelbase.dll kernel32.dll KernelBase.dll system.core.ni.dll gdi32.dll advapi32.dll system.windows.forms.dll msvcrt.dll rsaenh.dll sechost.dll rpcrt4.dll wrpint.dll msvcr120_clr0400.dll msvcp110_win.dll mscoree.dll ole32.dll lpk.dll gdi32.dll user32.dll lpk.dll rsaenh.dll usp10.dll oleaut32.dll imm32.dll msctf.dll cryptbase.dll cryptsp.dll user32.dll rsaenh.dll RpcRtRemote.dll wmicmiplugin.dll clbcatq.dll sxs.dll mscoreei.dll rsaenh.dll mscorwks.dll msvcr80.dll shlwapi.dll imm32.dll shell32.dll profapi.dll system.data.sqlxml.dll mscorlib.ni.dll msctf.dll mscorjit.dll mscorlib.dll mscorlib.dll version.dll mscorlib.dll mscorlib.dll gdi32.dll accessibility.dll System.ni.dll System.Drawing.Design.ni.dll comctl32.dll imm32.dll System.Drawing.ni.dll System.Windows.Forms.ni.dll System.Configuration.ni.dll System.Xml.ni.dll ntdll.dll kernel32.dll KernelBase.dll advapi32.dll msvcrt.dll sechost.dll rpcrt4.dll msvcr120_clr0400.dll comctl32.dll lmhsvc.dll mscoree.dll ole32.dll gdi32.dll user32.dll lpk.dll usp10.dll oleaut32.dll imm32.dll msctf.dll mscorlib.ni.dll cryptbase.dll gdi32.dll cryptsp.dll rsaenh.dll RpcRtRemote.dll clbcatq.dll sxs.dll sspicli.dll mscoreei.dll mscorwks.dll msvcr80.dll shlwapi.dll shell32.dll profapi.dll webio.dll imm32.dll mscorlib.ni.dll mscorjit.dll msvcrt.dll kernel32.dll mscorlib.dll mswstr10.dll mscorlib.dll version.dll cscsvc.dll mscorlib.dll mscorlib.dll UIAutomationProvider.ni.dll UIAutomationTypes.ni.dll rpcrtremote.dll System.ni.dll WindowsBase.ni.dll System.Security.ni.dll System.Xml.ni.dll WsmRes.dll Accessibility.ni.dll System.Configuration.ni.dll npmproxy.dll System.Data.SqlXml.ni.dll ntdll.dll System.DirectoryServices.Protocols.ni.dll kernel32.dll system.windows.forms.dll oleaut32.dll advapi32.dll ntshrui.dll KernelBase.dll oleaut32.dll advapi32.dll msvcrt.dll sechost.dll kerberos.dll KernelBase.dll twinapi.dll ntdll.dll kernel32.dll rsaenh.dll rpcrt4.dll msvcr120_clr0400.dll imm32.dll kernel32.dll mscoree.dll user32.dll ole32.dll sechost.dll cryptsp.dll sechost.dll gdi32.dll user32.dll lpk.dll msvcrt.dll imageres.dll usp10.dll cryptsp.dll oleaut32.dll rpcrt4.dll imm32.dll CbsApi.dll apphelp.dll msctf.dll gdi32.dll cryptbase.dll eappcfg.dll cryptsp.dll cryptsp.dll rsaenh.dll RpcRtRemote.dll kernel32.dll clbcatq.dll rpcrt4.dll sxs.dll clr.dll mscoreei.dll ntdll.dll searchfolder.dll clr.dll rsaenh.dll shlwapi.dll mscorlib.ni.dll clrjit.dll System.ni.dll System.Core.ni.dll kernel.appcore.dll System.ServiceModel.Web.ni.dll version.dll mscorlib.dll mscorlib.dll System.ServiceModel.ni.dll System.Runtime.Serialization.ni.dll setupapi.dll System.Configuration.ni.dll rsaenh.dll ntdll.dll System.Xml.ni.dll System.ServiceModel.Internals.ni.dll System.Web.ni.dll System.Web.dll System.Web.dll System.Xml.Linq.ni.dll System.Web.Extensions.ni.dll System.ServiceModel.Activation.ni.dll SMDiagnostics.ni.dll System.ServiceModel.Channels.ni.dll drprov.dll System.Numerics.ni.dll System.Security.ni.dll ntdll.dll kernel32.dll KernelBase.dll d3d10level9.dll advapi32.dll msvcrt.dll sechost.dll rpcrt4.dll msvcr120_clr0400.dll mscoree.dll msls31.dll ole32.dll KernelBase.dll gdi32.dll cscapi.dll dot3svc.dll kernel32.dll user32.dll lpk.dll usp10.dll oleaut32.dll mscms.dll bcp47mrm.dll clbcatq.dll imm32.dll msctf.dll system.printing.dll user32.dll cryptbase.dll msvcrt.dll cryptsp.dll advapi32.dll rsaenh.dll rpcrt4.dll RpcRtRemote.dll rpcrt4.dll msctf.dll clbcatq.dll rpcrtremote.dll msvcrt.dll sxs.dll mscoreei.dll clr.dll System.Windows.Forms.ni.dll shlwapi.dll mscorlib.ni.dll clrjit.dll System.ni.dll System.Core.ni.dll XamlBuildTask.ni.dll gpapi.dll version.dll mscorlib.dll mscorlib.dll System.ServiceModel.Internals.ni.dll System.Xaml.ni.dll System.Xml.Linq.ni.dll System.Xml.ni.dll System.Configuration.ni.dll System.Numerics.ni.dll System.Security.ni.dll kernel32.dll microsoft.jscript.dll ntdll.dll ntdll.dll wow64.dll wow64win.dll wow64cpu.dll kernel32.dll kernel32.dll Microsoft.Office.Tools.v9.0.dll kernel32.dll user32.dll kernel32.dll KernelBase.dll rpcrt4.dll advapi32.dll msvcrt.dll sechost.dll rpcrt4.dll sspicli.dll cryptbase.dll msvcr120_clr0400.dll mscoree.dll ole32.dll gdi32.dll sspicli.dll user32.dll lpk.dll usp10.dll oleaut32.dll imm32.dll msctf.dll cryptsp.dll rsaenh.dll RpcRtRemote.dll clbcatq.dll sxs.dll mscoreei.dll mscorwks.dll msvcr80.dll shlwapi.dll shell32.dll profapi.dll mscorlib.ni.dll mscorjit.dll mscorlib.dll mscorlib.dll version.dll mscorlib.dll mscorlib.dll System.ni.dll System.Core.ni.dll System.dll System.dll System.dll System.dll System.Core.dll System.Core.dll System.Core.dll System.Core.dll System.ComponentModel.DataAnnotations.ni.dll System.Configuration.ni.dll System.ComponentModel.DataAnnotations.dll System.ComponentModel.DataAnnotations.dll System.ComponentModel.DataAnnotations.dll System.ComponentModel.DataAnnotations.dll System.configuration.dll System.configuration.dll System.configuration.dll System.configuration.dll System.Xml.ni.dll System.XML.dll System.XML.dll System.XML.dll System.XML.dll System.Security.ni.dll System.Security.dll System.Security.dll System.Security.dll System.Security.dll System.Data.SqlXml.ni.dll System.Data.SqlXml.dll System.Data.SqlXml.dll System.Data.SqlXml.dll System.Data.SqlXml.dll,normal
 ntdll.dll kernel32.dll kernelbase.dll wow64cpu.dll chrome_elf.dll msvcrt.dll shell32.dll lpk.dll shlwapi.dll gdi32.dll user32.dll dhcpcore.dll lpk.dll usp10.dll advapi32.dll advapi32.dll system.data.sqlxml.dll kernel32.dll sechost.dll rpcrt4.dll winmm.dll api-ms-win-downlevel-user32-l1-1-0.dll profapi.dll imm32.dll msctf.dll msvcrt.dll sxs.dll version.dll cryptbase.dll apphelp.dll ole32.dll userenv.dll,normal
 ntdll.dll kernel32.dll KernelBase.dll gdi32.dll user32.dll lpk.dll winhttp.dll usp10.dll msvcrt.dll oleaut32.dll imm32.dll sspicli.dll msctf.dll profapi.dll ole32.dll rpcrt4.dll SensApi.dll oleaut32.dll cryptbase.dll user32.dll clbcatq.dll advapi32.dll sechost.dll,normal
 ntdll.dll advapi32.dll kernel32.dll KernelBase.dll gdi32.dll pla.dll user32.dll lpk.dll usp10.dll msvcrt.dll System.Core.ni.dll imm32.dll msctf.dll system.windows.forms.ni.dll ole32.dll msctf.dll System.Security.ni.dll rpcrt4.dll oleaut32.dll cryptbase.dll lpk.dll clbcatq.dll advapi32.dll sechost.dll ntdll.dll ntdll.dll propsys.dll wow64.dll wow64win.dll wow64cpu.dll kernel32.dll kernel32.dll kernel32.dll user32.dll kernel32.dll KernelBase.dll shlwapi.dll cryptbase.dll msvcrt.dll winbrand.dll user32.dll gdi32.dll rpcrt4.dll lpk.dll system.configuration.ni.dll imageres.dll usp10.dll advapi32.dll sechost.dll rpcrt4.dll ole32.dll sspicli.dll kernel32.dll cryptbase.dll presentationcore.ni.dll imm32.dll msctf.dll apphelp.dll,normal
 rasapi32.dll rasman.dll,normal
 taskschd.dll imm32.dll ntdll.dll kernel32.dll KernelBase.dll gdi32.dll user32.dll msvcrt.dll rpcrt4.dll lpk.dll usp10.dll clbcatq.dll msvcrt.dll imm32.dll msctf.dll cryptbase.dll ole32.dll rpcrt4.dll oleaut32.dll cryptbase.dll clbcatq.dll advapi32.dll sechost.dll,normal
 wdi.dll pcadm.dll msctf.dll riched20.dll wer.dll pcacli.dll mpr.dll,normal
 ntdll.dll kernel32.dll kernelbase.dll user32.dll gdi32.dll user32.dll system.drawing.dll lpk.dll usp10.dll msvcrt.dll imm32.dll BDATunePIA.dll mscoreei.dll msctf.dll ncryptsslp.dll ole32.dll rpcrt4.dll oleaut32.dll wincredui.dll ntdll.dll secur32.dll kernel32.dll version.dll kernelbase.dll Microsoft.VisualStudio.Tools.Applications.Contract.v9.0.dll netapi32.dll gdi32.dll user32.dll System.Drawing.dll lpk.dll usp10.dll msvcrt.dll msvcrt.dll imm32.dll msctf.dll ole32.dll rpcrt4.dll oleaut32.dll cryptbase.dll crypt32.dll clbcatq.dll msvcrt.dll advapi32.dll sechost.dll ntdll.dll mscoree.dll kernel32.dll kernelbase.dll gdi32.dll user32.dll msctf.dll lpk.dll usp10.dll msvcrt.dll imageres.dll imm32.dll wtsapi32.dll mscms.dll msctf.dll KernelBase.dll ole32.dll rpcrt4.dll oleaut32.dll sechost.dll ntdll.dll cryptbase.dll clbcatq.dll sspicli.dll advapi32.dll sechost.dll rsaenh.dll ntdll.dll ntdll.dll sechost.dll wow64.dll wow64win.dll wow64cpu.dll kernel32.dll kernel32.dll sechost.dll kernel32.dll lpk.dll kernel32.dll user32.dll NlsLexicons0011.dll kernel32.dll kernelbase.dll advapi32.dll msvcrt.dll sechost.dll rpcrt4.dll sspicli.dll cryptbase.dll usp10.dll dnsapi.dll ws2_32.dll microsoft.mediacenter.itv.media.ni.dll nsi.dll msvcrt.dll winnsi.dll dhcpcsvc.dll clbcatq.dll dhcpcsvc6.dll shell32.dll clbcatq.dll shlwapi.dll gdi32.dll msvcr120_clr0400.dll user32.dll lpk.dll usp10.dll ole32.dll usp10.dll imm32.dll msasn1.dll msctf.dll clbcatq.dll oleaut32.dll lpk.dll cryptsp.dll advapi32.dll rsaenh.dll rsaenh.dll rpcrtremote.dll wevtapi.dll ntdll.dll ntdll.dll wow64.dll system.enterpriseservices.dll oleaut32.dll wow64win.dll wow64cpu.dll oleaut32.dll kernel32.dll kernel32.dll kernel32.dll user32.dll kernel32.dll kernelbase.dll msvcrt.dll winbrand.dll user32.dll gdi32.dll lpk.dll usp10.dll advapi32.dll kernelbase.dll sechost.dll rpcrt4.dll sspicli.dll cryptbase.dll imm32.dll msctf.dll apphelp.dll,normal
 cryptbase.dll mscoreei.dll ntdll.dll kernel32.dll cryptsp.dll KernelBase.dll PresentationCore.dll gdi32.dll advapi32.dll user32.dll msvcrt.dll imm32.dll oleaut32.dll api-ms-win-core-rtlsupport-l1-1-0.dll kernel32.dll cryptsp.dll combase.dll msctf.dll rpcrt4.dll uxtheme.dll tiptsf.dll dwmapi.dll comctl32.dll rpcrt4.dll ole32.dll sechost.dll kernel.appcore.dll cryptbase.dll cryptbase.dll bcryptprimitives.dll rsaenh.dll clbcatq.dll oleacc.dll mscoreei.dll advapi32.dll shell32.dll version.dll shlwapi.dll propsys.dll profapi.dll ntmarta.dll dui70.dll imecfm.dll wer.dll,normal
 ntdll.dll,normal
 ntdll.dll kernel32.dll usp10.dll ntdll.dll KernelBase.dll gdi32.dll wow64cpu.dll kernel32.dll system.printing.dll user32.dll lpk.dll usp10.dll api-ms-win-core-datetime-l1-1-1.dll System.Web.Extensions.dll msvcrt.dll imm32.dll msctf.dll nsi.dll ole32.dll advapi32.dll rpcrt4.dll oleaut32.dll cryptbase.dll clbcatq.dll advapi32.dll sechost.dll shell32.dll shlwapi.dll comctl32.dll oleacc.dll imecfm.dll version.dll uxtheme.dll,normal
 ole32.dll microsoft.windows.dns.ni.dll microsoft.windows.fileserver.management.plugin.ui.ni.dll microsoft.windows.servermanager.deployment.extension.ni.dll microsoft.windows.fileserver.management.plugin.ni.dll gdi32.dll system.drawing.ni.dll lpk.dll microsoft.windows.fileserver.management.common.ni.dll system.windows.forms.ni.dll comctl32.dll,normal
 ntdll.dll kernel32.dll hnetcfg.dll kernelbase.dll advapi32.dll msvcrt.dll sechost.dll bcryptprimitives.dll rpcrt4.dll gdi32.dll user32.dll lpk.dll usp10.dll ucrtbase.dll msswch.dll system.transactions.dll winmm.dll dwmapi.dll gdiplus.dll wintrust.dll ole32.dll WindowsCodecs.dll oleacc.dll kernel32.dll gdi32.dll oleaut32.dll cryptbase.dll user32.dll shlwapi.dll wmsgapi.dll duser.dll uxtheme.dll imm32.dll msctf.dll mscoree.dll dnsapi.dll ntdll.dll ntdll.dll wow64.dll wow64win.dll wow64cpu.dll kernel32.dll winnsi.dll kernel32.dll kernel32.dll kernel32.dll user32.dll kernel32.dll msvcrt.dll kernelbase.dll advapi32.dll msvcrt.dll clbcatq.dll sechost.dll rpcrt4.dll sspicli.dll cryptbase.dll msvcr120_clr0400.dll ntdll.dll usp10.dll mscoree.dll userenv.dll usp10.dll ole32.dll gdi32.dll user32.dll lpk.dll usp10.dll oleaut32.dll imm32.dll msctf.dll cryptsp.dll ntdll.dll rsaenh.dll rpcrtremote.dll mscoreei.dll system.ni.dll wow64win.dll clbcatq.dll kernel32.dll sxs.dll mscoreei.dll clr.dll shlwapi.dll apphelp.dll mscorlib.ni.dll RpcRtRemote.dll clrjit.dll system.ni.dll version.dll presentationframework.royale.ni.dll version.dll mscorlib.dll crypt32.dll mscorlib.dll system.dll system.dll system.core.ni.dll windowsbase.ni.dll ncrypt.dll presentationcore.ni.dll presentationframework.ni.dll presentationframework.dll presentationframework.dll winmm.dll windowsbase.dll cryptbase.dll windowsbase.dll system.core.dll system.core.dll system.configuration.ni.dll presentationcore.dll presentationcore.dll System.DirectoryServices.dll system.xaml.ni.dll system.xaml.dll system.xaml.dll system.configuration.ni.dll system.configuration.dll windows.globalization.dll xmllite.dll system.configuration.dll system.xml.ni.dll ucrtbase.dll System.configuration.dll system.xml.dll zipfldr.dll system.xml.dll ntdll.dll msjint40.dll ntdll.dll wow64.dll kernel32.dll user32.dll wow64win.dll sspicli.dll wow64cpu.dll kernel32.dll kernel32.dll kernel32.dll user32.dll kernel32.dll kernelbase.dll advapi32.dll msvcrt.dll sechost.dll kernel32.dll uxtheme.dll ntdll.dll mscorlib.dll rpcrt4.dll sspicli.dll shlwapi.dll usp10.dll cryptbase.dll msvcr120_clr0400.dll rasman.dll user32.dll mscoree.dll ole32.dll gdi32.dll user32.dll imm32.dll lpk.dll usp10.dll oleaut32.dll oleaut32.dll winhttp.dll usp10.dll imm32.dll msctf.dll cryptsp.dll wtsapi32.dll rsaenh.dll rpcrtremote.dll clbcatq.dll sxs.dll mscoreei.dll clr.dll shlwapi.dll mscorlib.ni.dll mscorlib.dll clrjit.dll system.ni.dll system.web.applicationservices.ni.dll version.dll system.web.applicationservices.dll system.web.applicationservices.dll mscorlib.dll mscorlib.dll system.dll system.dll system.core.ni.dll system.configuration.ni.dll system.configuration.dll system.configuration.dll system.core.dll system.core.dll system.xml.ni.dll system.xml.dll system.xml.dll,normal
 ntdll.dll msasn1.dll ntdll.dll kernel32.dll kernelbase.dll shell32.dll gdi32.dll user32.dll lpk.dll cryptbase.dll usp10.dll rpcrt4.dll msvcrt.dll imm32.dll msctf.dll cryptsp.dll clbcatq.dll kernel32.dll ole32.dll rpcrt4.dll oleaut32.dll shell32.dll cryptbase.dll clbcatq.dll cryptsp.dll advapi32.dll mscorjit.dll sechost.dll oleaut32.dll ntdll.dll kernel32.dll kernelbase.dll version.dll setupapi.dll advapi32.dll mscorwks.dll advapi32.dll msvcrt.dll msvcrt.dll sechost.dll clbcatq.dll rpcrt4.dll gdi32.dll user32.dll lpk.dll usp10.dll msswch.dll winmm.dll wintrust.dll ntdll.dll dwmapi.dll gdiplus.dll RpcRtRemote.dll ole32.dll oleacc.dll oleaut32.dll shlwapi.dll wmsgapi.dll duser.dll tdltotilestoremigrator.dll uxtheme.dll imm32.dll msctf.dll cryptbase.dll dui70.dll comctl32.dll xmllite.dll clbcatq.dll tabskb.dll cryptsp.dll rsaenh.dll rpcrtremote.dll cfgmgr32.dll sxs.dll atl.dll inkobj.dll windowscodecs.dll,normal
 wpdshext.dll sxs.dll wpdshext.dll wpdshext.dll wpdshext.dll wpdshext.dll wpdshext.dll WindowsBase.dll system.data.oracleclient.dll wpdshext.dll wpdshext.dll wpdshext.dll user32.dll wpdshext.dll wpdshext.dll wpdshext.dll wpdshext.dll wpdshext.dll sechost.dll settingsyncpolicy.dll wpdshext.dll wpdshext.dll wpdshext.dll wpdshext.dll gdiplus.dll gdiplus.dll gdiplus.dll cscapi.dll wucltux.dll gdiplus.dll imm32.dll gdiplus.dll gdiplus.dll msctf.dll gdiplus.dll gdiplus.dll gdiplus.dll,normal
 imecfm.dll ntdll.dll ntdll.dll wow64.dll System.Security.ni.dll wow64win.dll wow64cpu.dll kernel32.dll kernel32.dll kernel32.dll user32.dll msvcrt.dll kernel32.dll kernelbase.dll mpr.dll advapi32.dll msvcrt.dll sechost.dll rpcrt4.dll sspicli.dll cryptbase.dll uiautomationprovider.ni.dll user32.dll gdi32.dll lpk.dll system.transactions.dll usp10.dll mpr.dll oleaut32.dll ws2_32.dll nsi.dll cryptbase.dll imm32.dll msctf.dll uxtheme.dll winsta.dll advapi32.dll PresentationFramework.dll system.security.dll d3d10level9.dll shell32.dll shlwapi.dll ole32.dll propsys.dll user32.dll oleaut32.dll comctl32.dll apphelp.dll dpx.dll clbcatq.dll ieframe.dll ws2_32.dll psapi.dll oleacc.dll iertutil.dll urlmon.dll system.xml.dll ntdll.dll wininet.dll crypt32.dll msasn1.dll ntmarta.dll wldap32.dll profapi.dll setupapi.dll cfgmgr32.dll devobj.dll,normal
 ntdll.dll api-ms-win-core-processthreads-l1-1-1.dll kernel32.dll kernelbase.dll dhcpcsvc6.dll advapi32.dll imm32.dll msvcrt.dll imecfm.dll sechost.dll rpcrt4.dll ole32.dll gdi32.dll user32.dll lpk.dll userenv.dll usp10.dll gdi32.dll imm32.dll msctf.dll wdscore.dll msswch.dll oleaut32.dll shell32.dll cryptbase.dll shlwapi.dll dbghelp.dll shell32.dll advapi32.dll cryptbase.dll duser.dll cbscore.dll version.dll crypt32.dll msasn1.dll wintrust.dll userenv.dll profapi.dll user32.dll ktmw32.dll dpx.dll dpx.dll dpx.dll wcp.dll drupdate.dll wow64lg2.dll setupapi.dll cfgmgr32.dll imm32.dll devobj.dll System.Web.dll mpr.dll wrpint.dll msvcr120_clr0400.dll sxsstore.dll sqmapi.dll winhttp.dll ntdll.dll kernel.appcore.dll webio.dll winhttp.dll oleaut32.dll spoolss.dll webio.dll wow64cpu.dll kernel32.dll rpcrt4.dll sensapi.dll cryptsp.dll gdi32.dll rsaenh.dll rpcrtremote.dll rpcrtremote.dll shlwapi.dll clbcatq.dll cbsapi.dll lpk.dll srvcli.dll smipi.dll smiengine.dll shlwapi.dll ntdll.dll kernel32.dll kernelbase.dll advapi32.dll ntdll.dll msvcrt.dll sechost.dll rpcrt4.dll ole32.dll gdi32.dll ntdll.dll presentationframework.dll imm32.dll presentationcore.dll gdi32.dll user32.dll lpk.dll usp10.dll imm32.dll msctf.dll mlang.dll KernelBase.dll oleaut32.dll wdscore.dll cryptbase.dll shell32.dll shlwapi.dll kernel32.dll dbghelp.dll cbscore.dll rsaenh.dll version.dll crypt32.dll msasn1.dll setupapi.dll wintrust.dll System.EnterpriseServices.dll userenv.dll profapi.dll powrprof.dll ktmw32.dll api-ms-win-core-synch-l1-2-0.dll imm32.dll dpx.dll dpx.dll dpx.dll wcp.dll drupdate.dll winhttp.dll webio.dll winhttp.dll oleaut32.dll cryptsp.dll webio.dll rasadhlp.dll sensapi.dll mscorwks.dll clbcatq.dll setupapi.dll cfgmgr32.dll shlwapi.dll devobj.dll mpr.dll wrpint.dll sxsstore.dll sqmapi.dll cryptsp.dll rsaenh.dll rpcrtremote.dll cbsapi.dll smipi.dll smiengine.dll ntdll.dll mmcss.dll ntdll.dll wow64.dll wow64win.dll wow64cpu.dll system.security.ni.dll kernel32.dll kernel32.dll kernel32.dll user32.dll kernel32.dll kernelbase.dll msvcrt.dll winbrand.dll user32.dll gdi32.dll lpk.dll usp10.dll advapi32.dll sechost.dll rpcrt4.dll sspicli.dll cryptbase.dll imm32.dll msctf.dll apphelp.dll,normal
 ntdll.dll kernel32.dll ntdll.dll wow64.dll wow64win.dll wow64cpu.dll kernel32.dll kernel32.dll kernel32.dll oleaut32.dll user32.dll kernel32.dll KernelBase.dll msasn1.dll windows.security.authentication.onlineid.dll kernelbase.dll advapi32.dll msvcrt.dll sechost.dll rsaenh.dll rpcrt4.dll sspicli.dll cryptbase.dll winnsi.dll advapi32.dll mscorlib.dll oleaut32.dll ole32.dll gdi32.dll user32.dll lpk.dll usp10.dll credui.dll msctf.dll wevtapi.dll msctf.dll imm32.dll msctf.dll comctl32.dll shlwapi.dll,normal
 drprov.dll ntlanman.dll davclnt.dll davhlpr.dll System.Drawing.Design.dll cscapi.dll kbd101.dll cryptsp.dll kbd101.dll,normal
 ntdll.dll kernel32.dll kernelbase.dll advapi32.dll tquery.dll msvcrt.dll system.web.entity.ni.dll sechost.dll rpcrt4.dll msvcr120_clr0400.dll mscoree.dll ole32.dll srvcli.dll gdi32.dll user32.dll lpk.dll usp10.dll oleaut32.dll imm32.dll System.Design.ni.dll advapi32.dll msctf.dll cryptbase.dll api-ms-win-core-rtlsupport-l1-1-0.dll cryptsp.dll rsaenh.dll kernel32.dll wow64win.dll rpcrtremote.dll clbcatq.dll dhcpcsvc6.dll rpcrtremote.dll sxs.dll mscoreei.dll wow64.dll mscorwks.dll gdi32.dll ntdll.dll msvcr80.dll shlwapi.dll wintrust.dll rpcrtremote.dll crypt32.dll user32.dll shell32.dll profapi.dll mscorlib.ni.dll mscorjit.dll System.Xml.dll tquery.dll mscorlib.dll mscorlib.dll lpk.dll version.dll mscorlib.dll mscorlib.dll shlwapi.dll system.enterpriseservices.dll system.ni.dll system.management.automation.ni.dll microsoft.powershell.consolehost.ni.dll system.xml.ni.dll system.configuration.install.ni.dll system.transactions.ni.dll system.transactions.dll system.transactions.dll system.transactions.dll system.transactions.dll system.transactions.dll system.management.ni.dll elsTrans.dll system.directoryservices.ni.dll system.data.ni.dll shcore.dll system.data.dll system.data.dll system.data.dll shell32.dll system.data.dll system.data.dll clbcatq.dll ws2_32.dll mscoreei.dll thumbcache.dll sspicli.dll nsi.dll crypt32.dll msasn1.dll mscorjit.dll system.configuration.ni.dll System.Configuration.ni.dll system.security.ni.dll system.data.sqlxml.ni.dll system.security.dll system.runtime.serialization.formatters.soap.ni.dll system.drawing.ni.dll duser.dll system.windows.forms.ni.dll accessibility.ni.dll system.deployment.ni.dll system.enterpriseservices.ni.dll system.enterpriseservices.dll system.enterpriseservices.dll system.runtime.remoting.ni.dll microsoft.visualc.ni.dll system.web.ni.dll system.web.dll system.web.dll system.web.dll usp10.dll system.web.dll system.web.services.ni.dll system.directoryservices.protocols.ni.dll system.design.ni.dll system.serviceprocess.ni.dll system.web.regularexpressions.ni.dll system.drawing.design.ni.dll system.data.oracleclient.ni.dll api-ms-win-service-management-l1-1-0.dll system.data.oracleclient.dll system.data.oracleclient.dll system.data.oracleclient.dll system.data.oracleclient.dll system.data.oracleclient.dll microsoft.jscript.ni.dll microsoft.vsa.ni.dll tabskb.dll,normal
 ntdll.dll msxml6.dll nsi.dll kernel32.dll kernelbase.dll msvcrt.dll conhostv2.dll combase.dll ucrtbase.dll rpcrt4.dll usp10.dll gdi32.dll bcryptprimitives.dll kernel32.dll gdi32.dll gdi32full.dll user32.dll api-ms-win-service-management-l1-1-0.dll win32u.dll imm32.dll oleaut32.dll accessibility.dll msvcp_win.dll propsys.dll sechost.dll logoncli.dll winhttp.dll msvcrt.dll shcore.dll shell32.dll cfgmgr32.dll windows.storage.dll powrprof.dll advapi32.dll shlwapi.dll kernel.appcore.dll profapi.dll clbcatq.dll ws2_32.dll msctf.dll,normal
 cryptngc.dll kbd106.dll cryptngc.dll npfproxy.dll version.dll npmproxy.dll ondemandconnroutehelper.dll System.Windows.Forms.dll ondemandconnroutehelper.dll rpcrt4.dll winnsi.dll winnsi.dll sspicli.dll sspicli.dll dhcpcsvc6.dll dhcpcsvc6.dll gpapi.dll msauserext.dll cryptsp.dll tbs.dll dhcpcsvc.dll dhcpcsvc.dll msctf.dll webio.dll credui.dll webio.dll mswsock.dll mswsock.dll oleaut32.dll shlwapi.dll dnsapi.dll rasadhlp.dll imm32.dll rasadhlp.dll fwpuclnt.dll oleaut32.dll schannel.dll schannel.dll secur32.dll mskeyprotect.dll mskeyprotect.dll cryptnet.dll ncryptsslp.dll lpk.dll ncryptsslp.dll elscore.dll elscore.dll elstrans.dll elstrans.dll,normal
 sfc_os.dll setupapi.dll devrtl.dll mintdh.dll sfc.dll,normal
 ntdll.dll kernel32.dll kernelbase.dll msvcrt.dll rpcrt4.dll combase.dll tquery.dll ucrtbase.dll bcryptprimitives.dll oleaut32.dll advapi32.dll clbcatq.dll imageres.dll msvcp_win.dll msasn1.dll imm32.dll api-ms-win-downlevel-shlwapi-l1-1-0.dll user32.dll win32u.dll gdi32.dll gdi32full.dll kernel.appcore.dll system.dll api-ms-win-downlevel-version-l1-1-0.dll sechost.dll uxtheme.dll system.data.dll ntdll.dll dwmapi.dll clbcatq.dll wuautoappupdate.dll storeagent.dll sensapi.dll cryptsp.dll twinapi.appcore.dll system.xml.ni.dll cryptbase.dll shell32.dll bcrypt.dll sspicli.dll wintypes.dll ole32.dll shcore.dll ntdll.dll ntdll.dll advapi32.dll kernel32.dll kernelbase.dll msvcrt.dll shcore.dll msvcr80.dll msvcp110_win.dll System.Core.ni.dll ncrypt.dll rpcrt4.dll msvcrt.dll combase.dll ucrtbase.dll rpcrt4.dll bcryptprimitives.dll powrprof.dll sechost.dll powrprof.dll userenv.dll profapi.dll msctf.dll sspicli.dll dmiso8601utils.dll windows.storage.dll shlwapi.dll user32.dll msctf.dll gdi32.dll gdi32full.dll user32.dll win32u.dll oleaut32.dll msvcrt.dll msvcp_win.dll advapi32.dll kernel.appcore.dll clbcatq.dll usoapi.dll ntdll.dll xmllite.dll kernel32.dll kernelbase.dll kernel32.dll advapi32.dll msvcrt.dll sechost.dll rpcrt4.dll oleaut32.dll msvcp_win.dll ucrtbase.dll combase.dll bcryptprimitives.dll ole32.dll gdi32.dll gdi32full.dll user32.dll win32u.dll clbcatq.dll crypt32.dll msasn1.dll wintrust.dll mpclient.dll secur32.dll user32.dll slc.dll bcrypt.dll sppc.dll wow64win.dll sspicli.dll version.dll userenv.dll profapi.dll gpapi.dll kernel.appcore.dll wmi.dll clbcatq.dll netprofm.dll netprofm.dll,normal
 ntdll.dll kernel32.dll imm32.dll kernelbase.dll sechost.dll apphelp.dll msvcrt.dll advapi32.dll sechost.dll rpcrt4.dll gdi32.dll gdi32full.dll user32.dll win32u.dll crypt32.dll oleaut32.dll sspicli.dll msvcp_win.dll oleaut32.dll chrome_child.dll ucrtbase.dll combase.dll bcryptprimitives.dll ntdll.dll dcomp.dll pla.dll user32.dll kernel.appcore.dll dxgi.dll kernel32.dll cryptbase.dll coremessaging.dll imm32.dll uxtheme.dll dwmredir.dll dwmapi.dll udwm.dll dwmcore.dll dwmapi.dll dwmghost.dll windowscodecs.dll win32u.dll powrprof.dll shcore.dll ondemandconnroutehelper.dll wintypes.dll wintypes.dll wintypes.dll imagehlp.dll kernelbase.dll d3d11.dll clbcatq.dll winsta.dll ism32k.dll SensApi.dll cfgmgr32.dll twinapi.appcore.dll bcrypt.dll ntmarta.dll crypt32.dll msasn1.dll onecoreuapcommonproxystub.dll coreuicomponents.dll avrt.dll resourcepolicyclient.dll ws2_32.dll uianimation.dll windows.gaming.input.dll rdsdwmdr.dll cmiv2.dll d3d10warp.dll d3d10warp.dll ntdll.dll kernel.appcore.dll d2d1.dll xmllite.dll cabinet.dll,normal
 ntdll.dll ntdll.dll sechost.dll kernel32.dll kernelbase.dll sfc.dll kernelbase.dll msvcrt.dll msvcrt.dll combase.dll ucrtbase.dll ucrtbase.dll rpcrt4.dll rpcrt4.dll bcryptprimitives.dll bcryptprimitives.dll kernel.appcore.dll kernel.appcore.dll kernel32.dll twinapi.appcore.dll twinapi.appcore.dll cryptsp.dll sechost.dll gdi32.dll sechost.dll diasymreader.dll rmclient.dll rmclient.dll wintypes.dll wintypes.dll shcore.dll shcore.dll user32.dll user32.dll win32u.dll gdi32.dll sspicli.dll gdi32full.dll msvcp_win.dll msvcp_win.dll imm32.dll mrmcore.dll user32.dll mscorlib.ni.dll mrmcorer.dll kernel32.dll profapi.dll windows.ui.dll windows.ui.dll cryptsp.dll onecorecommonproxystub.dll textinputframework.dll inputhost.dll samlib.dll coreuicomponents.dll coreuicomponents.dll coremessaging.dll coremessaging.dll coreuicomponents.dll system.core.ni.dll coreuicomponents.dll gpapi.dll wininet.dll ntmarta.dll kernel32.dll ntmarta.dll advapi32.dll advapi32.dll advapi32.dll onecoreuapcommonproxystub.dll onecoreuapcommonproxystub.dll ntdll.dll bcp47mrm.dll bcp47mrm.dll uxtheme.dll uxtheme.dll biwinrt.dll RpcRtRemote.dll biwinrt.dll oleaut32.dll KernelBase.dll rpcrt4.dll ws2_32.dll usp10.dll ws2_32.dll vcruntime140_app.dll System.Windows.Forms.dll vcruntime140_app.dll System.dll mrt100.dll mrt100.dll tquery.dll windows.storage.applicationdata.dll windows.storage.applicationdata.dll mscorlib.dll idstore.dll windows.storage.dll windows.storage.dll kernel32.dll shlwapi.dll powrprof.dll filterlib.dll ole32.dll fltlib.dll propsys.dll System.Configuration.ni.dll cryptsp.dll propsys.dll goopdate.dll threadpoolwinrt.dll threadpoolwinrt.dll windows.applicationmodel.dll windows.applicationmodel.dll gdi32.dll sechost.dll vccorlib140_app.dll msvcp140_app.dll msvcp140_app.dll appxdeploymentclient.dll appxdeploymentclient.dll staterepository.core.dll staterepository.core.dll rometadata.dll mscorlib.dll rometadata.dll shell32.dll kernelbase.dll msasn1.dll oleaut32.dll dwmapi.dll dwmapi.dll system.security.dll kernel32.dll cfgmgr32.dll onecorecommonproxystub.dll onecorecommonproxystub.dll kernel32.dll pilotshubapp.dll mrt100_app.dll mrt100_app.dll sharedlibrary.dll user32.dll sharedlibrary.dll helper.dll windows.staterepositorybroker.dll windows.staterepositoryclient.dll twinui.dll twinui.dll bcrypt.dll bcrypt.dll userenv.dll userenv.dll profext.dll profext.dll,normal
 setupapi.dll devobj.dll,normal
 netprofm.dll netprofm.dll taskschd.dll msctf.dll taskschd.dll npfproxy.dll npmproxy.dll wuapi.dll user32.dll ole32.dll api-ms-win-core-com-l1-1-0.dll wuapi.dll system.data.oracleclient.dll cabinet.dll sechost.dll cabinet.dll wups.dll wups.dll wbemprox.dll System.Drawing.Design.ni.dll wbemprox.dll wbemcomn.dll wbemcomn.dll wbemsvc.dll wbemsvc.dll fastprox.dll system.serviceprocess.dll setupapi.dll fastprox.dll firewallapi.dll samcli.dll samlib.dll wevtapi.dll wbemcomn.dll wevtapi.dll,normal
 setupapi.dll devobj.dll setupapi.dll kernel32.dll devobj.dll,normal
 ntdll.dll,normal
 mscorlib.dll ntdll.dll ntdll.dll ipmiprr.dll wow64.dll wow64win.dll wow64cpu.dll sechost.dll cfgmgr32.dll kernel32.dll clr.dll gpapi.dll kernel32.dll kernel32.dll user32.dll kernel32.dll rsaenh.dll gdi32.dll KernelBase.dll advapi32.dll msvcrt.dll wow64cpu.dll powrprof.dll sechost.dll rpcrt4.dll sspicli.dll cryptbase.dll dnsapi.dll ws2_32.dll rpcrt4.dll nsi.dll winnsi.dll dhcpcsvc.dll dhcpcsvc6.dll shell32.dll shlwapi.dll msasn1.dll gdi32.dll user32.dll ntdll.dll lpk.dll usp10.dll sppc.dll ole32.dll imm32.dll msctf.dll clbcatq.dll oleaut32.dll rpcrt4.dll cryptsp.dll rsaenh.dll RpcRtRemote.dll wevtapi.dll,normal
 wow64win.dll ntdll.dll ntdll.dll msctf.dll api-ms-win-core-file-l1-2-0.dll wow64.dll wow64win.dll wow64cpu.dll kernel32.dll wevtapi.dll kernel32.dll kernel32.dll user32.dll kernel32.dll kernelbase.dll bcp47langs.dll msvcrt.dll winbrand.dll user32.dll gdi32.dll lpk.dll usp10.dll advapi32.dll sechost.dll dnsapi.dll ieshims.dll rpcrt4.dll setupapi.dll sspicli.dll cryptbase.dll imm32.dll msctf.dll msctf.dll netutils.dll apphelp.dll,normal
 ntdll.dll kernel32.dll KernelBase.dll wininet.dll mscorlib.dll user32.dll system.runtime.serialization.formatters.soap.ni.dll user32.dll gdi32.dll credssp.dll user32.dll user32.dll lpk.dll usp10.dll system.data.dll msvcrt.dll dpx.dll imm32.dll System.ni.dll rpcrt4.dll msctf.dll ole32.dll rpcrt4.dll oleaut32.dll cryptbase.dll rsaenh.dll clbcatq.dll advapi32.dll sechost.dll ntdll.dll ntdll.dll kernel32.dll ntdll.dll Microsoft.PowerShell.Cmdletization.OData.ni.dll KernelBase.dll gdi32.dll user32.dll kernel32.dll lpk.dll usp10.dll msvcrt.dll imm32.dll msctf.dll ole32.dll rpcrt4.dll oleaut32.dll cryptbase.dll clbcatq.dll advapi32.dll sechost.dll ntdll.dll kernel32.dll KernelBase.dll advapi32.dll netprofm.dll msvcrt.dll dhcpcsvc.dll sechost.dll rpcrt4.dll ole32.dll ntdll.dll usp10.dll gdi32.dll user32.dll lpk.dll usp10.dll imm32.dll msctf.dll wdscore.dll clbcatq.dll oleaut32.dll shell32.dll sensapi.dll shlwapi.dll lpk.dll dbghelp.dll CbsApi.dll cryptbase.dll CbsCore.dll version.dll crypt32.dll shlwapi.dll msasn1.dll clbcatq.dll windows.staterepositoryps.dll wintrust.dll userenv.dll msasn1.dll profapi.dll ktmw32.dll dpx.dll rpcrt4.dll dpx.dll dpx.dll mscorlib.dll wcp.dll DrUpdate.dll setupapi.dll cfgmgr32.dll devobj.dll mpr.dll wrpint.dll sxsstore.dll pcwum.dll sqmapi.dll user32.dll winhttp.dll clbcatq.dll webio.dll wow64.dll winhttp.dll vbscript.dll webio.dll SensApi.dll cryptsp.dll rsaenh.dll rpcrt4.dll RpcRtRemote.dll clbcatq.dll CbsApi.dll smipi.dll smiengine.dll ntdll.dll ntdll.dll wow64.dll lpk.dll rpcrtremote.dll wow64win.dll oleaut32.dll wow64cpu.dll comres.dll imm32.dll kernel32.dll gdi32.dll portabledevicetypes.dll kernel32.dll gdi32.dll kernel32.dll user32.dll kernel32.dll cryptbase.dll KernelBase.dll advapi32.dll msvcrt.dll sechost.dll ntdll.dll urlmon.dll smiengine.dll rpcrt4.dll sspicli.dll usp10.dll cryptbase.dll dnsapi.dll ws2_32.dll bcrypt.dll system.core.dll microsoft.powershell.scheduledjob.dll nsi.dll winnsi.dll dhcpcsvc.dll dhcpcsvc6.dll shell32.dll shlwapi.dll gdi32.dll user32.dll lpk.dll usp10.dll advapi32.dll ole32.dll imm32.dll msctf.dll clbcatq.dll ehividctl.ni.dll kernel32.dll oleaut32.dll cryptsp.dll winnsi.dll crypt32.dll rsaenh.dll RpcRtRemote.dll wevtapi.dll ntdll.dll ntdll.dll wow64.dll wow64win.dll wow64cpu.dll kernel32.dll actxprxy.dll kernel32.dll kernel32.dll user32.dll kernel32.dll KernelBase.dll msvcrt.dll ntdll.dll winbrand.dll user32.dll gdi32.dll lpk.dll usp10.dll advapi32.dll sechost.dll rpcrt4.dll sspicli.dll cryptbase.dll imm32.dll msctf.dll apphelp.dll,normal
 ntdll.dll kernel32.dll KernelBase.dll advapi32.dll msvcrt.dll sechost.dll ole32.dll rpcrt4.dll ole32.dll KernelBase.dll gdi32.dll user32.dll msctf.dll lpk.dll usp10.dll imm32.dll msctf.dll wdscore.dll oleaut32.dll shell32.dll user32.dll shlwapi.dll api-ms-win-downlevel-normaliz-l1-1-0.dll dbghelp.dll cryptbase.dll CbsCore.dll version.dll crypt32.dll System.ni.dll msasn1.dll wintrust.dll userenv.dll imageres.dll profapi.dll ktmw32.dll dpx.dll dpx.dll dot3api.dll msvcrt.dll KernelBase.dll dpx.dll rsaenh.dll wcp.dll DrUpdate.dll setupapi.dll sxs.dll cfgmgr32.dll devobj.dll api-ms-win-core-interlocked-l1-1-0.dll mpr.dll duser.dll lpk.dll kernel32.dll sensapi.dll cryptsp.dll wrpint.dll cryptbase.dll usp10.dll sxsstore.dll sqmapi.dll winhttp.dll system.runtime.serialization.formatters.soap.ni.dll webio.dll winhttp.dll webio.dll SensApi.dll cryptsp.dll kernel32.dll rsaenh.dll RpcRtRemote.dll msvcrt.dll cryptsp.dll clbcatq.dll CbsApi.dll netprofm.dll ole32.dll smipi.dll System.AddIn.ni.dll smiengine.dll ntdll.dll ntdll.dll wow64cpu.dll wow64.dll ipmiprr.dll advapi32.dll advapi32.dll cryptsp.dll usp10.dll wow64win.dll clbcatq.dll wow64cpu.dll gpapi.dll kernel32.dll SensApi.dll rpcrt4.dll kernel32.dll kernel32.dll wow64win.dll user32.dll kernel32.dll dhcpcsvc6.dll KernelBase.dll advapi32.dll msvcrt.dll sechost.dll rpcrt4.dll sspicli.dll cryptbase.dll dnsapi.dll ws2_32.dll nsi.dll winnsi.dll ntdll.dll dhcpcsvc.dll ntdll.dll cfgmgr32.dll dhcpcsvc6.dll shell32.dll shlwapi.dll gdi32.dll system.web.applicationservices.dll user32.dll lpk.dll usp10.dll ole32.dll imm32.dll msctf.dll uxtheme.dll clbcatq.dll oleaut32.dll cryptsp.dll rsaenh.dll kernel32.dll RpcRtRemote.dll wevtapi.dll ntdll.dll ntdll.dll wow64.dll wow64win.dll wow64cpu.dll kernel32.dll imm32.dll kernel32.dll kernel32.dll user32.dll kernel32.dll KernelBase.dll msvcrt.dll winbrand.dll user32.dll gdi32.dll lpk.dll usp10.dll advapi32.dll sechost.dll rpcrt4.dll sspicli.dll cryptbase.dll imm32.dll msctf.dll apphelp.dll,normal
 ntdll.dll ntdll.dll ntlanman.dll wow64.dll wow64win.dll mssprxy.dll syncui.dll dwmapi.dll rsaenh.dll wow64cpu.dll kernel32.dll kernel32.dll kernel32.dll user32.dll kernel32.dll wpdshext.dll KernelBase.dll msvcrt.dll winbrand.dll msctf.dll user32.dll gdi32.dll lpk.dll sechost.dll usp10.dll advapi32.dll advapi32.dll sechost.dll rpcrt4.dll sspicli.dll clr.dll cryptbase.dll imm32.dll msctf.dll apphelp.dll,normal
 imm32.dll ntdll.dll ntdll.dll wow64.dll wow64win.dll wow64cpu.dll kernel32.dll kernel32.dll kernel32.dll user32.dll kernel32.dll cryptsp.dll KernelBase.dll system.xml.dll msvcrt.dll winbrand.dll user32.dll gdi32.dll ole32.dll advapi32.dll dpx.dll lpk.dll msvcrt.dll clbcatq.dll usp10.dll capabilityaccesshandlers.dll advapi32.dll sechost.dll rpcrt4.dll sspicli.dll mscorlib.dll cryptbase.dll imm32.dll msctf.dll apphelp.dll,normal
 ntdll.dll clbcatq.dll kernel32.dll kernelbase.dll advapi32.dll mscoree.dll shell32.dll msvcrt.dll sechost.dll rpcrt4.dll gdi32.dll uiautomationprovider.ni.dll user32.dll System.Xaml.dll lpk.dll usp10.dll msswch.dll winmm.dll ncrypt.dll msswch.dll dwmapi.dll gdiplus.dll ntdll.dll ole32.dll oleacc.dll oleaut32.dll shlwapi.dll kernel.appcore.dll wmsgapi.dll duser.dll ntdll.dll uxtheme.dll imm32.dll msctf.dll winmm.dll ntdll.dll kernel32.dll kernelbase.dll advapi32.dll msvcrt.dll sechost.dll kernelbase.dll rpcrt4.dll msvcr120_clr0400.dll mscoree.dll mscorlib.dll devobj.dll user32.dll ole32.dll gdi32.dll user32.dll user32.dll nsi.dll lpk.dll usp10.dll oleaut32.dll srclient.dll winmm.dll system.ni.dll imm32.dll msctf.dll imm32.dll cryptbase.dll shlwapi.dll cryptsp.dll rsaenh.dll rpcrt4.dll rpcrtremote.dll KernelBase.dll clbcatq.dll sxs.dll mscoreei.dll System.Data.dll mscorwks.dll msvcr80.dll shlwapi.dll shell32.dll profapi.dll mscorlib.ni.dll mscorjit.dll mscorlib.dll mscorlib.dll version.dll mscorlib.dll mscorlib.dll system.ni.dll system.drawing.design.ni.dll system.drawing.ni.dll system.windows.forms.ni.dll cryptbase.dll system.configuration.ni.dll system.xml.ni.dll,normal
 ntdll.dll kernel32.dll user32.dll kernel32.dll System.Core.dll KernelBase.dll msvcrt.dll ConhostV2.dll tquery.dll msvcp_win.dll ucrtbase.dll cfgmgr32.dll combase.dll rpcrt4.dll kernel32.dll usp10.dll bcryptprimitives.dll gdi32.dll gdi32full.dll shlwapi.dll rpcrt4.dll user32.dll win32u.dll oleaut32.dll advapi32.dll sechost.dll kernel32.dll imm32.dll propsys.dll SHCore.dll shell32.dll cryptbase.dll setupetw.dll clbcatq.dll cfgmgr32.dll windows.storage.dll uiautomationprovider.dll shlwapi.dll kernel.appcore.dll powrprof.dll profapi.dll uxtheme.dll msctf.dll tiptsf.dll rpcrt4.dll dwmapi.dll comctl32.dll TextInputFramework.dll CoreUIComponents.dll system.configuration.ni.dll CoreMessaging.dll ntmarta.dll shlwapi.dll wcp.dll WinTypes.dll usermgrcli.dll system.web.regularexpressions.ni.dll clbcatq.dll UIAutomationCore.dll sxs.dll oleacc.dll ole32.dll version.dll iertutil.dll msasn1.dll win32u.dll crypt32.dll msasn1.dll ncrypt.dll bcrypt.dll System.Core.ni.dll ntasn1.dll policymanager.dll msvcp110_win.dll dui70.dll imecfm.dll wer.dll,normal
 ntdll.dll kernel32.dll kernelbase.dll gdi32.dll user32.dll wow64.dll lpk.dll usp10.dll clbcatq.dll msvcrt.dll imm32.dll msctf.dll ole32.dll rpcrt4.dll msvcr120_clr0400.dll oleaut32.dll shlwapi.dll dpx.dll cryptbase.dll clbcatq.dll advapi32.dll userenv.dll sechost.dll ntdll.dll kernel32.dll kernelbase.dll gdi32.dll user32.dll rpcrt4.dll lpk.dll profapi.dll usp10.dll msvcrt.dll imm32.dll msctf.dll ole32.dll RpcRtRemote.dll rpcrt4.dll oleaut32.dll cryptbase.dll msvcr120_clr0400.dll clbcatq.dll ntdll.dll advapi32.dll sechost.dll ntdll.dll SensApi.dll clbcatq.dll lpk.dll kernel32.dll sspicli.dll kernelbase.dll gdi32.dll user32.dll lpk.dll usp10.dll mscorlib.dll mscoreei.dll msvcrt.dll imm32.dll msctf.dll ole32.dll rpcrt4.dll oleaut32.dll cryptbase.dll clbcatq.dll advapi32.dll sechost.dll ntdll.dll ntdll.dll wow64.dll wow64win.dll msvcrt.dll imm32.dll mscorlib.dll wow64cpu.dll nlaapi.dll kernel32.dll kernel32.dll kernel32.dll user32.dll kernel32.dll kernelbase.dll profapi.dll oleaut32.dll wow64win.dll ole32.dll winmm.dll msvcrt.dll gdi32.dll user32.dll advapi32.dll ntdll.dll sechost.dll oleaut32.dll rpcrt4.dll kernel32.dll sspicli.dll EhStorShell.dll nsi.dll cryptbase.dll lpk.dll usp10.dll shlwapi.dll msimg32.dll version.dll api-ms-win-downlevel-normaliz-l1-1-0.dll cryptbase.dll mpr.dll olepro32.dll clbcatq.dll shlwapi.dll comctl32.dll shlwapi.dll shell32.dll wsock32.dll ws2_32.dll nsi.dll netapi32.dll api-ms-win-downlevel-shlwapi-l1-1-0.dll netutils.dll wbemprox.dll srvcli.dll dwmapi.dll wkscli.dll msvcr80.dll gdiplus.dll clbcatq.dll imm32.dll msctf.dll uxtheme.dll system.web.dll clbcatq.dll propsys.dll profapi.dll windowscodecs.dll user32.dll cryptbase.dll dhcpcsvc.dll apphelp.dll setupapi.dll windows.storage.dll cfgmgr32.dll imm32.dll devobj.dll ehstorshell.dll ehstorshell.dll bcrypt.dll ehstorshell.dll cryptbase.dll ole32.dll ehstorshell.dll ntshrui.dll ntshrui.dll ntshrui.dll ntshrui.dll cscapi.dll cryptbase.dll slc.dll imageres.dll user32.dll clbcatq.dll propsys.dll imageres.dll imageres.dll comctl32.dll imageres.dll imageres.dll imageres.dll system.messaging.dll imageres.dll imageres.dll imageres.dll imageres.dll imageres.dll imageres.dll wtsapi32.dll cfgmgr32.dll winsta.dll ntdll.dll ntdll.dll api-ms-win-core-file-l2-1-0.dll wow64.dll wow64win.dll wow64cpu.dll kernel32.dll ntdll.dll shell32.dll kernel32.dll gdi32.dll rsaenh.dll kernel32.dll user32.dll kernel32.dll kernelbase.dll msvcrt.dll System.Web.ApplicationServices.dll ole32.dll gdi32.dll user32.dll advapi32.dll sechost.dll rpcrt4.dll sspicli.dll cryptbase.dll lpk.dll usp10.dll imm32.dll msctf.dll clbcatq.dll oleaut32.dll kernel32.dll cryptsp.dll rsaenh.dll rpcrtremote.dll shell32.dll shlwapi.dll actxprxy.dll comctl32.dll,normal
 configurationclient.dll ondemandconnroutehelper.dll system.transactions.dll rmclient.dll,normal
 ntdll.dll system.configuration.install.ni.dll kernel32.dll ntdll.dll KernelBase.dll advapi32.dll msvcrt.dll sechost.dll advapi32.dll rpcrt4.dll msvcr120_clr0400.dll user32.dll mscoree.dll ole32.dll gdi32.dll bcrypt.dll user32.dll lpk.dll usp10.dll kernelbase.dll oleaut32.dll setupapi.dll imm32.dll msctf.dll cryptbase.dll cryptsp.dll rsaenh.dll RpcRtRemote.dll sxs.dll usp10.dll oleaut32.dll clbcatq.dll sxs.dll kernel32.dll mscoreei.dll mscorwks.dll msvcr80.dll shlwapi.dll wow64cpu.dll system.enterpriseservices.dll shell32.dll profapi.dll mscorlib.ni.dll mscorjit.dll gdi32.dll mscorlib.dll mscorlib.dll version.dll mscorlib.dll system.dll mscorlib.dll ehiUPnP.ni.dll shlwapi.dll devrtl.dll ntdll.dll kernel32.dll KernelBase.dll advapi32.dll msctf.dll shell32.dll msvcrt.dll sechost.dll rpcrt4.dll msvcr120_clr0400.dll mscoree.dll msi.dll ole32.dll gdi32.dll user32.dll ntdll.dll netjoin.dll lpk.dll usp10.dll system.management.automation.dll rsaenh.dll oleaut32.dll msvcrt.dll userenv.dll imm32.dll system.xml.dll vaultcli.dll msctf.dll sechost.dll cryptbase.dll cryptsp.dll rsaenh.dll RpcRtRemote.dll dwmapi.dll thumbcache.dll System.IO.Compression.FileSystem.ni.dll mscorsec.dll clbcatq.dll sxs.dll mscoreei.dll mscorwks.dll msvcr80.dll shlwapi.dll shell32.dll profapi.dll mscorlib.ni.dll mscorjit.dll ntdll.dll mscorlib.dll mscorlib.dll version.dll advapi32.dll mscorlib.dll wow64cpu.dll mscorlib.dll profapi.dll stdole.ni.dll clrjit.dll mscorsec.dll system.xml.ni.dll wintrust.dll crypt32.dll gdi32.dll msasn1.dll user32.dll bcryptprimitives.dll comctl32.dll riched20.dll imagehlp.dll ncrypt.dll api-ms-win-core-synch-l1-2-0.dll lpk.dll Microsoft-Windows-HomeGroupDiagnostic.NetListMgr.Interop.dll kernel32.dll system.configuration.dll Microsoft-Windows-HomeGroupDiagnostic.NetListMgr.Interop.dll KernelBase.dll Microsoft-Windows-HomeGroupDiagnostic.NetListMgr.Interop.dll bcrypt.dll gdi32.dll bcryptprimitives.dll userenv.dll clbcatq.dll advapi32.dll gpapi.dll cryptnet.dll Wldap32.dll msutb.dll SensApi.dll ntdll.dll kernel32.dll KernelBase.dll advapi32.dll msvcrt.dll riched20.dll sechost.dll rpcrt4.dll msvcr120_clr0400.dll mscoree.dll KernelBase.dll ole32.dll gdi32.dll wow64.dll winnsi.dll oleaut32.dll user32.dll user32.dll lpk.dll usp10.dll oleaut32.dll imm32.dll msctf.dll cryptbase.dll cryptsp.dll ntdll.dll dwrite.dll rsaenh.dll rsaenh.dll RpcRtRemote.dll clbcatq.dll usp10.dll sxs.dll msvcrt.dll imm32.dll rpcrt4.dll mscoreei.dll mscorwks.dll msvcr80.dll shlwapi.dll shell32.dll profapi.dll mscorlib.ni.dll sspicli.dll mscorjit.dll mscorlib.dll mscorlib.dll version.dll imm32.dll mscorlib.dll mscorlib.dll System.ni.dll System.Configuration.Install.ni.dll System.Runtime.Serialization.Formatters.Soap.ni.dll System.Drawing.ni.dll devobj.dll System.Windows.Forms.ni.dll System.Configuration.ni.dll System.Xml.ni.dll System.Security.ni.dll System.Data.SqlXml.ni.dll wow64cpu.dll Accessibility.ni.dll System.Deployment.ni.dll ntdll.dll gdi32.dll kernel32.dll KernelBase.dll advapi32.dll msvcrt.dll sechost.dll shell32.dll wmsgapi.dll usp10.dll rpcrt4.dll msvcr120_clr0400.dll mscoree.dll ole32.dll gdi32.dll user32.dll cscui.dll lpk.dll usp10.dll rsaenh.dll oleaut32.dll imm32.dll msctf.dll rpcrt4.dll cryptbase.dll msvcr120_clr0400.dll cryptsp.dll mswsock.dll rpcrtremote.dll rsaenh.dll rpcrt4.dll RpcRtRemote.dll clbcatq.dll cryptsp.dll sxs.dll mscoreei.dll user32.dll KernelBase.dll clr.dll shlwapi.dll mscorlib.ni.dll clrjit.dll System.ni.dll Microsoft.Transactions.Bridge.ni.dll mscoreei.dll version.dll mscorlib.dll mscorlib.dll System.Core.ni.dll imageres.dll system.drawing.dll cfgmgr32.dll System.ServiceModel.ni.dll System.Runtime.Serialization.ni.dll SMDiagnostics.ni.dll System.Xml.ni.dll cryptbase.dll System.ServiceModel.Internals.ni.dll System.Transactions.ni.dll System.Transactions.dll System.Transactions.dll System.Transactions.dll combase.dll user32.dll System.IdentityModel.ni.dll System.Configuration.ni.dll ntdll.dll kernel32.dll KernelBase.dll lpk.dll advapi32.dll msvcrt.dll sechost.dll rpcrt4.dll msvcr120_clr0400.dll mscoree.dll ole32.dll gdi32.dll Microsoft.VisualC.ni.dll user32.dll lpk.dll usp10.dll advapi32.dll ole32.dll rpcrt4.dll msvcr80.dll oleaut32.dll imm32.dll msctf.dll cryptbase.dll cryptsp.dll rsaenh.dll RpcRtRemote.dll clbcatq.dll sxs.dll mscoreei.dll clr.dll shlwapi.dll mscorlib.ni.dll mscorlib.ni.dll kernel32.dll clrjit.dll kernel32.dll System.Runtime.Remoting.dll System.ni.dll msctf.dll version.dll mscorlib.dll mscorlib.dll System.Net.ni.dll System.Core.ni.dll System.Configuration.ni.dll System.Xml.ni.dll ntdll.dll ntdll.dll setupapi.dll version.dll System.XML.dll wow64.dll wow64win.dll wow64cpu.dll kernel32.dll kernel32.dll kernel32.dll propsys.dll user32.dll kernel32.dll kernel32.dll rsaenh.dll kernel32.dll KernelBase.dll advapi32.dll lpk.dll msvcrt.dll sechost.dll rpcrt4.dll sspicli.dll cryptbase.dll bcryptprimitives.dll user32.dll msvcr120_clr0400.dll system.deployment.ni.dll mscoree.dll ole32.dll gdi32.dll user32.dll lpk.dll usp10.dll mscoreei.dll oleaut32.dll mscorlib.ni.dll imm32.dll msctf.dll cryptsp.dll rsaenh.dll system.messaging.dll RpcRtRemote.dll oleacc.dll mscorlib.dll clbcatq.dll imagehlp.dll sxs.dll Microsoft.VisualStudio.Tools.Applications.ServerDocument.v10.0.ni.dll api-ms-win-core-console-l1-1-0.dll mscoreei.dll clr.dll shlwapi.dll mscorlib.ni.dll clrjit.dll System.ni.dll System.Core.ni.dll version.dll wdscore.dll System.Activities.DurableInstancing.ni.dll System.Activities.DurableInstancing.dll System.Activities.DurableInstancing.dll sxsstore.dll mscorlib.dll mscorlib.dll System.dll System.dll secur32.dll gdi32.dll mapi32.dll System.Core.dll gdi32.dll System.Core.dll System.ServiceModel.Internals.ni.dll System.ServiceModel.Internals.dll System.ServiceModel.Internals.dll mscoree.dll rpcrt4.dll perfos.dll System.Runtime.DurableInstancing.ni.dll System.Runtime.DurableInstancing.dll system.serviceprocess.ni.dll sxs.dll System.Runtime.DurableInstancing.dll user32.dll System.Transactions.ni.dll System.Transactions.dll System.Transactions.dll System.Transactions.dll profapi.dll System.Data.ni.dll System.Data.dll System.Data.dll System.Data.dll System.Xml.Linq.ni.dll System.Xml.Linq.dll System.Xml.Linq.dll System.Activities.ni.dll System.Activities.dll clbcatq.dll imageres.dll System.Activities.dll System.Runtime.Serialization.ni.dll ole32.dll msctf.dll System.Runtime.Serialization.dll System.Runtime.Serialization.dll System.Xml.ni.dll System.Xml.dll System.Xml.dll clbcatq.dll ntdll.dll setupapi.dll System.Numerics.ni.dll uiautomationtypes.dll mscorlib.dll System.Numerics.dll userenv.dll System.Numerics.dll System.ServiceModel.Internals.dll System.Security.ni.dll wintypes.dll System.Security.dll System.Security.dll System.Configuration.ni.dll System.Configuration.dll System.Configuration.dll ntdll.dll ntdll.dll msasn1.dll wow64.dll wow64win.dll wow64cpu.dll kernel32.dll kernel32.dll kernel32.dll msi.dll user32.dll kernel32.dll rsaenh.dll usp10.dll hotstartuseragent.dll KernelBase.dll advapi32.dll msvcrt.dll sechost.dll rpcrt4.dll user32.dll sspicli.dll kernelbase.dll cryptbase.dll msvcr120_clr0400.dll mscoree.dll ole32.dll gdi32.dll user32.dll lpk.dll usp10.dll oleaut32.dll windowsbase.ni.dll imm32.dll msctf.dll cryptsp.dll rsaenh.dll RpcRtRemote.dll clbcatq.dll sxs.dll mscoreei.dll clr.dll shlwapi.dll mscorlib.ni.dll clrjit.dll System.ni.dll System.Drawing.Design.ni.dll version.dll mscorlib.dll cryptsp.dll wow64.dll mscorlib.dll System.dll System.dll System.Drawing.ni.dll System.Drawing.dll advapi32.dll kernel32.dll System.Drawing.dll policymanager.dll System.Windows.Forms.ni.dll System.Windows.Forms.dll System.Windows.Forms.dll System.Core.ni.dll System.Configuration.ni.dll imageres.dll System.Configuration.dll System.Configuration.dll System.Core.dll System.Core.dll System.Xml.ni.dll System.Xml.dll System.Xml.dll ntdll.dll ntdll.dll wow64.dll wow64win.dll wow64cpu.dll kernel32.dll kernel32.dll kernel32.dll user32.dll kernel32.dll user32.dll KernelBase.dll advapi32.dll msvcrt.dll sechost.dll rpcrt4.dll sspicli.dll cryptbase.dll msvcrt.dll msvcr120_clr0400.dll mscoree.dll ole32.dll gdi32.dll user32.dll lpk.dll usp10.dll oleaut32.dll system.io.compression.ni.dll imm32.dll msctf.dll cryptsp.dll rsaenh.dll RpcRtRemote.dll bcrypt.dll clbcatq.dll sxs.dll mscoreei.dll clr.dll shlwapi.dll mscorlib.ni.dll clrjit.dll UIAutomationTypes.ni.dll version.dll UIAutomationTypes.dll UIAutomationTypes.dll mscorlib.dll mscorlib.dll,normal
 ntdll.dll kernel32.dll KernelBase.dll system.runtime.serialization.formatters.soap.ni.dll gdi32.dll version.dll user32.dll lpk.dll usp10.dll msvcrt.dll imm32.dll comctl32.dll msctf.dll ole32.dll rpcrt4.dll oleaut32.dll usp10.dll kernel32.dll user32.dll system.xml.ni.dll cryptbase.dll clbcatq.dll advapi32.dll sechost.dll usp10.dll sechost.dll ntdll.dll ntdll.dll wow64.dll wow64win.dll sensapi.dll wow64cpu.dll grooveintlresource.dll winbrand.dll kernel32.dll kernel32.dll kernel32.dll wow64win.dll user32.dll kernel32.dll KernelBase.dll msvcrt.dll winbrand.dll user32.dll gdi32.dll lpk.dll usp10.dll system.configuration.ni.dll execmodelproxy.dll advapi32.dll setupapi.dll sechost.dll rpcrt4.dll sspicli.dll cryptbase.dll imm32.dll msctf.dll apphelp.dll,normal
 ntdll.dll kernel32.dll KernelBase.dll dhcpcsvc.dll KernelBase.dll gdi32.dll clr.dll user32.dll lpk.dll kernelbase.dll usp10.dll mscorlib.dll msvcrt.dll imm32.dll msctf.dll ieframe.dll wtsapi32.dll ole32.dll rpcrt4.dll oleaut32.dll cryptbase.dll clbcatq.dll chsbrkr.dll advapi32.dll sechost.dll ntdll.dll dxgi.dll ntdll.dll wow64.dll profapi.dll wow64win.dll wow64cpu.dll kernel32.dll kernel32.dll advapi32.dll kernel32.dll user32.dll mscoree.dll nsi.dll logoncli.dll kernel32.dll KernelBase.dll msctf.dll msvcrt.dll winbrand.dll user32.dll gdi32.dll lpk.dll usp10.dll advapi32.dll sechost.dll rpcrt4.dll mscoreei.dll sspicli.dll cryptbase.dll imm32.dll msctf.dll apphelp.dll,normal
 ntdll.dll kernel32.dll kernelbase.dll ntdll.dll advapi32.dll ncrypt.dll msvcrt.dll sspicli.dll system.configuration.dll dsrole.dll sechost.dll rpcrt4.dll mpr.dll user32.dll gdi32.dll usp10.dll webio.dll lpk.dll usp10.dll ole32.dll oleaut32.dll tquery.dll tquery.dll shlwapi.dll userenv.dll cabinet.dll msshooks.dll msshooks.dll imm32.dll gdi32.dll msctf.dll cryptbase.dll msidle.dll comctl32.dll clbcatq.dll crypt32.dll cryptsp.dll rsaenh.dll sensapi.dll System.Drawing.dll rpcrtremote.dll mssprxy.dll mapi32.dll mssph.dll ntmarta.dll wldap32.dll authz.dll shell32.dll gdi32.dll comctl32.dll propsys.dll linkinfo.dll setupapi.dll cfgmgr32.dll devobj.dll profapi.dll,normal
 ntdll.dll kernel32.dll kernelbase.dll cortana.backgroundtask.dll gdi32.dll user32.dll lpk.dll cryptbase.dll usp10.dll msvcrt.dll rpcrt4.dll imm32.dll quartz.dll msctf.dll ole32.dll rpcrt4.dll imageres.dll oleaut32.dll gdi32full.dll setupapi.dll cryptbase.dll dwmapi.dll system.configuration.ni.dll bcrypt.dll clbcatq.dll advapi32.dll EhStorShell.dll sechost.dll ntdll.dll kernel32.dll kernelbase.dll gdi32.dll user32.dll lpk.dll usp10.dll KernelBase.dll msvcrt.dll imm32.dll msctf.dll ole32.dll rpcrt4.dll oleaut32.dll ntdll.dll,normal
 ntdll.dll kernel32.dll msvcp_win.dll KernelBase.dll advapi32.dll msvcrt.dll rpcrt4.dll sechost.dll rpcrt4.dll dnsapi.dll msvcr120_clr0400.dll wtsapi32.dll winmm.dll KernelBase.dll mscoree.dll ole32.dll apphelp.dll gdi32.dll profapi.dll user32.dll wevtapi.dll lpk.dll usp10.dll oleaut32.dll imm32.dll msctf.dll secur32.dll lpk.dll windowscodecs.dll cryptbase.dll cryptsp.dll rsaenh.dll dnsapi.dll msvcrt.dll system.web.dll ntdll.dll fdwnet.dll rsaenh.dll comctl32.dll oleaut32.dll RpcRtRemote.dll clbcatq.dll sxs.dll mscoreei.dll mscorwks.dll msvcr80.dll shlwapi.dll cryptsp.dll sfc_os.dll shell32.dll profapi.dll tquery.dll mscorlib.ni.dll mscorjit.dll mscorlib.dll mscorlib.dll version.dll mscorlib.dll mscorlib.dll System.ni.dll System.Workflow.ComponentModel.ni.dll System.Design.ni.dll Microsoft.Build.Utilities.ni.dll Microsoft.Build.Framework.ni.dll Microsoft.Build.Tasks.ni.dll System.Configuration.ni.dll System.Drawing.ni.dll system.data.sqlxml.dll System.Windows.Forms.ni.dll System.Xml.ni.dll System.Transactions.ni.dll system.web.regularexpressions.ni.dll System.Transactions.dll System.Transactions.dll System.Transactions.dll System.Transactions.dll System.Transactions.dll System.Web.ni.dll System.Web.dll msvcrt.dll System.Web.dll System.Drawing.Design.dll System.Web.dll propsys.dll apphelp.dll System.Web.dll ntdll.dll dbghelp.dll kernel32.dll KernelBase.dll ieshims.dll msvcrt.dll System.Transactions.dll msvcrt.dll ole32.dll gdi32.dll user32.dll lpk.dll usp10.dll rpcrt4.dll imm32.dll msctf.dll cryptbase.dll clbcatq.dll advapi32.dll sechost.dll oleaut32.dll cryptsp.dll rsaenh.dll RpcRtRemote.dll uxtheme.dll shacct.dll comctl32.dll shlwapi.dll userenv.dll profapi.dll IDStore.dll,normal
 ntdll.dll,normal
 wups2.dll ntdll.dll kernel32.dll KernelBase.dll msvcrt.dll ole32.dll gdi32.dll ntdll.dll user32.dll lpk.dll msvcrt.dll usp10.dll rpcrt4.dll mintdh.dll ole32.dll imm32.dll msctf.dll cryptbase.dll clbcatq.dll advapi32.dll sechost.dll wow64.dll sspicli.dll oleaut32.dll authui.dll cryptui.dll crypt32.dll mrmcorer.dll msasn1.dll imm32.dll comctl32.dll KernelBase.dll shlwapi.dll wow64cpu.dll winsta.dll uxtheme.dll GdiPlus.dll logoncli.dll msvcr120_clr0400.dll gdi32.dll dui70.dll duser.dll cfgmgr32.dll lpk.dll SndVolSSO.dll hid.dll MMDevAPI.dll propsys.dll setupapi.dll advapi32.dll cfgmgr32.dll devobj.dll dwmapi.dll xmllite.dll system.data.sqlxml.ni.dll WindowsCodecs.dll winbrand.dll VaultCredProvider.dll RpcRtRemote.dll wtsapi32.dll winsta.dll sechost.dll SmartcardCredentialProvider.dll ntdll.dll bcrypt.dll BioCredProv.dll kernel32.dll secur32.dll mscorlib.dll sspicli.dll gdi32.dll kernel.appcore.dll winbio.dll credui.dll vaultcli.dll netapi32.dll netutils.dll srvcli.dll imm32.dll wkscli.dll samcli.dll certCredProvider.dll rasplap.dll rasapi32.dll rasman.dll ws2_32.dll nsi.dll rtutils.dll oleacc.dll UIAutomationCore.dll psapi.dll cryptsp.dll rsaenh.dll shell32.dll WinSCard.dll msimg32.dll,normal
 ntdll.dll kbd101.dll ntdll.dll wow64.dll usp10.dll wow64win.dll wow64cpu.dll cfgmgr32.dll kernel32.dll kernel32.dll user32.dll kernel32.dll user32.dll mscorlib.dll kernel32.dll KernelBase.dll msvcrt.dll winbrand.dll gdi32.dll user32.dll gdi32.dll lpk.dll CbsApi.dll usp10.dll system.configuration.dll winmm.dll advapi32.dll sechost.dll rpcrt4.dll sspicli.dll rsaenh.dll cryptbase.dll imm32.dll msctf.dll apphelp.dll,normal
 ntdll.dll kernel32.dll kernelbase.dll imm32.dll advapi32.dll api-ms-win-crt-time-l1-1-0.dll oleaut32.dll usp10.dll msvcrt.dll sechost.dll rpcrt4.dll version.dll bcryptprimitives.dll kernel.appcore.dll,normal
 ntdll.dll winbrand.dll kernel32.dll kernelbase.dll user32.dll msvcrt.dll gdi32.dll system.transactions.dll gdi32.dll imm32.dll msctf.dll combase.dll rpcrt4.dll kernel.appcore.dll cryptbase.dll kernel32.dll bcryptprimitives.dll clbcatq.dll sechost.dll uxtheme.dll kernel32.dll KernelBase.dll cryptsp.dll rsaenh.dll api-ms-win-service-winsvc-l1-1-0.dll mscorlib.dll bcrypt.dll clbcatq.dll ole32.dll tipskins.dll api-ms-win-downlevel-shlwapi-l1-1-0.dll bcp47langs.dll wow64.dll winsta.dll ntdll.dll msvcrt.dll dui70.dll oleaut32.dll shcore.dll dwmapi.dll imm32.dll twinapi.dll shell32.dll usp10.dll shlwapi.dll userenv.dll profapi.dll windows.globalization.dll gpapi.dll tipres.dll comctl32.dll duser.dll gdiplus.dll windows.ui.dll ninput.dll tiptsf.dll oleacc.dll,normal
 ntdll.dll ole32.dll ntdll.dll wldp.dll wow64.dll msctf.dll wow64win.dll wow64cpu.dll kernel32.dll shlwapi.dll kernel32.dll kernel32.dll user32.dll kernel32.dll KernelBase.dll msvcrt.dll EhStorShell.dll System.dll winbrand.dll msvcr80.dll user32.dll gdi32.dll lpk.dll kernel32.dll usp10.dll advapi32.dll sspicli.dll ole32.dll sechost.dll rpcrt4.dll sspicli.dll cryptbase.dll imm32.dll msctf.dll apphelp.dll,normal
 advapi32.dll ntdll.dll gdi32.dll kernel32.dll kernelbase.dll gdi32.dll gdi32full.dll user32.dll win32u.dll msvcrt.dll combase.dll devobj.dll ucrtbase.dll rpcrt4.dll bcryptprimitives.dll crypt32.dll sspicli.dll IDStore.dll msasn1.dll sechost.dll mscorlib.dll winhttp.dll ntdll.dll kernel32.dll wmsgapi.dll amsi.dll sensapi.dll comctl32.dll userenv.dll sspicli.dll msctfmonitor.dll profapi.dll msimg32.dll bcryptprimitives.dll kernel32.dll System.Runtime.Remoting.dll winsta.dll sspicli.dll oleaut32.dll msvcp_win.dll imm32.dll ehstorshell.dll msutb.dll wtsapi32.dll dbghelp.dll msv1_0.dll shell32.dll cfgmgr32.dll windows.storage.dll powrprof.dll advapi32.dll shlwapi.dll kernel.appcore.dll shcore.dll rpcrt4.dll uxtheme.dll wintrust.dll clbcatq.dll cryptsp.dll gpapi.dll rsaenh.dll bcrypt.dll msctf.dll amsiproxy.dll cryptbase.dll imagehlp.dll gpapi.dll urlmon.dll oleaut32.dll iertutil.dll System.ServiceModel.Channels.ni.dll mswsock.dll ole32.dll dwmapi.dll System.Data.SqlXml.dll version.dll kbd101.dll kbd106.dll kbdnec.dll kbd106.dll slwga.dll rsaenh.dll presentationui.dll inputswitch.dll bcp47langs.dll apphelp.dll dui70.dll oleaut32.dll duser.dll xmllite.dll ipnathlp.dll user32.dll kernelbase.dll dwrite.dll windowscodecs.dll credui.dll audioses.dll mmdevapi.dll user32.dll ntdll.dll system.transactions.dll wintypes.dll propsys.dll devobj.dll wincredui.dll kernel32.dll uianimation.dll user32.dll windows.ui.creddialogcontroller.dll d3d11.dll dxgi.dll windows.ui.xamlhost.dll ws2_32.dll rpcrt4.dll sspicli.dll avrt.dll d3d10warp.dll resourcepolicyclient.dll windows.ui.cred.dll ntdll.dll wincorlib.dll dcomp.dll mrmcorer.dll windows.ui.dll windows.ui.xaml.dll coremessaging.dll windows.ui.immersive.dll twinapi.appcore.dll mscorlib.dll igd10iumd64.dll ncrypt.dll ntasn1.dll igc64.dll d2d1.dll windows.globalization.dll windows.globalization.fontgroups.dll fontgroupsoverride.dll fontglyphanimator.dll windows.internal.ui.logon.proxystub.dll directmanipulation.dll version.dll oleacc.dll ntmarta.dll policymanager.dll msvcp110_win.dll imecfm.dll wer.dll ninput.dll uiautomationcore.dll,normal
 msasn1.dll imm32.dll ntdll.dll ntdll.dll kernel32.dll kernelbase.dll kernelbase.dll cryptsp.dll gdi32.dll user32.dll msvcrt.dll ole32.dll msvcrt.dll imm32.dll oleaut32.dll ondemandconnroutehelper.dll combase.dll msctf.dll wow64win.dll rpcrt4.dll rpcrt4.dll,normal
 ntdll.dll clr.dll ntdll.dll kernel32.dll kernelbase.dll msvcrt.dll secur32.dll kernelbase.dll msvcrt.dll msvcrt.dll shcore.dll shcore.dll rpcrt4.dll rpcrt4.dll kernelbase.dll combase.dll ucrtbase.dll kernelbase.dll imm32.dll ucrtbase.dll bcryptprimitives.dll bcryptprimitives.dll rsaenh.dll netprofm.dll oleaut32.dll msvcp_win.dll dnsapi.dll msvcp_win.dll presentationcore.dll powrprof.dll api-ms-win-crt-runtime-l1-1-0.dll rpcrt4.dll kernel32.dll gdi32.dll advapi32.dll advapi32.dll sechost.dll msvcr80.dll sechost.dll msvcp110_win.dll msvcp110_win.dll userenv.dll userenv.dll profapi.dll netprofm.dll windows.storage.dll system.deployment.ni.dll fusion.dll windows.storage.dll System.Configuration.ni.dll shlwapi.dll gdi32.dll gdi32full.dll user32.dll msctf.dll win32u.dll kernel.appcore.dll kernel.appcore.dll filterlib.dll fltlib.dll cryptbase.dll dmiso8601utils.dll sechost.dll dmiso8601utils.dll clbcatq.dll usoapi.dll usoapi.dll taskschd.dll taskschd.dll sspicli.dll sspicli.dll xmllite.dll xmllite.dll wtsapi32.dll wtsapi32.dll winsta.dll winsta.dll shell32.dll cfgmgr32.dll,normal
 ntdll.dll version.dll ntdll.dll wow64.dll wow64win.dll wow64cpu.dll profapi.dll sspicli.dll ntdll.dll kernel32.dll lpk.dll kernel32.dll kernel32.dll user32.dll kernel32.dll KernelBase.dll rsaenh.dll msvcrt.dll winbrand.dll user32.dll System.Runtime.Serialization.Formatters.Soap.dll gdi32.dll lpk.dll secur32.dll usp10.dll user32.dll winmm.dll advapi32.dll sechost.dll rpcrt4.dll sspicli.dll cryptbase.dll imm32.dll msctf.dll apphelp.dll,normal
 ntdll.dll kernel32.dll shlwapi.dll kernelbase.dll gdi32.dll user32.dll lpk.dll usp10.dll msvcrt.dll imm32.dll cfgmgr32.dll msctf.dll kernel32.dll ole32.dll rpcrt4.dll oleaut32.dll ole32.dll cryptbase.dll clbcatq.dll advapi32.dll sechost.dll ntdll.dll ntdll.dll wow64.dll system.security.dll wow64win.dll sspicli.dll wow64cpu.dll kernel32.dll kernel32.dll kernel32.dll usp10.dll user32.dll kernel32.dll gdi32.dll oleaut32.dll system.data.entity.ni.dll kernelbase.dll gdi32.dll msvcrt.dll UIAutomationTypes.dll KernelBase.dll winbrand.dll msvcrt.dll kernelbase.dll user32.dll gdi32.dll lpk.dll usp10.dll advapi32.dll sechost.dll rpcrt4.dll sspicli.dll cryptbase.dll imm32.dll slwga.dll msctf.dll apphelp.dll,normal
 msftedit.dll usp10.dll msimg32.dll imm32.dll devobj.dll winmm.dll winmmbase.dll,normal
 ntdll.dll kernel32.dll kernelbase.dll msvcrt.dll iertutil.dll combase.dll rpcrt4.dll cscapi.dll clbcatq.dll kernel.appcore.dll bcryptprimitives.dll twinapi.appcore.dll sechost.dll sechost.dll windows.applicationmodel.dll shell32.dll userenv.dll secur32.dll lpk.dll profapi.dll bcrypt.dll wintypes.dll user32.dll gdi32.dll imm32.dll imm32.dll msctf.dll shcore.dll cryptsp.dll rsaenh.dll cryptbase.dll mrmcorer.dll windows.ui.dll ninput.dll sxs.dll powrprof.dll usp10.dll oleres.dll cfgmgr32.dll msshooks.dll oleaut32.dll bcp47langs.dll clbcatq.dll uxtheme.dll actxprxy.dll biwinrt.dll cortana.backgroundtask.dll wincorlib.dll cortana.core.dll aistokenmanager.dll bingconfigurationclient.dll urlmon.dll rpcrt4.dll advapi32.dll shell32.dll shlwapi.dll onlineservices.dll iertutil.dll windows.storage.applicationdata.dll logoncli.dll windows.cortana.pal.desktop.dll threadpoolwinrt.dll windows.globalization.dll,normal
 ntdll.dll microsoft.visualstudio.tools.applications.runtime.ni.dll ntdll.dll kernel32.dll kernelbase.dll ntdll.dll kernelbase.dll advapi32.dll advapi32.dll msvcrt.dll msvcrt.dll combase.dll oleaut32.dll user32.dll tquery.dll tquery.dll imm32.dll msshooks.dll msshooks.dll shlwapi.dll sechost.dll sechost.dll kernel32.dll system.data.oracleclient.dll rpcrt4.dll rpcrt4.dll gdi32.dll dui70.dll System.XML.dll msctf.dll kernel.appcore.dll api-ms-win-core-sysinfo-l1-2-0.dll oleaut32.dll ntdll.dll kernel.appcore.dll cryptbase.dll System.EnterpriseServices.ni.dll cryptbase.dll bcryptprimitives.dll bcryptprimitives.dll crypt32.dll clbcatq.dll cryptsp.dll shlwapi.dll apphelp.dll cryptsp.dll rsaenh.dll usp10.dll rsaenh.dll bcrypt.dll coremessaging.dll bcrypt.dll mssprxy.dll mssprxy.dll shcore.dll shcore.dll lpk.dll,normal
 clr.dll ntdll.dll ntdll.dll msvcrt.dll wow64.dll wow64win.dll wow64cpu.dll kernel32.dll kernel32.dll kernel32.dll wow64.dll System.Data.OracleClient.dll user32.dll kernel32.dll msvcr80.dll user32.dll KernelBase.dll advapi32.dll msvcrt.dll ole32.dll sechost.dll lpk.dll rpcrt4.dll advapi32.dll sspicli.dll cryptbase.dll dnsapi.dll ws2_32.dll eventviewer.ni.dll nsi.dll winnsi.dll dhcpcsvc.dll dhcpcsvc6.dll shell32.dll shlwapi.dll gdi32.dll powercpl.dll user32.dll lpk.dll KernelBase.dll kernel32.dll usp10.dll msvcrt.dll mscoree.dll ole32.dll sspicli.dll imm32.dll clbcatq.dll bcrypt.dll msctf.dll usp10.dll clbcatq.dll usp10.dll oleaut32.dll cryptsp.dll rsaenh.dll apphelp.dll lpk.dll RpcRtRemote.dll ntdll.dll wevtapi.dll oleaut32.dll ntdll.dll System.Data.dll kernel32.dll KernelBase.dll gdi32.dll System.Drawing.dll user32.dll lpk.dll usp10.dll msvcrt.dll ole32.dll kernel32.dll imm32.dll msctf.dll oleacc.dll ole32.dll rpcrt4.dll user32.dll oleaut32.dll cryptbase.dll clbcatq.dll msvcrt.dll advapi32.dll sechost.dll ntdll.dll msvcrt.dll kernel32.dll microsoft.security.applicationid.policymanagement.policyengineapi.interop.dll sspicli.dll KernelBase.dll gdi32.dll user32.dll lpk.dll usp10.dll msvcrt.dll kernel32.dll imm32.dll version.dll msctf.dll ole32.dll rpcrt4.dll oleaut32.dll cryptbase.dll clbcatq.dll advapi32.dll sechost.dll ntdll.dll ntdll.dll wow64.dll wow64win.dll wow64cpu.dll kernel32.dll System.Security.dll kernel32.dll kernel32.dll user32.dll kernel32.dll KernelBase.dll msvcrt.dll winbrand.dll user32.dll gdi32.dll lpk.dll sppuinotify.dll usp10.dll advapi32.dll sechost.dll rpcrt4.dll sspicli.dll cryptbase.dll imm32.dll msctf.dll apphelp.dll,normal
 ntmarta.dll ntdll.dll kernel32.dll kernelbase.dll msvcrt.dll winbrand.dll user32.dll gdi32.dll msctf.dll winmm.dll lpk.dll coremessaging.dll usp10.dll imm32.dll user32.dll msctf.dll oleaut32.dll advapi32.dll sechost.dll rpcrt4.dll apphelp.dll,normal
 cryptsp.dll rsaenh.dll user32.dll userenv.dll sspicli.dll,normal
 ntdll.dll kernel32.dll KernelBase.dll lpk.dll advapi32.dll msvcrt.dll sspicli.dll system.web.regularexpressions.dll sechost.dll rpcrt4.dll sxs.dll logprovider.dll rpcrt4.dll System.Windows.Forms.ni.dll mscorlib.dll msvcr120_clr0400.dll mscoree.dll System.Data.Services.Design.ni.dll kernel32.dll oleaut32.dll lpk.dll ole32.dll gdi32.dll user32.dll imm32.dll user32.dll lpk.dll usp10.dll oleaut32.dll imm32.dll powrprof.dll msctf.dll cryptbase.dll cryptsp.dll rsaenh.dll kernel32.dll RpcRtRemote.dll clbcatq.dll sxs.dll mscoreei.dll mscorwks.dll wups.dll msvcr80.dll shlwapi.dll wow64cpu.dll cryptbase.dll shell32.dll mscorwks.dll profapi.dll mscorlib.ni.dll ole32.dll mscorjit.dll mscorlib.dll mscorlib.dll version.dll mscorlib.dll mscorlib.dll vaultcli.dll system.drawing.dll System.ni.dll System.Drawing.ni.dll System.Windows.Forms.ni.dll System.Security.ni.dll Accessibility.ni.dll System.Configuration.ni.dll microsoft.visualstudio.tools.applications.runtime.v10.0.dll System.Xml.ni.dll System.Runtime.Serialization.Formatters.Soap.ni.dll kernel32.dll System.Deployment.ni.dll ntdll.dll ntdll.dll wow64.dll wow64win.dll kernel32.dll api-ms-win-core-io-l1-1-1.dll wow64cpu.dll system.runtime.serialization.dll msvcrt.dll kernel32.dll kernel32.dll shell32.dll kernel32.dll user32.dll kernel32.dll KernelBase.dll advapi32.dll wow64cpu.dll msvcrt.dll sechost.dll rpcrt4.dll setupapi.dll sspicli.dll cryptbase.dll msvcr120_clr0400.dll kernel32.dll mscoree.dll oleaut32.dll ole32.dll gdi32.dll tempsignedlicenseexchangetask.dll user32.dll lpk.dll usp10.dll oleaut32.dll imm32.dll msctf.dll mscorlib.ni.dll cryptsp.dll rsaenh.dll wow64.dll RpcRtRemote.dll ntshrui.dll comsvcs.dll clbcatq.dll sxs.dll mscoreei.dll mscorwks.dll msvcr80.dll shlwapi.dll oleacc.dll appxdeploymentserver.dll msctf.dll shell32.dll profapi.dll kernel32.dll ntdll.dll mscorlib.ni.dll mscorjit.dll mscorlib.dll mscorlib.dll system.design.dll version.dll mscorlib.dll mscorlib.dll PresentationFramework.Luna.ni.dll PresentationFramework.Luna.dll PresentationFramework.Luna.dll gdi32.dll PresentationFramework.Luna.dll kernel32.dll system.directoryservices.dll PresentationFramework.Luna.dll System.ni.dll WindowsBase.ni.dll dhcpcsvc.dll PresentationCore.ni.dll PresentationFramework.ni.dll wbemprox.dll accessibility.dll PresentationFramework.dll imm32.dll netprofm.dll PresentationFramework.dll PresentationFramework.dll PresentationFramework.dll WindowsBase.dll WindowsBase.dll WindowsBase.dll user32.dll WindowsBase.dll System.dll sechost.dll System.Data.dll System.dll rpcrt4.dll System.dll System.dll PresentationCore.dll PresentationCore.dll PresentationCore.dll msvcrt.dll PresentationCore.dll ntdll.dll ntdll.dll kernel32.dll mssvp.dll KernelBase.dll msvcrt.dll ole32.dll gdi32.dll user32.dll lpk.dll usp10.dll usp10.dll rpcrt4.dll imm32.dll ntdll.dll msctf.dll rpcrt4.dll cryptbase.dll gdi32.dll clbcatq.dll advapi32.dll sechost.dll oleaut32.dll cryptsp.dll rsaenh.dll dxgi.dll userenv.dll RpcRtRemote.dll uxtheme.dll shacct.dll comctl32.dll shlwapi.dll msvcrt.dll userenv.dll profapi.dll IDStore.dll ntdll.dll kernel32.dll KernelBase.dll advapi32.dll msvcrt.dll sechost.dll rsaenh.dll shlwapi.dll rpcrt4.dll user32.dll gdi32.dll clrjit.dll lpk.dll usp10.dll version.dll atl.dll ole32.dll setupapi.dll devobj.dll oleaut32.dll api-ms-win-service-management-l1-1-0.dll vssapi.dll cryptsp.dll rsaenh.dll RpcRtRemote.dll clbcatq.dll vsstrace.dll rsaenh.dll wow64cpu.dll netapi32.dll netutils.dll srvcli.dll windowscodecs.dll wkscli.dll samcli.dll clusapi.dll cryptdll.dll mscorwks.dll xolehlp.dll resutils.dll ntdll.dll cfgmgr32.dll authz.dll virtdisk.dll fltLib.dll imm32.dll msctf.dll ws2_32.dll cryptbase.dll clbcatq.dll vss_ps.dll samlib.dll es.dll propsys.dll catsrvut.dll mfcsubs.dll sxs.dll msxml3.dll bcrypt.dll wintrust.dll crypt32.dll msasn1.dll,normal
 msctf.dll msvcrt.dll kernel32.dll kernel32.dll user32.dll ntdll.dll ntdll.dll wow64.dll wow64win.dll wow64cpu.dll kernel32.dll kernel32.dll gdi32.dll kernel32.dll clbcatq.dll user32.dll kernel32.dll utcutil.dll setupapi.dll kernelbase.dll msvcrt.dll winbrand.dll user32.dll gdi32.dll lpk.dll usp10.dll advapi32.dll sechost.dll rpcrt4.dll sspicli.dll cryptbase.dll windows.media.dll imm32.dll msctf.dll apphelp.dll,normal
 ntdll.dll kernel32.dll System.Core.ni.dll kernelbase.dll cryptbase.dll system.windows.forms.ni.dll kernelbase.dll msvcrt.dll combase.dll rpcrt4.dll kernel.appcore.dll cryptbase.dll bcryptprimitives.dll clbcatq.dll user32.dll clbcatq.dll gdi32.dll sechost.dll cryptsp.dll ole32.dll rsaenh.dll bcrypt.dll idstore.dll sechost.dll userenv.dll profapi.dll,normal
 setupapi.dll advapi32.dll cfgmgr32.dll oleaut32.dll wow64cpu.dll devobj.dll setupapi.dll cfgmgr32.dll oleaut32.dll devmgr.dll devobj.dll ntdll.dll setupapi.dll cfgmgr32.dll oleaut32.dll devobj.dll,normal
 sspicli.dll ntdll.dll system.printing.dll version.dll ntdll.dll kernel32.dll kernelbase.dll kernelbase.dll System.Web.RegularExpressions.dll msvcrt.dll msvcrt.dll ntdll.dll imm32.dll combase.dll ucrtbase.dll ucrtbase.dll rpcrt4.dll rpcrt4.dll bcryptprimitives.dll bcryptprimitives.dll kernel.appcore.dll kernel.appcore.dll twinapi.appcore.dll KernelBase.dll twinapi.appcore.dll sechost.dll sechost.dll rmclient.dll ole32.dll msctf.dll rmclient.dll clbcatq.dll wintypes.dll wintypes.dll shcore.dll shcore.dll user32.dll rsaenh.dll win32u.dll gdi32.dll gdi32full.dll msvcp_win.dll msvcp_win.dll imm32.dll mrmcore.dll msasn1.dll mrmcorer.dll profapi.dll system.data.entity.dll onecoreuapcommonproxystub.dll kernel32.dll onecoreuapcommonproxystub.dll windows.ui.dll windows.ui.dll textinputframework.dll System.Data.Entity.ni.dll inputhost.dll coreuicomponents.dll coreuicomponents.dll coremessaging.dll coremessaging.dll gdi32.dll advapi32.dll wlidprov.dll advapi32.dll ntmarta.dll secur32.dll kernel32.dll api-ms-win-downlevel-advapi32-l1-1-0.dll ntmarta.dll sxs.dll languageoverlayutil.dll languageoverlayutil.dll bcp47mrm.dll bcp47mrm.dll uxtheme.dll uxtheme.dll biwinrt.dll biwinrt.dll cscapi.dll oleaut32.dll lpk.dll contentdeliverymanager.background.dll policymanager.dll msvcrt.dll mssvp.dll policymanager.dll mi.dll avrt.dll ntdll.dll bcrypt.dll oleaut32.dll sspicli.dll sspicli.dll slc.dll slc.dll wldp.dll sfc_os.dll kernel32.dll urlmon.dll wldp.dll cdp.dll cdp.dll ws2_32.dll ws2_32.dll msvcp110_win.dll cryptbase.dll msvcp110_win.dll mpr.dll imm32.dll wincorlib.dll cfgmgr32.dll crypt32.dll msasn1.dll msasn1.dll wintrust.dll winhttp.dll winhttp.dll sppc.dll advapi32.dll wow64.dll sppc.dll iphlpapi.dll msdart.dll ncrypt.dll ncrypt.dll bcrypt.dll dhcpcsvc.dll bcrypt.dll ntasn1.dll ntasn1.dll bcrypt.dll bcrypt.dll windows.storage.applicationdata.dll windows.storage.applicationdata.dll logoncli.dll threadpoolwinrt.dll threadpoolwinrt.dll windows.applicationmodel.background.timebroker.dll windows.applicationmodel.background.timebroker.dll windows.applicationmodel.background.systemeventsbroker.dll windows.applicationmodel.background.systemeventsbroker.dll,normal
 wow64cpu.dll msswch.dll msswch.dll msftedit.dll rpcrt4.dll mssvp.dll mapi32.dll wpdshext.dll imageres.dll winmm.dll mssvp.dll mapi32.dll,normal
 auditcse.dll,normal
 ntdll.dll ntdll.dll kernel32.dll kernelbase.dll kernelbase.dll msctf.dll ole32.dll kernelbase.dll advapi32.dll advapi32.dll wow64.dll advapi32.dll advapi32.dll msvcrt.dll dwmapi.dll msvcrt.dll sechost.dll sechost.dll rpcrt4.dll rpcrt4.dll kernel32.dll combase.dll msctf.dll ucrtbase.dll msshooks.dll user32.dll uxtheme.dll ucrtbase.dll System.Web.dll ole32.dll combase.dll bcryptprimitives.dll bcryptprimitives.dll gdi32.dll gdi32full.dll msvcp_win.dll rsaenh.dll msvcp_win.dll user32.dll win32u.dll oleaut32.dll kernelbase.dll shell32.dll cfgmgr32.dll shcore.dll shcore.dll windows.storage.dll windows.storage.dll msvcrt.dll shlwapi.dll kernel.appcore.dll kernel.appcore.dll profapi.dll powrprof.dll filterlib.dll fltlib.dll msasn1.dll sfc_os.dll msasn1.dll cryptbase.dll wintrust.dll msisip.dll crypt32.dll system.security.ni.dll setupapi.dll unpshared.dll unpshared.dll netapi32.dll userenv.dll userenv.dll system.enterpriseservices.dll usp10.dll winhttp.dll winhttp.dll kernel32.dll system.enterpriseservices.dll bcrypt.dll msvcrt.dll bcrypt.dll dsreg.dll dsreg.dll msvcp110_win.dll msvcp110_win.dll cryptbase.dll cryptsp.dll cryptsp.dll lpk.dll clbcatq.dll wkscli.dll netutils.dll devicecenter.dll dpapi.dll mscorlib.ni.dll dpapi.dll updatepolicy.dll updatepolicy.dll sechost.dll policymanager.dll policymanager.dll ntmarta.dll ntmarta.dll clbcatq.dll rpcrt4.dll flightsettings.dll bcryptprimitives.dll flightsettings.dll ntdll.dll bcd.dll bcd.dll policymanager.dll sechost.dll vds_ps.dll policymanager.dll sechost.dll ws2_32.dll dhcpcsvc6.dll ws2_32.dll ondemandconnroutehelper.dll ondemandconnroutehelper.dll iphlpapi.dll webio.dll webio.dll gpapi.dll gpsvc.dll mswsock.dll mswsock.dll iphlpapi.dll winnsi.dll winnsi.dll nsi.dll nsi.dll ehiproxy.ni.dll sspicli.dll sspicli.dll oleaut32.dll dnsapi.dll rasadhlp.dll ntdll.dll rasadhlp.dll windowsbase.ni.dll fwpuclnt.dll schannel.dll schannel.dll mskeyprotect.dll dhcpcsvc.dll loadperf.dll mskeyprotect.dll ncrypt.dll ncrypt.dll ntasn1.dll ntasn1.dll ncryptsslp.dll ncryptsslp.dll cryptnet.dll rsaenh.dll rsaenh.dll cryptbase.dll ntasn1.dll cryptbase.dll ondemandconnroutehelper.dll ondemandconnroutehelper.dll updatepolicy.dll updatepolicy.dll ondemandconnroutehelper.dll ondemandconnroutehelper.dll updatepolicy.dll updatepolicy.dll ondemandconnroutehelper.dll ondemandconnroutehelper.dll,normal
 ntdll.dll kernel32.dll System.Web.Routing.ni.dll kernelbase.dll advapi32.dll gdi32.dll user32.dll msvcrt.dll lpk.dll ntdll.dll usp10.dll propsys.dll msvcrt.dll imm32.dll msctf.dll ole32.dll system.transactions.ni.dll advapi32.dll rpcrt4.dll oleaut32.dll kernelbase.dll SensApi.dll uxtheme.dll npmproxy.dll dwmapi.dll advapi32.dll sechost.dll comctl32.dll shlwapi.dll cryptbase.dll clbcatq.dll oleaut32.dll shell32.dll comctl32.dll oleacc.dll imecfm.dll version.dll msswch.dll winmm.dll,normal
 ntdll.dll cryptsp.dll ntdll.dll wow64.dll wow64win.dll wow64cpu.dll kernel32.dll oleaut32.dll kernel32.dll advapi32.dll kernel32.dll user32.dll sspicli.dll msvcrt.dll kernel32.dll kernel32.dll kernelbase.dll advapi32.dll imm32.dll msvcrt.dll sechost.dll rpcrt4.dll sspicli.dll cryptbase.dll comctl32.dll system.web.services.ni.dll msadcer.dll gdi32.dll user32.dll lpk.dll user32.dll usp10.dll mfc42u.dll ole32.dll imm32.dll oleaut32.dll odbc32.dll shell32.dll shlwapi.dll wininet.dll kernelbase.dll shdocvw.dll urlmon.dll sechost.dll crypt32.dll msasn1.dll iertutil.dll CertPolEng.dll mscorlib.ni.dll winmm.dll mscoreei.dll ws2_32.dll nsi.dll api-ms-win-downlevel-user32-l1-1-0.dll ole32.dll imm32.dll msctf.dll advapi32.dll odbcint.dll msctf.dll mmfutil.dll uxtheme.dll kernel32.dll riched32.dll riched20.dll dwmapi.dll comctl32.dll system.configuration.dll winbrand.dll ole32.dll clbcatq.dll shell32.dll rpcrt4.dll shell32.dll shell32.dll tiptsf.dll msado15.dll msdart.dll cryptsp.dll rsaenh.dll kernel32.dll usp10.dll rpcrtremote.dll usp10.dll oledb32.dll bcrypt.dll oledb32r.dll comsvcs.dll atl.dll bcryptprimitives.dll msjetoledb40.dll msjet40.dll mswstr10.dll msjter40.dll msjint40.dll ntmarta.dll msadox.dll msadrh15.dll msjtes40.dll system.data.linq.dll msctf.dll version.dll vbajet32.dll expsrv.dll kernel32.dll msadce.dll msadcer.dll propsys.dll apphelp.dll ieframe.dll psapi.dll wshbth.dll oleacc.dll ntmarta.dll smipi.dll wldap32.dll setupapi.dll cfgmgr32.dll devobj.dll,caidao
 system.configuration.dll ntdll.dll rpcrt4.dll httpapi.dll ntdll.dll wow64.dll wow64win.dll dxgi.dll sechost.dll wow64cpu.dll kernel32.dll user32.dll kernel32.dll lpk.dll kernel32.dll msctf.dll user32.dll kernel32.dll KernelBase.dll msvcrt.dll winbrand.dll user32.dll gdi32.dll lpk.dll usp10.dll advapi32.dll system.core.ni.dll sechost.dll rpcrt4.dll sspicli.dll cryptbase.dll imm32.dll msctf.dll mydocs.dll apphelp.dll,normal
 ntdll.dll kernel32.dll kernelbase.dll sfc.dll wow64cpu.dll msjter40.dll advapi32.dll kernel32.dll msvcrt.dll oleaut32.dll system.transactions.dll ole32.dll rpcrt4.dll mpclient.dll secur32.dll crypt32.dll wintrust.dll imageres.dll sechost.dll rpcrt4.dll uxtheme.dll combase.dll gdi32.dll user32.dll sspicli.dll msasn1.dll userenv.dll profapi.dll gpapi.dll nlslexicons0011.dll version.dll version.dll version.dll,normal
 ntdll.dll kernel32.dll sechost.dll kernelbase.dll advapi32.dll msvcrt.dll sechost.dll rpcrt4.dll FirewallControlPanel.dll user32.dll gdi32.dll fdwcn.dll lpk.dll usp10.dll taskschd.dll ole32.dll ntdll.dll oleaut32.dll Microsoft.VisualStudio.Tools.Office.AddInAdapter.v9.0.ni.dll msctf.dll imm32.dll kernel32.dll mscoree.dll shlwapi.dll imm32.dll msctf.dll cryptbase.dll crypt32.dll uxtheme.dll mscoree.dll mscorwks.dll gpsvc.dll atl.dll clbcatq.dll shell32.dll profapi.dll comctl32.dll propsys.dll comctl32.dll sxs.dll api-ms-win-crt-stdio-l1-1-0.dll kernel32.dll shell32.dll schannel.dll sspicli.dll ntmarta.dll wldap32.dll System.Runtime.Serialization.Formatters.Soap.dll apphelp.dll shdocvw.dll setupapi.dll cfgmgr32.dll devobj.dll linkinfo.dll ntshrui.dll srvcli.dll userenv.dll cscapi.dll slc.dll wpc.dll cryptsp.dll imm32.dll gdi32.dll rsaenh.dll mscoreei.dll version.dll mscorwks.dll mscorwks.dll rpcrt4.dll mscorwks.dll msvcr80.dll psapi.dll mscorlib.ni.dll system.ni.dll microsoft.powershell.consolehost.ni.dll secur32.dll ntdll.dll sspicli.dll system.management.automation.ni.dll accessibility.dll system.core.ni.dll apphelp.dll microsoft.powershell.commands.diagnostics.ni.dll system.configuration.install.ni.dll shlwapi.dll kernel32.dll microsoft.wsman.management.ni.dll system.transactions.ni.dll ws2_32.dll nsi.dll msvcrt.dll system.transactions.dll microsoft.powershell.commands.utility.ni.dll microsoft.powershell.commands.management.ni.dll microsoft.powershell.security.dll microsoft.powershell.security.ni.dll culture.dll mscorjit.dll system.xml.ni.dll gdi32.dll ntdll.dll system.management.ni.dll system.directoryservices.ni.dll user32.dll shfolder.dll rpcrtremote.dll system.data.ni.dll rasapi32.dll rasman.dll mswsock.dll wship6.dll sspicli.dll winhttp.dll webio.dll msvcrt.dll dsparse.dll winnsi.dll dhcpcsvc6.dll system.data.dll dpx.dll System.Core.dll system.transactions.dll dhcpcsvc.dll credssp.dll crypt32.dll msasn1.dll dnsapi.dll mscoreei.dll profapi.dll system.configuration.dll system.configuration.ni.dll rtutils.dll ntdll.dll rasadhlp.dll wow64.dll system.security.dll system.security.ni.dll bcrypt.dll wmiutils.dll wbemcomn.dll wbemprox.dll wminet_utils.dll msvcrt.dll wminet_utils.dll nlaapi.dll napinsp.dll pnrpnsp.dll winrnr.dll wshbth.dll wbemsvc.dll fastprox.dll ntdsapi.dll wshqos.dll wshqos.dll wshqos.dll wshqos.dll msv1_0.dll cryptdll.dll diasymreader.dll,empire
 ntdll.dll kernel32.dll kernelbase.dll imm32.dll mscoree.dll cryptbase.dll gdi32.dll oleaut32.dll user32.dll lpk.dll usp10.dll msvcrt.dll imm32.dll msctf.dll ole32.dll rpcrt4.dll oleaut32.dll Microsoft.VisualStudio.Tools.Applications.Contract.v10.0.ni.dll cryptbase.dll clbcatq.dll advapi32.dll sechost.dll ntdll.dll kernel32.dll kernelbase.dll msvcrt.dll winbrand.dll msvcrt.dll rsaenh.dll user32.dll wow64.dll wdscore.dll cryptsp.dll gdi32.dll lpk.dll usp10.dll imm32.dll msctf.dll apphelp.dll system.numerics.dll,normal
 ntdll.dll kernel32.dll user32.dll kernelbase.dll advapi32.dll msvcrt.dll kernel32.dll gdi32.dll api-ms-win-downlevel-version-l1-1-0.dll atl.dll oleaut32.dll ole32.dll oleaut32.dll secur32.dll shlwapi.dll user32.dll mscorjit.dll shell32.dll cryptbase.dll ole32.dll uxtheme.dll mscoree.dll sechost.dll rpcrt4.dll gdi32.dll combase.dll oleaut32.dll version.dll imm32.dll msctf.dll kernel.appcore.dll cryptbase.dll wintrust.dll bcryptprimitives.dll uxtheme.dll cryptsp.dll clbcatq.dll shcore.dll userenv.dll profapi.dll gdi32.dll twinapi.dll propsys.dll bcp47langs.dll linkinfo.dll ntshrui.dll sspicli.dll srvcli.dll setupapi.dll System.Xml.Linq.ni.dll cfgmgr32.dll cscapi.dll cryptsp.dll rsaenh.dll ntdll.dll rsaenh.dll bcrypt.dll kernel.appcore.dll ntmarta.dll mscoreei.dll msctf.dll clr.dll msvcr120_clr0400.dll mscorlib.ni.dll clrjit.dll System.DirectoryServices.dll dhcpcsvc.dll system.ni.dll system.core.ni.dll version.dll psapi.dll system.numerics.ni.dll user32.dll system.xml.ni.dll system.directoryservices.ni.dll system.management.ni.dll system.configuration.install.ni.dll system.transactions.ni.dll xmllite.dll system.transactions.dll system.configuration.dll system.configuration.ni.dll imm32.dll secur32.dll user32.dll wldp.dll user32.dll api-ms-win-core-processenvironment-l1-1-0.dll system.data.ni.dll system.data.dll ws2_32.dll nsi.dll crypt32.dll msasn1.dll diasymreader.dll rasapi32.dll msvcrt.dll rasman.dll rtutils.dll mswsock.dll ntdll.dll winhttp.dll winnsi.dll dhcpcsvc6.dll user32.dll dhcpcsvc.dll clbcatq.dll system.serviceprocess.ni.dll wmiutils.dll cryptbase.dll wbemcomn.dll wow64cpu.dll wbemprox.dll ntdll.dll wminet_utils.dll wminet_utils.dll spoolss.dll napinsp.dll pnrpnsp.dll nlaapi.dll dnsapi.dll winrnr.dll wshbth.dll rasadhlp.dll wbemsvc.dll fastprox.dll,empire
 ntdll.dll kernel32.dll kernelbase.dll chrome_elf.dll version.dll msvcrt.dll shell32.dll wow64win.dll shlwapi.dll gdi32.dll user32.dll sechost.dll shlwapi.dll lpk.dll user32.dll mrmcorer.dll usp10.dll advapi32.dll sechost.dll rpcrt4.dll ktmw32.dll winmm.dll rpcrt4.dll apphelp.dll userenv.dll rsaenh.dll profapi.dll imm32.dll msctf.dll chrome_child.dll ws2_32.dll nsi.dll winnsi.dll RpcRtRemote.dll ole32.dll oleaut32.dll ntdll.dll shlwapi.dll oleacc.dll system.dll psapi.dll wtsapi32.dll msctf.dll sensapi.dll wintrust.dll crypt32.dll msasn1.dll dwrite.dll dxgi.dll dwmapi.dll dbghelp.dll cryptbase.dll comdlg32.dll comctl32.dll shell32.dll kernel32.dll mssph.dll winhttp.dll webio.dll urlmon.dll dhcpcsvc.dll mssprxy.dll wininet.dll iertutil.dll secur32.dll dhcpcsvc.dll cryptbase.dll setupapi.dll cfgmgr32.dll devobj.dll dxva2.dll sspicli.dll d3dcompiler_47.dll uiautomationcore.dll sspicli.dll ddraw.dll dciman32.dll libglesv2.dll libegl.dll,normal
 ntdll.dll kernel32.dll winbrand.dll KernelBase.dll apphelp.dll system.runtime.serialization.ni.dll msvcrt.dll combase.dll rpcrt4.dll kernel.appcore.dll cryptbase.dll bcryptprimitives.dll mscoreei.dll clbcatq.dll SensApi.dll msvcrt.dll user32.dll gdi32.dll kerberos.dll sechost.dll cryptsp.dll rsaenh.dll bcrypt.dll IDStore.dll userenv.dll profapi.dll,normal
 ntdll.dll kernel32.dll ondemandconnroutehelper.dll kernelbase.dll Microsoft.VisualStudio.Tools.Applications.Adapter.v9.0.dll advapi32.dll lpk.dll msvcrt.dll sechost.dll user32.dll rpcrt4.dll gdi32.dll ole32.dll gdi32.dll user32.dll ntdll.dll lpk.dll usp10.dll imm32.dll msctf.dll imageres.dll cryptbase.dll rpcrtremote.dll cryptsp.dll rsaenh.dll ntmarta.dll dhcpcsvc6.dll dnsapi.dll advapi32.dll ws2_32.dll nsi.dll oleaut32.dll clbcatq.dll sspicli.dll taskschd.dll sppwinob.dll sppwinob.dll lpk.dll sppobjs.dll sppobjs.dll,normal
 sechost.dll ntdll.dll imagehlp.dll ntdll.dll wow64.dll wow64win.dll wow64cpu.dll kernel32.dll kernel32.dll kernel32.dll user32.dll clbcatq.dll System.Data.OracleClient.dll kernel32.dll kernelbase.dll System.Management.dll msvcrt.dll imagehlp.dll oleaut32.dll wintrust.dll shlwapi.dll wrpint.dll ole32.dll oleaut32.dll usp10.dll gdi32.dll user32.dll advapi32.dll sechost.dll gdi32.dll clbcatq.dll rpcrt4.dll sensapi.dll sspicli.dll cryptbase.dll lpk.dll usp10.dll version.dll oleacc.dll imm32.dll msctf.dll sxs.dll mscorjit.dll clbcatq.dll vbscript.dll advapi32.dll wintrust.dll crypt32.dll msasn1.dll cryptsp.dll rsaenh.dll msisip.dll wshext.dll comctl32.dll shell32.dll shlwapi.dll scrobj.dll msi.dll scrrun.dll winhttp.dll,normal
 dnsapi.dll ntdll.dll kernel32.dll kernelbase.dll msvcrt.dll lpk.dll ntdll.dll setupapi.dll psapi.dll msvcrt.dll d3d10_1core.dll conhostv2.dll combase.dll system.configuration.dll ucrtbase.dll rpcrt4.dll bcryptprimitives.dll gdi32.dll gdi32full.dll System.Deployment.dll user32.dll ucrtbase.dll clr.dll win32u.dll imm32.dll oleaut32.dll msvcp_win.dll npmproxy.dll propsys.dll sechost.dll sxs.dll shcore.dll shell32.dll cfgmgr32.dll windows.storage.dll powrprof.dll advapi32.dll psapi.dll cryptbase.dll shlwapi.dll kernel.appcore.dll profapi.dll user32.dll uxtheme.dll gdi32.dll msctf.dll imm32.dll tiptsf.dll rpcrt4.dll dwmapi.dll comctl32.dll clbcatq.dll uiautomationcore.dll userenv.dll sxs.dll oleacc.dll gdi32.dll ole32.dll version.dll iertutil.dll ntmarta.dll crypt32.dll ncrypt.dll msasn1.dll bcrypt.dll ntasn1.dll policymanager.dll msvcp110_win.dll dui70.dll imecfm.dll wer.dll,normal
 dbghelp.dll ntdll.dll kernel32.dll KernelBase.dll advapi32.dll msvcrt.dll sechost.dll certadm.dll msvcrt.dll oleaut32.dll rpcrt4.dll shell32.dll system.design.ni.dll shlwapi.dll windows.security.authentication.onlineid.dll gdi32.dll netutils.dll user32.dll sechost.dll windows.storage.search.dll lpk.dll usp10.dll imm32.dll msctf.dll ole32.dll cryptbase.dll kernel32.dll uxtheme.dll propsys.dll oleaut32.dll wow64.dll comctl32.dll clbcatq.dll profapi.dll urlmon.dll api-ms-win-downlevel-ole32-l1-1-0.dll kernel32.dll api-ms-win-downlevel-shlwapi-l1-1-0.dll api-ms-win-downlevel-advapi32-l1-1-0.dll api-ms-win-downlevel-user32-l1-1-0.dll uxtheme.dll api-ms-win-downlevel-version-l1-1-0.dll version.dll api-ms-win-downlevel-normaliz-l1-1-0.dllnormaliz.dll iertutil.dll api-ms-win-crt-convert-l1-1-0.dll wininet.dll userenv.dll secur32.dll wow64.dll sspicli.dll setupapi.dll ole32.dll cfgmgr32.dll devobj.dll mpr.dll,normal
 dcomp.dll ntdll.dll msasn1.dll kernel32.dll KernelBase.dll shell32.dll wmsgapi.dll system.data.dll advapi32.dll msvcrt.dll shlwapi.dll oleacc.dll sechost.dll rpcrt4.dll user32.dll gdi32.dll lpk.dll usp10.dll ole32.dll comctl32.dll shlwapi.dll shell32.dll dui70.dll imm32.dll msctf.dll,normal
 ntdll.dll kernel32.dll kernelbase.dll system.componentmodel.composition.ni.dll user32.dll gdi32.dll lpk.dll lpk.dll usp10.dll msvcrt.dll sechost.dll advapi32.dll winsta.dll rpcrt4.dll Accessibility.dll imm32.dll msctf.dll profapi.dll api-ms-win-downlevel-shlwapi-l1-1-0.dll sechost.dll rpcrtremote.dll system.deployment.ni.dll advapi32.dll kbd101.dll kbd106.dll cryptnet.dll kbdnec.dll wow64cpu.dll kbd106.dll kbd101.dll kbd106.dll kbdnec.dll kernel.appcore.dll kbd106.dll apphelp.dll uxinit.dll sspicli.dll,normal
 ntdll.dll ntdll.dll microsoft.powershell.psreadline.dll wow64.dll gdi32.dll msadox.dll wow64win.dll wow64cpu.dll kernel32.dll kernel32.dll version.dll cabinet.dll kernel32.dll user32.dll kernel32.dll KernelBase.dll combase.dll advapi32.dll system.xml.dll user32.dll mscorlib.dll msvcrt.dll user32.dll sechost.dll rpcrt4.dll sspicli.dll ntdll.dll cryptbase.dll dnsapi.dll ws2_32.dll nsi.dll winnsi.dll dhcpcsvc.dll dhcpcsvc6.dll system.web.dll vdswmi.dll shell32.dll propsys.dll shlwapi.dll mpr.dll gdi32.dll user32.dll lpk.dll usp10.dll ole32.dll imm32.dll msctf.dll clbcatq.dll oleaut32.dll cryptsp.dll rsaenh.dll RpcRtRemote.dll wevtapi.dll,normal
 ntdll.dll oleacc.dll kernel32.dll KernelBase.dll gdi32.dll user32.dll lpk.dll rpcrt4.dll usp10.dll msvcrt.dll imm32.dll clr.dll msvcrt.dll msctf.dll msvcrt.dll ole32.dll ncrypt.dll rpcrt4.dll oleaut32.dll cryptbase.dll clbcatq.dll advapi32.dll sechost.dll,normal
 ntdll.dll kernel32.dll wow64win.dll KernelBase.dll vm3dum64.dll gdi32.dll user32.dll comctl32.dll lpk.dll usp10.dll kernel32.dll clr.dll msvcrt.dll imm32.dll kernelbase.dll msctf.dll ole32.dll rpcrt4.dll oleaut32.dll cryptbase.dll clbcatq.dll system.security.dll npmproxy.dll advapi32.dll sechost.dll ntdll.dll ONBttnOL.dll ntdll.dll wow64.dll wow64win.dll wow64cpu.dll kernel32.dll adsldpc.dll ntdsapi.dll oleacc.dll kernel32.dll kernel32.dll user32.dll kernel32.dll KernelBase.dll msvcrt.dll kernel32.dll Microsoft.PowerShell.ConsoleHost.ni.dll winbrand.dll user32.dll gdi32.dll wow64win.dll lpk.dll ntdll.dll usp10.dll advapi32.dll sechost.dll rpcrt4.dll sspicli.dll cryptbase.dll imm32.dll msctf.dll apphelp.dll,normal
 mscoree.dll ntdll.dll ntdll.dll wow64.dll wow64win.dll wow64cpu.dll system.data.oracleclient.ni.dll kernel32.dll kernel32.dll kernel32.dll user32.dll system.windows.forms.dll kernel32.dll kernelbase.dll ntdll.dll advapi32.dll ws2_32.dll gdi32.dll vsstrace.dll ole32.dll nsi.dll clbcatq.dll api-ms-win-security-lsalookup-l2-1-0.dll System.Drawing.Design.ni.dll msvcrt.dll advapi32.dll sechost.dll cfgmgr32.dll rpcrt4.dll sspicli.dll propsys.dll cryptbase.dll dnsapi.dll logoncli.dll ws2_32.dll bcryptprimitives.dll nsi.dll kernel32.dll winnsi.dll dhcpcsvc.dll clbcatq.dll dhcpcsvc6.dll shell32.dll shlwapi.dll gdi32.dll user32.dll lpk.dll usp10.dll msctf.dll ole32.dll imm32.dll msctf.dll clbcatq.dll oleaut32.dll cryptsp.dll kernel32.dll rsaenh.dll rpcrtremote.dll wevtapi.dll SensApi.dll ntdll.dll kernel32.dll kernelbase.dll gdi32.dll user32.dll lpk.dll usp10.dll KernelBase.dll msvcrt.dll imm32.dll gpsvc.dll msctf.dll ole32.dll rpcrt4.dll oleaut32.dll ntdll.dll ntdll.dll wow64.dll wow64win.dll msasn1.dll advapi32.dll wow64cpu.dll kernel32.dll kernel32.dll kernel32.dll rpcrt4.dll user32.dll api-ms-win-core-sysinfo-l1-1-0.dll kernel32.dll kernelbase.dll msvcrt.dll winbrand.dll user32.dll gdi32.dll lpk.dll usp10.dll advapi32.dll duser.dll sechost.dll davclnt.dll rpcrt4.dll sspicli.dll cryptbase.dll imm32.dll msctf.dll apphelp.dll,normal
 smdiagnostics.dll ntdll.dll system.serviceprocess.dll system.xml.dll oleacc.dll kernel32.dll oleacc.dll KernelBase.dll advapi32.dll msvcrt.dll sechost.dll sechost.dll dwmapi.dll msvcrt.dll system.runtime.serialization.formatters.soap.dll rpcrt4.dll gdi32.dll kernel.appcore.dll user32.dll lpk.dll usp10.dll ole32.dll msimg32.dll setupapi.dll wmsgapi.dll wtsapi32.dll winmm.dll userenv.dll profapi.dll winsta.dll smiengine.dll rpcrt4.dll crypt32.dll ole32.dll kernel32.dll usp10.dll cryptsp.dll msasn1.dll MsCtfMonitor.dll msctf.dll imm32.dll msutb.dll comctl32.dll shlwapi.dll usp10.dll secur32.dll sspicli.dll shell32.dll dnsapi.dll cryptbase.dll uxtheme.dll wintrust.dll cryptsp.dll mscorlib.dll rsaenh.dll ws2_32.dll imagehlp.dll msctf.dll bcrypt.dll bcryptprimitives.dll ncrypt.dll gpapi.dll cryptnet.dll Wldap32.dll SensApi.dll version.dll clbcatq.dll oleaut32.dll urlmon.dll api-ms-win-downlevel-ole32-l1-1-0.dll api-ms-win-downlevel-shlwapi-l1-1-0.dll api-ms-win-downlevel-advapi32-l1-1-0.dll api-ms-win-downlevel-user32-l1-1-0.dll api-ms-win-downlevel-version-l1-1-0.dll api-ms-win-downlevel-normaliz-l1-1-0.dllnormaliz.dll iertutil.dll wininet.dll,normal
 tquery.dll sendmail.dll appidapi.dll mydocs.dll wpdshext.dll msswch.dll msswch.dll system.deployment.dll System.Web.RegularExpressions.dll devicecenter.dll System.Security.ni.dll mscorlib.dll wow64.dll PresentationFramework.dll tquery.dll mssvp.dll mapi32.dll devicecenter.dll api-ms-win-crt-multibyte-l1-1-0.dll wintrust.dll cryptdll.dll msvcrt.dll mssvp.dll mapi32.dll devicecenter.dll mssvp.dll mapi32.dll usp10.dll sendmail.dll oleaut32.dll mydocs.dll wpdshext.dll msswch.dll msvcr120_clr0400.dll mssvp.dll mapi32.dll oleaut32.dll wpdshext.dll wpdshext.dll mssvp.dll mapi32.dll wpdshext.dll msfeeds.dll msvcrt.dll mssvp.dll xmllite.dll api-ms-win-crt-environment-l1-1-0.dll mapi32.dll RpcRtRemote.dll wpdshext.dll mssvp.dll mapi32.dll wpdshext.dll rsaenh.dll mswsock.dll mssvp.dll system.configuration.dll usp10.dll ntdll.dll mapi32.dll wpdshext.dll mssvp.dll ole32.dll mapi32.dll shell32.dll wpdshext.dll srmlib.dll mssvp.dll mapi32.dll wpdshext.dll mssvp.dll mapi32.dll mssvp.dll KernelBase.dll mapi32.dll wpdshext.dll wpdshext.dll mssvp.dll mapi32.dll wpdshext.dll mssvp.dll mapi32.dll wpdshext.dll mssvp.dll mapi32.dll mcstoredb.dll wpdshext.dll mssvp.dll mapi32.dll lpk.dll wpdshext.dll kernel32.dll shlwapi.dll mssvp.dll mapi32.dll wpdshext.dll mssvp.dll mapi32.dll lpk.dll kernel32.dll wpdshext.dll mssvp.dll imm32.dll mapi32.dll mssvp.dll System.Runtime.Remoting.dll ehiitv.ni.dll mapi32.dll wpdshext.dll wpdshext.dll mssvp.dll mapi32.dll wpdshext.dll mssvp.dll mapi32.dll wpdshext.dll mssvp.dll lpk.dll mapi32.dll rpcrt4.dll wpdshext.dll mssvp.dll kernel32.dll mapi32.dll networkitemfactory.dll spoolss.dll dtsh.dll msctf.dll mssvp.dll mapi32.dll api-ms-win-downlevel-normaliz-l1-1-0.dll wpdshext.dll wow64cpu.dll msoshext.dll wpdshext.dll propsys.dll sendmail.dll kernel32.dll imm32.dll mydocs.dll tbs.dll sendmail.dll ntdll.dll mydocs.dll wpdshext.dll sendmail.dll Microsoft.VisualStudio.Tools.Applications.Adapter.v9.0.dll mydocs.dll wpdshext.dll msswch.dll devicecenter.dll sppuinotify.dll mssvp.dll mapi32.dll windows.security.authentication.onlineid.dll system.configuration.install.ni.dll devicecenter.dll devicecenter.dll usp10.dll sensapi.dll imm32.dll mssvp.dll imageres.dll mapi32.dll wpdshext.dll devicecenter.dll mssvp.dll mapi32.dll devicecenter.dll ntdll.dll clr.dll mssvp.dll mapi32.dll devicecenter.dll mssvp.dll mapi32.dll sendmail.dll mydocs.dll wpdshext.dll acppage.dll kernel32.dll msctf.dll msswch.dll wpdshext.dll rpcrt4.dll advapi32.dll mimilib.dll mimilib.dll mimilib.dll KernelBase.dll msvcrt.dll oleaut32.dll mimilib.dll System.Transactions.dll acppage.dll sendmail.dll uiautomationtypes.ni.dll mydocs.dll wpdshext.dll api-ms-win-downlevel-shlwapi-l2-1-0.dll sendmail.dll shlwapi.dll riched20.dll Microsoft.Windows.Diagnosis.Commands.UpdateDiagRootcause.ni.dll mydocs.dll wpdshext.dll msswch.dll devicecenter.dll devicecenter.dll devicecenter.dll mssvp.dll mapi32.dll mscorwks.dll devicecenter.dll mssvp.dll mapi32.dll devicecenter.dll ole32.dll system.runtime.serialization.formatters.soap.ni.dll mssvp.dll System.Security.ni.dll mapi32.dll rpcrt4.dll actxprxy.dll cryptsp.dll uxtheme.dll devicecenter.dll devicecenter.dll mssvp.dll user32.dll mapi32.dll devicecenter.dll mssvp.dll mapi32.dll devicecenter.dll mssvp.dll mapi32.dll devicecenter.dll mssvp.dll kernelbase.dll system.xml.dll nlaapi.dll mapi32.dll sendmail.dll mydocs.dll wpdshext.dll msswch.dll devicecenter.dll mssvp.dll mapi32.dll devicecenter.dll system.messaging.dll mssvp.dll mapi32.dll sqmapi.dll devicecenter.dll msctf.dll mssvp.dll mapi32.dll system.configuration.ni.dll sendmail.dll mydocs.dll wpdshext.dll wtsapi32.dll msswch.dll devicecenter.dll devicecenter.dll mssvp.dll mapi32.dll devicecenter.dll mssvp.dll sspicli.dll system.runtime.serialization.formatters.soap.dll mapi32.dll devicecenter.dll mssvp.dll mapi32.dll sspicli.dll devicecenter.dll mssvp.dll mapi32.dll user32.dll devicecenter.dll mssvp.dll mapi32.dll devicecenter.dll mssvp.dll imageres.dll kernel32.dll ncrypt.dll mapi32.dll comctl32.dll api-ms-win-downlevel-version-l1-1-0.dll shell32.dll devicecenter.dll cryptbase.dll mssvp.dll mapi32.dll devicecenter.dll devicecenter.dll mssvp.dll mapi32.dll devicecenter.dll mssvp.dll mapi32.dll devicecenter.dll microsoft.visualstudio.tools.applications.runtime.ni.dll mssvp.dll mapi32.dll devicecenter.dll kernel32.dll powrprof.dll devicecenter.dll mssvp.dll mapi32.dll devicecenter.dll mssvp.dll mapi32.dll sendmail.dll mydocs.dll ntdll.dll user32.dll wpdshext.dll msswch.dll imageres.dll imageres.dll imageres.dll imageres.dll mprmsg.dll System.Drawing.ni.dll imageres.dll imageres.dll wshqos.dll devicecenter.dll imageres.dll imageres.dll imageres.dll imageres.dll imageres.dll imageres.dll imageres.dll system.windows.forms.dll imageres.dll imageres.dll api-ms-win-downlevel-normaliz-l1-1-0.dllnormaliz.dll pdh.dll imageres.dll mscoree.dll imageres.dll devicecenter.dll imageres.dll System.Deployment.ni.dll imageres.dll msvcrt.dll imageres.dll imageres.dll imageres.dll imageres.dll imageres.dll imageres.dll oleaut32.dll imageres.dll imageres.dll imageres.dll devicecenter.dll imageres.dll advapi32.dll imageres.dll imageres.dll imageres.dll imageres.dll imageres.dll imageres.dll imageres.dll system.dll imageres.dll imageres.dll imageres.dll riched32.dll devicecenter.dll sechost.dll imageres.dll imageres.dll imageres.dll imageres.dll imageres.dll sendmail.dll mydocs.dll windows.networking.connectivity.dll wpdshext.dll msswch.dll imageres.dll winhttp.dll imageres.dll rpcrt4.dll imageres.dll user32.dll imageres.dll imageres.dll imageres.dll devicecenter.dll imageres.dll imageres.dll imageres.dll imageres.dll imageres.dll shell32.dll imageres.dll imageres.dll sppuinotify.dll wow64.dll sppuinotify.dll devicecenter.dll imageres.dll clbcatq.dll imageres.dll sechost.dll imageres.dll imageres.dll imageres.dll imageres.dll imageres.dll wer.dll imageres.dll imageres.dll imageres.dll imageres.dll devicecenter.dll imageres.dll imageres.dll imageres.dll imageres.dll rsaenh.dll imageres.dll imageres.dll apphelp.dll sendmail.dll imageres.dll msvcrt.dll imageres.dll wpdshext.dll ehstorapi.dll msvcr120_clr0400.dll mscoree.dll mscoreei.dll version.dll clr.dll clr.dll taskschd.dll msctf.dll clbcatq.dll ntdll.dll kernel32.dll kernelbase.dll msvcrt.dll advapi32.dll sechost.dll rpcrt4.dll shlwapi.dll gdi32.dll user32.dll lpk.dll usp10.dll ole32.dll oleaut32.dll imm32.dll sspicli.dll cryptbase.dll fusion.dll mscorsvc.dll,normal
 ntdll.dll msutb.dll ntdll.dll wow64.dll wow64win.dll wow64cpu.dll kernel32.dll kernel32.dll kernel32.dll user32.dll kernel32.dll kernelbase.dll powrprof.dll msvcrt.dll rpcrtremote.dll wecsvc.dll winbrand.dll user32.dll clr.dll gdi32.dll lpk.dll crypt32.dll vm3dum_10.dll oleaut32.dll usp10.dll imm32.dll advapi32.dll sechost.dll rpcrt4.dll msctf.dll sspicli.dll cryptbase.dll imm32.dll msctf.dll apphelp.dll,normal
 user32.dll ole32.dll ntdll.dll kernel32.dll kernelbase.dll advapi32.dll gdi32.dll gdi32full.dll msvcp_win.dll cryptbase.dll ucrtbase.dll lpk.dll mscoreei.dll user32.dll win32u.dll msvcrt.dll combase.dll rpcrt4.dll wow64win.dll bcryptprimitives.dll rsaenh.dll crypt32.dll msasn1.dll sechost.dll sspicli.dll userenv.dll cryptbase.dll profapi.dll api-ms-win-core-threadpool-l1-2-0.dll wpdshext.dll comctl32.dll msctf.dll oleaut32.dll usp10.dll imm32.dll winsta.dll system.web.ni.dll wtsapi32.dll shell32.dll cfgmgr32.dll shcore.dll windows.storage.dll imageres.dll advapi32.dll uxtheme.dll uxtheme.dll shlwapi.dll kernel.appcore.dll powrprof.dll wmsgapi.dll uxtheme.dll System.ni.dll amsi.dll msctfmonitor.dll sechost.dll msimg32.dll ntdll.dll clbcatq.dll msutb.dll wintrust.dll cryptsp.dll rsaenh.dll imageres.dll bcrypt.dll cryptbase.dll msvcrt.dll clbcatq.dll user32.dll imagehlp.dll gpapi.dll urlmon.dll iertutil.dll propsys.dll amsiproxy.dll ntdll.dll dwmapi.dll apphelp.dll ole32.dll bcp47langs.dll clipc.dll dui70.dll mscoreei.dll clr.dll dwrite.dll uianimation.dll d3d11.dll dxgi.dll d3d10warp.dll resourcepolicyclient.dll credui.dll oleacc.dll user32.dll wincredui.dll wintypes.dll secur32.dll msls31.dll wtsapi32.dll system.security.dll textinputframework.dll coreuicomponents.dll coremessaging.dll ntmarta.dll gdiplus.dll usermgrcli.dll combase.dll wow64win.dll dcomp.dll wincorlib.dll shell32.dll mrmcorer.dll version.dll windows.ui.dll sechost.dll windows.ui.xaml.dll windows.ui.immersive.dll audioses.dll mmdevapi.dll oleacc.dll avrt.dll devobj.dll kernel32.dll sxs.dll twinapi.appcore.dll rdpendp.dll user32.dll winmm.dll msacm32.dll winmmbase.dll winmmbase.dll d2d1.dll kbd101.dll windows.globalization.dll windows.globalization.fontgroups.dll fontgroupsoverride.dll version.dll oleacc.dll ncrypt.dll ntasn1.dll policymanager.dll msvcp110_win.dll imecfm.dll msctf.dll wer.dll directmanipulation.dll inputswitch.dll duser.dll xmllite.dll windows.ui.creddialogcontroller.dll windows.ui.xamlhost.dll tiptsf.dll uiautomationcore.dll onecorecommonproxystub.dll windows.ui.cred.dll fontglyphanimator.dll windows.internal.ui.logon.proxystub.dll ninput.dll,normal
 ntdll.dll apphelp.dll kernel32.dll kernelbase.dll gdi32.dll user32.dll lpk.dll usp10.dll gdi32full.dll msvcrt.dll imm32.dll msctf.dll ole32.dll rpcrt4.dll oleaut32.dll cryptbase.dll clbcatq.dll system.data.oracleclient.dll advapi32.dll sechost.dll rpcrt4.dll ntdll.dll system.data.sqlxml.dll ntdll.dll wow64.dll kernelbase.dll usp10.dll utcutil.dll wow64win.dll wow64cpu.dll kernel32.dll System.Drawing.dll kernel32.dll kernel32.dll user32.dll kernel32.dll kernelbase.dll usp10.dll advapi32.dll msvcrt.dll netprofm.dll system.runtime.remoting.ni.dll atl.dll sechost.dll kernel.appcore.dll rpcrt4.dll srvcli.dll sspicli.dll cryptbase.dll mscorlib.dll System.Messaging.ni.dll dnsapi.dll ws2_32.dll rpcrt4.dll gdi32.dll KernelBase.dll user32.dll webio.dll lpk.dll usp10.dll kernel.appcore.dll imm32.dll msctf.dll RpcRtRemote.dll winnsi.dll dhcpcsvc.dll dhcpcsvc6.dll shell32.dll shlwapi.dll ole32.dll sechost.dll clbcatq.dll advapi32.dll cryptbase.dll sspicli.dll oleaut32.dll vbscript.dll cryptsp.dll lpk.dll rsaenh.dll rpcrtremote.dll wevtapi.dll nsi.dll ntdll.dll kernel32.dll lpk.dll kernelbase.dll advapi32.dll msvcrt.dll system.data.dll sechost.dll cryptbase.dll rpcrt4.dll sxs.dll grooveintlresource.dll shell32.dll shlwapi.dll gdi32.dll user32.dll comctl32.dll lpk.dll usp10.dll imm32.dll ncrypt.dll msctf.dll ntdll.dll kernel32.dll kernelbase.dll gdi32.dll user32.dll lpk.dll rpcrtremote.dll usp10.dll msvcrt.dll imm32.dll msctf.dll ole32.dll rpcrt4.dll kernel32.dll oleaut32.dll ws2_32.dll cryptbase.dll scrobj.dll system.data.dll system.data.dll clbcatq.dll advapi32.dll sechost.dll apphelp.dll usp10.dll ntdll.dll kernel32.dll thumbcache.dll kernelbase.dll gdi32.dll wintrust.dll user32.dll wow64cpu.dll lpk.dll usp10.dll ntdll.dll ntdll.dll msvcrt.dll kernel32.dll imm32.dll msctf.dll ole32.dll rpcrt4.dll oleaut32.dll api-ms-win-downlevel-normaliz-l1-1-0.dll umrdp.dll cryptbase.dll clbcatq.dll user32.dll advapi32.dll sechost.dll ntdll.dll kernel32.dll kernelbase.dll gdi32.dll user32.dll lpk.dll usp10.dll msvcrt.dll imm32.dll msctf.dll ole32.dll rpcrt4.dll oleaut32.dll msswch.dll advapi32.dll sechost.dll winmm.dll cryptbase.dll clbcatq.dll shell32.dll shlwapi.dll comctl32.dll oleacc.dll imecfm.dll version.dll uxtheme.dll,normal
 kernelbase.dll ntdll.dll ntdll.dll wow64.dll wow64win.dll wow64cpu.dll kernel32.dll msvcrt.dll kernel32.dll kernel32.dll sechost.dll kernel32.dll user32.dll rpcrt4.dll kernel32.dll KernelBase.dll msvcrt.dll winbrand.dll sspicli.dll user32.dll advapi32.dll ntdll.dll ntdll.dll gdi32.dll lpk.dll usp10.dll advapi32.dll sechost.dll rpcrt4.dll sspicli.dll cryptbase.dll imm32.dll msctf.dll SensApi.dll apphelp.dll,normal
 mscoree.dll mscoreei.dll clr.dll msvcr120_clr0400.dll msctf.dll ntdll.dll System.Xml.dll dhcpcsvc6.dll kernel32.dll wow64.dll KernelBase.dll msvcrt.dll advapi32.dll oleaut32.dll sechost.dll rpcrt4.dll msasn1.dll shlwapi.dll System.Drawing.dll gdi32.dll vbscript.dll user32.dll lpk.dll usp10.dll imm32.dll cryptbase.dll user32.dll fusion.dll dmenrollengine.dll cryptsp.dll ntdll.dll wow64win.dll rsaenh.dll ntdll.dll sqmapi.dll kernel32.dll KernelBase.dll rsaenh.dll advapi32.dll Microsoft.VisualStudio.Tools.Applications.Runtime.v9.0.dll System.Transactions.dll msvcrt.dll sechost.dll rpcrt4.dll msvcr120_clr0400.dll mscoree.dll ole32.dll gdi32.dll user32.dll winbrand.dll lpk.dll usp10.dll oleaut32.dll imm32.dll rpcrt4.dll msctf.dll cryptbase.dll system.design.ni.dll cryptsp.dll rsaenh.dll RpcRtRemote.dll version.dll mscorlib.dll clbcatq.dll microsoft.security.applicationid.policymanagement.cmdlets.ni.dll sxs.dll advapi32.dll mscoreei.dll clr.dll shlwapi.dll mscorlib.ni.dll clrjit.dll System.dll version.dll mscorlib.dll mscorlib.dll wecapi.dll System.ni.dll System.Core.ni.dll System.Activities.ni.dll Microsoft.PowerShell.Commands.Utility.ni.dll System.Xml.ni.dll System.Configuration.ni.dll ntdll.dll,normal
 ntdll.dll kernel32.dll KernelBase.dll gdi32.dll gdi32full.dll user32.dll win32u.dll clbcatq.dll msvcrt.dll combase.dll user32.dll ucrtbase.dll advapi32.dll rpcrt4.dll imm32.dll system.data.dll bcryptprimitives.dll crypt32.dll sspicli.dll msasn1.dll sechost.dll TSWorkspace.dll wmsgapi.dll amsi.dll comctl32.dll msshooks.dll userenv.dll kernel32.dll MsCtfMonitor.dll profapi.dll msimg32.dll winsta.dll oleaut32.dll msvcp_win.dll user32.dll imm32.dll msutb.dll wtsapi32.dll msvcrt.dll kernel32.dll wldap32.dll wow64cpu.dll shell32.dll msctf.dll cfgmgr32.dll windows.storage.dll powrprof.dll advapi32.dll kernel32.dll nsi.dll shlwapi.dll kernel.appcore.dll SHCore.dll wdscore.dll rpcrtremote.dll cryptbase.dll uxtheme.dll wintrust.dll wininet.dll clbcatq.dll cryptsp.dll wintypes.dll rsaenh.dll bcrypt.dll msctf.dll amsiproxy.dll cryptbase.dll sechost.dll msvcp_win.dll imagehlp.dll gpapi.dll urlmon.dll iertutil.dll ole32.dll dwmapi.dll kbd101.dll kbd106.dll kbdnec.dll kbd106.dll InputSwitch.dll BCP47Langs.dll dui70.dll duser.dll cfgmgr32.dll xmllite.dll DWrite.dll WindowsCodecs.dll credui.dll AudioSes.dll MMDevAPI.dll WinTypes.dll propsys.dll devobj.dll wincredui.dll sechost.dll UIAnimation.dll system.directoryservices.protocols.dll Windows.UI.CredDialogController.dll System.Web.ni.dll d3d11.dll dxgi.dll Windows.UI.XamlHost.dll user32.dll microsoft.vsa.dll ucrtbase.dll dhcpcsvc6.dll avrt.dll d3d10warp.dll ResourcePolicyClient.dll wow64.dll wow64win.dll Windows.UI.Cred.dll wow64.dll kernel32.dll wincorlib.dll dcomp.dll MrmCoreR.dll Windows.UI.dll cryptbase.dll Windows.UI.Xaml.dll sspicli.dll CoreMessaging.dll gdi32.dll Windows.UI.Immersive.dll msctf.dll twinapi.appcore.dll igd10iumd64.dll ncrypt.dll ntasn1.dll igc64.dll d2d1.dll Windows.Globalization.dll Windows.Globalization.Fontgroups.dll setupapi.dll fontgroupsoverride.dll FontGlyphAnimator.dll ole32.dll Windows.Internal.UI.Logon.ProxyStub.dll directmanipulation.dll mscoreei.dll version.dll oleacc.dll ntmarta.dll policymanager.dll msvcp110_win.dll imecfm.dll wer.dll ninput.dll UIAutomationCore.dll,normal
 usocore.dll gpapi.dll usocore.dll ws2_32.dll dmcmnutils.dll dmcmnutils.dll xmllite.dll xmllite.dll dpapi.dll dpapi.dll windows.storage.dll windows.storage.dll shlwapi.dll presentationui.ni.dll wevtapi.dll ntdll.dll System.Web.Entity.Design.ni.dll filterlib.dll wow64win.dll fltlib.dll updatehandlers.dll updatehandlers.dll wuapi.dll dwmapi.dll wuapi.dll wups.dll gdi32.dll wups.dll wldap32.dll taskschd.dll taskschd.dll sspicli.dll sspicli.dll ntmarta.dll sspicli.dll wkscli.dll ntmarta.dll wow64win.dll wtsapi32.dll wtsapi32.dll winsta.dll winsta.dll shlwapi.dll ole32.dll msctf.dll usoapi.dll usoapi.dll flightsettings.dll flightsettings.dll bcd.dll bcd.dll windows.web.dll KernelBase.dll windows.web.dll setupapi.dll mlang.dll ntdll.dll iertutil.dll iertutil.dll waasassessment.dll waasassessment.dll microsoft.visualstudio.tools.office.contract.v9.0.dll wintypes.dll wintypes.dll Microsoft.VisualStudio.Tools.Applications.Runtime.v9.0.dll system.xml.ni.dll system.xml.dll logoncli.dll utcutil.dll utcutil.dll netutils.dll dcntel.dll dcntel.dll kernel32.dll appraiser.dll appraiser.dll setupapi.dll wdscore.dll shell32.dll sppc.dll gdiplus.dll nsi.dll netapi32.dll cryptsp.dll mscorwks.dll version.dll tdh.dll tdh.dll kernel.appcore.dll samcli.dll mintdh.dll mintdh.dll rsaenh.dll rsaenh.dll adtschema.dll clbcatq.dll ondemandconnroutehelper.dll uxtheme.dll ondemandconnroutehelper.dll winnsi.dll winnsi.dll ole32.dll windows.security.authentication.onlineid.dll system.xml.linq.ni.dll windows.security.authentication.onlineid.dll System.ni.dll onecoreuapcommonproxystub.dll onecoreuapcommonproxystub.dll shell32.dll dhcpcsvc6.dll dhcpcsvc6.dll clrjit.dll webio.dll lpk.dll version.dll webio.dll dnsapi.dll kernelbase.dll rasadhlp.dll system.drawing.dll msctf.dll rasadhlp.dll fwpuclnt.dll schannel.dll schannel.dll textinputframework.dll mskeyprotect.dll mskeyprotect.dll nsi.dll user32.dll System.Data.dll ncrypt.dll ncrypt.dll ntasn1.dll kernel32.dll cryptbase.dll ntasn1.dll wmsgapi.dll ole32.dll ncryptsslp.dll ncryptsslp.dll utcutil.dll utcutil.dll logoncli.dll ws2_32.dll shcore.dll mscorlib.ni.dll dcntel.dll dcntel.dll system.configuration.dll netutils.dll appraiser.dll user32.dll appraiser.dll setupapi.dll wdscore.dll winrnr.dll System.AddIn.ni.dll api-ms-win-crt-locale-l1-1-0.dll shell32.dll gdiplus.dll cscapi.dll netapi32.dll tdh.dll tdh.dll version.dll mintdh.dll mintdh.dll system.drawing.design.ni.dll samcli.dll npfproxy.dll mprmsg.dll npmproxy.dll windows.networking.connectivity.dll windows.networking.connectivity.dll windows.ui.dll wlanapi.dll sspicli.dll wlanapi.dll waasmedicps.dll winbrand.dll waasmedicps.dll wups.dll system.data.oracleclient.dll userenv.dll usp10.dll wups.dll onecorecommonproxystub.dll onecorecommonproxystub.dll ondemandconnroutehelper.dll ondemandconnroutehelper.dll cryptnet.dll dmiso8601utils.dll cfgmgr32.dll rpcrt4.dll msxml3.dll api-ms-win-core-processthreads-l1-1-1.dll dmiso8601utils.dll imagehlp.dll imm32.dll updatenotificationhelpers.dll updatenotificationhelpers.dll msctf.dll sspicli.dll shell32.dll setupapi.dll netapi32.dll wshext.dll lpk.dll unpshared.dll ntdll.dll unpshared.dll wkscli.dll user32.dll dsreg.dll dsreg.dll sensapi.dll netutils.dll devobj.dll user32.dll configmanager2.dll configmanager2.dll dmcfgutils.dll dmcfgutils.dll gdi32.dll dmxmlhelputils.dll dmxmlhelputils.dll dmoleaututils.dll dmoleaututils.dll System.Data.ni.dll wwapi.dll wwapi.dll dmenrollengine.dll dmenrollengine.dll enterpriseresourcemanager.dll enterpriseresourcemanager.dll dmcsps.dll dmcsps.dll omadmapi.dll wintrust.dll mapi32.dll omadmapi.dll iri.dll user32.dll iri.dll msctf.dll utcutil.dll utcutil.dll logoncli.dll dcntel.dll dcntel.dll netutils.dll KernelBase.dll oleaut32.dll dmapisetextimpldesktop.dll dmapisetextimpldesktop.dll appraiser.dll appraiser.dll wdscore.dll setupapi.dll cmiadapter.dll netapi32.dll mobilebroadbandaccountapi.dll mbaeapipublic.dll gdi32.dll mobilenetworking.dll gdiplus.dll shell32.dll version.dll samcli.dll tdh.dll kernelbase.dll tdh.dll usp10.dll mintdh.dll mintdh.dll utcutil.dll utcutil.dll logoncli.dll dcntel.dll dcntel.dll netutils.dll appraiser.dll appraiser.dll setupapi.dll shell32.dll wdscore.dll gdiplus.dll netapi32.dll version.dll lpk.dll advapi32.dll tdh.dll winnsi.dll tdh.dll mintdh.dll mintdh.dll samcli.dll utcutil.dll utcutil.dll logoncli.dll dcntel.dll dcntel.dll netutils.dll appraiser.dll KernelBase.dll appraiser.dll setupapi.dll shell32.dll wdscore.dll netapi32.dll gdiplus.dll version.dll tdh.dll tdh.dll mintdh.dll uxtheme.dll mintdh.dll samcli.dll webservices.dll webservices.dll utcutil.dll utcutil.dll wow64.dll logoncli.dll dcntel.dll dcntel.dll netutils.dll appraiser.dll appraiser.dll wdscore.dll setupapi.dll gdiplus.dll netapi32.dll shell32.dll tdh.dll tdh.dll mintdh.dll mintdh.dll version.dll samcli.dll System.Web.dll ondemandconnroutehelper.dll ondemandconnroutehelper.dll shell32.dll msi.dll msi.dll,normal
 ntdll.dll kernel32.dll kernelbase.dll advapi32.dll combase.dll msvcrt.dll sechost.dll api-ms-win-downlevel-advapi32-l2-1-0.dll rpcrt4.dll ole32.dll gdi32.dll user32.dll lpk.dll usp10.dll rpcrtremote.dll bcrypt.dll imm32.dll msctf.dll api-ms-win-security-base-l1-1-0.dll wdscore.dll oleaut32.dll shell32.dll secur32.dll sechost.dll shlwapi.dll dbghelp.dll cryptbase.dll kernel32.dll cbscore.dll version.dll wow64.dll ucrtbase.dll wow64.dll nsi.dll crypt32.dll msasn1.dll wintrust.dll version.dll userenv.dll profapi.dll kernel32.dll lpk.dll wtsapi32.dll ntdll.dll ktmw32.dll ExplorerFrame.dll wow64win.dll dpx.dll oleaut32.dll sechost.dll wevtapi.dll dpx.dll dpx.dll wcp.dll msvcrt.dll drupdate.dll setupapi.dll cfgmgr32.dll devobj.dll mpr.dll wrpint.dll system.ni.dll spoolss.dll sxsstore.dll sqmapi.dll winhttp.dll webio.dll winhttp.dll webio.dll sensapi.dll cryptsp.dll rsaenh.dll shlwapi.dll rpcrtremote.dll clbcatq.dll cbsapi.dll smipi.dll smiengine.dll ntdll.dll ntdll.dll dui70.dll wow64.dll wow64win.dll wow64cpu.dll usp10.dll kernel32.dll kernel32.dll kernel32.dll user32.dll kernel32.dll kernelbase.dll msvcrt.dll winbrand.dll user32.dll gdi32.dll wshext.dll lpk.dll usp10.dll advapi32.dll sechost.dll rpcrt4.dll sspicli.dll cryptbase.dll cryptbase.dll imm32.dll msctf.dll apphelp.dll,normal
 mscorjit.dll winhttp.dll gdi32.dll ntdll.dll advapi32.dll ntdll.dll mscorlib.dll wow64.dll gdi32.dll imageres.dll wow64win.dll wow64cpu.dll mscorjit.dll kernel32.dll mswsock.dll kernel32.dll kernel32.dll user32.dll kernel32.dll KernelBase.dll advapi32.dll sechost.dll rasadhlp.dll rpcrt4.dll mssvp.dll cryptbase.dll sspicli.dll cryptbase.dll dnsapi.dll kernel32.dll ws2_32.dll nsi.dll winnsi.dll dhcpcsvc.dll ntdll.dll dhcpcsvc6.dll shell32.dll shlwapi.dll usp10.dll ole32.dll imm32.dll msctf.dll clbcatq.dll oleaut32.dll cryptsp.dll rsaenh.dll RpcRtRemote.dll shlwapi.dll wevtapi.dll user32.dll gdi32.dll lpk.dll msvcrt.dll,normal
 ntdll.dll kernel32.dll kernelbase.dll advapi32.dll powrprof.dll ole32.dll msvcrt.dll mscoreei.dll sechost.dll rpcrt4.dll user32.dll usp10.dll imageres.dll win32u.dll gdi32.dll msctf.dll gdi32full.dll Microsoft.Office.Tools.Common.Implementation.dll msvcp_win.dll usp10.dll rtrfiltr.dll ucrtbase.dll shell32.dll cfgmgr32.dll shcore.dll combase.dll bcryptprimitives.dll windows.storage.dll nsi.dll imageres.dll shlwapi.dll kernel.appcore.dll System.Xml.ni.dll powrprof.dll profapi.dll uxtheme.dll imm32.dll ole32.dll mscorjit.dll propsys.dll oleaut32.dll clbcatq.dll edputil.dll windows.staterepository.dll Microsoft.PowerShell.Commands.Management.ni.dll staterepository.core.dll urlmon.dll iertutil.dll cryptbase.dll msiso.dll sspicli.dll,normal
 ntdll.dll ntdll.dll kernel32.dll kernelbase.dll qmgr.dll kernelbase.dll ws2_32.dll ws2_32.dll sechost.dll system.dll sechost.dll rpcrt4.dll rpcrt4.dll nsi.dll nsi.dll ucrtbase.dll rsaenh.dll ucrtbase.dll vcruntime140.dll ntdll.dll userenv.dll vcruntime140.dll nsi.dll ucrtbase.dll ucrtbase.dll mswsock.dll mswsock.dll msvcrt.dll msvcrt.dll user32.dll gdi32.dll user32.dll imm32.dll ntdll.dll msctf.dll napinsp.dll api-ms-win-core-threadpool-l1-2-0.dll msvcp110_win.dll napinsp.dll pnrpnsp.dll wshext.dll rasapi32.dll wintrust.dll pnrpnsp.dll nlaapi.dll kernel32.dll nlaapi.dll wsock32.dll dnsapi.dll winrnr.dll bcrypt.dll bcrypt.dll wshbth.dll wshbth.dll imecfm.dll fwpuclnt.dll rasadhlp.dll rasadhlp.dll,HTran
 ntdll.dll sechost.dll kernel32.dll KernelBase.dll advapi32.dll msvcrt.dll sechost.dll rpcrt4.dll msvcr120_clr0400.dll version.dll dfsrress.dll mscoree.dll ole32.dll gdi32.dll sysntfy.dll user32.dll mpr.dll lpk.dll usp10.dll sechost.dll oleaut32.dll wups2.dll imm32.dll msctf.dll sspicli.dll cryptbase.dll cryptsp.dll rsaenh.dll srvcli.dll sechost.dll RpcRtRemote.dll samcli.dll clbcatq.dll sxs.dll cryptui.dll msctf.dll mscoreei.dll mscorwks.dll msvcr80.dll shlwapi.dll rpcrt4.dll shell32.dll profapi.dll mscorlib.ni.dll mscorjit.dll setupapi.dll mscorlib.dll mscorlib.dll version.dll mscorlib.dll mscorlib.dll System.ni.dll sensapi.dll System.Configuration.ni.dll System.Xml.ni.dll System.Security.ni.dll,normal
 ntdll.dll System.Data.OracleClient.ni.dll ntdll.dll wow64.dll cryptbase.dll wow64win.dll spoolss.dll wow64cpu.dll kernel32.dll kernel32.dll kernel32.dll user32.dll wkscli.dll msi.dll kernel32.dll kernelbase.dll system.addin.contract.ni.dll msvcrt.dll wintypes.dll winbrand.dll user32.dll gdi32.dll lpk.dll ntdll.dll usp10.dll dbghelp.dll uxtheme.dll advapi32.dll sechost.dll rpcrt4.dll sspicli.dll cryptbase.dll imm32.dll msctf.dll apphelp.dll,normal
 ntdll.dll ntdll.dll wow64.dll winmm.dll wow64win.dll wow64cpu.dll kernel32.dll windows.staterepositoryps.dll kernel32.dll kernel32.dll user32.dll version.dll kernel32.dll user32.dll KernelBase.dll msvcrt.dll winbrand.dll system.windows.forms.dll user32.dll gdi32.dll kernel32.dll lpk.dll usp10.dll advapi32.dll kernel32.dll cryptbase.dll clr.dll sechost.dll rpcrt4.dll sspicli.dll ws2_32.dll cryptbase.dll imm32.dll msctf.dll apphelp.dll,normal
 sspicli.dll sspicli.dll,normal
 secur32.dll oleaut32.dll ntdll.dll twinapi.appcore.dll kernel32.dll kernelbase.dll msvcrt.dll oleaut32.dll ole32.dll msvcrt.dll gdi32.dll Microsoft.Build.Framework.ni.dll user32.dll ntdll.dll lpk.dll usp10.dll rpcrt4.dll oleaut32.dll imm32.dll msctf.dll cryptbase.dll sechost.dll advapi32.dll winbrand.dll advapi32.dll clbcatq.dll racengn.dll wevtapi.dll wevtapi.dll rpcrt4.dll sqmapi.dll msvcrt.dll aepic.dll sfc.dll sfc_os.dll version.dll cryptbase.dll lpk.dll shell32.dll shlwapi.dll profapi.dll sqlceoledb30.dll sqlcese30.dll sqlceqp30.dll winsatapi.dll imageres.dll dxgi.dll dwmapi.dll gdiplus.dll setupapi.dll mscoree.dll advapi32.dll cfgmgr32.dll devobj.dll wintrust.dll crypt32.dll msasn1.dll powrprof.dll taskschd.dll sspicli.dll xmllite.dll,normal
 kernel32.dll cryptsp.dll ntdll.dll ntdll.dll kernel32.dll kernelbase.dll gdi32.dll user32.dll lpk.dll usp10.dll msvcrt.dll kernel32.dll imm32.dll msctf.dll vssapi.dll kernel32.dll iconcodecservice.dll ole32.dll rpcrt4.dll oleaut32.dll cryptbase.dll clbcatq.dll wshqos.dll advapi32.dll sechost.dll netprofm.dll cryptsp.dll ntdll.dll rpcrt4.dll iphlpsvc.dll wininet.dll ntdll.dll wow64.dll wow64win.dll auditcse.dll wow64cpu.dll kernel32.dll imageres.dll kernel32.dll wow64.dll mscorlib.dll nsi.dll sxs.dll kernel32.dll user32.dll kernel32.dll kernelbase.dll msvcrt.dll ole32.dll gdi32.dll iphlpapi.dll user32.dll kernel32.dll advapi32.dll sechost.dll rpcrt4.dll sspicli.dll cryptbase.dll crypt32.dll lpk.dll usp10.dll imm32.dll msctf.dll clbcatq.dll oleaut32.dll mscorlib.ni.dll cryptsp.dll rsaenh.dll rpcrtremote.dll shell32.dll shlwapi.dll system.security.dll dhcpcsvc6.dll actxprxy.dll comctl32.dll ntdll.dll ntdll.dll user32.dll kernel32.dll kernelbase.dll gdi32.dll user32.dll slc.dll lpk.dll mscorlib.dll sspicli.dll SensApi.dll psapi.dll usp10.dll msvcrt.dll mfc42u.dll cryptsp.dll winbrand.dll kernelbase.dll ole32.dll sechost.dll rpcrt4.dll odbc32.dll advapi32.dll profapi.dll sechost.dll shlwapi.dll uxtheme.dll duser.dll imm32.dll msctf.dll odbcint.dll dui70.dll comctl32.dll shell32.dll cryptbase.dll urlmon.dll wininet.dll iertutil.dll crypt32.dll msasn1.dll oleaut32.dll clbcatq.dll profapi.dll usp10.dll mmcbase.dll apphelp.dll ucrtbase.dll atl.dll lpk.dll cfgmgr32.dll mmcndmgr.dll oleacc.dll cryptsp.dll winmmbase.dll rsaenh.dll microsoft.management.infrastructure.cimcmdlets.ni.dll rpcrtremote.dll apphelp.dll propsys.dll setupapi.dll devobj.dll msxml3.dll dwmapi.dll xmllite.dll profapi.dll comctl32.dll version.dll filemgmt.dll servdeps.dll imageres.dll mmfutil.dll mlang.dll psapi.dll sxs.dll rpcrt4.dll drupdate.dll sspicli.dll ws2_32.dll nsi.dll dnsapi.dll winnsi.dll ntmarta.dll wldap32.dll ieframe.dll mshtml.dll msls31.dll avrt.dll comctl32.dll imecfm.dll comdlg32.dll jscript.dll msimtf.dll,normal
 ntdll.dll,normal
 ntdll.dll kernel32.dll kernelbase.dll msvcrt.dll user32.dll gdi32.dll lpk.dll usp10.dll ole32.dll shell32.dll schedsvc.dll rpcrt4.dll oleaut32.dll shlwapi.dll ktmw32.dll imm32.dll system.data.oracleclient.dll user32.dll msctf.dll version.dll api-ms-win-core-synch-l1-1-0.dll imagehlp.dll advapi32.dll sechost.dll sechost.dll cryptbase.dll advapi32.dll clbcatq.dll sspicli.dll taskschd.dll,normal
 eppmanifest.dll comctl32.dll sendmail.dll mydocs.dll wpdshext.dll,normal
 ntdll.dll kernel32.dll System.IdentityModel.dll kernelbase.dll advapi32.dll msvcrt.dll win32u.dll sechost.dll rpcrt4.dll advapi32.dll accessibility.ni.dll ole32.dll gdi32.dll user32.dll lpk.dll imm32.dll usp10.dll KernelBase.dll imm32.dll msctf.dll cryptbase.dll msvcrt.dll srrstr.dll rpcrtremote.dll ole32.dll cryptsp.dll rsaenh.dll sppwinob.dll sppwinob.dll kernelbase.dll sppobjs.dll sppobjs.dll kernelbase.dll ws2_32.dll nsi.dll oleaut32.dll imm32.dll wow64.dll chrome_elf.dll clbcatq.dll taskschd.dll sspicli.dll dnsapi.dll setupapi.dll cfgmgr32.dll devobj.dll wintrust.dll crypt32.dll msasn1.dll,normal
 gdi32.dll ntdll.dll userenv.dll mscorsec.dll msvcp_win.dll kernel32.dll kernelbase.dll msvcrt.dll conhostv2.dll System.Xaml.ni.dll msvcp_win.dll ucrtbase.dll combase.dll wow64.dll rpcrt4.dll system.enterpriseservices.dll bcryptprimitives.dll gdi32.dll gdi32full.dll user32.dll win32u.dll winsta.dll oleaut32.dll advapi32.dll kernel32.dll oleaut32.dll KernelBase.dll sechost.dll kernel32.dll imm32.dll propsys.dll ntasn1.dll shcore.dll system.web.regularexpressions.ni.dll shell32.dll api-ms-win-downlevel-ole32-l1-1-0.dll oleaut32.dll cfgmgr32.dll windows.storage.dll shlwapi.dll kernel.appcore.dll powrprof.dll profapi.dll uxtheme.dll msctf.dll WindowsBase.ni.dll tiptsf.dll microsoft.office.tools.word.dll ole32.dll dwmapi.dll comctl32.dll winbrand.dll textinputframework.dll coreuicomponents.dll system.transactions.dll coremessaging.dll ntmarta.dll wintypes.dll usermgrcli.dll clbcatq.dll uiautomationcore.dll sxs.dll oleacc.dll ole32.dll version.dll iertutil.dll crypt32.dll msasn1.dll ncrypt.dll bcrypt.dll ntasn1.dll policymanager.dll msvcp110_win.dll dui70.dll gdi32.dll imecfm.dll wer.dll,normal
 ntdll.dll kernel32.dll kernelbase.dll ntdll.dll advapi32.dll msvcrt.dll sechost.dll authui.dll rpcrt4.dll RpcRtRemote.dll accessibility.dll user32.dll gdi32.dll lpk.dll usp10.dll ole32.dll shell32.dll api-ms-win-eventing-classicprovider-l1-1-0.dll shlwapi.dll TSWorkspace.dll combase.dll imm32.dll msctf.dll cryptbase.dll clbcatq.dll gpapi.dll oleaut32.dll cryptsp.dll rsaenh.dll rpcrtremote.dll synccenter.dll comctl32.dll actxprxy.dll uxtheme.dll twinapi.dll dwmapi.dll syncinfrastructure.dll propsys.dll wow64cpu.dll crypt32.dll msasn1.dll wtsapi32.dll setupapi.dll lpk.dll cfgmgr32.dll crypt32.dll sechost.dll devobj.dll winsta.dll cscui.dll msvcr120_clr0400.dll cscdll.dll cscapi.dll msvcrt.dll cscobj.dll rpcrt4.dll userenv.dll profapi.dll,normal
 shcore.dll ntdll.dll kernel32.dll kernel32.dll user32.dll kernelbase.dll advapi32.dll msvcrt.dll textinputframework.dll sechost.dll sechost.dll rpcrt4.dll gdi32.dll gdi32.dll user32.dll lpk.dll usp10.dll msswch.dll winmm.dll fdphost.dll dwmapi.dll gdiplus.dll winnsi.dll ole32.dll oleacc.dll oleaut32.dll shlwapi.dll wmsgapi.dll cryptbase.dll duser.dll wow64win.dll wow64cpu.dll uxtheme.dll imm32.dll System.Xml.ni.dll msctf.dll cryptbase.dll dui70.dll comctl32.dll xmllite.dll clbcatq.dll cryptsp.dll rsaenh.dll msvcr120_clr0400.dll rpcrtremote.dll tabskb.dll cfgmgr32.dll wow64win.dll windowscodecs.dll mmdevapi.dll propsys.dll radardt.dll ntdll.dll kernel32.dll gdi32.dll kernel32.dll kernelbase.dll gdi32.dll user32.dll newdev.dll lpk.dll usp10.dll msvcrt.dll imm32.dll msctf.dll ole32.dll rpcrt4.dll sspicli.dll sspicli.dll oleaut32.dll System.Printing.ni.dll cryptbase.dll wer.dll shell32.dll dhcpcsvc.dll clbcatq.dll advapi32.dll sechost.dll ntdll.dll ntdll.dll wow64.dll mscorjit.dll wow64win.dll shell32.dll imagehlp.dll wow64cpu.dll urlmon.dll rpcrt4.dll kernel32.dll rpcrt4.dll kernel32.dll kernel32.dll system.ni.dll System.Configuration.dll user32.dll kernel32.dll kernelbase.dll advapi32.dll msvcrt.dll sechost.dll rpcrt4.dll sspicli.dll cryptbase.dll dnsapi.dll ws2_32.dll windows.storage.dll msvcrt.dll nsi.dll winnsi.dll dhcpcsvc.dll winbrand.dll kernel32.dll dhcpcsvc6.dll shell32.dll shlwapi.dll gdi32.dll user32.dll lpk.dll usp10.dll ole32.dll imm32.dll msctf.dll clbcatq.dll oleaut32.dll cryptsp.dll rsaenh.dll rpcrtremote.dll wevtapi.dll,normal
 ole32.dll ntdll.dll nsi.dll winnsi.dll kernel32.dll kernelbase.dll lpk.dll gdi32.dll user32.dll lpk.dll usp10.dll twinapi.appcore.dll msvcrt.dll imm32.dll api-ms-win-eventing-legacy-l1-1-0.dll System.Drawing.dll msctf.dll ole32.dll rpcrt4.dll cryptbase.dll oleaut32.dll cryptbase.dll clbcatq.dll advapi32.dll grooveintlresource.dll sechost.dll ntdll.dll ntdll.dll wow64.dll wow64win.dll wow64cpu.dll kernel32.dll system.configuration.dll wbemsvc.dll spoolss.dll kernel32.dll kernel32.dll msasn1.dll msctf.dll kernel32.dll user32.dll kernel32.dll rasapi32.dll kernelbase.dll msvcrt.dll winbrand.dll user32.dll gdi32.dll lpk.dll usp10.dll advapi32.dll sechost.dll rpcrt4.dll sspicli.dll cryptbase.dll imm32.dll msctf.dll apphelp.dll,normal
 ntdll.dll adtschema.dll ntdll.dll wow64.dll wow64win.dll ole32.dll wow64cpu.dll wucltux.dll kernel32.dll kernel32.dll microsoft.visualc.ni.dll kernel32.dll user32.dll kernel32.dll KernelBase.dll advapi32.dll msvcrt.dll sechost.dll advapi32.dll PresentationCore.ni.dll rpcrt4.dll secur32.dll sspicli.dll cryptbase.dll dnsapi.dll ws2_32.dll nsi.dll winnsi.dll dhcpcsvc.dll dhcpcsvc6.dll shell32.dll shlwapi.dll gdi32.dll user32.dll lpk.dll usp10.dll ole32.dll imm32.dll TSWorkspace.dll System.Transactions.dll msctf.dll clbcatq.dll lpk.dll oleaut32.dll cryptsp.dll rsaenh.dll RpcRtRemote.dll wevtapi.dll ntdll.dll ntdll.dll lpk.dll wow64.dll wow64win.dll wow64cpu.dll kernel32.dll kernel32.dll kernel32.dll user32.dll kernel32.dll msasn1.dll KernelBase.dll advapi32.dll cfgmgr32.dll msoshext.dll msvcrt.dll sechost.dll clbcatq.dll user32.dll rpcrt4.dll sspicli.dll cryptbase.dll ws2_32.dll dnsapi.dll ws2_32.dll sysglobl.dll nsi.dll ntdll.dll winnsi.dll dhcpcsvc.dll dhcpcsvc6.dll wow64cpu.dll shell32.dll kernel32.dll shlwapi.dll gdi32.dll user32.dll shlwapi.dll mscoree.dll lpk.dll usp10.dll ole32.dll imm32.dll imm32.dll msctf.dll clbcatq.dll clbcatq.dll oleaut32.dll lpk.dll System.Runtime.DurableInstancing.dll cryptsp.dll rsaenh.dll onecoreuapcommonproxystub.dll RpcRtRemote.dll wevtapi.dll dpx.dll ntdll.dll ntdll.dll wuapi.dll wow64.dll usp10.dll wow64win.dll wow64cpu.dll kernel32.dll kernel32.dll kernel32.dll kernel32.dll user32.dll kernel32.dll microsoft.office.tools.word.ni.dll KernelBase.dll advapi32.dll kernelbase.dll msvcrt.dll advapi32.dll sechost.dll kernel32.dll profapi.dll rpcrt4.dll Microsoft.Office.Tools.v9.0.dll imm32.dll sspicli.dll cryptbase.dll dnsapi.dll sensapi.dll dwmapi.dll ws2_32.dll kernel32.dll usp10.dll nsi.dll wshext.dll winnsi.dll sechost.dll dhcpcsvc.dll dhcpcsvc6.dll shell32.dll shlwapi.dll gdi32.dll user32.dll lpk.dll usp10.dll usp10.dll ole32.dll imm32.dll msctf.dll clbcatq.dll nsi.dll oleaut32.dll cryptsp.dll cryptbase.dll rpcrt4.dll mprmsg.dll sensapi.dll wow64win.dll ole32.dll rsaenh.dll rpcrt4.dll RpcRtRemote.dll wevtapi.dll ntdll.dll kernel32.dll KernelBase.dll gdi32.dll user32.dll lpk.dll usp10.dll comctl32.dll wshqos.dll msvcrt.dll user32.dll System.Configuration.ni.dll imm32.dll advapi32.dll comctl32.dll msctf.dll ole32.dll rpcrt4.dll oleaut32.dll cryptbase.dll advapi32.dll clbcatq.dll advapi32.dll user32.dll sechost.dll ntdll.dll kernel32.dll KernelBase.dll gdi32.dll user32.dll sspicli.dll lpk.dll kernel32.dll usp10.dll System.Drawing.dll msvcrt.dll imm32.dll msctf.dll ole32.dll rpcrt4.dll bcrypt.dll oleaut32.dll user32.dll cryptbase.dll user32.dll clbcatq.dll advapi32.dll sechost.dll ntdll.dll msvcrt.dll kernel32.dll KernelBase.dll msvcrt.dll ole32.dll gdi32.dll user32.dll dnsapi.dll lpk.dll usp10.dll oleaut32.dll rpcrt4.dll oleaut32.dll imm32.dll clbcatq.dll imm32.dll msctf.dll cryptbase.dll sechost.dll advapi32.dll clbcatq.dll MsCtfMonitor.dll msutb.dll winsta.dll wtsapi32.dll uxtheme.dll dwmapi.dll shlwapi.dll sspicli.dll nsi.dll cryptsp.dll usp10.dll rsaenh.dll RpcRtRemote.dll dimsjob.dll Wldap32.dll atl.dll crypt32.dll msasn1.dll dsrole.dll kernel32.dll taskschd.dll netprofm.dll msctf.dll nlaapi.dll npmproxy.dll pautoenr.dll certcli.dll CertEnroll.dll,normal
 ntdll.dll ole32.dll ntdll.dll kernel32.dll kernelbase.dll kernelbase.dll shell32.dll msvcrt.dll cryptsp.dll msvcrt.dll cfgmgr32.dll cryptbase.dll ucrtbase.dll ucrtbase.dll sspicli.dll user32.dll shcore.dll mscorlib.ni.dll shcore.dll sechost.dll rpcrt4.dll igc64.dll rpcrt4.dll combase.dll mydocs.dll bcryptprimitives.dll bcryptprimitives.dll windows.storage.dll usp10.dll windows.storage.dll advapi32.dll kernel32.dll advapi32.dll sechost.dll sechost.dll shlwapi.dll gdi32.dll gdi32full.dll msvcp_win.dll msvcp_win.dll ntdll.dll wevtapi.dll crypt32.dll user32.dll win32u.dll kernel.appcore.dll oleaut32.dll bdatunepia.ni.dll kernel.appcore.dll profapi.dll powrprof.dll filterlib.dll fltlib.dll msvcp_win.dll chrome_elf.dll chrome_elf.dll cbsapi.dll version.dll sspicli.dll accessibility.dll winmm.dll secur32.dll mscoree.dll userenv.dll ntdll.dll ucrtbase.dll userenv.dll winmmbase.dll cryptbase.dll cryptbase.dll imm32.dll chrome.dll chrome_child.dll mpclient.dll ws2_32.dll ws2_32.dll ole32.dll oleaut32.dll wintrust.dll msasn1.dll uxtheme.dll msasn1.dll combase.dll crypt32.dll mscorsvc.dll oleacc.dll ktmw32.dll comdlg32.dll system.core.ni.dll comdlg32.dll iphlpapi.dll oleacc.dll uiautomationcore.dll api-ms-win-downlevel-normaliz-l1-1-0.dll uiautomationcore.dll wtsapi32.dll wtsapi32.dll msctf.dll dwrite.dll cryptbase.dll sechost.dll dxgi.dll dxgi.dll appidapi.dll dbghelp.dll comctl32.dll Microsoft.MediaCenter.Interop.dll usp10.dll winhttp.dll winhttp.dll urlmon.dll rpcrt4.dll urlmon.dll crypt32.dll secur32.dll secur32.dll dhcpcsvc.dll dhcpcsvc.dll nsi.dll SensApi.dll nsi.dll propsys.dll clbcatq.dll propsys.dll bcrypt.dll bcrypt.dll iertutil.dll cryptsp.dll spoolss.dll iertutil.dll sspicli.dll msvcrt.dll sspicli.dll ntdll.dll ntdll.dll kernel32.dll kernelbase.dll kernelbase.dll kernel32.dll msvcrt.dll usp10.dll user32.dll msvcrt.dll wer.dll fastprox.dll System.Web.RegularExpressions.ni.dll fastprox.dll ncobjapi.dll wbemcomn.dll wbemcomn.dll combase.dll ucrtbase.dll wow64win.dll ucrtbase.dll ws2_32.dll ws2_32.dll rpcrt4.dll cryptsp.dll rsaenh.dll rpcrt4.dll bcryptprimitives.dll bcryptprimitives.dll bcrypt.dll bcrypt.dll usp10.dll sechost.dll ws2_32.dll npmproxy.dll sechost.dll cryptbase.dll advapi32.dll version.dll oleaut32.dll winnsi.dll advapi32.dll user32.dll win32u.dll gdi32.dll shell32.dll gdi32full.dll msvcp_win.dll msvcp_win.dll kernel32.dll kernel.appcore.dll msvcrt.dll kernel.appcore.dll clbcatq.dll wbemprox.dll sechost.dll ucrtbase.dll wbemprox.dll sspicli.dll mscorlib.dll cryptbase.dll oleaut32.dll netprofm.dll wbemsvc.dll vbscript.dll wbemsvc.dll wmiutils.dll system.drawing.design.dll SensApi.dll wmiutils.dll cimwin32.dll cimwin32.dll powrprof.dll framedyn.dll kernel32.dll framedynos.dll System.DirectoryServices.Protocols.dll sspicli.dll sspicli.dll gdi32.dll rpcrt4.dll winbrand.dll winbrand.dll system.web.services.dll wldp.dll wldp.dll crypt32.dll msasn1.dll msasn1.dll wintrust.dll wldp.dll credssp.dll wldp.dll crypt32.dll user32.dll msasn1.dll msasn1.dll clbcatq.dll npmproxy.dll wintrust.dll wldp.dll wldp.dll crypt32.dll msasn1.dll msasn1.dll wintrust.dll wldp.dll wldp.dll crypt32.dll msasn1.dll filemgmt.dll msasn1.dll wintrust.dll schannel.dll ntasn1.dll schannel.dll crypt32.dll msasn1.dll msasn1.dll gdi32.dll adtschema.dll ntdll.dll mscorlib.ni.dll devobj.dll sechost.dll netapi32.dll samcli.dll system.dll srvcli.dll netutils.dll logoncli.dll cscapi.dll cscapi.dll ole32.dll devobj.dll cfgmgr32.dll security.dll security.dll security.dll msobjs.dll security.dll secur32.dll secur32.dll schedcli.dll wkscli.dll dsrole.dll wmipcima.dll wmipcima.dll wmi.dll wmi.dll wmiclnt.dll uiautomationprovider.dll wmiclnt.dll dxgi.dll dxgi.dll setupapi.dll wintrust.dll setupapi.dll wintrust.dll dxgi.dll dxgi.dll setupapi.dll wintrust.dll setupapi.dll wintrust.dll dxgi.dll dxgi.dll setupapi.dll wintrust.dll microsoft-windows-hal-events.dll setupapi.dll wintrust.dll dxgi.dll dxgi.dll setupapi.dll wintrust.dll setupapi.dll wintrust.dll dxgi.dll dxgi.dll setupapi.dll wintrust.dll setupapi.dll wintrust.dll dxgi.dll dxgi.dll setupapi.dll wintrust.dll setupapi.dll wintrust.dll,normal
 ntdll.dll ntdll.dll wow64.dll dwmapi.dll wow64win.dll wow64cpu.dll kernel32.dll kernel32.dll api-ms-win-core-processthreads-l1-1-1.dll kernel32.dll user32.dll kernel32.dll amsi.dll kernelbase.dll advapi32.dll devobj.dll msvcrt.dll sechost.dll rpcrt4.dll sspicli.dll cryptbase.dll dnsapi.dll ws2_32.dll nsi.dll winnsi.dll dhcpcsvc.dll wow64win.dll dhcpcsvc6.dll advapi32.dll shell32.dll shlwapi.dll gdi32.dll user32.dll dbghelp.dll lpk.dll ole32.dll usp10.dll netapi32.dll ole32.dll imm32.dll msctf.dll clbcatq.dll oleaut32.dll mscorlib.dll SensApi.dll cryptsp.dll comctl32.dll rsaenh.dll profapi.dll wininet.dll msctf.dll rpcrtremote.dll wevtapi.dll wow64cpu.dll tquery.dll rpcrtremote.dll msasn1.dll ntdll.dll ntdll.dll kernel32.dll System.Xml.dll kernelbase.dll user32.dll winmm.dll user32.dll gdi32.dll lpk.dll usp10.dll msvcrt.dll mlang.dll shlwapi.dll netplwiz.dll shell32.dll ole32.dll rpcrt4.dll mpr.dll imm32.dll msctf.dll comctl32.dll advapi32.dll sechost.dll cryptbase.dll,normal
 CbsCore.dll ntdll.dll ntdll.dll wow64.dll wow64win.dll wow64cpu.dll mssvp.dll kernel32.dll sxs.dll kernel32.dll kdcsvc.dll kernel32.dll user32.dll kernel32.dll KernelBase.dll secur32.dll kernelbase.dll advapi32.dll msvcrt.dll sechost.dll System.Transactions.ni.dll kernel32.dll rpcrt4.dll sspicli.dll cryptbase.dll imm32.dll msvcr120_clr0400.dll mscoree.dll ole32.dll gdi32.dll user32.dll lpk.dll wow64cpu.dll advapi32.dll usp10.dll msctf.dll oleaut32.dll imm32.dll msctf.dll cryptsp.dll rsaenh.dll RpcRtRemote.dll System.IdentityModel.dll advapi32.dll msctf.dll clbcatq.dll sxs.dll mscoreei.dll clr.dll shlwapi.dll system.enterpriseservices.dll presentationframework.royale.ni.dll shlwapi.dll mscorlib.ni.dll clrjit.dll Microsoft.VisualStudio.Tools.Office.Runtime.Internal.dll Microsoft.VisualStudio.Tools.Office.Runtime.Internal.dll shlwapi.dll version.dll apphelp.dll mscorlib.dll mscorlib.dll Microsoft.Office.Tools.ni.dll System.ni.dll System.dll System.dll winnsi.dll System.Core.ni.dll Microsoft.VisualStudio.Tools.Applications.Runtime.ni.dll gdi32.dll System.Core.dll sspicli.dll System.Core.dll System.Drawing.ni.dll System.Windows.Forms.ni.dll System.Windows.Forms.dll System.Windows.Forms.dll System.Drawing.dll api-ms-win-crt-locale-l1-1-0.dll System.Drawing.dll Microsoft.VisualStudio.Tools.Applications.Hosting.ni.dll System.Configuration.ni.dll apphelp.dll System.Configuration.dll System.Configuration.dll System.Xml.ni.dll System.Xml.dll System.Xml.dll,normal
 ntdll.dll ntdll.dll wow64.dll wow64win.dll wow64cpu.dll kernel32.dll kernel32.dll dhcpcsvc6.dll system.dll kernel32.dll user32.dll taskschdps.dll kernel32.dll kernelbase.dll advapi32.dll msvcrt.dll sensapi.dll sechost.dll rpcrt4.dll sspicli.dll cryptbase.dll dnsapi.dll ws2_32.dll winbrand.dll mscorlib.dll nsi.dll mscorwks.dll winnsi.dll dhcpcsvc.dll dhcpcsvc6.dll shell32.dll ntdll.dll taskschd.dll shlwapi.dll shell32.dll wer.dll gdi32.dll gdi32.dll user32.dll d2d1.dll ntdll.dll lpk.dll usp10.dll ole32.dll ole32.dll webio.dll imm32.dll msctf.dll clbcatq.dll oleaut32.dll KernelBase.dll System.Management.Automation.dll imm32.dll cryptsp.dll rsaenh.dll rpcrtremote.dll wevtapi.dll ntdll.dll ntdll.dll wow64.dll wow64win.dll api-ms-win-core-kernel32-legacy-l1-1-1.dll wow64cpu.dll kernel32.dll rsaenh.dll system.ni.dll kernel32.dll kernel32.dll user32.dll kernel32.dll kernelbase.dll msvcrt.dll winbrand.dll user32.dll gdi32.dll system.addin.contract.ni.dll lpk.dll usp10.dll advapi32.dll msctf.dll sechost.dll rpcrt4.dll kernel32.dll sspicli.dll cryptbase.dll imm32.dll msctf.dll apphelp.dll,normal
 dhcpcsvc6.dll ntdll.dll kernel32.dll kernelbase.dll msvcrt.dll secur32.dll user32.dll gdi32.dll lpk.dll usp10.dll wow64.dll cfgmgr32.dll imm32.dll msctf.dll winbrand.dll apphelp.dll,normal
 ntdll.dll System.dll kernel32.dll wow64.dll kernelbase.dll userenv.dll apphelp.dll advapi32.dll msvcrt.dll sechost.dll rpcrt4.dll crypt32.dll msasn1.dll ole32.dll combase.dll msvcrt.dll imm32.dll gdi32.dll user32.dll oleaut32.dll shlwapi.dll shell32.dll windows.storage.dll kernel.appcore.dll kernel32.dll shcore.dll version.dll winrnr.dll powrprof.dll profapi.dll setupapi.dll user32.dll cfgmgr32.dll netapi32.dll samlib.dll secur32.dll userenv.dll version.dll olepro32.dll wer.dll shell32.dll hid.dll wow64cpu.dll sxs.dll winscard.dll winsta.dll wkscli.dll urlmon.dll srvcli.dll netutils.dll usp10.dll bcrypt.dll system.transactions.dll user32.dll devobj.dll RpcRtRemote.dll system.data.oracleclient.dll cryptsp.dll cryptbase.dll bcryptprimitives.dll logoncli.dll sspicli.dll imm32.dll msctf.dll rsaenh.dll vaultcli.dll wintypes.dll wintrust.dll wldap32.dll cryptdll.dll,mimikatz
 ntdll.dll kernel32.dll KernelBase.dll gdi32.dll user32.dll ntdll.dll lpk.dll usp10.dll msvcrt.dll imm32.dll msctf.dll msvcrt.dll ole32.dll rpcrt4.dll wow64cpu.dll oleaut32.dll cryptbase.dll clbcatq.dll apphelp.dll advapi32.dll sechost.dll ntdll.dll kernel32.dll KernelBase.dll gdi32.dll user32.dll kernel.appcore.dll presentationcore.dll lpk.dll usp10.dll msvcrt.dll imm32.dll msctf.dll ole32.dll rpcrt4.dll oleaut32.dll cryptbase.dll clbcatq.dll advapi32.dll sechost.dll ntdll.dll kernel32.dll nsi.dll KernelBase.dll wmiutils.dll gdi32.dll usp10.dll user32.dll lpk.dll usp10.dll user32.dll msctf.dll msvcrt.dll gdi32.dll imm32.dll msctf.dll ole32.dll powrprof.dll rpcrt4.dll oleaut32.dll ntdll.dll oleaut32.dll cryptbase.dll clbcatq.dll System.Windows.Forms.dll winnsi.dll advapi32.dll sechost.dll winmm.dll pnrpnsp.dll winmm.dll credssp.dll ntdll.dll kernel32.dll system.numerics.dll KernelBase.dll crypt32.dll advapi32.dll clbcatq.dll RpcRtRemote.dll msvcrt.dll sechost.dll rpcrt4.dll ole32.dll gdi32.dll ole32.dll user32.dll lpk.dll usp10.dll dhcpcsvc.dll oledb32.dll ntdll.dll gdi32.dll kernel32.dll imm32.dll msctf.dll wdscore.dll oleaut32.dll shell32.dll imm32.dll shlwapi.dll dbghelp.dll lpk.dll cryptbase.dll usp10.dll CbsCore.dll version.dll crypt32.dll system.management.automation.dll msasn1.dll sspicli.dll wintrust.dll microsoft.powershell.commands.utility.ni.dll msvcrt.dll threadpoolwinrt.dll userenv.dll shlwapi.dll profapi.dll mscoreei.dll ktmw32.dll sspicli.dll dpx.dll dpx.dll dpx.dll wcp.dll DrUpdate.dll setupapi.dll PresentationFramework.dll cfgmgr32.dll devobj.dll mpr.dll wshext.dll wrpint.dll sxsstore.dll sqmapi.dll ncrypt.dll winhttp.dll webio.dll winhttp.dll Magnification.dll wbemsvc.dll webio.dll uxtheme.dll SensApi.dll msctf.dll cryptsp.dll version.dll rsaenh.dll RpcRtRemote.dll clbcatq.dll CbsApi.dll smipi.dll smiengine.dll setupapi.dll ntdll.dll kernel32.dll KernelBase.dll gdi32.dll srvcli.dll user32.dll shcore.dll lpk.dll devobj.dll usp10.dll msvcrt.dll PresentationCore.dll imm32.dll msctf.dll ole32.dll kernel32.dll mscorlib.ni.dll rpcrt4.dll sechost.dll oleaut32.dll ntdll.dll kernel32.dll System.Security.ni.dll api-ms-win-core-sysinfo-l1-1-0.dll comctl32.dll KernelBase.dll KernelBase.dll combase.dll gdi32.dll user32.dll lpk.dll oleaut32.dll usp10.dll msvcrt.dll imm32.dll webio.dll msctf.dll ole32.dll rpcrt4.dll oleaut32.dll cryptbase.dll clbcatq.dll advapi32.dll batt.dll sechost.dll ntdll.dll kernel32.dll KernelBase.dll gdi32.dll RpcRtRemote.dll user32.dll lpk.dll lpk.dll usp10.dll msvcrt.dll imm32.dll shlwapi.dll msctf.dll ole32.dll rpcrt4.dll oleaut32.dll ntdll.dll kernel32.dll KernelBase.dll gdi32.dll user32.dll lpk.dll usp10.dll msvcrt.dll gdi32.dll imm32.dll msctf.dll ole32.dll rpcrt4.dll ws2_32.dll oleaut32.dll cryptbase.dll clbcatq.dll advapi32.dll sechost.dll ntdll.dll kernel32.dll KernelBase.dll gdi32.dll user32.dll msctf.dll lpk.dll usp10.dll msvcrt.dll imm32.dll msctf.dll ole32.dll rpcrt4.dll oleaut32.dll cryptbase.dll clbcatq.dll advapi32.dll sechost.dll,normal
 dot3api.dll atl.dll mcxdriv.dll eappcfg.dll,normal
 sendmail.dll mydocs.dll wpdshext.dll psapi.dll,normal
 msctf.dll msctf.dll cryptdll.dll ntdll.dll ntdll.dll kernel32.dll propsys.dll kernel32.dll sspicli.dll KernelBase.dll KernelBase.dll msvcrt.dll msvcrt.dll w32time.dll certprop.dll rpcrt4.dll execmodelproxy.dll rpcrt4.dll RstrtMgr.dll gdi32.dll Microsoft.VisualStudio.Tools.Applications.Contract.v10.0.ni.dll gdi32.dll user32.dll KernelBase.dll user32.dll lpk.dll lpk.dll sspicli.dll usp10.dll usp10.dll ole32.dll ole32.dll oleaut32.dll oleaut32.dll imm32.dll imm32.dll,normal
 user32.dll msctf.dll ntdll.dll appraiser.dll kernel32.dll kernelbase.dll msvcrt.dll rpcrt4.dll system.security.ni.dll gdi32.dll user32.dll lpk.dll shlwapi.dll clbcatq.dll usp10.dll ole32.dll oleaut32.dll imm32.dll,normal
 ntdll.dll ntdll.dll wow64.dll wow64win.dll msvcr80.dll rsaenh.dll wow64cpu.dll crypt32.dll comctl32.dll kernel32.dll kernel32.dll kernel32.dll userenv.dll user32.dll reachframework.ni.dll kernel32.dll kernelbase.dll advapi32.dll clbcatq.dll msvcrt.dll sechost.dll rpcrt4.dll sspicli.dll msctf.dll cryptbase.dll dnsapi.dll rpcrt4.dll ws2_32.dll sensapi.dll nsi.dll clbcatq.dll msvcrt.dll winnsi.dll dhcpcsvc.dll KernelBase.dll dhcpcsvc6.dll shell32.dll shlwapi.dll gdi32.dll user32.dll lpk.dll usp10.dll System.Runtime.Serialization.dll System.Core.ni.dll ole32.dll imm32.dll msctf.dll clbcatq.dll oleaut32.dll cryptsp.dll rsaenh.dll rpcrtremote.dll wevtapi.dll,normal
 mcstore.ni.dll ntdll.dll sensapi.dll kernel32.dll ntdll.dll KernelBase.dll dsrole.dll advapi32.dll SensApi.dll msvcrt.dll sechost.dll rpcrt4.dll msvcr120_clr0400.dll netprofm.dll mscoree.dll mscorlib.dll ole32.dll gdi32.dll wevtapi.dll advapi32.dll user32.dll lpk.dll usp10.dll pwrshmsg.dll rpcrt4.dll oleaut32.dll gdi32.dll imm32.dll bcryptprimitives.dll ntdll.dll msctf.dll cryptbase.dll rpcrt4.dll cryptsp.dll rsaenh.dll bcrypt.dll RpcRtRemote.dll kernel32.dll kernel32.dll clbcatq.dll sxs.dll user32.dll mscoreei.dll mscorwks.dll msvcr80.dll shlwapi.dll shell32.dll profapi.dll user32.dll mscorlib.ni.dll mscorjit.dll mscorlib.dll mscorlib.dll version.dll mscorlib.dll mscorlib.dll mscorsec.dll wintrust.dll crypt32.dll msasn1.dll comctl32.dll riched20.dll imagehlp.dll ncrypt.dll rpcrt4.dll xmllite.dll bcrypt.dll bcryptprimitives.dll userenv.dll gpapi.dll cryptnet.dll Wldap32.dll SensApi.dll System.ni.dll version.dll System.AddIn.ni.dll Microsoft.VisualStudio.Tools.Applications.AddInAdapter.v9.0.ni.dll kernelbase.dll System.AddIn.Contract.ni.dll kernel32.dll api-ms-win-service-management-l2-1-0.dll System.Drawing.ni.dll comctl32.dll System.Windows.Forms.ni.dll System.Data.ni.dll ws2_32.dll accessibility.ni.dll nsi.dll System.Runtime.Remoting.ni.dll rsaenh.dll System.Configuration.ni.dll System.Xml.ni.dll System.Data.dll System.dll ntshrui.dll wow64cpu.dll System.Data.dll System.Activities.DurableInstancing.dll System.Data.dll System.Data.dll System.Data.dll ntdll.dll msctf.dll sechost.dll kernelbase.dll kernel32.dll KernelBase.dll advapi32.dll msvcrt.dll sechost.dll secur32.dll rpcrt4.dll msvcr120_clr0400.dll mscoree.dll gdi32.dll ole32.dll gdi32.dll user32.dll lpk.dll lpk.dll usp10.dll oleaut32.dll imm32.dll msctf.dll cryptbase.dll cryptsp.dll rsaenh.dll accessibility.dll winnsi.dll RpcRtRemote.dll clbcatq.dll sxs.dll mscoreei.dll mscorwks.dll rsaenh.dll Wldap32.dll msvcr80.dll shlwapi.dll shell32.dll version.dll system.data.oracleclient.dll shlwapi.dll rsaenh.dll shell32.dll rpcrtremote.dll profapi.dll ntdll.dll mscorlib.ni.dll kernelbase.dll mscorjit.dll mscorlib.dll System.Xml.ni.dll gdi32.dll vm3dum64.dll mscorlib.dll version.dll mscorlib.dll mscorlib.dll mscorsec.dll wintrust.dll crypt32.dll msasn1.dll msjetoledb40.dll comctl32.dll riched20.dll sxs.dll imagehlp.dll ncrypt.dll nlaapi.dll bcrypt.dll bcryptprimitives.dll user32.dll ucrtbase.dll ntdll.dll ntdll.dll userenv.dll gpapi.dll cryptnet.dll Wldap32.dll ntdll.dll SensApi.dll System.ni.dll System.Core.ni.dll System.AddIn.ni.dll Microsoft.VisualStudio.Tools.Office.HostAdapter.v10.0.ni.dll System.AddIn.Contract.ni.dll System.ni.dll System.AddIn.ni.dll Microsoft.VisualStudio.Tools.Office.Contract.v9.0.ni.dll Microsoft.VisualStudio.Tools.Applications.Contract.v9.0.ni.dll System.Xml.ni.dll system.web.dll advapi32.dll System.Drawing.ni.dll Culture.dll Microsoft.VisualStudio.Tools.Office.Word.HostAdapter.v10.0.dll dnsapi.dll Microsoft.VisualStudio.Tools.Office.Word.HostAdapter.v10.0.dll Microsoft.VisualStudio.Tools.Office.Word.HostAdapter.v10.0.ni.dll Microsoft.VisualStudio.Tools.Office.Word.HostAdapter.v10.0.ni.dll Microsoft.VisualStudio.Tools.Office.Word.HostAdapter.v10.0.ni.dll ntdll.dll kernel32.dll msshooks.dll microsoft.office.tools.ni.dll KernelBase.dll advapi32.dll msvcrt.dll sechost.dll rpcrt4.dll ole32.dll DrUpdate.dll msvcr120_clr0400.dll mscoree.dll System.Security.dll ole32.dll gdi32.dll lpk.dll ntdll.dll user32.dll lpk.dll sppobjs.dll usp10.dll lpk.dll oleaut32.dll imm32.dll sensapi.dll msctf.dll cryptbase.dll advapi32.dll cryptsp.dll rsaenh.dll RpcRtRemote.dll clbcatq.dll sxs.dll mscoreei.dll msxml6.dll mscorwks.dll msvcr80.dll shlwapi.dll shell32.dll profapi.dll mscorlib.ni.dll mscorjit.dll mscorlib.dll oleaut32.dll mscorlib.dll kernel32.dll version.dll mscorlib.dll mscorlib.dll cryptbase.dll mscorsec.dll wintrust.dll mssprxy.dll crypt32.dll msasn1.dll kernelbase.dll comctl32.dll riched20.dll imagehlp.dll clbcatq.dll ncrypt.dll bcrypt.dll bcryptprimitives.dll userenv.dll ceiprole.dll msctf.dll gpapi.dll cryptnet.dll vm3dum64.dll oleacc.dll Wldap32.dll rpcrt4.dll SensApi.dll System.ni.dll System.AddIn.ni.dll ole32.dll wow64win.dll Microsoft.VisualStudio.Tools.Office.AddInAdapter.v9.0.ni.dll Microsoft.VisualStudio.Tools.Office.Contract.v9.0.ni.dll wbemcomn.dll Microsoft.Office.Tools.v9.0.ni.dll System.Core.ni.dll Microsoft.VisualStudio.Tools.Applications.Adapter.v9.0.ni.dll System.AddIn.Contract.ni.dll Microsoft.VisualStudio.Tools.Applications.Runtime.v9.0.ni.dll Microsoft.VisualStudio.Tools.Applications.AddInAdapter.v9.0.ni.dll rsaenh.dll Microsoft.VisualStudio.Tools.Applications.Runtime.v9.0.dll cryptnet.dll usp10.dll msctf.dll Microsoft.VisualStudio.Tools.Applications.Contract.v9.0.ni.dll System.Runtime.Remoting.ni.dll System.Configuration.ni.dll kernel32.dll System.Xml.ni.dll System.Security.ni.dll ntdll.dll kernel32.dll imm32.dll api-ms-win-core-synch-l1-2-0.dll KernelBase.dll lpk.dll rasman.dll powrprof.dll advapi32.dll system.drawing.ni.dll msvcrt.dll winmm.dll sechost.dll msctf.dll KernelBase.dll cfgmgr32.dll kernel32.dll rpcrt4.dll ntdll.dll msvcr120_clr0400.dll mscoree.dll ole32.dll gdi32.dll dsrole.dll wow64cpu.dll user32.dll lpk.dll usp10.dll oleaut32.dll ole32.dll kernelbase.dll imm32.dll System.configuration.dll msctf.dll slc.dll kernel32.dll cryptbase.dll system.windows.forms.dll cryptsp.dll winbrand.dll rsaenh.dll RpcRtRemote.dll clbcatq.dll sxs.dll mscoreei.dll user32.dll mscorwks.dll msvcr80.dll shlwapi.dll clrjit.dll shell32.dll cryptbase.dll profapi.dll shlwapi.dll mscorlib.ni.dll mscorjit.dll mscorlib.dll mscorlib.dll version.dll mscorlib.dll mscorlib.dll PresentationFramework.Aero.ni.dll usp10.dll System.ni.dll psapi.dll WindowsBase.ni.dll PresentationCore.ni.dll PresentationFramework.ni.dll PresentationCore.dll lpk.dll adtschema.dll wshext.dll PresentationCore.dll PresentationCore.dll tquery.dll PresentationCore.dll nsi.dll shlwapi.dll System.Xml.ni.dll UIAutomationProvider.ni.dll crypt32.dll System.Drawing.ni.dll System.Deployment.ni.dll secur32.dll PresentationUI.ni.dll msvcrt.dll System.Printing.ni.dll System.Printing.dll System.Printing.dll System.Printing.dll System.Printing.dll ReachFramework.ni.dll UIAutomationTypes.ni.dll System.Data.ni.dll System.Data.dll System.Data.dll System.Data.dll wow64win.dll System.Data.dll System.Data.dll ws2_32.dll nsi.dll crypt32.dll msasn1.dll Accessibility.ni.dll System.Configuration.ni.dll System.Security.ni.dll System.Data.SqlXml.ni.dll sxs.dll lpk.dll Microsoft.VisualC.ni.dll usp10.dll PresentationCFFRasterizer.ni.dll System.Windows.Forms.ni.dll System.Runtime.Serialization.Formatters.Soap.ni.dll winsta.dll KernelBase.dll System.DirectoryServices.ni.dll System.Transactions.ni.dll System.Transactions.dll mscorlib.ni.dll System.Transactions.dll System.Transactions.dll system.configuration.dll System.Transactions.dll System.Transactions.dll winnsi.dll System.EnterpriseServices.ni.dll System.EnterpriseServices.dll System.EnterpriseServices.dll ntshrui.dll System.Runtime.Remoting.ni.dll System.Web.ni.dll System.Web.dll System.Web.dll winnsi.dll wevtapi.dll System.Web.dll System.Web.dll System.Web.Services.ni.dll System.DirectoryServices.Protocols.ni.dll System.Design.ni.dll system.windows.forms.ni.dll System.ServiceProcess.ni.dll System.Web.RegularExpressions.ni.dll System.Drawing.Design.ni.dll System.Data.OracleClient.ni.dll System.Data.OracleClient.dll System.Data.OracleClient.dll System.Data.OracleClient.dll System.Data.OracleClient.dll System.Data.OracleClient.dll System.Configuration.Install.ni.dll ntdll.dll System.Security.ni.dll ntdll.dll wow64.dll wow64win.dll wow64cpu.dll kernel32.dll kernel32.dll kernel32.dll user32.dll kernel32.dll KernelBase.dll advapi32.dll msvcrt.dll sechost.dll rpcrt4.dll sspicli.dll cryptbase.dll msvcr120_clr0400.dll mscoree.dll ole32.dll gdi32.dll user32.dll lpk.dll ole32.dll usp10.dll oleaut32.dll imm32.dll msctf.dll cryptsp.dll rsaenh.dll RpcRtRemote.dll clbcatq.dll sxs.dll mscoreei.dll clr.dll shlwapi.dll mscorlib.ni.dll lpk.dll clrjit.dll System.ni.dll version.dll System.ServiceModel.Channels.ni.dll mscorlib.dll System.ServiceModel.Channels.dll ole32.dll System.ServiceModel.Channels.dll mscorlib.dll System.dll System.dll System.Xaml.ni.dll System.Xaml.dll mapi32.dll System.Xaml.dll System.Core.ni.dll System.ServiceModel.ni.dll System.ServiceModel.dll System.ServiceModel.dll System.Core.dll System.Core.dll System.Runtime.Serialization.ni.dll System.Runtime.Serialization.dll System.Runtime.Serialization.dll System.Configuration.ni.dll System.Configuration.dll System.Configuration.dll System.Net.Http.ni.dll System.Net.Http.dll System.Net.Http.dll System.ServiceModel.Internals.ni.dll System.ServiceModel.Internals.dll System.ServiceModel.Internals.dll System.Xml.ni.dll System.Xml.dll System.Xml.dll System.Web.Services.ni.dll System.Web.Services.dll System.Web.Services.dll,normal
 ntdll.dll ntdll.dll wow64.dll wow64win.dll wow64cpu.dll twinapi.dll kernel32.dll msvcrt.dll SensApi.dll kernel32.dll system.drawing.ni.dll msacm32.dll kernel32.dll user32.dll kernel32.dll webio.dll cryptsp.dll KernelBase.dll advapi32.dll msutb.dll msvcrt.dll wow64.dll sechost.dll imageres.dll rsaenh.dll rpcrt4.dll msvcr120_clr0400.dll imm32.dll duser.dll d3d10level9.dll sspicli.dll cryptbase.dll dnsapi.dll system.xml.ni.dll ws2_32.dll nsi.dll winnsi.dll dhcpcsvc.dll dhcpcsvc6.dll shell32.dll shlwapi.dll netprofm.dll gdi32.dll user32.dll bcryptprimitives.dll lpk.dll usp10.dll ktmw32.dll ole32.dll oleaut32.dll imm32.dll sensapi.dll msctf.dll clbcatq.dll oleaut32.dll cryptsp.dll rsaenh.dll RpcRtRemote.dll wevtapi.dll wups.dll ntdll.dll kernel32.dll KernelBase.dll clbcatq.dll gdi32.dll user32.dll lpk.dll ntdll.dll usp10.dll System.Data.dll msvcrt.dll imm32.dll usp10.dll nsi.dll msctf.dll oleaut32.dll ole32.dll rpcrt4.dll oleaut32.dll system.security.ni.dll cryptbase.dll clbcatq.dll advapi32.dll cryptbase.dll sechost.dll combase.dll ntdll.dll kernel32.dll KernelBase.dll advapi32.dll msvcrt.dll sechost.dll rpcrt4.dll ole32.dll gdi32.dll user32.dll user32.dll lpk.dll usp10.dll advapi32.dll imm32.dll System.EnterpriseServices.dll msctf.dll wdscore.dll oleaut32.dll shell32.dll shlwapi.dll dbghelp.dll cryptbase.dll CbsCore.dll version.dll crypt32.dll msasn1.dll wintrust.dll userenv.dll profapi.dll kernel32.dll msvcr120_clr0400.dll ktmw32.dll kernel32.dll userenv.dll nsi.dll dpx.dll dpx.dll dpx.dll dwmapi.dll user32.dll wcp.dll smipi.dll DrUpdate.dll setupapi.dll cfgmgr32.dll webio.dll devobj.dll mpr.dll wrpint.dll sxsstore.dll ONBttnOL.dll sqmapi.dll winhttp.dll webio.dll winhttp.dll webio.dll PresentationCore.dll tquery.dll SensApi.dll cryptsp.dll msvcrt.dll rsaenh.dll RpcRtRemote.dll clbcatq.dll msvcrt.dll CbsApi.dll tquery.dll smipi.dll smiengine.dll ntdll.dll ntdll.dll mscorlib.dll mscoree.dll wow64.dll wow64win.dll wow64cpu.dll wups.dll kernel32.dll kernel32.dll kernel32.dll user32.dll kernel32.dll KernelBase.dll msvcrt.dll winbrand.dll user32.dll gdi32.dll lpk.dll usp10.dll advapi32.dll sechost.dll rpcrt4.dll sspicli.dll cryptbase.dll imm32.dll msctf.dll apphelp.dll,normal
 ntdll.dll kernel32.dll KernelBase.dll gdi32.dll user32.dll lpk.dll msisip.dll usp10.dll msvcrt.dll imm32.dll msctf.dll ole32.dll rpcrt4.dll oleaut32.dll kernel32.dll usp10.dll ntdll.dll ntdll.dll wow64.dll wow64win.dll shlwapi.dll wow64cpu.dll kernel32.dll kernel32.dll kernel32.dll user32.dll system.transactions.dll kernel32.dll msvcp110_win.dll KernelBase.dll advapi32.dll msvcrt.dll msvcrt.dll sechost.dll user32.dll oleacc.dll Microsoft.JScript.dll system.security.ni.dll rpcrt4.dll gdi32full.dll sspicli.dll cryptbase.dll dnsapi.dll ws2_32.dll system.data.sqlxml.dll nsi.dll winnsi.dll msi.dll dhcpcsvc.dll uxtheme.dll apphelp.dll clbcatq.dll dhcpcsvc6.dll shell32.dll rpcrtremote.dll shell32.dll shlwapi.dll gdi32.dll ConhostV2.dll user32.dll ntdll.dll lpk.dll nsi.dll usp10.dll ntdll.dll ole32.dll imm32.dll msctf.dll clbcatq.dll oleaut32.dll cryptsp.dll rsaenh.dll userenv.dll RpcRtRemote.dll nsi.dll wevtapi.dll ntdll.dll ntdll.dll winnsi.dll wow64.dll wow64win.dll wow64cpu.dll kernel32.dll kernel32.dll usp10.dll kernel32.dll api-ms-win-crt-stdio-l1-1-0.dll user32.dll kernel32.dll KernelBase.dll msvcrt.dll winbrand.dll user32.dll api-ms-win-core-debug-l1-1-1.dll gdi32.dll lpk.dll usp10.dll advapi32.dll kernel32.dll sechost.dll rpcrt4.dll sspicli.dll cryptbase.dll imm32.dll msctf.dll apphelp.dll,normal
 KernelBase.dll advapi32.dll sspicli.dll ntdll.dll version.dll kernel32.dll rpcrtremote.dll tquery.dll System.Data.SqlXml.dll kernelbase.dll msvcrt.dll rpcrt4.dll ole32.dll gdi32.dll imageres.dll user32.dll lpk.dll usp10.dll rpcrt4.dll imm32.dll msctf.dll cryptbase.dll clbcatq.dll msctf.dll advapi32.dll sechost.dll oleaut32.dll cryptsp.dll rsaenh.dll rpcrtremote.dll comctl32.dll shlwapi.dll userenv.dll profapi.dll idstore.dll shacct.dll,normal
 credssp.dll,normal
 msctf.dll KernelBase.dll msctf.dll ntdll.dll kernel32.dll ncryptsslp.dll KernelBase.dll KernelBase.dll msvcrt.dll rpcrt4.dll wow64win.dll msswch.dll gdi32.dll msvcrt.dll user32.dll lpk.dll usp10.dll wow64.dll ole32.dll oleaut32.dll kernel32.dll imm32.dll ntdll.dll kernel32.dll KernelBase.dll setupapi.dll mscorwks.dll advapi32.dll imm32.dll ntdll.dll propsys.dll msvcrt.dll msvcrt.dll sechost.dll twinapi.dll mscoree.dll rpcrt4.dll msvcr120_clr0400.dll oledb32.dll mscoree.dll ole32.dll gdi32.dll user32.dll lpk.dll usp10.dll oleaut32.dll imm32.dll msctf.dll cryptbase.dll mssvp.dll cryptsp.dll wevtapi.dll rsaenh.dll RpcRtRemote.dll clbcatq.dll sxs.dll mapi32.dll mscoreei.dll clr.dll shlwapi.dll mscorlib.ni.dll clrjit.dll version.dll mscorlib.dll mscorlib.dll System.ni.dll System.Core.ni.dll System.Web.ni.dll System.Web.Extensions.ni.dll System.Configuration.ni.dll System.Xml.ni.dll System.Numerics.ni.dll System.Security.ni.dll System.Web.dll System.Web.dll,normal
 sendmail.dll clbcatq.dll mydocs.dll wpdshext.dll audiodev.dll,normal
 KernelBase.dll apphelp.dll cryptbase.dll ntdll.dll kernel32.dll KernelBase.dll gdi32.dll user32.dll IPBusEnum.dll winnsi.dll lpk.dll usp10.dll msvcrt.dll wow64.dll imm32.dll rsaenh.dll msctf.dll kernel32.dll ole32.dll rpcrt4.dll oleaut32.dll cryptbase.dll sensapi.dll clbcatq.dll rasman.dll advapi32.dll sechost.dll ntdll.dll oleaut32.dll wintypes.dll sechost.dll wow64win.dll system.data.entity.design.dll ntdll.dll wow64.dll wow64win.dll rpcrt4.dll system.deployment.dll wow64cpu.dll kernel32.dll kernel32.dll kernel32.dll user32.dll presentationcore.dll kernel32.dll ole32.dll KernelBase.dll msvcrt.dll cryptbase.dll oleaut32.dll ole32.dll gdi32.dll user32.dll advapi32.dll sechost.dll lpk.dll rpcrt4.dll ntdll.dll sspicli.dll cryptui.dll cryptbase.dll adsldpc.dll lpk.dll usp10.dll version.dll imm32.dll msctf.dll sxs.dll clbcatq.dll vbscript.dll advapi32.dll wintrust.dll crypt32.dll msasn1.dll cryptsp.dll rsaenh.dll msisip.dll wshext.dll comctl32.dll shell32.dll shlwapi.dll scrobj.dll msi.dll scrrun.dll,normal
 ntdll.dll winhttp.dll mssvp.dll msvcrt.dll kernel32.dll ole32.dll kernelbase.dll user32.dll msvcrt.dll conhostv2.dll combase.dll ucrtbase.dll rpcrt4.dll sechost.dll bcryptprimitives.dll gdi32.dll gdi32full.dll wkscli.dll user32.dll win32u.dll imm32.dll oleaut32.dll msvcp_win.dll sechost.dll dhcpcsvc.dll shcore.dll propsys.dll shell32.dll cfgmgr32.dll windows.storage.dll powrprof.dll advapi32.dll shlwapi.dll combase.dll kernel.appcore.dll profapi.dll clbcatq.dll msctf.dll shell32.dll msvcrt.dll,normal
 ntdll.dll kernelbase.dll apphelp.dll winmm.dll system.data.dll shlwapi.dll user32.dll win32u.dll gdi32.dll winhttp.dll gdi32full.dll clr.dll shcore.dll dps.dll ucrtbase.dll bcryptprimitives.dll advapi32.dll sechost.dll imm32.dll kernel.appcore.dll bcryptprimitives.dll ieframe.dll shlwapi.dll ole32.dll oleaut32.dll msvcp_win.dll clbcatq.dll shell32.dll wow64.dll cfgmgr32.dll windows.storage.dll powrprof.dll profapi.dll netapi32.dll usp10.dll version.dll rsaenh.dll netutils.dll ntdll.dll dsreg.dll cryptsp.dll wkscli.dll cryptsp.dll bcrypt.dll msvcp110_win.dll kernel32.dll user32.dll msvcrt.dll comdlg32.dll uxtheme.dll System.Windows.Forms.dll msctf.dll version.dll dwmapi.dll wininet.dll sspicli.dll crypt32.dll tokenbinding.dll usp10.dll combase.dll ws2_32.dll ondemandconnroutehelper.dll winhttp.dll AltTab.dll wow64cpu.dll rpcrt4.dll imm32.dll oleaut32.dll bcrypt.dll mswsock.dll oleaut32.dll nsi.dll psapi.dll clbcatq.dll ieproxy.dll dhcpcsvc.dll iertutil.dll api-ms-win-eventing-consumer-l1-1-0.dll System.Security.ni.dll dnsapi.dll rsaenh.dll oleaut32.dll clbcatq.dll comctl32.dll sechost.dll rasadhlp.dll ieshims.dll urlmon.dll cryptbase.dll crypt32.dll sechost.dll kernelbase.dll msasn1.dll dpapi.dll ieapfltr.dll winnsi.dll rpcrt4.dll dhcpcsvc6.dll dhcpcsvc.dll rsaenh.dll slc.dll sppc.dll oleacc.dll coml2.dll ieui.dll dataexchange.dll dcomp.dll dxgi.dll twinapi.appcore.dll explorerframe.dll msimg32.dll windowscodecs.dll d3d11.dll onecorecommonproxystub.dll secur32.dll mlang.dll propsys.dll slc.dll sppc.dll wintrust.dll imagehlp.dll gpapi.dll cryptnet.dll,normal
 ntdll.dll kernel32.dll kernelbase.dll dbghelp.dll gdi32.dll ole32.dll user32.dll lpk.dll usp10.dll msvcrt.dll imm32.dll msctf.dll imm32.dll ole32.dll rpcrt4.dll sppuinotify.dll oleaut32.dll kernel32.dll kernel32.dll cryptbase.dll clbcatq.dll advapi32.dll sechost.dll,normal
 ntdll.dll ntdll.dll npmproxy.dll wow64.dll user32.dll wow64win.dll version.dll wow64cpu.dll kernel32.dll kernel32.dll imm32.dll kernel32.dll user32.dll kernel32.dll urlmon.dll KernelBase.dll msvcrt.dll System.Data.ni.dll winbrand.dll user32.dll ksuser.dll wldp.dll gdi32.dll shell32.dll lpk.dll usp10.dll kernel32.dll advapi32.dll sechost.dll rpcrt4.dll sspicli.dll cryptbase.dll imm32.dll msctf.dll apphelp.dll,normal
 profapi.dll System.AddIn.Contract.dll winsta.dll wups.dll api-ms-win-core-heap-l1-1-0.dll iertutil.dll configmanager2.dll dmoleaututils.dll enterpriseresourcemanager.dll dmenrollengine.dll dmcsps.dll dhcpcore.dll dmcfgutils.dll omadmapi.dll msxml3.dll dmxmlhelputils.dll iri.dll System.dll dmapisetextimpl.dll msauserext.dll wlidsvc.dll clipc.dll msxml6.dll cryptngc.dll msvcp_win.dll ucrtbase.dll,normal
 ntdll.dll sqmapi.dll kernel32.dll sqmapi.dll profapi.dll kernelbase.dll advapi32.dll msvcrt.dll oleaut32.dll winnsi.dll system.runtime.remoting.ni.dll sechost.dll rpcrt4.dll gdi32.dll userenv.dll user32.dll lpk.dll usp10.dll cryptsp.dll msswch.dll api-ms-win-core-kernel32-private-l1-1-1.dll imm32.dll winmm.dll dwmapi.dll gdiplus.dll ws2_32.dll ole32.dll oleacc.dll oleaut32.dll msvcr80.dll ieui.dll shlwapi.dll advpack.dll wmsgapi.dll duser.dll uxtheme.dll imm32.dll msctf.dll ntdll.dll ws2_32.dll kernel32.dll kernelbase.dll advapi32.dll msvcrt.dll sechost.dll rpcrt4.dll msvcr120_clr0400.dll user32.dll user32.dll pnpts.dll msctf.dll mscoree.dll ole32.dll gdi32.dll user32.dll lpk.dll usp10.dll KernelBase.dll dpx.dll nsi.dll ntdll.dll oleaut32.dll imm32.dll user32.dll msctf.dll propsys.dll cryptbase.dll KernelBase.dll dbghelp.dll cryptsp.dll rsaenh.dll rpcrtremote.dll clbcatq.dll sxs.dll mscoreei.dll windows.ui.dll mscorwks.dll msvcr80.dll cryptbase.dll shlwapi.dll shell32.dll profapi.dll mscorlib.ni.dll mscorjit.dll mscorlib.dll mscorlib.dll version.dll mscorlib.dll mscorlib.dll system.ni.dll system.directoryservices.ni.dll system.configuration.ni.dll shell32.dll system.xml.ni.dll ntdll.dll ntdll.dll wow64.dll wow64win.dll msctf.dll wow64cpu.dll version.dll kernel32.dll mscorlib.dll kernel32.dll wow64.dll kernel32.dll user32.dll kernel32.dll kernel32.dll kernelbase.dll gpapi.dll advapi32.dll msvcrt.dll sechost.dll System.Data.OracleClient.dll System.Xml.ni.dll cryptbase.dll rpcrt4.dll sspicli.dll cryptbase.dll msvcr120_clr0400.dll mscoree.dll system.runtime.serialization.dll ole32.dll winnsi.dll rpcrt4.dll gdi32.dll user32.dll wshqos.dll lpk.dll usp10.dll usp10.dll oleaut32.dll imm32.dll msctf.dll imm32.dll cryptsp.dll rsaenh.dll userenv.dll rpcrtremote.dll clbcatq.dll usp10.dll ntdll.dll winnsi.dll sxs.dll wow64.dll imm32.dll mscoreei.dll clr.dll shlwapi.dll mscorlib.ni.dll clrjit.dll combase.dll system.ni.dll api-ms-win-core-processthreads-l1-1-1.dll system.core.ni.dll system.servicemodel.ni.dll version.dll system.servicemodel.dll rpcrt4.dll api-ms-win-core-kernel32-legacy-l1-1-0.dll system.servicemodel.dll mscorlib.dll culture.dll mscorlib.dll gdi32.dll system.dll system.dll system.core.dll system.core.dll system.xaml.ni.dll system.xaml.dll system.xaml.dll sxs.dll system.servicemodel.internals.ni.dll system.servicemodel.internals.dll cryptsp.dll system.servicemodel.internals.dll system.runtime.serialization.ni.dll system.runtime.serialization.dll system.runtime.serialization.dll cryptbase.dll system.configuration.ni.dll system.configuration.dll system.configuration.dll linkinfo.dll system.directoryservices.protocols.ni.dll msadcer.dll system.xml.ni.dll system.xml.dll system.xml.dll smdiagnostics.ni.dll smdiagnostics.dll smdiagnostics.dll system.identitymodel.ni.dll system.identitymodel.dll system.identitymodel.dll propsys.dll system.directoryservices.ni.dll system.directoryservices.dll msvcp_win.dll system.directoryservices.dll system.transactions.ni.dll system.windows.forms.dll system.transactions.dll system.transactions.dll system.directoryservices.ni.dll system.transactions.dll microsoft.transactions.bridge.ni.dll system.web.services.ni.dll system.enterpriseservices.ni.dll system.web.services.dll system.web.services.dll system.identitymodel.selectors.ni.dll system.web.applicationservices.ni.dll system.web.applicationservices.dll system.web.applicationservices.dll system.messaging.ni.dll system.xml.linq.ni.dll system.xml.linq.dll system.xml.linq.dll system.runtime.durableinstancing.ni.dll system.runtime.durableinstancing.dll system.runtime.durableinstancing.dll system.serviceprocess.ni.dll system.net.http.ni.dll system.net.http.dll system.net.http.dll system.servicemodel.activation.ni.dll system.servicemodel.activation.dll system.servicemodel.activation.dll system.security.ni.dll system.security.dll system.security.dll RpcRtRemote.dll system.numerics.ni.dll system.numerics.dll system.numerics.dll,normal
 ntdll.dll ntdll.dll wow64.dll wow64win.dll rpcrtremote.dll wow64cpu.dll kernel32.dll wow64win.dll kernel32.dll kernel32.dll imecfm.dll user32.dll kernel32.dll kernelbase.dll msvcrt.dll imm32.dll ole32.dll gdi32.dll user32.dll advapi32.dll sechost.dll rpcrt4.dll imm32.dll sspicli.dll mcx2dvcs.dll cryptbase.dll KernelBase.dll imm32.dll lpk.dll usp10.dll imm32.dll msctf.dll clbcatq.dll clbcatq.dll smiengine.dll microsoft.visualstudio.tools.office.contract.v9.0.ni.dll oleaut32.dll imm32.dll cryptsp.dll rsaenh.dll rpcrtremote.dll uxtheme.dll shell32.dll shlwapi.dll actxprxy.dll oleacc.dll comctl32.dll,normal
 setupapi.dll cfgmgr32.dll oleaut32.dll cryptnet.dll devobj.dll system.windows.forms.ni.dll setupapi.dll system.core.dll sxs.dll cfgmgr32.dll oleaut32.dll devobj.dll setupapi.dll cfgmgr32.dll twinapi.dll wrpint.dll oleaut32.dll devobj.dll vm3dum64_10.dll winmm.dll vm3dum64_10.dll vm3dum64_10.dll dbghelp.dll vm3dum64.dll vm3dum64.dll System.Data.dll dbghelp.dll dbghelp.dll bcryptprimitives.dll api-ms-win-downlevel-shlwapi-l1-1-0.dll vm3dum64.dll dbghelp.dll setupapi.dll cfgmgr32.dll oleaut32.dll user32.dll devobj.dll d3d10level9.dll cryptbase.dll d3d10level9.dll usp10.dll d3d10level9.dll api-ms-win-crt-runtime-l1-1-0.dll vm3dum64_10.dll user32.dll winmm.dll wdscore.dll dbghelp.dll comctl32.dll msvcrt.dll vm3dum64_10.dll vm3dum64_10.dll vm3dum64.dll dbghelp.dll d3d10level9.dll vm3dum64.dll dbghelp.dll d3d10level9.dll vm3dum64.dll dbghelp.dll d3d10level9.dll,normal
 msftedit.dll sdiageng.dll winmm.dll winmmbase.dll,normal
 ntdll.dll kernel32.dll system.transactions.dll lpk.dll dpx.dll kernelbase.dll advapi32.dll msvcrt.dll sechost.dll rpcrt4.dll ole32.dll gdi32.dll user32.dll lpk.dll msvcr80.dll api-ms-win-crt-stdio-l1-1-0.dll usp10.dll winsta.dll rsaenh.dll imm32.dll imm32.dll msctf.dll clrjit.dll wdscore.dll oleaut32.dll shell32.dll shlwapi.dll sspicli.dll dbghelp.dll cryptbase.dll cbscore.dll version.dll crypt32.dll msasn1.dll wtsapi32.dll usp10.dll wintrust.dll userenv.dll profapi.dll ktmw32.dll cryptsp.dll dpx.dll dpx.dll dpx.dll PresentationFramework.ni.dll advapi32.dll wcp.dll drupdate.dll setupapi.dll oleacc.dll cfgmgr32.dll ole32.dll devobj.dll mpr.dll srclient.dll kernel32.dll spp.dll vssapi.dll atl.dll vsstrace.dll wrpint.dll sxsstore.dll sqmapi.dll winhttp.dll webio.dll msswch.dll winhttp.dll ncrypt.dll webio.dll sensapi.dll wow64cpu.dll cryptsp.dll rsaenh.dll rpcrtremote.dll clbcatq.dll wldap32.dll cbsapi.dll smipi.dll smiengine.dll,normal
 winbrand.dll kernel32.dll ntdll.dll system.configuration.ni.dll kernel32.dll kernelbase.dll devicecenter.dll user32.dll gdi32.dll lpk.dll user32.dll usp10.dll msvcrt.dll advapi32.dll lpk.dll sechost.dll clbcatq.dll rpcrt4.dll shell32.dll system.numerics.dll shlwapi.dll rpcrt4.dll ole32.dll ucrtbase.dll oleaut32.dll imm32.dll msctf.dll kernel32.dll api-ms-win-core-synch-l1-2-0.dll comres.dll clbcatq.dll KernelBase.dll api-ms-win-crt-string-l1-1-0.dll secur32.dll netapi32.dll api-ms-win-security-lsapolicy-l1-1-0.dll kernel32.dll kernelbase.dll netutils.dll srvcli.dll wkscli.dll setupapi.dll cfgmgr32.dll wow64cpu.dll msvcrt.dll devobj.dll version.dll msasn1.dll api-ms-win-service-winsvc-l1-1-0.dll crypt32.dll wintrust.dll riched20.dll cryptui.dll shdocvw.dll actxprxy.dll ws2help.dll ws2_32.dll nsi.dll SensApi.dll sfc_os.dll sechost.dll ntdll.dll psapi.dll tquery.dll cryptbase.dll flashutil64_32_0_0_207_activex.dll comdlg32.dll comctl32.dll dinput8.dll ieframe.dll ntmarta.dll wldap32.dll oleacc.dll iertutil.dll ntdll.dll kernel32.dll kernelbase.dll ntdll.dll gdi32.dll lpk.dll usp10.dll msvcrt.dll imm32.dll msctf.dll ole32.dll rpcrt4.dll oleaut32.dll user32.dll,normal
 msctf.dll ntdll.dll ntdll.dll wow64.dll wow64win.dll clrjit.dll tquery.dll wow64cpu.dll ntdll.dll version.dll kernel32.dll rsaenh.dll wininet.dll CbsApi.dll kernel32.dll kernel32.dll mscms.dll user32.dll kernel32.dll system.web.dll kernelbase.dll advapi32.dll msvcrt.dll sechost.dll rpcrt4.dll dcntel.dll sspicli.dll cryptbase.dll system.windows.forms.dll dnsapi.dll user32.dll ws2_32.dll api-ms-win-core-processthreads-l1-1-0.dll nsi.dll winnsi.dll cfgmgr32.dll dhcpcsvc.dll dhcpcsvc6.dll shell32.dll shlwapi.dll certCredProvider.dll gdi32.dll user32.dll lpk.dll usp10.dll ole32.dll imm32.dll msctf.dll clbcatq.dll urlmon.dll oleaut32.dll msjtes40.dll cryptsp.dll rsaenh.dll rpcrtremote.dll wevtapi.dll ntdll.dll rpcrt4.dll kernel32.dll msswch.dll kernelbase.dll gdi32.dll user32.dll lpk.dll usp10.dll msvcrt.dll msvcrt.dll shell32.dll clbcatq.dll imm32.dll msctf.dll ole32.dll rpcrt4.dll kernel32.dll rpcrt4.dll kernel32.dll kernel32.dll oleaut32.dll powrprof.dll cryptbase.dll clbcatq.dll advapi32.dll sechost.dll gdi32.dll ntdll.dll kernel32.dll usp10.dll winbrand.dll kernelbase.dll gdi32.dll user32.dll lpk.dll ntdll.dll clbcatq.dll usp10.dll msvcrt.dll imm32.dll msctf.dll ole32.dll rpcrt4.dll oleaut32.dll clbcatq.dll cryptbase.dll mscorlib.dll clbcatq.dll advapi32.dll sechost.dll cryptsp.dll ntdll.dll ntdll.dll wow64.dll wow64win.dll wow64cpu.dll kernel32.dll kernel32.dll kernel32.dll user32.dll kernel32.dll shell32.dll kernelbase.dll msvcrt.dll winbrand.dll user32.dll gdi32.dll lpk.dll usp10.dll advapi32.dll sechost.dll rpcrt4.dll ntdll.dll sspicli.dll cryptbase.dll imm32.dll msctf.dll apphelp.dll,normal
 oleaut32.dll ntdll.dll ntdll.dll kernel32.dll kernelbase.dll dpx.dll advapi32.dll msvcrt.dll windows.storage.dll sechost.dll rpcrt4.dll System.Web.dll usp10.dll msvcr120_clr0400.dll System.Data.OracleClient.dll mscoree.dll atl.dll ole32.dll kernel32.dll gdi32.dll user32.dll lpk.dll kernel.appcore.dll usp10.dll oleaut32.dll imm32.dll sppc.dll msctf.dll cryptbase.dll rpcrt4.dll cryptsp.dll rsaenh.dll rpcrtremote.dll dnsapi.dll clbcatq.dll sxs.dll mscoreei.dll clr.dll shlwapi.dll mscorlib.ni.dll clrjit.dll sechost.dll system.configuration.ni.dll version.dll mscorlib.dll mscorlib.dll system.ni.dll system.serviceprocess.ni.dll system.management.ni.dll system.drawing.ni.dll system.windows.forms.ni.dll system.configuration.install.ni.dll system.core.ni.dll msoshext.dll microsoft.management.infrastructure.ni.dll microsoft.management.infrastructure.native.ni.dll microsoft.management.infrastructure.native.dll msasn1.dll ntdll.dll microsoft.management.infrastructure.native.dll system.directoryservices.ni.dll microsoft.csharp.ni.dll cryptbase.dll system.web.services.ni.dll system.xml.ni.dll kernel32.dll system.transactions.ni.dll system.transactions.dll system.transactions.dll system.transactions.dll system.transactions.dll wow64.dll system.transactions.dll system.transactions.dll shell32.dll system.transactions.dll bcryptprimitives.dll bcrypt.dll mscorwks.dll bcryptprimitives.dll clbcatq.dll rpcrt4.dll microsoft.powershell.commands.management.ni.dll mscorlib.ni.dll gpapi.dll ntdll.dll kernel32.dll system.windows.forms.dll kernelbase.dll gdi32.dll user32.dll lpk.dll usp10.dll msvcrt.dll imm32.dll msctf.dll ole32.dll rpcrt4.dll oleaut32.dll cryptbase.dll clbcatq.dll advapi32.dll sechost.dll,normal
 ntdll.dll kernel32.dll oleaut32.dll msvcrt.dll shlwapi.dll fastprox.dll wbemcomn.dll combase.dll gdi32.dll ws2_32.dll sechost.dll rpcrt4.dll comctl32.dll nsi.dll advapi32.dll user32.dll cryptsp.dll secur32.dll winsta.dll System.dll kernelbase.dll gdi32.dll kernel.appcore.dll cryptbase.dll bcryptprimitives.dll advapi32.dll ncobjapi.dll wow64win.dll ReachFramework.dll clbcatq.dll wbemprox.dll sxs.dll oleaut32.dll cryptsp.dll rsaenh.dll imm32.dll bcrypt.dll msvcp_win.dll wbemsvc.dll wmiutils.dll powrprof.dll wecsvc.dll sspicli.dll winnsi.dll dhcpcsvc6.dll dhcpcsvc.dll cimwin32.dll framedynos.dll dnsapi.dll actxprxy.dll winbrand.dll secur32.dll api-ms-win-base-util-l1-1-0.dll security.dll schannel.dll profapi.dll crypt32.dll msasn1.dll netapi32.dll netutils.dll srvcli.dll wkscli.dll samcli.dll sppuinotify.dll logoncli.dll browcli.dll duser.dll schedcli.dll dsrole.dll cscapi.dll,normal
 normaliz.dll srvcli.dll ntdll.dll ntdll.dll wow64.dll wow64win.dll wow64cpu.dll kernel32.dll kernel32.dll kernel32.dll user32.dll crypt32.dll kernel32.dll system.runtime.serialization.formatters.soap.ni.dll kernelbase.dll msvcrt.dll advapi32.dll winbrand.dll user32.dll gdi32.dll lpk.dll KernelBase.dll usp10.dll RpcRtRemote.dll gdi32.dll advapi32.dll system.web.services.dll ntdll.dll sechost.dll rpcrt4.dll sspicli.dll cryptbase.dll imm32.dll msctf.dll apphelp.dll,normal
 ntdll.dll ntdll.dll wow64.dll wow64win.dll wow64cpu.dll kernel32.dll kernel32.dll kernel32.dll crypt32.dll user32.dll kernel32.dll rsaenh.dll KernelBase.dll msvcr120_clr0400.dll ole32.dll mscorlib.dll msvcrt.dll winbrand.dll kernel32.dll ws2_32.dll user32.dll gdi32.dll kernelbase.dll lpk.dll sechost.dll usp10.dll advapi32.dll msvcrt.dll sechost.dll rpcrt4.dll sspicli.dll cryptbase.dll imm32.dll msctf.dll apphelp.dll,normal
 mmcss.dll avrt.dll,normal
 ntdll.dll kernel32.dll microsoft.office.tools.v4.0.framework.dll msvcrt.dll kernelbase.dll system.numerics.dll msvcrt.dll winbrand.dll user32.dll gdi32.dll lpk.dll CbsCore.dll usp10.dll imm32.dll msctf.dll advapi32.dll sechost.dll winnsi.dll rsaenh.dll rpcrt4.dll apphelp.dll,normal
 ntdll.dll ntdll.dll wow64.dll wow64win.dll wow64cpu.dll kernel32.dll shell32.dll kernel32.dll kernel32.dll iertutil.dll kernel32.dll user32.dll sechost.dll kernel32.dll kernelbase.dll advapi32.dll mpssvc.dll msvcrt.dll clbcatq.dll sechost.dll wmsgapi.dll rpcrt4.dll sspicli.dll d3dcompiler_47.dll cryptbase.dll gdi32.dll dnsapi.dll system.runtime.remoting.ni.dll clbcatq.dll ws2_32.dll nsi.dll winnsi.dll dhcpcsvc.dll dhcpcsvc6.dll wevtapi.dll shell32.dll gdi32.dll user32.dll lpk.dll usp10.dll kernel32.dll ole32.dll api-ms-win-core-processthreads-l1-1-2.dll clbcatq.dll imm32.dll msctf.dll clbcatq.dll sxs.dll oleaut32.dll shlwapi.dll cryptsp.dll rsaenh.dll kernel32.dll ntshrui.dll rpcrtremote.dll PresentationCore.dll wevtapi.dll ntdll.dll profapi.dll msctf.dll profapi.dll gdi32.dll kernel32.dll radardt.dll kernelbase.dll msvcrt.dll rpcrt4.dll oleaut32.dll cryptbase.dll resampledmo.dll user32.dll tquery.dll shlwapi.dll msshooks.dll comctl32.dll msidle.dll advapi32.dll sechost.dll cryptsp.dll ntdll.dll rsaenh.dll wow64cpu.dll rpcrtremote.dll system.windows.forms.dll mssprxy.dll gdi32.dll lpk.dll ole32.dll usp10.dll ole32.dll nsi.dll oleaut32.dll gdi32.dll imm32.dll msctf.dll cryptbase.dll clbcatq.dll mapi32.dll mssph.dll ntmarta.dll oleaut32.dll wldap32.dll imageres.dll authz.dll shell32.dll kernel32.dll comctl32.dll propsys.dll rpcrtremote.dll imm32.dll shell32.dll shlwapi.dll apphelp.dll setupapi.dll cfgmgr32.dll devobj.dll wow64win.dll System.Core.ni.dll profapi.dll ntdll.dll ntdll.dll kernel32.dll kernelbase.dll advapi32.dll msvcrt.dll sechost.dll microsoft.visualc.ni.dll rpcrt4.dll user32.dll cfgmgr32.dll gdi32.dll msvcrt.dll taskschd.dll lpk.dll usp10.dll advapi32.dll ole32.dll oleaut32.dll acppage.dll tquery.dll shlwapi.dll propsys.dll imm32.dll msctf.dll msshooks.dll user32.dll mscoree.dll msctf.dll mscoreei.dll cryptbase.dll clbcatq.dll cryptsp.dll rsaenh.dll rpcrtremote.dll mssprxy.dll ntdll.dll mscorlib.ni.dll kernel32.dll version.dll cfgmgr32.dll kernelbase.dll advapi32.dll mssprxy.dll msvcrt.dll sechost.dll rpcrt4.dll usp10.dll msvcr120_clr0400.dll mscoree.dll ole32.dll ole32.dll clbcatq.dll gdi32.dll user32.dll lpk.dll usp10.dll oleaut32.dll ntdll.dll imm32.dll usp10.dll msctf.dll cryptbase.dll cryptsp.dll rsaenh.dll cryptsp.dll rpcrtremote.dll clbcatq.dll sxs.dll mscoreei.dll mscorwks.dll msvcr80.dll shlwapi.dll shell32.dll wow64.dll user32.dll profapi.dll mscorlib.ni.dll mscorjit.dll RpcRtRemote.dll mscorlib.dll mscorlib.dll version.dll usp10.dll clbcatq.dll msvcrt.dll sechost.dll mscorlib.dll mscorlib.dll mscorlib.dll system.ni.dll mcstoredb.ni.dll mcstoredb.dll mcstoredb.dll mcstoredb.dll rasapi32.dll rasman.dll webio.dll ws2_32.dll nsi.dll microsoft.visualc.ni.dll oleaut32.dll system.runtime.remoting.ni.dll system.xml.ni.dll msctf.dll system.drawing.ni.dll system.security.ni.dll ws2_32.dll system.data.ni.dll system.data.dll system.data.dll system.data.dll system.data.dll system.data.dll crypt32.dll msasn1.dll system.web.ni.dll system.web.dll system.web.dll system.web.dll oleaut32.dll gdi32.dll user32.dll system.web.dll bdatunepia.ni.dll bdatunepia.dll bdatunepia.dll bdatunepia.dll system.web.services.ni.dll mcstore.ni.dll system.runtime.serialization.formatters.soap.ni.dll system.directoryservices.ni.dll system.configuration.ni.dll system.data.sqlxml.ni.dll system.directoryservices.protocols.ni.dll system.enterpriseservices.ni.dll system.enterpriseservices.dll system.enterpriseservices.dll system.design.ni.dll rpcrt4.dll system.serviceprocess.ni.dll system.windows.forms.ni.dll system.web.regularexpressions.ni.dll system.transactions.ni.dll system.transactions.dll system.transactions.dll system.transactions.dll system.transactions.dll system.transactions.dll system.drawing.design.ni.dll lpk.dll system.data.oracleclient.ni.dll system.data.oracleclient.dll system.data.oracleclient.dll system.data.oracleclient.dll system.data.oracleclient.dll system.data.oracleclient.dll accessibility.ni.dll system.deployment.ni.dll system.configuration.install.ni.dll microsoft.mediacenter.ui.ni.dll ehiproxy.ni.dll ehiuserxp.ni.dll,normal
 ntdll.dll ntdll.dll kernel32.dll kernelbase.dll ws2_32.dll ws2_32.dll msvcrt.dll msvcrt.dll wmiutils.dll rpcrt4.dll vbajet32.dll wshbth.dll wintrust.dll rpcrt4.dll nsi.dll nsi.dll vcruntime140.dll vcruntime140.dll vm3dum64.dll api-ms-win-crt-runtime-l1-1-0.dll ucrtbase.dll dui70.dll networkexplorer.dll rpcrt4.dll ucrtbase.dll api-ms-win-core-timezone-l1-1-0.dll api-ms-win-core-file-l2-1-0.dll api-ms-win-core-localization-l1-2-0.dll api-ms-win-core-synch-l1-2-0.dll System.ServiceModel.Internals.dll FDResPub.dll api-ms-win-core-processthreads-l1-1-1.dll lpk.dll api-ms-win-core-file-l1-2-0.dll api-ms-win-crt-heap-l1-1-0.dll api-ms-win-crt-string-l1-1-0.dll api-ms-win-crt-stdio-l1-1-0.dll api-ms-win-crt-convert-l1-1-0.dll api-ms-win-crt-math-l1-1-0.dll gdi32.dll api-ms-win-crt-locale-l1-1-0.dll mswsock.dll shell32.dll mswsock.dll user32.dll system.numerics.ni.dll gdi32.dll lpk.dll usp10.dll imm32.dll msctf.dll logoncli.dll wshtcpip.dll,HTran
 ntdll.dll ntdll.dll sxs.dll crypt32.dll wow64.dll microsoft.visualstudio.tools.office.hostadapter.v10.0.dll mscoreei.dll wow64win.dll winnsi.dll wow64cpu.dll kernel32.dll system.windows.forms.dll kernel32.dll kernel32.dll user32.dll kernel32.dll kernelbase.dll msvcrt.dll winbrand.dll user32.dll kernel32.dll gdi32.dll Microsoft.VisualStudio.Tools.Applications.AddInAdapter.v9.0.ni.dll lpk.dll imm32.dll usp10.dll advapi32.dll sechost.dll rpcrt4.dll lpk.dll sspicli.dll cryptbase.dll imm32.dll msctf.dll apphelp.dll,normal
 dot3api.dll atl.dll eappcfg.dll samsrv.dll,normal
 ntdll.dll kernel32.dll clbcatq.dll kernel32.dll kernelbase.dll ws2_32.dll msvcrt.dll vcruntime140.dll msvcrt.dll api-ms-win-crt-runtime-l1-1-0.dll api-ms-win-crt-stdio-l1-1-0.dll api-ms-win-crt-string-l1-1-0.dll api-ms-win-crt-convert-l1-1-0.dll api-ms-win-crt-math-l1-1-0.dll gdiplus.dll shlwapi.dll api-ms-win-crt-locale-l1-1-0.dll api-ms-win-crt-heap-l1-1-0.dll winmm.dll rpcrt4.dll nsi.dll ucrtbase.dll rpcrt4.dll mswsock.dll Microsoft.Windows.Diagnosis.Commands.UpdateDiagReport.ni.dll napinsp.dll msvcrt.dll sechost.dll nlaapi.dll dnsapi.dll winrnr.dll rasadhlp.dll,HTran
 sechost.dll ntdll.dll bcrypt.dll ntdll.dll wow64.dll wow64win.dll wow64cpu.dll kernel32.dll kernel32.dll kernel32.dll msxml6.dll user32.dll user32.dll clbcatq.dll wow64win.dll kernel32.dll KernelBase.dll spoolss.dll advapi32.dll msvcrt.dll sechost.dll sspicli.dll rpcrt4.dll sspicli.dll cryptbase.dll clbcatq.dll System.Web.RegularExpressions.ni.dll msvcr120_clr0400.dll mscoree.dll msftedit.dll ole32.dll ole32.dll system.runtime.remoting.dll msvcrt.dll gdi32.dll sechost.dll shell32.dll user32.dll lpk.dll bcp47langs.dll usp10.dll oleaut32.dll ws2_32.dll msctf.dll system.web.regularexpressions.dll shell32.dll sechost.dll imm32.dll msctf.dll cryptsp.dll sxs.dll rsaenh.dll kernel32.dll RpcRtRemote.dll clbcatq.dll sxs.dll mscoreei.dll mscorwks.dll msvcr80.dll shlwapi.dll ktmw32.dll shell32.dll imm32.dll profapi.dll System.ServiceModel.Internals.dll mscorlib.ni.dll mscorjit.dll mscorlib.dll mscorlib.dll version.dll mscorlib.dll mscorlib.dll PresentationFramework.Classic.ni.dll System.ni.dll WindowsBase.ni.dll shlwapi.dll PresentationCore.ni.dll PresentationFramework.ni.dll PresentationFramework.dll PresentationFramework.dll PresentationFramework.Classic.dll PresentationFramework.Classic.dll PresentationFramework.Classic.dll mpr.dll System.dll PresentationFramework.Classic.dll PresentationFramework.dll kernel.appcore.dll PresentationFramework.dll iertutil.dll WindowsBase.dll WindowsBase.dll WindowsBase.dll WindowsBase.dll System.dll oleaut32.dll System.dll System.dll kernel32.dll user32.dll System.dll system.web.dll ntdll.dll PresentationCore.dll PresentationCore.dll PresentationCore.dll netcfgx.dll PresentationCore.dll ntdll.dll kernel.appcore.dll kernelbase.dll rpcrtremote.dll kernel32.dll KernelBase.dll advapi32.dll msvcrt.dll sechost.dll clrjit.dll rpcrt4.dll user32.dll gdi32.dll wshqos.dll lpk.dll usp10.dll dhcpcsvc.dll ole32.dll oleaut32.dll wow64.dll shlwapi.dll imm32.dll mscorlib.dll msctf.dll rpcrtremote.dll wer.dll comctl32.dll Faultrep.dll uxtheme.dll psapi.dll version.dll SensApi.dll cryptbase.dll duser.dll dwmapi.dll msswch.dll api-ms-win-core-shlwapi-legacy-l1-1-0.dll winmm.dll xmllite.dll dbgeng.dll dbghelp.dll ws2_32.dll nsi.dll system.windows.forms.dll sspicli.dll cryptsp.dll werui.dll cfgmgr32.dll cryptsp.dll winhttp.dll webio.dll credssp.dll mswsock.dll wship6.dll winnsi.dll shlwapi.dll dhcpcsvc6.dll dhcpcsvc.dll dnsapi.dll rasadhlp.dll crypt32.dll msasn1.dll schannel.dll secur32.dll ncrypt.dll bcrypt.dll bcryptprimitives.dll userenv.dll profapi.dll gpapi.dll mscorlib.dll cryptsp.dll rsaenh.dll shell32.dll,normal
 ntdll.dll kernel32.dll kernelbase.dll system.xaml.dll advapi32.dll msvcrt.dll sechost.dll rpcrt4.dll kernel32.dll sqmapi.dll sechost.dll cryptsp.dll user32.dll win32u.dll sechost.dll gdi32.dll gdi32full.dll msvcp_win.dll ucrtbase.dll shcore.dll ole32.dll combase.dll shell32.dll winnsi.dll bcryptprimitives.dll oleaut32.dll System.Windows.Forms.ni.dll shell32.dll cfgmgr32.dll sensapi.dll shcore.dll windows.storage.dll shlwapi.dll kernel.appcore.dll powrprof.dll profapi.dll playsndsrv.dll oleacc.dll uxtheme.dll lpk.dll dui70.dll imm32.dll,normal
 ntdll.dll winnsi.dll kernel32.dll kernelbase.dll advapi32.dll kernel32.dll msvcrt.dll msvcrt.dll sechost.dll rpcrt4.dll gdi32.dll user32.dll lpk.dll usp10.dll ole32.dll msimg32.dll wmsgapi.dll wtsapi32.dll winmm.dll lpk.dll userenv.dll KernelBase.dll profapi.dll winsta.dll crypt32.dll msasn1.dll msctfmonitor.dll ws2_32.dll msctf.dll imm32.dll KernelBase.dll ntdll.dll msutb.dll comctl32.dll shlwapi.dll shell32.dll mscorlib.dll secur32.dll kernelbase.dll oleaut32.dll sspicli.dll shell32.dll cryptbase.dll mscorjit.dll wininet.dll kernelbase.dll uxtheme.dll sspicli.dll cryptdll.dll wintrust.dll cryptsp.dll rsaenh.dll imagehlp.dll bcrypt.dll system.web.regularexpressions.dll bcryptprimitives.dll wow64.dll ncrypt.dll cryptbase.dll gpapi.dll kernelbase.dll cryptnet.dll wldap32.dll sensapi.dll version.dll clbcatq.dll wups2.dll oleaut32.dll urlmon.dll api-ms-win-downlevel-ole32-l1-1-0.dll api-ms-win-downlevel-shlwapi-l1-1-0.dll api-ms-win-downlevel-advapi32-l1-1-0.dll api-ms-win-downlevel-user32-l1-1-0.dll api-ms-win-downlevel-version-l1-1-0.dll api-ms-win-downlevel-normaliz-l1-1-0.dll normaliz.dll iertutil.dll wininet.dll,normal
 ntdll.dll,normal
 ntdll.dll ntdll.dll mssprxy.dll wow64.dll wow64win.dll wow64cpu.dll kernel32.dll kernel32.dll kernel32.dll user32.dll kernel32.dll kernelbase.dll cryptbase.dll user32.dll gdi32.dll imm32.dll user32.dll lpk.dll cfgmgr32.dll sspicli.dll usp10.dll msvcrt.dll api-ms-win-service-private-l1-1-1.dll imm32.dll advapi32.dll kernelbase.dll mscorlib.ni.dll sechost.dll sxs.dll kernelbase.dll rpcrt4.dll dhcpcsvc.dll sspicli.dll comctl32.dll cryptbase.dll shlwapi.dll imm32.dll msctf.dll shell32.dll ntmarta.dll wldap32.dll ole32.dll uxtheme.dll comctl32.dll System.EnterpriseServices.ni.dll System.Design.ni.dll shell32.dll apphelp.dll psapi.dll msvcrt.dll profapi.dll rpcrt4.dll cryptsp.dll rsaenh.dll clbcatq.dll oleaut32.dll gdi32.dll explorerframe.dll msvcp90.dll duser.dll dui70.dll dwmapi.dll propsys.dll wininet.dll urlmon.dll crypt32.dll radardt.dll msasn1.dll cabinet.dll ntdsapi.dll iertutil.dll nsi.dll ws2_32.dll nsi.dll dnsapi.dll winnsi.dll mswsock.dll userenv.dll wintrust.dll schannel.dll rasapi32.dll rasman.dll rtutils.dll sensapi.dll profapi.dll lpk.dll nlaapi.dll advapi32.dll rasadhlp.dll advapi32.dll napinsp.dll pnrpnsp.dll slc.dll winrnr.dll wshbth.dll wship6.dll credssp.dll schannel.dll secur32.dll sechost.dll dhcpcsvc.dll ncrypt.dll bcrypt.dll bcryptprimitives.dll rpcrt4.dll gpapi.dll RpcRtRemote.dll cryptnet.dll ntdll.dll mscorlib.ni.dll kernel32.dll kernelbase.dll advapi32.dll msvcrt.dll kernel32.dll sechost.dll rpcrt4.dll dnsapi.dll ws2_32.dll nsi.dll winsta.dll Accessibility.ni.dll winnsi.dll dhcpcsvc.dll dhcpcsvc6.dll shell32.dll shlwapi.dll gdi32.dll user32.dll api-ms-win-core-timezone-l1-1-0.dll lpk.dll usp10.dll ole32.dll imm32.dll msctf.dll,normal
 ole32.dll ntdll.dll ntdll.dll riched20.dll policymanager.dll wow64.dll wow64win.dll wow64cpu.dll kernel32.dll kernel32.dll kernel32.dll user32.dll kernel32.dll kernelbase.dll advapi32.dll msvcrt.dll sechost.dll rpcrt4.dll sspicli.dll cryptbase.dll msvcr120_clr0400.dll mscoree.dll ole32.dll kernel32.dll gdi32.dll Wldap32.dll user32.dll lpk.dll usp10.dll oleaut32.dll imm32.dll msctf.dll cryptsp.dll rsaenh.dll rpcrtremote.dll clbcatq.dll sxs.dll wow64.dll mscoreei.dll mscorwks.dll msvcr80.dll cryptdll.dll shlwapi.dll system.drawing.ni.dll shell32.dll gdi32.dll profapi.dll msctf.dll mscorlib.ni.dll sensapi.dll mscorjit.dll mscorlib.dll mscorlib.dll sspicli.dll version.dll mscorlib.dll user32.dll mscorlib.dll presentationframework.classic.ni.dll sensapi.dll system.ni.dll windowsbase.ni.dll ntdll.dll presentationcore.ni.dll wbemprox.dll wininet.dll presentationframework.ni.dll presentationframework.dll devobj.dll presentationframework.dll gdi32.dll presentationframework.classic.dll kernel32.dll presentationframework.classic.dll presentationframework.classic.dll presentationframework.classic.dll shlwapi.dll presentationframework.dll presentationframework.dll windowsbase.dll windowsbase.dll windowsbase.dll shsvcs.dll windowsbase.dll system.dll system.dll api-ms-win-downlevel-version-l1-1-0.dll system.dll system.dll presentationcore.dll presentationcore.dll system.data.dll dwmapi.dll presentationcore.dll system.xml.ni.dll presentationcore.dll ntdll.dll clbcatq.dll slc.dll kernel32.dll kernelbase.dll gdi32.dll clbcatq.dll ntdll.dll advapi32.dll msvcrt.dll sechost.dll rpcrt4.dll dnsapi.dll user32.dll gdi32.dll lpk.dll usp10.dll shell32.dll ole32.dll msctf.dll oleaut32.dll oleaut32.dll shlwapi.dll imm32.dll msctf.dll globinputhost.dll wer.dll microsoft.office.tools.v4.0.framework.dll bcrypt.dll comctl32.dll shell32.dll faultrep.dll uxtheme.dll wintrust.dll oleaut32.dll psapi.dll version.dll sensapi.dll iertutil.dll cfgmgr32.dll cryptbase.dll user32.dll duser.dll dwmapi.dll msswch.dll rsaenh.dll usp10.dll bcryptprimitives.dll winmm.dll xmllite.dll dbgeng.dll dbghelp.dll ws2_32.dll nsi.dll sspicli.dll cryptsp.dll kernel32.dll nsi.dll oleaut32.dll werui.dll System.Management.ni.dll cfgmgr32.dll winhttp.dll webio.dll credssp.dll mswsock.dll wship6.dll winnsi.dll dhcpcsvc6.dll system.web.ni.dll dhcpcsvc.dll dnsapi.dll rasadhlp.dll crypt32.dll msasn1.dll schannel.dll secur32.dll ncrypt.dll bcrypt.dll bcryptprimitives.dll userenv.dll profapi.dll gpapi.dll cryptsp.dll rsaenh.dll shell32.dll,normal
 system.web.ni.dll wevtapi.dll ntdll.dll ntdll.dll wow64cpu.dll kernel32.dll ieui.dll comdlg32.dll kernelbase.dll advapi32.dll msvcrt.dll sechost.dll rpcrt4.dll atl.dll msvcr120_clr0400.dll mscoree.dll ole32.dll ole32.dll gdi32.dll user32.dll lpk.dll usp10.dll startupscan.dll System.DirectoryServices.Protocols.dll oleaut32.dll imm32.dll msctf.dll cryptbase.dll cryptsp.dll rsaenh.dll shell32.dll rpcrtremote.dll clbcatq.dll sxs.dll mscoreei.dll sspicli.dll wucltux.dll clbcatq.dll mscorlib.dll mscorwks.dll msvcr80.dll shlwapi.dll shell32.dll profapi.dll mscorlib.ni.dll mscorjit.dll msutb.dll mscorlib.dll mscorlib.dll version.dll sensapi.dll mscorlib.dll advapi32.dll msctf.dll mscorlib.dll system.ni.dll dhcpcsvc6.dll kernel32.dll mcplayerinterop.ni.dll kernel32.dll mcplayerinterop.dll winnsi.dll kernelbase.dll mcplayerinterop.dll mcplayerinterop.dll dwmapi.dll microsoft.visualc.ni.dll microsoft.visualc.ni.dll microsoft.mediacenter.sports.ni.dll microsoft.mediacenter.ni.dll microsoft.mediacenter.ui.ni.dll microsoft.mediacenter.shell.ni.dll ehshell.ni.dll d3d9.dll system.runtime.remoting.ni.dll system.xml.ni.dll windows.ui.dll ntdll.dll system.drawing.ni.dll system.security.ni.dll KernelBase.dll cryptsp.dll d3d8thk.dll system.data.ni.dll system.data.dll shlwapi.dll shlwapi.dll gdi32.dll system.data.dll system.data.dll system.data.dll KernelBase.dll shell32.dll system.data.dll kernel32.dll KernelBase.dll ws2_32.dll mpr.dll nsi.dll crypt32.dll RpcRtRemote.dll rsaenh.dll System.AddIn.dll msasn1.dll system.web.ni.dll system.web.dll system.web.dll kernel32.dll sechost.dll system.web.dll system.web.dll version.dll ole32.dll system.web.services.ni.dll ehiproxy.ni.dll ehiupnp.ni.dll ntdll.dll System.DirectoryServices.Protocols.ni.dll microsoft.mediacenter.itvvm.ni.dll mcepg.ni.dll microsoft.mediacenter.playback.ni.dll ehiwmp.ni.dll mcstore.ni.dll System.Drawing.dll uiautomationtypes.dll ehiitv.ni.dll accessibility.dll mcx2dvcs.ni.dll mcx2dvcs.dll system.transactions.dll mcx2dvcs.dll mcx2dvcs.dll netapi32.dll netutils.dll srvcli.dll wkscli.dll samcli.dll System.Xml.dll wtsapi32.dll winnsi.dll rasadhlp.dll winhttp.dll dpx.dll webio.dll wow64cpu.dll wlanapi.dll wlanutil.dll iertutil.dll lltdapi.dll ehiuserxp.ni.dll microsoft.mediacenter.itv.ni.dll bdatunepia.ni.dll bdatunepia.dll bdatunepia.dll bdatunepia.dll mcstoredb.ni.dll mcstoredb.dll mcstoredb.dll mcstoredb.dll rasapi32.dll rasman.dll microsoft.mediacenter.tv.tuners.interop.ni.dll imageres.dll microsoft.mediacenter.tv.tuners.interop.dll cryptsp.dll microsoft.mediacenter.tv.tuners.interop.dll netutils.dll cryptsp.dll System.Drawing.Design.dll microsoft.mediacenter.tv.tuners.interop.dll microsoft.mediacenter.interop.ni.dll msvcrt.dll microsoft.mediacenter.interop.dll microsoft.mediacenter.interop.dll microsoft.mediacenter.interop.dll propsys.dll gdiplus.dll winmm.dll ehiwuapi.ni.dll ehrecobj.ni.dll system.serviceprocess.ni.dll system.runtime.serialization.formatters.soap.ni.dll ondemandconnroutehelper.dll system.configuration.ni.dll system.data.sqlxml.ni.dll system.directoryservices.ni.dll system.directoryservices.protocols.ni.dll system.enterpriseservices.ni.dll audioses.dll system.enterpriseservices.dll system.enterpriseservices.dll oleacc.dll KernelBase.dll comctl32.dll system.design.ni.dll system.windows.forms.ni.dll system.web.regularexpressions.ni.dll kernel32.dll system.transactions.ni.dll system.transactions.dll system.transactions.dll rpcrt4.dll system.transactions.dll system.transactions.dll system.transactions.dll system.drawing.design.ni.dll kernel32.dll bcryptprimitives.dll msvcr120_clr0400.dll msvcrt.dll cryptbase.dll System.Core.dll comctl32.dll system.data.oracleclient.ni.dll system.data.oracleclient.dll system.data.oracleclient.dll system.data.oracleclient.dll system.data.oracleclient.dll system.data.oracleclient.dll ntdll.dll ntdll.dll accessibility.ni.dll system.deployment.ni.dll combase.dll system.windows.forms.dll system.configuration.install.ni.dll ehividctl.ni.dll stdole.ni.dll mscorsec.dll mscorlib.dll wintrust.dll vbajet32.dll kernel32.dll comctl32.dll system.data.oracleclient.ni.dll riched20.dll imagehlp.dll wow64.dll ncrypt.dll bcrypt.dll fundisc.dll bcryptprimitives.dll msvcrt.dll userenv.dll gpapi.dll cryptnet.dll wldap32.dll sensapi.dll microsoft.mediacenter.itv.hosting.ni.dll microsoft.mediacenter.itv.media.ni.dll microsoft.mediacenter.itv.media.dll microsoft.mediacenter.itv.media.dll gdi32.dll microsoft.mediacenter.itv.media.dll ntdll.dll sechost.dll usp10.dll user32.dll kernel32.dll kernelbase.dll advapi32.dll msvcrt.dll sechost.dll rpcrt4.dll kernelbase.dll msvcr120_clr0400.dll mscoree.dll user32.dll ole32.dll gdi32.dll user32.dll lpk.dll kernel.appcore.dll winmm.dll usp10.dll oleaut32.dll imm32.dll ntmarta.dll msctf.dll oleaut32.dll cryptbase.dll cryptsp.dll rsaenh.dll rpcrtremote.dll ntdll.dll clbcatq.dll webio.dll sxs.dll winsta.dll mscoreei.dll profapi.dll mscorwks.dll msvcr80.dll msvcrt.dll shlwapi.dll WindowsCodecs.dll shell32.dll profapi.dll mscorlib.ni.dll mscorjit.dll sechost.dll clbcatq.dll mscorlib.dll mscorlib.dll version.dll mscorlib.dll mscorlib.dll mscorsec.dll ntprint.dll wintrust.dll crypt32.dll msasn1.dll comctl32.dll setupapi.dll riched20.dll imagehlp.dll ncrypt.dll bcrypt.dll bcryptprimitives.dll sechost.dll userenv.dll apphelp.dll gpapi.dll cryptnet.dll wldap32.dll sensapi.dll system.ni.dll system.drawing.ni.dll system.windows.forms.ni.dll system.ni.dll system.drawing.ni.dll culture.dll microsoft.visualstudio.tools.office.containercontrol.v10.0.dll microsoft.visualstudio.tools.office.containercontrol.v10.0.dll microsoft.visualstudio.tools.office.containercontrol.v10.0.ni.dll microsoft.visualstudio.tools.office.containercontrol.v10.0.ni.dll microsoft.visualstudio.tools.office.containercontrol.v10.0.ni.dll ntdll.dll kernel32.dll kernelbase.dll dpapi.dll advapi32.dll msvcrt.dll sechost.dll rpcrt4.dll msvcr120_clr0400.dll mscoree.dll ole32.dll gdi32.dll user32.dll lpk.dll sxs.dll usp10.dll oleaut32.dll imm32.dll msctf.dll cryptbase.dll cryptsp.dll rsaenh.dll rpcrtremote.dll clbcatq.dll sxs.dll mscoreei.dll clr.dll shlwapi.dll mscorlib.ni.dll clrjit.dll system.ni.dll reachframework.ni.dll version.dll kernel32.dll mscorlib.dll mscorlib.dll system.core.ni.dll windowsbase.ni.dll presentationcore.ni.dll presentationcore.dll presentationcore.dll system.printing.ni.dll system.printing.dll system.printing.dll system.drawing.ni.dll system.security.ni.dll system.xml.ni.dll presentationframework.ni.dll system.configuration.ni.dll,normal
 ntdll.dll ntdll.dll rpcrt4.dll System.Deployment.ni.dll bcrypt.dll kernel32.dll kernelbase.dll system.configuration.ni.dll advapi32.dll profapi.dll mpr.dll msvcrt.dll sechost.dll rpcrt4.dll msvcr120_clr0400.dll mscoree.dll rsaenh.dll advapi32.dll ole32.dll sechost.dll msctf.dll gdi32.dll sensapi.dll user32.dll lpk.dll usp10.dll usp10.dll oleaut32.dll System.ServiceModel.ni.dll imm32.dll msctf.dll cryptbase.dll advapi32.dll mcepg.ni.dll cryptsp.dll rsaenh.dll system.identitymodel.dll ole32.dll gdi32.dll rpcrtremote.dll clbcatq.dll sxs.dll mscoreei.dll mscorwks.dll msvcr80.dll shlwapi.dll shell32.dll profapi.dll mscorlib.ni.dll mscorjit.dll winnsi.dll mscorlib.dll mscorlib.dll version.dll dui70.dll mscorlib.dll shell32.dll mscorlib.dll user32.dll system.ni.dll System.Data.OracleClient.dll microsoft.grouppolicy.reporting.ni.dll securityauditpoliciessnapin.ni.dll propsys.dll sechost.dll system.management.ni.dll microsoft.grouppolicy.interop.ni.dll microsoft.grouppolicy.interop.dll msvcr120_clr0400.dll microsoft.grouppolicy.interop.dll microsoft.grouppolicy.interop.dll activeds.dll adsldpc.dll wldap32.dll atl.dll ntdsapi.dll ws2_32.dll nsi.dll kernel32.dll dnsapi.dll crypt32.dll msasn1.dll rpcrt4.dll netapi32.dll nsi.dll advapi32.dll mscoreei.dll bcrypt.dll netutils.dll srvcli.dll user32.dll msftedit.dll wkscli.dll scrrun.dll dsrole.dll fde.dll sxs.dll mfc42u.dll odbc32.dll comctl32.dll mpr.dll odbcint.dll system.directoryservices.ni.dll sensapi.dll ws2_32.dll system.xml.ni.dll msctf.dll microsoft.security.applicationid.policymanagement.policymodel.ni.dll system.drawing.ni.dll cryptsp.dll microsoft.visualc.ni.dll system.windows.forms.ni.dll lpk.dll microsoft.security.applicationid.policymanagement.policymanager.ni.dll system.web.ni.dll ucrtbase.dll system.web.dll kernelbase.dll system.web.dll system.web.dll system.web.dll microsoft.managementconsole.ni.dll auditpolicygpmanagedstubs.interop.ni.dll kernel32.dll auditpolicygpmanagedstubs.interop.dll crypt32.dll auditpolicygpmanagedstubs.interop.dll system.configuration.install.ni.dll wship6.dll KernelBase.dll mmcfxcommon.ni.dll system.runtime.serialization.formatters.soap.ni.dll system.configuration.ni.dll ws2_32.dll rsaenh.dll system.security.ni.dll mscorlib.dll system.data.sqlxml.ni.dll accessibility.ni.dll system.deployment.ni.dll microsoft.jscript.ni.dll microsoft.vsa.ni.dll microsoft.visualc.ni.dll microsoft.security.applicationid.policymanagement.xmlhelper.ni.dll microsoft.security.applicationid.policymanagement.policyengineapi.interop.ni.dll microsoft.security.applicationid.policymanagement.policyengineapi.interop.dll microsoft.security.applicationid.policymanagement.policyengineapi.interop.dll system.data.ni.dll system.data.dll schannel.dll system.data.dll system.data.dll mscoreei.dll kernel32.dll system.data.dll system.data.dll system.web.services.ni.dll system.directoryservices.protocols.ni.dll system.enterpriseservices.ni.dll system.enterpriseservices.dll system.enterpriseservices.dll system.design.ni.dll system.serviceprocess.ni.dll system.web.regularexpressions.ni.dll system.transactions.ni.dll system.transactions.dll system.xaml.dll system.transactions.dll winbrand.dll imm32.dll lpk.dll system.transactions.dll system.transactions.dll system.transactions.dll bcrypt.dll rpcrt4.dll user32.dll Accessibility.dll system.runtime.remoting.ni.dll system.drawing.design.ni.dll system.data.oracleclient.ni.dll system.data.oracleclient.dll system.data.oracleclient.dll system.data.oracleclient.dll system.data.oracleclient.dll imm32.dll system.data.oracleclient.dll ntdll.dll ntdll.dll kernel32.dll kernelbase.dll advapi32.dll sensapi.dll msvcrt.dll sechost.dll rpcrt4.dll msvcr120_clr0400.dll mscoree.dll ole32.dll msvcp_win.dll cortana.backgroundtask.dll gdi32.dll user32.dll lpk.dll usp10.dll oleaut32.dll imm32.dll msctf.dll lpk.dll drprov.dll cryptbase.dll wercplsupport.dll cryptsp.dll rsaenh.dll kernel32.dll rpcrtremote.dll mrmcorer.dll ntdll.dll clbcatq.dll version.dll sxs.dll mscoreei.dll clr.dll fms.dll shlwapi.dll mscorlib.ni.dll kernel32.dll System.Xml.dll ntdll.dll clrjit.dll sechost.dll uiautomationtypes.ni.dll user32.dll system.servicemodel.web.dll comctl32.dll cryptbase.dll version.dll mscorlib.dll mscorlib.dll ntdll.dll kernel.appcore.dll ntdll.dll wow64.dll wow64win.dll setupapi.dll wow64cpu.dll kernel32.dll kernel32.dll kernel32.dll user32.dll cfgmgr32.dll kernel32.dll kernelbase.dll advapi32.dll msvcrt.dll sechost.dll rpcrt4.dll ws2_32.dll sspicli.dll cryptbase.dll msvcr120_clr0400.dll mscoree.dll ole32.dll gdi32.dll ntdll.dll user32.dll lpk.dll usp10.dll msvcr120_clr0400.dll oleaut32.dll imm32.dll msctf.dll cryptsp.dll rsaenh.dll usp10.dll rpcrtremote.dll clbcatq.dll sxs.dll mscoreei.dll mscorwks.dll msvcr80.dll shlwapi.dll shell32.dll profapi.dll mscorlib.ni.dll msctf.dll mscorjit.dll mscorlib.dll mscorlib.dll msctf.dll version.dll mscorlib.dll GdiPlus.dll mscorlib.dll system.ni.dll system.core.ni.dll sspicli.dll system.xml.linq.ni.dll system.xml.linq.dll system.xml.linq.dll system.xml.linq.dll system.xml.linq.dll system.dll system.dll system.dll system.dll system.core.dll system.core.dll system.core.dll system.core.dll system.xml.ni.dll system.xml.dll system.xml.dll system.xml.dll system.xml.dll system.configuration.ni.dll system.configuration.dll system.configuration.dll system.configuration.dll system.configuration.dll system.security.ni.dll system.security.dll system.security.dll system.security.dll system.security.dll system.data.sqlxml.ni.dll system.data.sqlxml.dll system.data.sqlxml.dll system.data.sqlxml.dll system.data.sqlxml.dll,normal
 cryptsp.dll ntdll.dll kernel32.dll KernelBase.dll comdlg32.dll msvcrt.dll winbrand.dll ntdsapi.dll user32.dll oleaut32.dll gdi32.dll lpk.dll usp10.dll imm32.dll msctf.dll apphelp.dll,normal
 ntdll.dll kernel32.dll KernelBase.dll msvcrt.dll cryptbase.dll msvcrt.dll imm32.dll ole32.dll gdi32.dll user32.dll mscoree.dll imageres.dll System.EnterpriseServices.dll combase.dll lpk.dll usp10.dll rpcrt4.dll imm32.dll msctf.dll cryptbase.dll clbcatq.dll advapi32.dll sechost.dll System.Transactions.dll System.Data.SqlXml.ni.dll oleaut32.dll cryptsp.dll user32.dll rsaenh.dll RpcRtRemote.dll uxtheme.dll kernel32.dll UserAccountControlSettings.dll shell32.dll shlwapi.dll comctl32.dll api-ms-win-downlevel-shlwapi-l1-1-0.dll api-ms-win-downlevel-shlwapi-l2-1-0.dll wer.dll api-ms-win-downlevel-advapi32-l1-1-0.dll mssvp.dll ieproxy.dll mscoree.dll dui70.dll duser.dll dwmapi.dll msswch.dll winmm.dll propsys.dll imageres.dll xmllite.dll,normal
 ntdll.dll ntdll.dll wow64.dll wow64win.dll wow64cpu.dll kernel32.dll kernel32.dll kernel32.dll user32.dll imm32.dll kernel32.dll kernel32.dll KernelBase.dll advapi32.dll msvcrt.dll sechost.dll rpcrt4.dll sspicli.dll cryptbase.dll dnsapi.dll ws2_32.dll System.Core.dll nsi.dll shlwapi.dll ntdll.dll winnsi.dll dhcpcsvc.dll msvcp_win.dll dhcpcsvc6.dll shell32.dll shlwapi.dll gdi32.dll shlwapi.dll user32.dll system.web.dll fltlib.dll msvcrt.dll lpk.dll usp10.dll ole32.dll imm32.dll windows.storage.dll msctf.dll clbcatq.dll setupapi.dll msvcr80.dll oleaut32.dll cryptsp.dll wininet.dll ntdll.dll perfnet.dll rsaenh.dll RpcRtRemote.dll wevtapi.dll ntdll.dll ntdll.dll wow64.dll wow64win.dll wow64win.dll wow64cpu.dll system.core.ni.dll kernel32.dll kernel32.dll kernel32.dll user32.dll user32.dll kernel32.dll oleaut32.dll KernelBase.dll msvcrt.dll msvcrt.dll winbrand.dll user32.dll gdi32.dll lpk.dll usp10.dll advapi32.dll sechost.dll system.data.sqlxml.ni.dll dmprocessxmlfiltered.dll rpcrt4.dll System.Windows.Forms.dll cryptnet.dll sspicli.dll cryptbase.dll imm32.dll msctf.dll apphelp.dll,normal
 ntmarta.dll ntmarta.dll tbs.dll ngcpopkeysrv.dll dbghelp.dll ngcpopkeysrv.dll System.Web.RegularExpressions.dll pcpksp.dll pcpksp.dll,normal
 ntdll.dll kernel32.dll ole32.dll KernelBase.dll kernel32.dll ntdll.dll sechost.dll gdi32.dll cbscore.dll user32.dll ntdll.dll lpk.dll usp10.dll lpk.dll msvcrt.dll imm32.dll msctf.dll system.data.oracleclient.dll msvcrt.dll ole32.dll System.Web.dll rpcrt4.dll api-ms-win-core-com-l1-1-0.dll ole32.dll oleaut32.dll cryptbase.dll clbcatq.dll advapi32.dll sechost.dll ntdll.dll ntdll.dll wow64.dll wow64win.dll wow64cpu.dll crypt32.dll kernel32.dll kernel32.dll kernel32.dll clbcatq.dll user32.dll kernel32.dll KernelBase.dll ws2_32.dll winnsi.dll msvcrt.dll winbrand.dll user32.dll gdi32.dll lpk.dll usp10.dll advapi32.dll sechost.dll rpcrt4.dll sspicli.dll cryptbase.dll imm32.dll msctf.dll apphelp.dll,normal
 ntdll.dll sspicli.dll ole32.dll ntdll.dll sechost.dll wow64.dll user32.dll wow64win.dll wow64cpu.dll shell32.dll kernel32.dll kernel32.dll kernel32.dll user32.dll Microsoft.Windows.Diagnosis.Commands.GetDiagInput.dll ntmarta.dll kernel32.dll kernelbase.dll clbcatq.dll kernel32.dll msvcrt.dll winbrand.dll wevtapi.dll user32.dll gdi32.dll lpk.dll usp10.dll advapi32.dll sechost.dll rpcrt4.dll sspicli.dll cryptbase.dll imm32.dll msctf.dll apphelp.dll,normal
 pla.dll wevtapi.dll netprofm.dll oleres.dll wevtapi.dll wevtapi.dll wecsvc.dll wevtapi.dll cryptsp.dll rpcrt4.dll adwsres.dll wevtapi.dll lpk.dll dfsrress.dll els.dll els.dll api-ms-win-downlevel-version-l1-1-0.dll wecsvc.dll wevtapi.dll wevtapi.dll apilogen.dll dpx.dll appidapi.dll aeevts.dll crypt32.dll cryptbase.dll appidapi.dll audioses.dll authui.dll msctf.dll lsasrv.dll msvcrt.dll qmgr.dll usp10.dll crypt32.dll System.Data.dll dimsroam.dll certpoleng.dll ci.dll cofiredm.dll wevtapi.dll System.XML.dll dpapi.dll cofiredm.dll syncinfrastructure.dll api-ms-win-core-file-l2-1-0.dll msasn1.dll ntdll.dll pla.dll actxprxy.dll sdiageng.dll sdiagprv.dll sspicli.dll netdiagfx.dll dps.dll pcwum.dll sechost.dll wudfplatform.dll eapsvc.dll system.enterpriseservices.ni.dll certadm.dll npmproxy.dll certadm.dll fms.dll fdeploy.dll gpsvc.dll apds.dll sspicli.dll wevtfwd.dll hgcpl.dll iphlpsvc.dll microsoft-windows-kernel-power-events.dll shell32.dll lsasrv.dll ncsi.dll pnidui.dll acppage.dll cryptsp.dll netprofm.dll system.drawing.dll nlasvc.dll advapi32.dll combase.dll msv1_0.dll psevents.dll ntprint.dll ntdll.dll duser.dll tsworkspace.dll radardt.dll rstrtmgr.dll auditcse.dll scwengb.dll svrmgrnc.dll rpcrtremote.dll osbaseln.dll kernel32.dll schedsvc.dll umrdp.dll smipi.dll mstscax.dll kernel32.dll termsrv.dll profsvc.dll webio.dll mpssvc.dll mscms.dll wuaueng.dll winhttp.dll dot3svc.dll oleres.dll uiautomationcore.dll wintrust.dll cbsmsg.dll kernel32.dll sechost.dll wininet.dll ntdll.dll samsrv.dll webservices.dll setupetw.dll imm32.dll schedsvc.dll display.dll wldap32.dll microsoft.grouppolicy.interop.ni.dll rpchttp.dll scardsvr.dll kernel32.dll winsta.dll mscorlib.ni.dll eqossnap.dll l2nacp.dll winmgmtr.dll shlwapi.dll ntshrui.dll actioncenter.dll credui.dll propsys.dll winmgmtr.dll System.Web.dll fcregsvc.dll rpcepmap.dll wow64win.dll api-ms-win-eventlog-legacy-l1-1-0.dll netdiagfx.dll iphlpsvc.dll clusapi.dll cryptbase.dll connect.dll imm32.dll napipsec.dll win32_tpm.dll ieframe.dll nettrace.dll prflbmsg.dll certcli.dll msctf.dll actionqueue.dll rsaenh.dll NlsData0021.dll logoncli.dll clr.dll usercpl.dll ntevt.dll KernelBase.dll setupapi.dll comdlg32.dll rpcrt4.dll api-ms-win-core-synch-l1-2-0.dll shsvcs.dll netlogon.dll bcp47mrm.dll xwizards.dll onex.dll ntdsmsg.dll duser.dll cmisetup.dll advapi32.dll perfdisk.dll adtschema.dll cryptnet.dll msobjs.dll coreuicomponents.dll psapi.dll sensapi.dll userenv.dll umpnpmgr.dll advapi32.dll efscore.dll themecpl.dll kernel32.dll sstpsvc.dll wow64cpu.dll wlgpclnt.dll rasman.dll lsasrv.dll perfctrs.dll dxptasksync.dll fdphost.dll reagent.dll umrdp.dll portabledevicesyncprovider.dll kdcsvc.dll magnification.dll diagcpl.dll firewallcontrolpanel.dll dps.dll netshell.dll pnidui.dll wdc.dll shell32.dll shsvcs.dll oleres.dll rtm.dll rpcrt4.dll cryptbase.dll ipnathlp.dll mpssvc.dll ieframe.dll stobject.dll perfos.dll cryptbase.dll msimsg.dll netshell.dll setupapi.dll uianimation.dll adsldpc.dll tbssvc.dll advapi32.dll efssvc.dll imageres.dll schedsvc.dll dimsjob.dll microsoft-windows-hal-events.dll certenroll.dll energy.dll taskbarcpl.dll gdi32.dll ole32.dll mpssvc.dll sndvolsso.dll appidapi.dll kernel32.dll npmproxy.dll deviceuxres.dll loadperf.dll comres.dll msoobeui.dll microsoft-windows-kernel-processor-power-events.dll apphelp.dll dnsapi.dll whealogr.dll netevent.dll pautoenr.dll sensapi.dll certprop.dll dsound.dll mscorsec.dll setupetw.dll shlwapi.dll gdi32.dll dwmcore.dll tcpmon.dll mshtml.dll mciavi32.dll dwmcore.dll umpo.dll mprmsg.dll mpssvc.dll dot3gpclnt.dll ktmw32.dll powercpl.dll sud.dll csrsrv.dll dui70.dll csrsrv.dll msdtcvsp1res.dll fundisc.dll clbcatq.dll sechost.dll fdrespub.dll documentperformanceevents.dll lsasrv.dll mpssvc.dll umoutlookaddin.dll umpnpmgr.dll msi.dll dwmredir.dll rpcepmap.dll kerberos.dll perfnet.dll ktmw32.dll webservices.dll zipfldr.dll rdpendp.dll imm32.dll version.dll pots.dll sensorsnativeapi.dll winsrv.dll ipbusenum.dll userenv.dll wabsyncprovider.dll bcrypt.dll portabledevicesyncprovider.dll pdh.dll msutb.dll sens.dll shwebsvc.dll werconcpl.dll comres.dll dwmapi.dll kernel32.dll mshtml.dll w32time.dll wersvc.dll fntcache.dll appinfo.dll van.dll quartz.dll msdtcvsp1res.dll comres.dll tabskb.dll shsvcs.dll netcenter.dll uiribbon.dll oleaccrc.dll perfproc.dll ipmiprr.dll comres.dll actioncentercpl.dll themeui.dll winsetup.dll els.dll els.dll wecsvc.dll gpsvc.dll adwsres.dll dfsrress.dll,normal
 msctf.dll mscorlib.dll winhttp.dll msctf.dll ntdll.dll ntdll.dll cryptbase.dll system.web.dll kernel32.dll kernel32.dll kernelbase.dll npmproxy.dll kernelbase.dll msvcrt.dll sechost.dll msvcrt.dll rpcrt4.dll gdi32.dll rpcrt4.dll gdi32.dll gdi32.dll mscorlib.dll user32.dll user32.dll lpk.dll lpk.dll usp10.dll usp10.dll ole32.dll ole32.dll system.serviceprocess.ni.dll oleaut32.dll oleaut32.dll imm32.dll kernel32.dll imm32.dll,normal
 kernel32.dll ntdll.dll kernel32.dll KernelBase.dll sechost.dll gdi32.dll user32.dll dui70.dll msvcrt.dll bcrypt.dll imm32.dll oleaut32.dll combase.dll msctf.dll rpcrt4.dll uxtheme.dll tiptsf.dll dwmapi.dll system.servicemodel.activation.ni.dll wevtapi.dll comctl32.dll msvcrt.dll ole32.dll sechost.dll kernel.appcore.dll cryptbase.dll bcryptprimitives.dll clbcatq.dll oleacc.dll advapi32.dll radardt.dll KernelBase.dll shell32.dll version.dll shlwapi.dll kernel32.dll propsys.dll wmiutils.dll profapi.dll ntmarta.dll dui70.dll imecfm.dll wer.dll sechost.dll,normal
 ntdll.dll Microsoft.VisualStudio.Tools.Applications.Runtime.dll ntdll.dll system.ni.dll msctf.dll wow64.dll System.Windows.Forms.ni.dll wow64win.dll wow64cpu.dll kernel32.dll kernel32.dll msvcrt.dll kernel32.dll msjet40.dll system.web.regularexpressions.dll winsta.dll user32.dll kernel32.dll KernelBase.dll msctf.dll advapi32.dll microsoft.vsa.dll kernelbase.dll sqmapi.dll msvcrt.dll advapi32.dll cryptbase.dll sechost.dll rpcrt4.dll sspicli.dll cryptbase.dll dnsapi.dll ws2_32.dll nsi.dll winnsi.dll dhcpcsvc.dll msvcr120_clr0400.dll dhcpcsvc6.dll msctf.dll shell32.dll userenv.dll dbghelp.dll shlwapi.dll mscorlib.dll gdi32.dll system.deployment.dll imm32.dll user32.dll lpk.dll usp10.dll ole32.dll imagehlp.dll imm32.dll msctf.dll clbcatq.dll oleaut32.dll cryptsp.dll rsaenh.dll RpcRtRemote.dll wevtapi.dll ntdll.dll kernel32.dll KernelBase.dll gdi32.dll user32.dll lpk.dll msvcr120_clr0400.dll usp10.dll msvcrt.dll imm32.dll msctf.dll ole32.dll rpcrt4.dll oleaut32.dll diasymreader.dll ntdll.dll dmiso8601utils.dll user32.dll kernel32.dll KernelBase.dll gdi32.dll System.Web.dll user32.dll lpk.dll msimg32.dll msctf.dll usp10.dll nlsdata000a.dll msvcrt.dll imm32.dll msctf.dll ole32.dll rpcrt4.dll mscoree.dll oleaut32.dll KernelBase.dll cryptbase.dll clbcatq.dll advapi32.dll wow64.dll sechost.dll sspicli.dll ntdll.dll lspweb.dll kernel32.dll KernelBase.dll advapi32.dll msvcrt.dll bcrypt.dll sechost.dll rpcrt4.dll ole32.dll sechost.dll gdi32.dll user32.dll lpk.dll usp10.dll kernel32.dll imm32.dll rsaenh.dll dwmapi.dll msctf.dll wdscore.dll oleaut32.dll shell32.dll shlwapi.dll dbghelp.dll cryptbase.dll CbsCore.dll version.dll crypt32.dll msasn1.dll wintrust.dll mscorlib.dll imm32.dll userenv.dll profapi.dll d3d11.dll ktmw32.dll dpx.dll dpx.dll dpx.dll sechost.dll wow64.dll System.Xml.Linq.ni.dll wcp.dll DrUpdate.dll mscorlib.dll setupapi.dll cfgmgr32.dll WABSyncProvider.dll devobj.dll mpr.dll wrpint.dll kernel32.dll usp10.dll sxsstore.dll sqmapi.dll winhttp.dll webio.dll winhttp.dll user32.dll clbcatq.dll webio.dll SensApi.dll cryptsp.dll rsaenh.dll RpcRtRemote.dll clbcatq.dll CbsApi.dll mscorlib.dll system.drawing.dll smipi.dll smiengine.dll ntdll.dll ntdll.dll avrt.dll kernel32.dll kernel32.dll wow64cpu.dll KernelBase.dll gdi32.dll user32.dll uiautomationprovider.dll ntprint.dll lpk.dll usp10.dll msvcrt.dll imm32.dll msctf.dll ole32.dll rpcrt4.dll oleaut32.dll ntdll.dll ntdll.dll wow64.dll wow64win.dll wow64cpu.dll bcp47langs.dll kernel32.dll kernel32.dll kernel32.dll user32.dll kernel32.dll kernel32.dll system.data.oracleclient.dll KernelBase.dll msvcrt.dll winbrand.dll user32.dll gdi32.dll lpk.dll usp10.dll advapi32.dll sechost.dll rpcrt4.dll sspicli.dll cryptbase.dll imm32.dll msctf.dll apphelp.dll,normal
 ntdll.dll kernel32.dll KernelBase.dll advapi32.dll msvcrt.dll sechost.dll rasman.dll sechost.dll rpcrt4.dll msvcr120_clr0400.dll ntdll.dll mscoree.dll lpk.dll ole32.dll gdi32.dll user32.dll wer.dll lpk.dll usp10.dll oleaut32.dll imm32.dll msctf.dll cryptbase.dll ole32.dll cryptsp.dll rsaenh.dll RpcRtRemote.dll clbcatq.dll sxs.dll mscoreei.dll mscorwks.dll dpx.dll msvcr80.dll system.directoryservices.dll shlwapi.dll gdi32.dll imm32.dll sensapi.dll gpsvc.dll ws2_32.dll shell32.dll rsaenh.dll profapi.dll mscorlib.ni.dll mscorjit.dll mscorlib.dll mscorlib.dll version.dll mscorlib.dll mscorlib.dll PresentationFramework.Classic.ni.dll wsecedit.dll mscoree.dll nsi.dll System.ni.dll WindowsBase.ni.dll PresentationCore.ni.dll PresentationFramework.ni.dll winmm.dll PresentationCore.dll PresentationCore.dll system.directoryservices.ni.dll dnsapi.dll PresentationCore.dll PresentationCore.dll ntdll.dll ntdll.dll wow64.dll wow64win.dll wow64cpu.dll smiengine.dll comres.dll microsoft-windows-homegroupdiagnostic.netlistmgr.interop.ni.dll kernel32.dll clrjit.dll kernel32.dll sechost.dll kernel32.dll user32.dll kernel32.dll sechost.dll KernelBase.dll mscoreei.dll advapi32.dll msvcrt.dll sechost.dll wow64win.dll rpcrt4.dll sspicli.dll cryptbase.dll kernel32.dll ntdll.dll msvcr120_clr0400.dll msswch.dll mscoree.dll ole32.dll gdi32.dll user32.dll lpk.dll usp10.dll system.design.ni.dll sensapi.dll system.security.ni.dll oleaut32.dll system.ni.dll imm32.dll msctf.dll cryptsp.dll rsaenh.dll RpcRtRemote.dll KernelBase.dll clbcatq.dll rpcrt4.dll mscorlib.ni.dll sxs.dll mscoreei.dll clr.dll shlwapi.dll mscorlib.ni.dll clrjit.dll Microsoft.WSMan.Runtime.dll Microsoft.WSMan.Runtime.dll netprofm.dll version.dll mscorlib.dll mscorlib.dll System.ni.dll System.dll System.dll System.Core.ni.dll System.Configuration.ni.dll System.Configuration.dll System.Configuration.dll System.Core.dll System.Core.dll System.Xml.ni.dll System.Xml.dll System.Xml.dll,normal
 ntdll.dll ntdll.dll wow64.dll wow64win.dll kernel32.dll wow64cpu.dll wmsgapi.dll ole32.dll kernel32.dll kernel32.dll msvcrt.dll kernel32.dll user32.dll dbghelp.dll kernel32.dll KernelBase.dll msspell7.dll msvcrt.dll gdi32.dll winbrand.dll user32.dll cryptsp.dll gdi32.dll lpk.dll usp10.dll advapi32.dll kernelbase.dll sechost.dll rpcrt4.dll sspicli.dll cryptbase.dll wevtapi.dll imm32.dll msctf.dll apphelp.dll,normal
 msspell7.dll imm32.dll msspell7.dll kernelbase.dll mscss7en.dll mscss7en.dll igd10iumd64.dll igd10iumd64.dll cryptsp.dll igd10iumd64.dll igd10iumd64.dll msspell7.dll msspell7.dll api-ms-win-base-util-l1-1-0.dll mscss7en.dll cryptbase.dll mscss7en.dll imm32.dll imageres.dll igd10iumd64.dll mmcss.dll igd10iumd64.dll msspell7.dll msspell7.dll mscss7en.dll mscss7en.dll msspell7.dll ntdll.dll msspell7.dll kernelbase.dll mscss7en.dll mscss7en.dll netutils.dll msspell7.dll msspell7.dll mscss7en.dll mscss7en.dll ntdll.dll msspell7.dll msspell7.dll samcli.dll mscss7en.dll usp10.dll mscss7en.dll msspell7.dll msspell7.dll mscss7en.dll ntdll.dll mscss7en.dll imecfmps.dll imecfmps.dll igd10iumd64.dll igd10iumd64.dll,normal
 profapi.dll msctf.dll cryptsp.dll msctf.dll ntdll.dll mscoree.dll lpk.dll ntdll.dll kernel32.dll kernel32.dll KernelBase.dll uxtheme.dll KernelBase.dll msvcrt.dll msvcrt.dll clbcatq.dll rpcrt4.dll rpcrt4.dll gdi32.dll gdi32.dll user32.dll user32.dll lpk.dll system.runtime.remoting.dll lpk.dll shlwapi.dll usp10.dll version.dll usp10.dll ole32.dll ole32.dll oleaut32.dll oleaut32.dll imm32.dll imm32.dll advapi32.dll crypt32.dll ntdll.dll kernel32.dll KernelBase.dll kernel32.dll wevtapi.dll advapi32.dll msvcrt.dll sechost.dll clbcatq.dll rpcrt4.dll advapi32.dll imm32.dll vcruntime140.dll api-ms-win-crt-runtime-l1-1-0.dll ucrtbase.dll api-ms-win-core-timezone-l1-1-0.dll api-ms-win-core-file-l2-1-0.dll api-ms-win-core-localization-l1-2-0.dll api-ms-win-core-synch-l1-2-0.dll sspicli.dll api-ms-win-core-processthreads-l1-1-1.dll api-ms-win-core-file-l1-2-0.dll api-ms-win-crt-string-l1-1-0.dll api-ms-win-crt-heap-l1-1-0.dll api-ms-win-crt-stdio-l1-1-0.dll api-ms-win-crt-convert-l1-1-0.dll msvcrt.dll msvcp140.dll shell32.dll oleaut32.dll api-ms-win-crt-locale-l1-1-0.dll shlwapi.dll api-ms-win-crt-math-l1-1-0.dll api-ms-win-crt-multibyte-l1-1-0.dll shell32.dll api-ms-win-crt-time-l1-1-0.dll api-ms-win-crt-filesystem-l1-1-0.dll system.enterpriseservices.ni.dll api-ms-win-crt-environment-l1-1-0.dll api-ms-win-crt-utility-l1-1-0.dll ole32.dll gdi32.dll dhcpcsvc6.dll user32.dll lpk.dll usp10.dll oleaut32.dll imm32.dll msctf.dll,normal
 setupapi.dll ole32.dll mswsock.dll ntdll.dll kernel32.dll kernelbase.dll oleaut32.dll advapi32.dll msvcrt.dll ntdll.dll ntdll.dll KernelBase.dll sechost.dll rpcrt4.dll comctl32.dll version.dll gdi32.dll user32.dll lpk.dll msvcrt.dll usp10.dll clbcatq.dll ntdll.dll mfc42u.dll ole32.dll imm32.dll oleaut32.dll odbc32.dll shell32.dll shlwapi.dll wininet.dllnormaliz.dll urlmon.dll lpk.dll usp10.dll shlwapi.dll crypt32.dll msasn1.dll iertutil.dll winmm.dll ws2_32.dll nsi.dll imm32.dll msctf.dll odbcint.dll cryptbase.dll uxtheme.dll shell32.dll riched32.dll riched20.dll dwmapi.dll comctl32.dll clbcatq.dll webio.dll WindowsCodecs.dll oleacc.dll imecfm.dll version.dll tiptsf.dll msado15.dll msdart.dll rometadata.dll accessibility.dll devrtl.dll cryptsp.dll rsaenh.dll rpcrtremote.dll bcryptprimitives.dll oledb32.dll bcrypt.dll oledb32r.dll System.Deployment.dll mscorlib.dll comsvcs.dll atl.dll fastprox.dll bcryptprimitives.dll msjetoledb40.dll msjet40.dll mswstr10.dll msjter40.dll msjint40.dll msadox.dll msadrh15.dll msjtes40.dll vbajet32.dll expsrv.dll imecfm.dll msadce.dll msadcer.dll,caidao
 ntdll.dll apds.dll ntdll.dll wow64.dll advapi32.dll wow64win.dll wow64cpu.dll system.drawing.dll kernel32.dll user32.dll microsoft.visualstudio.tools.applications.runtime.v9.0.dll kernel32.dll kernel32.dll user32.dll kernel32.dll KernelBase.dll msctf.dll msvcrt.dll winbrand.dll kernel.appcore.dll kernel32.dll user32.dll gdi32.dll lpk.dll usp10.dll advapi32.dll mscorlib.ni.dll sechost.dll rpcrt4.dll sspicli.dll cryptbase.dll imm32.dll oleaut32.dll msctf.dll apphelp.dll,normal
 cryptbase.dll ntdll.dll system.data.dll cryptui.dll kernel32.dll ole32.dll kernelbase.dll advapi32.dll rpcrt4.dll ntdll.dll msvcrt.dll rpcrt4.dll combase.dll bcrypt.dll crypt32.dll cryptxml.dll ole32.dll oleaut32.dll xmllite.dll sechost.dll lpk.dll ucrtbase.dll bcryptprimitives.dll msasn1.dll mswsock.dll gdi32.dll imm32.dll mscoree.dll user32.dll msvcp_win.dll gdi32full.dll win32u.dll kernel.appcore.dll webservices.dll cryptsp.dll SensApi.dll lpk.dll rsaenh.dll sxs.dll cryptbase.dll sppwinob.dll wow64.dll dsrole.dll clipc.dll sppobjs.dll netapi32.dll clbcatq.dll msxml6.dll taskschd.dll sspicli.dll,normal
 SensApi.dll user32.dll ntdll.dll kernel32.dll kernelbase.dll gdi32.dll user32.dll mscorjit.dll lpk.dll usp10.dll msvcrt.dll imm32.dll msctf.dll ole32.dll rpcrt4.dll oleaut32.dll kernel32.dll shlwapi.dll uxtheme.dll dwmapi.dll comctl32.dll msvcrt.dll rasman.dll advapi32.dll sechost.dll netprofm.dll comctl32.dll system.xml.ni.dll shlwapi.dll mscorlib.dll mscoree.dll cryptbase.dll kernel32.dll msswch.dll system.windows.forms.dll winmm.dll winbrand.dll msswch.dll winmm.dll ntdll.dll msctf.dll kernel32.dll kernelbase.dll advapi32.dll iphlpapi.dll msvcrt.dll sechost.dll rpcrt4.dll user32.dll gdi32.dll lpk.dll usp10.dll shlwapi.dll ole32.dll shell32.dll winhttp.dll mydocs.dll iertutil.dll webio.dll powrprof.dll setupapi.dll drupdate.dll cfgmgr32.dll oleaut32.dll devobj.dll imm32.dll msctf.dll tdh.dll wevtapi.dll apphelp.dll,normal
 ntdll.dll sensapi.dll DrUpdate.dll cryptsp.dll rsaenh.dll cryptbase.dll dbghelp.dll powrprof.dll wow64win.dll version.dll wdscore.dll wdscore.dll cbscore.dll oleaut32.dll clbcatq.dll cbscore.dll ktmw32.dll ktmw32.dll dpx.dll dpx.dll wcp.dll wcp.dll wow64cpu.dll drupdate.dll drupdate.dll mpr.dll mpr.dll srclient.dll srclient.dll spp.dll shell32.dll spp.dll vssapi.dll vssapi.dll atl.dll atl.dll vsstrace.dll vsstrace.dll wrpint.dll mscms.dll wrpint.dll sxsstore.dll msi.dll clbcatq.dll dpx.dll sxsstore.dll sqmapi.dll api-ms-win-core-file-l2-1-1.dll sqmapi.dll sysntfy.dll mscorwks.dll comctl32.dll sysntfy.dll msvcrt.dll devrtl.dll dhcpcsvc6.dll devrtl.dll ntmarta.dll ntmarta.dll ole32.dll apphelp.dll apphelp.dll samlib.dll samlib.dll bcrypt.dll shell32.dll sxs.dll wow64win.dll bcrypt.dll shell32.dll ntdsapi.dll bcrypt.dll imm32.dll npmproxy.dll ntdsapi.dll System.Runtime.Serialization.dll bcryptprimitives.dll bcryptprimitives.dll mrmcorer.dll usp10.dll powrprof.dll shlwapi.dll mfmp4srcsnk.dll version.dll wdscore.dll system.data.dll wdscore.dll cbscore.dll cbscore.dll ktmw32.dll ktmw32.dll dpx.dll dpx.dll shell32.dll wcp.dll wcp.dll drupdate.dll drupdate.dll mpr.dll mpr.dll srclient.dll advapi32.dll srclient.dll spp.dll spp.dll vssapi.dll RASMM.dll vssapi.dll atl.dll atl.dll vsstrace.dll vsstrace.dll msvcrt.dll wrpint.dll wrpint.dll sxsstore.dll sxsstore.dll sqmapi.dll sqmapi.dll sysntfy.dll wow64.dll sysntfy.dll msvcp_win.dll devrtl.dll devrtl.dll ntmarta.dll ntmarta.dll api-ms-win-downlevel-shell32-l1-1-0.dll apphelp.dll apphelp.dll samlib.dll samlib.dll user32.dll wcp.dll bcrypt.dll bcrypt.dll System.Web.Services.dll ntdsapi.dll ntdsapi.dll bcryptprimitives.dll mscorsec.dll bcryptprimitives.dll wbemprox.dll kernelbase.dll wbemprox.dll sxs.dll wow64.dll wbemprox.dll wbemprox.dll system.drawing.design.ni.dll wbemcomn2.dll msswch.dll wbemcomn2.dll wbemcomn2.dll wbemcomn2.dll fastprox.dll fastprox.dll fastprox.dll fastprox.dll ntdll.dll System.Windows.Forms.dll wbemsvc.dll user32.dll wbemsvc.dll mscorlib.dll wbemsvc.dll wbemsvc.dll kernel32.dll oleaut32.dll netprofm.dll lpk.dll imm32.dll wmiutils.dll api-ms-win-core-errorhandling-l1-1-0.dll wmiutils.dll wmiutils.dll wmiutils.dll drvstore.dll drvstore.dll wow64.dll drvstore.dll drvstore.dll cmiadapter.dll KernelBase.dll cmiadapter.dll cmiadapter.dll sensapi.dll devobj.dll msvcrt.dll cmiadapter.dll cryptbase.dll cryptbase.dll wer.dll cmiv2.dll cmiv2.dll cmiv2.dll kernelbase.dll cmiv2.dll xmllite.dll xmllite.dll xmllite.dll xmllite.dll xmllite.dll msvcr120_clr0400.dll System.Xml.ni.dll wmicmiplugin.dll cryptbase.dll sechost.dll wmicmiplugin.dll uxtheme.dll wmicmiplugin.dll wmicmiplugin.dll rsaenh.dll cmitrust.dll system.transactions.dll usp10.dll cmitrust.dll cmitrust.dll cmitrust.dll mofinstall.dll kernelbase.dll mofinstall.dll mofinstall.dll rpcrtremote.dll System.Runtime.Serialization.dll mofinstall.dll mofd.dll mofd.dll cryptbase.dll mofd.dll mofd.dll msctf.dll msctf.dll wevtapi.dll verifier.dll clbcatq.dll clbcatq.dll clbcatq.dll sechost.dll clbcatq.dll ws2_32.dll ws2_32.dll ws2_32.dll ws2_32.dll nsi.dll winsta.dll nsi.dll nsi.dll nsi.dll ntdll.dll ntdll.dll msfeeds.dll kernel32.dll kernel32.dll sechost.dll kernelbase.dll kernelbase.dll msvcrt.dll msvcrt.dll advapi32.dll sechost.dll rpcrt4.dll rpcrt4.dll rpcrt4.dll shell32.dll oleaut32.dll shlwapi.dll gdi32.dll gdi32.dll wow64win.dll user32.dll user32.dll lpk.dll lpk.dll ole32.dll usp10.dll usp10.dll cryptbase.dll msvcr120_clr0400.dll ole32.dll ole32.dll oleaut32.dll oleaut32.dll imm32.dll kernel32.dll imm32.dll profapi.dll cfgmgr32.dll cfgmgr32.dll System.Drawing.dll setupapi.dll setupapi.dll devobj.dll devobj.dll psapi.dll psapi.dll crypt32.dll crypt32.dll crypt32.dll CbsApi.dll crypt32.dll msasn1.dll msasn1.dll msasn1.dll msasn1.dll wintrust.dll wintrust.dll wintrust.dll wintrust.dll userenv.dll riched20.dll userenv.dll userenv.dll userenv.dll rpcrtremote.dll rpcrtremote.dll rpcrtremote.dll rpcrtremote.dll wldap32.dll wldap32.dll wldap32.dll wldap32.dll apphelp.dll,normal
 ntdll.dll kernelbase.dll gdi32.dll kernel32.dll KernelBase.dll comctl32.dll netprofm.dll msvcrt.dll ole32.dll gdi32.dll cscapi.dll user32.dll lpk.dll usp10.dll rpcrt4.dll imm32.dll shwebsvc.dll user32.dll msctf.dll cryptbase.dll clbcatq.dll advapi32.dll sechost.dll oleaut32.dll cryptsp.dll wtsapi32.dll rsaenh.dll RpcRtRemote.dll system.runtime.serialization.dll crypt32.dll uxtheme.dll comctl32.dll shlwapi.dll userenv.dll profapi.dll shacct.dll IDStore.dll,normal
 ntdll.dll dhcpcsvc.dll sechost.dll kernel32.dll lpk.dll kernelbase.dll ucrtbase.dll combase.dll rpcrt4.dll wow64cpu.dll advapi32.dll bcryptprimitives.dll kernel.appcore.dll user32.dll msvcrt.dll clbcatq.dll user32.dll win32u.dll gdi32.dll gdi32full.dll imm32.dll sechost.dll sechost.dll uxtheme.dll webio.dll idstore.dll bcrypt.dll userenv.dll profapi.dll,normal
 ntdll.dll kernel32.dll imm32.dll kernelbase.dll dxgi.dll system.web.dll advapi32.dll msvcrt.dll kernel32.dll sechost.dll rpcrt4.dll user32.dll gdi32.dll mscorwks.dll lpk.dll usp10.dll ole32.dll oleaut32.dll tquery.dll ntshrui.dll imagehlp.dll tquery.dll shlwapi.dll msvcrt.dll imm32.dll api-ms-win-core-timezone-l1-1-0.dll msctf.dll msshooks.dll mscorjit.dll msshooks.dll mscoree.dll mscoreei.dll cryptbase.dll clbcatq.dll cryptsp.dll rsaenh.dll kernel32.dll rpcrtremote.dll mssprxy.dll sxs.dll,normal
 ntdll.dll Microsoft.VisualStudio.Tools.Applications.Contract.v9.0.dll kernel32.dll KernelBase.dll cryptbase.dll advapi32.dll msvcrt.dll KernelBase.dll sechost.dll PortableDeviceSyncProvider.dll ole32.dll clbcatq.dll rpcrt4.dll bcryptprimitives.dll msvcr120_clr0400.dll mscoree.dll ole32.dll gdi32.dll user32.dll sspicli.dll lpk.dll usp10.dll oleaut32.dll imm32.dll setupapi.dll imm32.dll msctf.dll cryptbase.dll system.drawing.dll cryptsp.dll rsaenh.dll RpcRtRemote.dll clbcatq.dll sxs.dll mscoreei.dll mscorwks.dll msvcr80.dll mscoree.dll shlwapi.dll shell32.dll profapi.dll mscorlib.ni.dll wpdshext.dll mscorjit.dll mscorlib.dll imm32.dll mscorlib.dll version.dll mscorlib.dll mscorlib.dll system.data.ni.dll winsta.dll System.ni.dll SMDiagnostics.ni.dll System.Configuration.ni.dll System.IO.Log.ni.dll System.Xml.ni.dll System.Security.ni.dll presentationcore.ni.dll System.Data.SqlXml.ni.dll,normal
 uxtheme.dll ntdll.dll kernel32.dll kernelbase.dll ws2_32.dll rsaenh.dll vcruntime140.dll api-ms-win-crt-runtime-l1-1-0.dll api-ms-win-crt-stdio-l1-1-0.dll api-ms-win-crt-string-l1-1-0.dll profapi.dll api-ms-win-crt-convert-l1-1-0.dll api-ms-win-crt-math-l1-1-0.dll api-ms-win-crt-locale-l1-1-0.dll api-ms-win-downlevel-shlwapi-l1-1-0.dll rpcrt4.dll nsi.dll api-ms-win-crt-heap-l1-1-0.dll System.Activities.DurableInstancing.ni.dll mswsock.dll ucrtbase.dll System.Data.Entity.dll,HTran
 ntdll.dll ntdll.dll kernelbase.dll kernel32.dll KernelBase.dll crypt32.dll advapi32.dll sechost.dll msvcrt.dll sechost.dll rpcrt4.dll lpk.dll user32.dll gdi32.dll lpk.dll usp10.dll sppcommdlg.dll comctl32.dll shlwapi.dll imm32.dll ws2_32.dll msctf.dll ole32.dll system.core.ni.dll oleaut32.dll duser.dll shell32.dll ntdll.dll winbrand.dll slc.dll sppc.dll cryptbase.dll oleaut32.dll clbcatq.dll mssprxy.dll cryptsp.dll System.ni.dll rsaenh.dll RpcRtRemote.dll sppcomapi.dll sppcext.dll crypt32.dll msvcrt.dll msasn1.dll winhttp.dll webio.dll rasapi32.dll wow64cpu.dll rasman.dll kernel32.dll rpcrt4.dll ws2_32.dll msvcrt.dll nsi.dll setupapi.dll kernel32.dll cfgmgr32.dll devobj.dll tapi32.dll ntdll.dll msi.dll slwga.dll cryptsp.dll wtsapi32.dll WinSCard.dll sxs.dll msvcrt.dll uxtheme.dll cryptui.dll dwmapi.dll api-ms-win-core-processenvironment-l1-1-0.dll msswch.dll winmm.dll duser.dll xmllite.dll,normal
 secur32.dll ntdll.dll wow64.dll wow64win.dll wow64cpu.dll kernelbase.dll kernel32.dll oleaut32.dll kernel32.dll KernelBase.dll oleaut32.dll ole32.dll msvcrt.dll gdi32.dll wldap32.dll user32.dll advapi32.dll msctf.dll sechost.dll rpcrt4.dll sspicli.dll cryptbase.dll ncrypt.dll lpk.dll wow64.dll usp10.dll mscoree.dll imm32.dll msctf.dll shlwapi.dll System.Web.Extensions.dll version.dll d3d10warp.dll clbcatq.dll mscoree.dll mscoreei.dll wow64.dll fusion.dll clr.dll clr.dll gdi32.dll adsldpc.dll msvcr120_clr0400.dll usoapi.dll user32.dll ntdll.dll kernel32.dll kernel32.dll user32.dll dui70.dll user32.dll mscorsvc.dll system.web.dll taskschd.dll ntdll.dll uiautomationtypes.dll ntdll.dll wow64.dll wow64win.dll user32.dll wow64cpu.dll winhttp.dll kernel32.dll KernelBase.dll kernel32.dll ntdll.dll mlang.dll nsi.dll kernel32.dll user32.dll kernel32.dll KernelBase.dll advapi32.dll msvcrt.dll netprofm.dll sechost.dll rpcrt4.dll gdi32.dll sensapi.dll sspicli.dll cryptbase.dll dnsapi.dll ws2_32.dll nsi.dll winnsi.dll dhcpcsvc.dll dhcpcsvc6.dll shell32.dll shlwapi.dll gdi32.dll user32.dll lpk.dll usp10.dll ole32.dll imm32.dll msvcrt.dll msctf.dll clbcatq.dll oleaut32.dll cryptsp.dll rsaenh.dll RpcRtRemote.dll wevtapi.dll,normal
 winhttp.dll user32.dll api-ms-win-downlevel-advapi32-l2-1-0.dll system.windows.forms.ni.dll gdi32.dll ntdll.dll ntdll.dll wow64.dll wow64win.dll sechost.dll wow64cpu.dll kernel32.dll wow64win.dll kernel32.dll kernel32.dll user32.dll kernel32.dll kernelbase.dll msvcrt.dll winbrand.dll user32.dll gdi32.dll lpk.dll shell32.dll usp10.dll advapi32.dll sechost.dll sfc.dll rpcrt4.dll sspicli.dll cryptbase.dll imm32.dll shell32.dll msctf.dll apphelp.dll,normal
 tempsignedlicenseexchangetask.dll ntdll.dll ntdll.dll profapi.dll wow64.dll wow64win.dll wow64cpu.dll kernel32.dll kernel32.dll kernel32.dll system.xml.linq.dll tpvmw32.dll user32.dll kernel32.dll msvcrt.dll ncrypt.dll KernelBase.dll advapi32.dll sensapi.dll msvcrt.dll sechost.dll rpcrt4.dll wow64win.dll sspicli.dll cryptbase.dll msvcr120_clr0400.dll imm32.dll mscoree.dll ole32.dll ole32.dll winsrv.dll powrprof.dll gdi32.dll shlwapi.dll user32.dll lpk.dll ole32.dll usp10.dll api-ms-win-core-datetime-l1-1-0.dll ucrtbase.dll oleaut32.dll cryptbase.dll imm32.dll msctf.dll cryptsp.dll rsaenh.dll WinSCard.dll RpcRtRemote.dll clbcatq.dll sxs.dll mscoreei.dll clr.dll shlwapi.dll mscorlib.ni.dll clrjit.dll System.ni.dll System.Drawing.ni.dll rpcrt4.dll oleaut32.dll System.Windows.Forms.ni.dll version.dll cdp.dll System.Windows.Forms.dll ws2_32.dll System.Windows.Forms.dll mscorlib.dll mscorlib.dll System.Configuration.dll System.dll user32.dll System.dll System.Drawing.dll System.Drawing.dll System.Xml.ni.dll System.Xml.dll api-ms-win-core-file-l1-2-0.dll System.Xml.dll System.Security.ni.dll System.Security.dll System.Security.dll System.Core.ni.dll System.Core.dll Accessibility.dll System.Core.dll System.Configuration.ni.dll System.Configuration.dll System.Configuration.dll Accessibility.ni.dll Accessibility.dll Accessibility.dll System.Deployment.ni.dll System.Deployment.dll msctf.dll System.Deployment.dll System.Runtime.Serialization.Formatters.Soap.ni.dll,normal
 wmiapres.dll dnsapi.dll wmiapres.dll wmiapres.dll ntmarta.dll,normal
 ntdll.dll msctf.dll kernel32.dll kernelbase.dll rsaenh.dll advapi32.dll msvcrt.dll sechost.dll mswsock.dll rpcrt4.dll ole32.dll combase.dll msvcp110_win.dll lpk.dll ucrtbase.dll bcryptprimitives.dll gdi32.dll gdi32full.dll user32.dll win32u.dll rpcrt4.dll oleaut32.dll msvcp_win.dll crypt32.dll msasn1.dll wldap32.dll ncrypt.dll imm32.dll wow64win.dll cabinet.dll logoncli.dll wkscli.dll dsreg.dll userenv.dll user32.dll profapi.dll secur32.dll ntasn1.dll nsi.dll CbsApi.dll cryptsp.dll sspicli.dll kernel.appcore.dll ntdll.dll dpapi.dll GdiPlus.dll mswsock.dll sechost.dll dnsapi.dll sspicli.dll ntdll.dll webio.dll nsi.dll netutils.dll lpk.dll rasadhlp.dll cryptdll.dll winhttp.dll bcrypt.dll wininet.dll dsparse.dll ntdsapi.dll ws2_32.dll kerberos.dll,normal
 ntdll.dll ntdll.dll wow64.dll wow64win.dll wow64cpu.dll kernel32.dll mscorwks.dll dhcpcsvc6.dll kernel32.dll sspicli.dll kernel32.dll user32.dll kernel32.dll mscoreei.dll usp10.dll gdi32.dll sechost.dll kernelbase.dll microsoft.build.ni.dll comctl32.dll msvcrt.dll winbrand.dll user32.dll winnsi.dll gdi32.dll lpk.dll usp10.dll advapi32.dll sechost.dll rpcrt4.dll sspicli.dll cryptbase.dll imm32.dll msctf.dll apphelp.dll,normal
 ntdll.dll kernel32.dll gdi32.dll KernelBase.dll sechost.dll kernel32.dll gdi32.dll advapi32.dll msvcrt.dll sechost.dll rpcrt4.dll clbcatq.dll ole32.dll gdi32.dll shlwapi.dll user32.dll lpk.dll user32.dll usp10.dll cryptbase.dll ntdll.dll imm32.dll msctf.dll winmmbase.dll KernelBase.dll wdscore.dll oleaut32.dll shell32.dll shlwapi.dll dbghelp.dll appinfo.dll cryptbase.dll CbsCore.dll version.dll crypt32.dll msvcr120_clr0400.dll msasn1.dll System.Data.Entity.dll rsaenh.dll ntdll.dll wintrust.dll userenv.dll ole32.dll winmmbase.dll profapi.dll ktmw32.dll dpx.dll dpx.dll user32.dll dpx.dll wcp.dll DrUpdate.dll setupapi.dll cfgmgr32.dll devobj.dll mpr.dll wrpint.dll sxsstore.dll sqmapi.dll winhttp.dll webio.dll winhttp.dll ntdll.dll webio.dll SensApi.dll cryptsp.dll rsaenh.dll RpcRtRemote.dll clbcatq.dll CbsApi.dll smipi.dll smiengine.dll,normal
 ntdll.dll rpcrt4.dll ntdll.dll cryptsp.dll pautoenr.dll wow64.dll wow64win.dll wow64cpu.dll presentationframework.dll kernel32.dll kernel32.dll kernel32.dll mpr.dll user32.dll kernel32.dll urlmon.dll kernelbase.dll advapi32.dll msvcrt.dll sechost.dll rpcrt4.dll inetcomm.dll rpcrt4.dll sspicli.dll wsock32.dll cryptbase.dll system.windows.forms.dll cryptbase.dll dnsapi.dll system.printing.dll ws2_32.dll nsi.dll winnsi.dll shlwapi.dll dhcpcsvc.dll api-ms-win-core-interlocked-l1-1-0.dll kernel32.dll dhcpcsvc6.dll shell32.dll shlwapi.dll gdi32.dll crypt32.dll cryptsp.dll gpapi.dll user32.dll lpk.dll usp10.dll ole32.dll imm32.dll msctf.dll advapi32.dll cabinet.dll clbcatq.dll shell32.dll oleaut32.dll cryptsp.dll rsaenh.dll execmodelproxy.dll rpcrtremote.dll wevtapi.dll ntdll.dll ntdll.dll wow64.dll wow64win.dll ntdll.dll wow64cpu.dll kernel32.dll kernel32.dll kernel32.dll user32.dll kernel32.dll shlwapi.dll rsaenh.dll kernelbase.dll msvcrt.dll winbrand.dll user32.dll gdi32.dll lpk.dll usp10.dll advapi32.dll sechost.dll rpcrt4.dll sspicli.dll cryptbase.dll imm32.dll msctf.dll apphelp.dll,normal
 ntdll.dll kernel32.dll kernelbase.dll system.windows.forms.dll devobj.dll advapi32.dll msvcrt.dll sechost.dll rpcrt4.dll gdi32.dll user32.dll lpk.dll bcryptprimitives.dll usp10.dll ole32.dll secur32.dll ncrypt.dll msimg32.dll sechost.dll wmsgapi.dll wtsapi32.dll winmm.dll userenv.dll profapi.dll winsta.dll sppuinotify.dll crypt32.dll user32.dll msasn1.dll rpcrtremote.dll msctfmonitor.dll imageres.dll msctf.dll imm32.dll system.data.dll uiautomationtypes.dll msutb.dll comctl32.dll shlwapi.dll secur32.dll gdi32.dll sspicli.dll cryptsp.dll shell32.dll cryptbase.dll uxtheme.dll wintrust.dll kernel32.dll gdi32.dll cryptsp.dll rsaenh.dll dfsrress.dll imagehlp.dll bcrypt.dll bcryptprimitives.dll ncrypt.dll rpcrtremote.dll oleaut32.dll gpapi.dll cryptnet.dll wldap32.dll sensapi.dll version.dll system.enterpriseservices.wrapper.dll clbcatq.dll oleaut32.dll urlmon.dll api-ms-win-downlevel-ole32-l1-1-0.dll api-ms-win-downlevel-shlwapi-l1-1-0.dll kernel32.dll api-ms-win-downlevel-advapi32-l1-1-0.dll sensapi.dll api-ms-win-downlevel-user32-l1-1-0.dll api-ms-win-downlevel-version-l1-1-0.dll api-ms-win-downlevel-normaliz-l1-1-0.dll normaliz.dll iertutil.dll wininet.dll,normal
 mscoree.dll mscoreei.dll clr.dll msvcr120_clr0400.dll msctf.dll ntdll.dll kernel32.dll kernelbase.dll msvcrt.dll advapi32.dll cryptbase.dll sechost.dll userenv.dll rpcrt4.dll shlwapi.dll gdi32.dll user32.dll user32.dll windows.applicationmodel.dll user32.dll lpk.dll system.web.services.dll usp10.dll imm32.dll cryptbase.dll fusion.dll cryptsp.dll mscorlib.dll rsaenh.dll kernel32.dll microsoft.management.infrastructure.native.dll microsoft.management.infrastructure.native.dll ntdll.dll propsys.dll kernel32.dll System.Core.dll kernelbase.dll advapi32.dll ole32.dll msvcrt.dll sechost.dll rpcrt4.dll advapi32.dll user32.dll gdi32.dll msasn1.dll mscorlib.ni.dll gdi32.dll msvcrt.dll lpk.dll imm32.dll usp10.dll oleaut32.dll ole32.dll bcrypt.dll ws2_32.dll nsi.dll twinui.dll imm32.dll samcli.dll msctf.dll clbcatq.dll cryptbase.dll psapi.dll cryptbase.dll clbcatq.dll comctl32.dll msxml3.dll cryptsp.dll uxtheme.dll rsaenh.dll rpcrtremote.dll ntdsapi.dll msvcr90.dll msvcp90.dll wmiutils.dll wbemcomn2.dll wbemprox.dll vsocklib.dll fastprox.dll wbemsvc.dll wmiprov.dll wbemcomn.dll loadperf.dll vmstatsprovider.dll vmguestlib.dll,normal
 ntdll.dll kernelbase.dll msvcrt.dll nss3.dll,normal
 gdi32.dll wow64.dll ntdll.dll imageres.dll kernel32.dll user32.dll kernelbase.dll user32.dll msvcrt.dll gdi32.dll imm32.dll winbrand.dll msctf.dll combase.dll msctf.dll rpcrt4.dll kernel.appcore.dll psapi.dll cryptbase.dll bcryptprimitives.dll sechost.dll uxtheme.dll cryptsp.dll rsaenh.dll bcrypt.dll sensapi.dll clbcatq.dll mscoree.dll ole32.dll tipskins.dll bcp47langs.dll winsta.dll dui70.dll oleaut32.dll iertutil.dll cryptbase.dll rpcrt4.dll shcore.dll kernelbase.dll dwmapi.dll twinapi.dll shell32.dll shlwapi.dll rpcrtremote.dll userenv.dll profapi.dll gpapi.dll user32.dll tipres.dll comctl32.dll duser.dll gdiplus.dll windows.ui.dll ninput.dll tiptsf.dll sechost.dll oleacc.dll,normal
 msvcr120_clr0400.dll rpcrt4.dll sensapi.dll mpr.dll ntdll.dll ntdll.dll kernel32.dll wow64.dll sxs.dll wow64win.dll wow64cpu.dll msvcrt.dll usp10.dll kernelbase.dll kernel32.dll kernel32.dll kernel32.dll user32.dll kernel32.dll kernelbase.dll msvcrt.dll winbrand.dll user32.dll accessibility.ni.dll cryptsp.dll gdi32.dll lpk.dll usp10.dll wow64cpu.dll advapi32.dll ntdll.dll sechost.dll System.XML.dll usp10.dll msvcrt.dll rpcrt4.dll imm32.dll clbcatq.dll sspicli.dll rsaenh.dll cryptbase.dll imm32.dll msctf.dll apphelp.dll msvcr120_clr0400.dll ntdll.dll kernel32.dll kernel32.dll kernelbase.dll rsaenh.dll advapi32.dll sspicli.dll msvcrt.dll sechost.dll shlwapi.dll rpcrt4.dll msvcr120_clr0400.dll cryptbase.dll kernel32.dll mscoree.dll ole32.dll system.deployment.ni.dll gdi32.dll user32.dll lpk.dll usp10.dll oleaut32.dll imm32.dll msctf.dll system.core.dll shell32.dll cryptbase.dll dhcpcsvc.dll cryptsp.dll rsaenh.dll rpcrtremote.dll clbcatq.dll sxs.dll mscoreei.dll mscorwks.dll sechost.dll uiautomationtypes.dll rpcrtremote.dll powrprof.dll ole32.dll msvcr80.dll shlwapi.dll shell32.dll profapi.dll mscorlib.ni.dll mscorjit.dll kernel32.dll mscorlib.dll wevtapi.dll devobj.dll kernel32.dll wow64.dll mscorlib.dll version.dll mscorlib.dll ole32.dll mscorlib.dll ehiitv.ni.dll system.ni.dll kernel32.dll wldap32.dll bdatunepia.ni.dll bdatunepia.dll bdatunepia.dll bdatunepia.dll uiautomationcore.dll microsoft.visualc.ni.dll system.configuration.ni.dll system.xml.ni.dll system.security.ni.dll system.data.sqlxml.ni.dll ntdll.dll wow64cpu.dll security.dll winhttp.dll kernel32.dll kernelbase.dll advapi32.dll msvcrt.dll sechost.dll sensapi.dll gdi32.dll rpcrt4.dll msvcr120_clr0400.dll mscoree.dll ntdll.dll ole32.dll gdi32.dll user32.dll lpk.dll usp10.dll oleaut32.dll imm32.dll msctf.dll cryptbase.dll rpcrtremote.dll cryptsp.dll rsaenh.dll rpcrtremote.dll clbcatq.dll winmmbase.dll sxs.dll ntdll.dll mscoreei.dll mscorwks.dll msvcr80.dll crypt32.dll shlwapi.dll rpcrt4.dll shell32.dll profapi.dll system.serviceprocess.ni.dll kernel32.dll mscorlib.ni.dll mscorjit.dll mscorlib.dll mscorlib.dll version.dll msvcrt.dll mscorlib.dll mscorlib.dll system.ni.dll microsoft.grouppolicy.interop.ni.dll urlmon.dll comctl32.dll microsoft.grouppolicy.interop.dll microsoft.grouppolicy.interop.dll microsoft.grouppolicy.interop.dll activeds.dll adsldpc.dll wldap32.dll setupapi.dll atl.dll nsi.dll crypt32.dll msasn1.dll rpcrtremote.dll netapi32.dll combase.dll netutils.dll msvcr120_clr0400.dll srvcli.dll wkscli.dll System.Management.ni.dll ntdsapi.dll usp10.dll ws2_32.dll dnsapi.dll dsrole.dll fde.dll mfc42u.dll comctl32.dll mpr.dll odbc32.dll odbcint.dll ntdll.dll microsoft.visualc.ni.dll system.directoryservices.ni.dll clbcatq.dll system.configuration.ni.dll system.xml.ni.dll system.security.dll ntmarta.dll kernel32.dll system.security.ni.dll system.data.sqlxml.ni.dll clbcatq.dll advapi32.dll webio.dll ntdll.dll kernel32.dll kernelbase.dll advapi32.dll msvcrt.dll sechost.dll gdi32.dll rpcrt4.dll msvcr120_clr0400.dll mscoree.dll d3d10level9.dll ole32.dll gdi32.dll ole32.dll user32.dll lpk.dll usp10.dll oleaut32.dll msctf.dll ucrtbase.dll imm32.dll msctf.dll msctf.dll cryptbase.dll uiautomationtypes.dll cryptsp.dll wininet.dll rsaenh.dll rpcrtremote.dll clbcatq.dll sxs.dll mscoreei.dll advapi32.dll bcryptprimitives.dll xmllite.dll clr.dll shlwapi.dll gdi32.dll mscorlib.ni.dll clrjit.dll version.dll gdiplus.dll system.directoryservices.dll mscorlib.dll sechost.dll mscorlib.dll system.ni.dll microsoft.visualstudio.tools.applications.serverdocument.ni.dll microsoft.office.tools.ni.dll spoolss.dll rpcrt4.dll uxtheme.dll naturallanguage6.dll system.core.ni.dll winmm.dll microsoft.visualstudio.tools.applications.runtime.ni.dll system.xml.ni.dll system.drawing.ni.dll system.windows.forms.ni.dll microsoft.visualstudio.tools.applications.hosting.ni.dll system.data.ni.dll system.data.dll system.data.dll system.data.dll user32.dll system.data.dll system.data.dll system.data.dll system.data.dll system.xml.linq.ni.dll system.deployment.ni.dll kernelbase.dll system.security.ni.dll microsoft.visualstudio.tools.office.runtime.ni.dll ntdll.dll system.drawing.dll ntdll.dll wow64.dll rpcrt4.dll system.numerics.dll wow64win.dll wow64cpu.dll kernel32.dll win32u.dll kernel32.dll kernel32.dll user32.dll adtschema.dll kernel32.dll kernelbase.dll vssapi.dll duser.dll advapi32.dll msvcrt.dll sechost.dll RpcRtRemote.dll rpcrt4.dll sspicli.dll cryptbase.dll msvcr120_clr0400.dll mscoree.dll ole32.dll gdi32.dll user32.dll ole32.dll lpk.dll usp10.dll oleaut32.dll imm32.dll msctf.dll cryptsp.dll rsaenh.dll rpcrtremote.dll clbcatq.dll shlwapi.dll dwmcore.dll sxs.dll mscorlib.dll System.Core.dll mscoreei.dll lpk.dll mscorwks.dll msvcr80.dll shlwapi.dll shell32.dll profapi.dll sechost.dll mscorlib.ni.dll mscorjit.dll oleaut32.dll mscorlib.dll mscorlib.dll version.dll mscorlib.dll mscorlib.dll system.ni.dll taskscheduler.ni.dll shell32.dll system.dll system.dll system.dll dhcpcsvc6.dll system.dll msvcrt.dll microsoft.managementconsole.ni.dll ntdll.dll microsoft.managementconsole.dll microsoft.managementconsole.dll rpcrt4.dll taskscheduler.dll system.serviceprocess.dll taskscheduler.dll miguicontrols.ni.dll miguicontrols.dll miguicontrols.dll system.drawing.ni.dll system.windows.forms.ni.dll system.windows.forms.dll user32.dll system.windows.forms.dll system.windows.forms.dll system.web.dll system.windows.forms.dll ntdll.dll cryptbase.dll system.drawing.dll system.drawing.dll propsys.dll winbrand.dll system.drawing.dll system.drawing.dll system.configuration.install.ni.dll cryptbase.dll system.configuration.install.dll system.configuration.install.dll mmcfxcommon.ni.dll mmcfxcommon.dll mmcfxcommon.dll system.runtime.serialization.formatters.soap.ni.dll msvcrt.dll system.runtime.serialization.formatters.soap.dll system.runtime.serialization.formatters.soap.dll system.configuration.ni.dll system.configuration.dll user32.dll system.configuration.dll system.configuration.dll clbcatq.dll system.configuration.dll system.xml.ni.dll system.xml.dll system.xml.dll system.xml.dll system.xml.dll imm32.dll system.data.dll bcryptprimitives.dll gdi32.dll system.security.ni.dll system.security.dll system.security.dll system.security.dll system.security.dll System.Xml.ni.dll system.security.dll system.data.sqlxml.ni.dll system.data.sqlxml.dll system.data.sqlxml.dll system.data.sqlxml.dll api-ms-win-core-localization-l1-2-0.dll system.data.sqlxml.dll accessibility.ni.dll accessibility.dll accessibility.dll accessibility.dll accessibility.dll system.deployment.ni.dll system.deployment.dll system.deployment.dll system.deployment.dll system.deployment.dll policymanager.dll system.serviceprocess.ni.dll wpdshext.dll system.serviceprocess.dll mcxdriv.dll system.serviceprocess.dll system.web.ni.dll msimg32.dll system.web.dll system.web.dll system.web.dll mscorjit.dll system.web.dll system.data.ni.dll system.data.dll system.data.dll system.data.dll system.data.dll vbscript.dll system.data.dll ws2_32.dll nsi.dll crypt32.dll msasn1.dll system.web.services.ni.dll system.web.services.dll rsaenh.dll system.web.services.dll system.web.services.dll advapi32.dll system.web.services.dll system.directoryservices.ni.dll system.directoryservices.dll system.directoryservices.dll system.directoryservices.dll system.directoryservices.dll system.directoryservices.protocols.ni.dll ntdll.dll ieframe.dll system.directoryservices.protocols.dll system.directoryservices.protocols.dll system.directoryservices.protocols.dll system.directoryservices.protocols.dll system.enterpriseservices.ni.dll system.enterpriseservices.dll system.enterpriseservices.dll system.design.ni.dll system.design.dll system.design.dll system.web.regularexpressions.ni.dll system.web.regularexpressions.dll system.web.regularexpressions.dll system.web.regularexpressions.dll system.web.regularexpressions.dll microsoft.visualc.ni.dll system.transactions.ni.dll system.transactions.dll system.transactions.dll system.transactions.dll system.transactions.dll system.transactions.dll system.runtime.remoting.ni.dll system.runtime.remoting.dll system.runtime.remoting.dll system.drawing.design.ni.dll system.drawing.design.dll system.drawing.design.dll system.data.oracleclient.ni.dll system.data.oracleclient.dll system.data.oracleclient.dll system.data.oracleclient.dll system.data.oracleclient.dll system.data.oracleclient.dll,normal
 ntdll.dll ntdll.dll kernel32.dll kernelbase.dll msctf.dll kernelbase.dll msvcrt.dll msvcrt.dll combase.dll ucrtbase.dll ucrtbase.dll rpcrt4.dll rpcrt4.dll bcryptprimitives.dll bcryptprimitives.dll kernel.appcore.dll kernel.appcore.dll sechost.dll sechost.dll system.configuration.ni.dll kernel32.dll rmclient.dll rmclient.dll kernel32.dll wintypes.dll msvcrt.dll adtschema.dll bcryptprimitives.dll wintypes.dll gdi32.dll shcore.dll oleaccrc.dll shcore.dll mscoreei.dll user32.dll win32u.dll gdi32.dll sechost.dll uiautomationtypes.dll gdi32full.dll System.Core.dll msvcp_win.dll setupapi.dll msvcp_win.dll imm32.dll rpcrtremote.dll twinapi.appcore.dll twinapi.appcore.dll usp10.dll mrmcore.dll mrmcorer.dll onecoreuapcommonproxystub.dll onecoreuapcommonproxystub.dll usp10.dll profapi.dll windows.ui.dll windows.ui.dll inputhost.dll schannel.dll textinputframework.dll coremessaging.dll coremessaging.dll usp10.dll coreuicomponents.dll coreuicomponents.dll advapi32.dll advapi32.dll ntmarta.dll imagehlp.dll msvcrt.dll ntmarta.dll coreuicomponents.dll System.ni.dll coreuicomponents.dll languageoverlayutil.dll languageoverlayutil.dll wtsapi32.dll bcp47mrm.dll bcp47mrm.dll uxtheme.dll uxtheme.dll dnsapi.dll msctf.dll biwinrt.dll biwinrt.dll oleaut32.dll contentdeliverymanager.background.dll policymanager.dll dnsapi.dll policymanager.dll sspicli.dll system.xml.dll sspicli.dll winbrand.dll rasman.dll slc.dll slc.dll wldp.dll wldp.dll crypt32.dll msasn1.dll msasn1.dll shell32.dll wincorlib.dll mscorlib.dll cdp.dll cdp.dll ntmarta.dll cryptbase.dll sppc.dll sppc.dll wintrust.dll lpk.dll msvcp110_win.dll msvcp110_win.dll ws2_32.dll ws2_32.dll cfgmgr32.dll rsaenh.dll bcrypt.dll bcrypt.dll ole32.dll winhttp.dll winhttp.dll iphlpapi.dll msasn1.dll gdi32.dll ncrypt.dll sechost.dll ncrypt.dll ntasn1.dll shlwapi.dll ntasn1.dll windows.storage.applicationdata.dll windows.storage.applicationdata.dll logoncli.dll threadpoolwinrt.dll threadpoolwinrt.dll windows.applicationmodel.background.timebroker.dll windows.applicationmodel.background.timebroker.dll windows.applicationmodel.background.systemeventsbroker.dll windows.applicationmodel.background.systemeventsbroker.dll,normal
 ntdll.dll ntdll.dll wow64.dll lpk.dll kernelbase.dll wow64win.dll wow64cpu.dll usp10.dll advapi32.dll kernel32.dll usp10.dll imm32.dll system.servicemodel.internals.ni.dll kernel32.dll wldp.dll kernel32.dll user32.dll kernel32.dll wcp.dll kernelbase.dll System.Web.dll imm32.dll advapi32.dll rpcrtremote.dll msvcrt.dll sechost.dll rpcrt4.dll sspicli.dll cryptbase.dll user32.dll gdi32.dll lpk.dll usp10.dll ws2_32.dll user32.dll nsi.dll imm32.dll msctf.dll sccls.dll uxtheme.dll shell32.dll shlwapi.dll ole32.dll propsys.dll oleaut32.dll comctl32.dll apphelp.dll advapi32.dll clbcatq.dll ieframe.dll psapi.dll slc.dll oleacc.dll iertutil.dll urlmon.dll shacct.dll cryptsp.dll wininet.dll crypt32.dll msasn1.dll ntmarta.dll wldap32.dll profapi.dll winhttp.dll setupapi.dll cfgmgr32.dll devobj.dll,normal
 ntdll.dll kernel32.dll version.dll scrrun.dll kernelbase.dll msvcrt.dll winbrand.dll user32.dll gdi32.dll gdi32.dll lpk.dll mscorlib.dll usp10.dll imm32.dll msctf.dll apphelp.dll,normal
 sendmail.dll mydocs.dll,normal
 ntdll.dll kernel32.dll kernelbase.dll user32.dll shell32.dll win32u.dll gdi32.dll rascfg.dll msctf.dll sechost.dll apphelp.dll api-ms-win-crt-heap-l1-1-0.dll gdi32full.dll msvcp_win.dll ucrtbase.dll msvcrt.dll secur32.dll imm32.dll combase.dll npmproxy.dll msvcrt.dll rpcrt4.dll bcryptprimitives.dll w32time.dll crypt32.dll kernel.appcore.dll imm32.dll sechost.dll uxtheme.dll clbcatq.dll ole32.dll bcp47langs.dll oleaut32.dll dwmapi.dll shcore.dll textinputframework.dll mscoree.dll coreuicomponents.dll coremessaging.dll advapi32.dll sfc.dll peerdistsh.dll ntmarta.dll wintypes.dll usermgrcli.dll rsaenh.dll imm32.dll kernel32.dll windows.storage.dll msvcrt.dll shlwapi.dll powrprof.dll profapi.dll userenv.dll gpapi.dll sensapi.dll dui70.dll comctl32.dll duser.dll msctf.dll atlthunk.dll tiptsf.dll policymanager.dll msvcp110_win.dll system.runtime.remoting.dll oleacc.dll onecorecommonproxystub.dll winsta.dll tipskins.dll twinapi.dll tipres.dll tipres.dll wow64cpu.dll gdiplus.dll tabskb.dll tipresx.dll tipresx.dll,normal
 ntdll.dll ntdll.dll wow64.dll wow64win.dll cryptsp.dll userenv.dll wow64cpu.dll kernel32.dll kernel32.dll kernel32.dll sechost.dll user32.dll system.transactions.dll kernel32.dll kernelbase.dll advapi32.dll msvcrt.dll sechost.dll mscorwks.dll winmm.dll rpcrt4.dll sspicli.dll mrmcorer.dll cryptbase.dll winhttp.dll msvcr120_clr0400.dll msvcr80.dll mscoree.dll ole32.dll gpapi.dll lpk.dll gdi32.dll win32u.dll user32.dll lpk.dll usp10.dll imecfm.dll oleaut32.dll wintrust.dll imm32.dll msctf.dll sxs.dll msctf.dll cryptsp.dll rsaenh.dll rpcrtremote.dll clbcatq.dll ntdll.dll msvcrt.dll sxs.dll mscoreei.dll cryptsp.dll smdiagnostics.ni.dll rpcrt4.dll ieframe.dll mscorwks.dll msvcr80.dll shlwapi.dll winmm.dll shell32.dll profapi.dll msvcrt.dll mscorlib.ni.dll mscorjit.dll mscorlib.dll mscorlib.dll version.dll mscorlib.dll mscorlib.dll mscorsec.dll msctf.dll ntdll.dll ntdll.dll wintrust.dll microsoft.visualstudio.tools.office.appinfodocument.v9.0.dll microsoft.visualstudio.tools.office.appinfodocument.v9.0.dll shlwapi.dll crypt32.dll ntdll.dll msasn1.dll comctl32.dll mscoree.dll riched20.dll imagehlp.dll ncrypt.dll bcrypt.dll bcryptprimitives.dll ole32.dll userenv.dll presentationframework.royale.dll rpcrt4.dll gpapi.dll cryptnet.dll wldap32.dll clrjit.dll sensapi.dll microsoft.visualstudio.tools.office.appinfodocument.v9.0.dll system.ni.dll msvcrt.dll system.addin.ni.dll System.Core.dll microsoft.visualstudio.tools.applications.runtime.v9.0.ni.dll microsoft.visualstudio.tools.applications.runtime.v9.0.dll wsock32.dll microsoft.visualstudio.tools.applications.runtime.v9.0.dll microsoft.visualstudio.tools.applications.runtime.v9.0.dll microsoft.visualstudio.tools.applications.runtime.v9.0.dll system.dll system.dll system.dll clr.dll system.dll system.addin.dll system.addin.dll system.addin.dll kernel32.dll system.addin.dll windowsbase.ni.dll windowsbase.dll windowsbase.dll windowsbase.dll windowsbase.dll system.xml.ni.dll system.xml.dll system.xml.dll system.xml.dll advapi32.dll system.xml.dll system.configuration.ni.dll system.configuration.dll system.configuration.dll system.configuration.dll system.configuration.dll system.runtime.remoting.ni.dll system.runtime.remoting.dll system.runtime.remoting.dll system.addin.contract.ni.dll system.addin.contract.dll system.addin.contract.dll system.addin.contract.dll system.addin.contract.dll,normal
 ntdll.dll mssvp.dll ntdll.dll ntdll.dll nlaapi.dll rsaenh.dll gdi32.dll kernel32.dll kernelbase.dll kernelbase.dll rdpendp.dll kernelbase.dll advapi32.dll advapi32.dll Microsoft.VisualC.ni.dll shell32.dll msvcrt.dll msvcrt.dll rpcrt4.dll rpcrt4.dll crypt32.dll bcrypt.dll bcrypt.dll cryptxml.dll cryptxml.dll ole32.dll oleaut32.dll xmllite.dll sspicli.dll xmllite.dll sechost.dll rasman.dll lltdapi.dll sechost.dll msimg32.dll msasn1.dll msasn1.dll webservices.dll webservices.dll KernelBase.dll combase.dll gdi32.dll user32.dll cryptsp.dll kernel.appcore.dll kernel.appcore.dll System.XML.dll cryptbase.dll clbcatq.dll cryptbase.dll bcryptprimitives.dll bcryptprimitives.dll cryptsp.dll user32.dll cryptsp.dll rsaenh.dll imm32.dll rsaenh.dll sppwinob.dll sppwinob.dll KernelBase.dll sechost.dll netapi32.dll netutils.dll srvcli.dll wkscli.dll dsrole.dll sppobjs.dll sspicli.dll sppobjs.dll wwapi.dll wwapi.dll clbcatq.dll taskschd.dll taskschd.dll sspicli.dll sspicli.dll,normal
 ntdll.dll kernel32.dll KernelBase.dll gdi32.dll user32.dll lpk.dll usp10.dll msvcrt.dll imm32.dll cryptbase.dll rpcrt4.dll msctf.dll ole32.dll mscorjit.dll rpcrt4.dll oleaut32.dll cryptbase.dll clbcatq.dll nsi.dll advapi32.dll bcrypt.dll sechost.dll ntdll.dll kernel32.dll KernelBase.dll rsaenh.dll wintrust.dll gdi32.dll lpk.dll user32.dll lpk.dll usp10.dll msvcrt.dll sspicli.dll wmsgapi.dll system.management.automation.dll oleaut32.dll imm32.dll kernelbase.dll msctf.dll ole32.dll rpcrt4.dll oleaut32.dll cryptbase.dll clbcatq.dll advapi32.dll sechost.dll,normal
 ntdll.dll sspicli.dll ntdll.dll kernel32.dll wdscore.dll kernelbase.dll mapi32.dll rsaenh.dll kernelbase.dll advapi32.dll updatenotificationhelpers.dll msvcrt.dll fastprox.dll mscorlib.ni.dll advapi32.dll msvcrt.dll msvcrt.dll ieframe.dll combase.dll oleaut32.dll user32.dll tquery.dll tquery.dll imm32.dll msshooks.dll msshooks.dll shlwapi.dll sechost.dll advapi32.dll sechost.dll rpcrt4.dll kernel32.dll rpcrt4.dll gdi32.dll msctf.dll kernel.appcore.dll kernel.appcore.dll cryptbase.dll cryptbase.dll cryptsp.dll bcryptprimitives.dll System.Printing.dll bcryptprimitives.dll userenv.dll clbcatq.dll rpcrt4.dll nsi.dll cryptsp.dll cryptsp.dll rsaenh.dll rsaenh.dll bcrypt.dll bcrypt.dll mssprxy.dll mssprxy.dll shcore.dll shcore.dll,normal
 staterepository.core.dll ntdll.dll ntdll.dll clbcatq.dll mmdevapi.dll wow64.dll wow64win.dll wow64cpu.dll cfgmgr32.dll kernel32.dll kernel32.dll kernel32.dll user32.dll powrprof.dll kernel32.dll kernelbase.dll msvcrt.dll winbrand.dll user32.dll mscorlib.dll System.Xml.ni.dll gdi32.dll lpk.dll msvcrt.dll usp10.dll advapi32.dll sechost.dll msvcrt.dll bcryptprimitives.dll rpcrt4.dll sspicli.dll cryptbase.dll imm32.dll msctf.dll apphelp.dll,normal
 ntdll.dll kernel32.dll KernelBase.dll advapi32.dll msvcrt.dll sechost.dll rpcrt4.dll msvcr120_clr0400.dll mscoree.dll imm32.dll ole32.dll gdi32.dll user32.dll lpk.dll oleaut32.dll usp10.dll oleaut32.dll imm32.dll iertutil.dll msctf.dll wmiutils.dll cryptbase.dll cryptsp.dll rsaenh.dll mscorlib.ni.dll netutils.dll RpcRtRemote.dll clbcatq.dll oleacc.dll shell32.dll oleaut32.dll lpk.dll sxs.dll dpx.dll msls31.dll mscoreei.dll clr.dll dhcpcsvc6.dll shlwapi.dll sechost.dll mscorlib.ni.dll uiautomationprovider.dll clrjit.dll System.ni.dll System.Core.ni.dll System.IdentityModel.ni.dll version.dll mscorlib.dll System.Security.ni.dll ntdll.dll mscorlib.dll rsaenh.dll System.Runtime.Serialization.ni.dll oleaut32.dll System.Xml.ni.dll SMDiagnostics.ni.dll System.Configuration.ni.dll System.ServiceModel.Internals.ni.dll userenv.dll System.Security.ni.dll System.Web.ApplicationServices.ni.dll System.Numerics.ni.dll ntdll.dll ntdll.dll usp10.dll wow64.dll kernel32.dll wow64win.dll advapi32.dll wow64cpu.dll shell32.dll winsta.dll kernel32.dll rsaenh.dll System.ni.dll kernel32.dll kernel32.dll user32.dll kernel32.dll KernelBase.dll advapi32.dll msvcrt.dll sechost.dll rpcrtremote.dll rpcrt4.dll System.Security.dll sspicli.dll ntdll.dll cryptsp.dll cryptbase.dll System.Design.ni.dll ntdll.dll msvcr120_clr0400.dll mscoree.dll ole32.dll gdi32.dll user32.dll clbcatq.dll lpk.dll usp10.dll oleaut32.dll wups.dll imm32.dll user32.dll msvcrt.dll Microsoft.Office.Tools.Common.Implementation.ni.dll msctf.dll cryptsp.dll comctl32.dll rsaenh.dll RpcRtRemote.dll msctf.dll clbcatq.dll sxs.dll mscoreei.dll mscorwks.dll msvcr80.dll gdi32full.dll system.deployment.dll system.web.dll shlwapi.dll shell32.dll profapi.dll mscorlib.ni.dll mscorjit.dll system.web.regularexpressions.dll mscorlib.dll mscorlib.dll version.dll mscorlib.dll mscorlib.dll System.ni.dll ReachFramework.ni.dll culture.dll rpcrtremote.dll ReachFramework.dll ReachFramework.dll System.dll System.dll System.dll System.dll WindowsBase.ni.dll msvcrt.dll PresentationCore.ni.dll PresentationFramework.ni.dll version.dll PresentationFramework.dll PresentationFramework.dll PresentationFramework.dll ole32.dll wpdshext.dll PresentationFramework.dll WindowsBase.dll WindowsBase.dll System.ni.dll msvcr120_clr0400.dll WindowsBase.dll WindowsBase.dll PresentationCore.dll PresentationCore.dll PresentationCore.dll PresentationCore.dll System.Printing.ni.dll System.Printing.dll System.Printing.dll System.Printing.dll System.Printing.dll System.Xml.ni.dll System.XML.dll System.XML.dll System.Data.OracleClient.ni.dll System.XML.dll System.XML.dll oleaut32.dll System.Drawing.ni.dll usp10.dll System.Drawing.dll System.Drawing.dll System.Drawing.dll system.directoryservices.protocols.dll System.Drawing.dll System.Security.ni.dll cryptbase.dll ntdll.dll System.Security.dll System.Security.dll ole32.dll System.Security.dll System.Security.dll system.web.dll wow64win.dll System.Configuration.ni.dll System.configuration.dll System.configuration.dll System.configuration.dll System.configuration.dll System.Data.SqlXml.ni.dll dnsapi.dll System.Data.SqlXml.dll System.Data.SqlXml.dll System.Data.SqlXml.dll System.Data.SqlXml.dll UIAutomationProvider.ni.dll UIAutomationProvider.dll UIAutomationProvider.dll UIAutomationProvider.dll UIAutomationProvider.dll System.Deployment.ni.dll System.Deployment.dll System.Deployment.dll oleaut32.dll System.Deployment.dll System.Deployment.dll PresentationUI.ni.dll cfgmgr32.dll imm32.dll netprofm.dll PresentationUI.dll PresentationUI.dll winsta.dll UIAutomationTypes.ni.dll cfgmgr32.dll UIAutomationTypes.dll UIAutomationTypes.dll UIAutomationTypes.dll UIAutomationTypes.dll setupapi.dll System.Data.ni.dll rpcrt4.dll lspweb.dll System.Data.dll sxs.dll System.Data.dll system.directoryservices.dll System.Data.dll System.Data.dll System.Data.dll ws2_32.dll nsi.dll bcp47mrm.dll crypt32.dll msasn1.dll Accessibility.ni.dll Accessibility.dll gpapi.dll Accessibility.dll Accessibility.dll Accessibility.dll Microsoft.VisualC.ni.dll PresentationCFFRasterizer.ni.dll PresentationCFFRasterizer.dll PresentationCFFRasterizer.dll mmcndmgr.dll System.Windows.Forms.ni.dll System.Windows.Forms.dll SHCore.dll usp10.dll user32.dll shlwapi.dll System.Windows.Forms.dll System.Windows.Forms.dll mscorwks.dll System.Windows.Forms.dll cryptbase.dll System.Runtime.Serialization.Formatters.Soap.ni.dll System.Runtime.Serialization.Formatters.Soap.dll srvcli.dll System.Runtime.Serialization.Formatters.Soap.dll System.DirectoryServices.ni.dll System.DirectoryServices.dll System.DirectoryServices.dll System.DirectoryServices.dll System.DirectoryServices.dll msvcr120_clr0400.dll System.Transactions.ni.dll xmllite.dll System.Transactions.dll System.Transactions.dll System.Transactions.dll System.Transactions.dll user32.dll System.Transactions.dll System.EnterpriseServices.ni.dll System.EnterpriseServices.dll System.EnterpriseServices.dll System.Runtime.Remoting.ni.dll System.Runtime.Remoting.dll System.Runtime.Remoting.dll System.Web.ni.dll System.Web.dll System.Web.dll System.Web.dll System.Web.dll System.Web.Services.ni.dll System.Web.Services.dll System.Web.Services.dll System.Web.Services.dll System.Web.Services.dll sppcext.dll System.DirectoryServices.Protocols.ni.dll System.DirectoryServices.Protocols.dll mscoree.dll wshqos.dll version.dll system.web.regularexpressions.dll System.DirectoryServices.Protocols.dll System.DirectoryServices.Protocols.dll System.DirectoryServices.Protocols.dll System.Design.ni.dll System.Design.dll msctf.dll System.Design.dll secur32.dll System.ServiceProcess.ni.dll mswsock.dll smiengine.dll System.ServiceProcess.dll System.ServiceProcess.dll System.Web.RegularExpressions.ni.dll gdi32full.dll System.Web.RegularExpressions.dll System.Web.RegularExpressions.dll clrjit.dll System.Web.RegularExpressions.dll System.Web.RegularExpressions.dll System.Drawing.Design.ni.dll System.Drawing.Design.dll sechost.dll cryptbase.dll System.Drawing.Design.dll System.Data.OracleClient.ni.dll System.Data.OracleClient.dll sechost.dll System.Data.OracleClient.dll System.Data.OracleClient.dll imm32.dll user32.dll kernel32.dll System.Data.OracleClient.dll System.Data.OracleClient.dll System.Configuration.Install.ni.dll wow64cpu.dll System.Configuration.Install.dll System.Configuration.Install.dll ntdll.dll shlwapi.dll ntdll.dll wow64.dll wow64win.dll shell32.dll wow64cpu.dll kernel32.dll mssprxy.dll system.data.dll kernel32.dll winrttracing.dll kernel32.dll user32.dll kernel32.dll KernelBase.dll advapi32.dll oleaut32.dll msvcrt.dll sensorsnativeapi.v2.dll sechost.dll rpcrt4.dll sspicli.dll cryptbase.dll msvcr120_clr0400.dll user32.dll mscoree.dll wow64win.dll ole32.dll gdi32.dll api-ms-win-core-sysinfo-l1-2-0.dll user32.dll dhcpcsvc6.dll lpk.dll PresentationFramework.dll usp10.dll oleaut32.dll imm32.dll msctf.dll cryptsp.dll rsaenh.dll RpcRtRemote.dll clbcatq.dll sxs.dll mscoreei.dll ntdll.dll mscorwks.dll msvcr80.dll rpcrt4.dll System.Drawing.dll shlwapi.dll shell32.dll dhcpcsvc.dll system.transactions.dll profapi.dll mscorlib.ni.dll mscorjit.dll system.data.oracleclient.dll mscorlib.dll mscorlib.dll usp10.dll version.dll api-ms-win-core-libraryloader-l1-1-0.dll mscorlib.dll profapi.dll mscorlib.dll msvcr80.dll System.ni.dll System.ServiceModel.ni.dll ntshrui.dll wow64cpu.dll lpk.dll System.ServiceModel.dll System.ServiceModel.dll System.dll msvcr120_clr0400.dll System.ServiceModel.dll System.ServiceModel.dll imageres.dll System.dll System.dll gpapi.dll kernel32.dll System.dll System.dll InkObj.dll SMDiagnostics.ni.dll SMdiagnostics.dll SMdiagnostics.dll SMdiagnostics.dll SMdiagnostics.dll System.Runtime.Serialization.ni.dll System.Runtime.Serialization.dll System.Runtime.Serialization.dll ws2_32.dll System.Runtime.Serialization.dll System.Runtime.Serialization.dll System.Web.ni.dll bcrypt.dll System.Web.dll System.Web.dll System.Core.ni.dll System.Web.dll System.Web.dll System.Xml.ni.dll advapi32.dll System.XML.dll msvcrt.dll System.XML.dll oleacc.dll usp10.dll vm3dum64.dll System.XML.dll System.XML.dll System.Configuration.ni.dll System.configuration.dll System.configuration.dll advapi32.dll System.configuration.dll advapi32.dll System.configuration.dll System.Transactions.ni.dll System.Transactions.dll rpcrt4.dll System.Transactions.dll System.Transactions.dll System.Transactions.dll msctf.dll System.Transactions.dll System.IdentityModel.ni.dll System.IdentityModel.dll System.IdentityModel.dll kernel32.dll System.IdentityModel.dll System.IdentityModel.dll System.EnterpriseServices.ni.dll System.Runtime.Serialization.dll System.EnterpriseServices.dll System.EnterpriseServices.dll System.Web.RegularExpressions.ni.dll oleaut32.dll System.Web.RegularExpressions.dll System.Web.RegularExpressions.dll System.Web.RegularExpressions.dll System.Web.RegularExpressions.dll System.ServiceProcess.ni.dll System.ServiceProcess.dll ntdll.dll vcruntime140.dll System.ServiceProcess.dll System.Web.Services.ni.dll System.Web.Services.dll System.Web.Services.dll kernel32.dll System.Web.Services.dll GdiPlus.dll msasn1.dll ntdll.dll kernel32.dll System.Web.Services.dll System.Messaging.ni.dll ole32.dll ole32.dll System.Messaging.dll System.Messaging.dll System.IdentityModel.Selectors.ni.dll cryptbase.dll System.IdentityModel.Selectors.dll System.IdentityModel.Selectors.dll System.DirectoryServices.ni.dll System.DirectoryServices.dll System.DirectoryServices.dll System.DirectoryServices.dll usp10.dll System.DirectoryServices.dll advapi32.dll Microsoft.Transactions.Bridge.ni.dll Microsoft.Transactions.Bridge.dll Microsoft.Transactions.Bridge.dll setupapi.dll adwsres.dll System.Security.ni.dll cryptsp.dll System.Security.dll user32.dll RpcRtRemote.dll System.Security.dll System.Security.dll System.Security.dll System.Data.SqlXml.ni.dll lpk.dll System.Data.SqlXml.dll microsoft.powershell.commands.diagnostics.ni.dll System.Data.SqlXml.dll system.xml.ni.dll System.Data.SqlXml.dll dwmcore.dll System.Data.SqlXml.dll System.Drawing.ni.dll System.Drawing.dll System.Drawing.dll System.Drawing.dll setupapi.dll System.Drawing.dll System.Data.ni.dll System.Data.dll System.Data.dll System.Data.dll profapi.dll System.Data.dll System.Data.dll ws2_32.dll nsi.dll crypt32.dll msasn1.dll kernel32.dll system.data.dll System.DirectoryServices.Protocols.ni.dll System.DirectoryServices.Protocols.dll System.DirectoryServices.Protocols.dll System.DirectoryServices.Protocols.dll System.DirectoryServices.Protocols.dll fusion.dll imm32.dll shlwapi.dll System.Design.ni.dll System.Design.dll System.Design.dll System.Windows.Forms.ni.dll System.Windows.Forms.dll msvcrt.dll System.Windows.Forms.dll System.Windows.Forms.dll System.Windows.Forms.dll Microsoft.VisualC.ni.dll wow64win.dll System.Runtime.Remoting.ni.dll wldap32.dll System.Runtime.Remoting.dll System.Runtime.Remoting.dll System.Runtime.Serialization.Formatters.Soap.ni.dll System.Runtime.Serialization.Formatters.Soap.dll System.Runtime.Serialization.Formatters.Soap.dll System.Drawing.Design.ni.dll System.Drawing.Design.dll System.Drawing.Design.dll System.Data.OracleClient.ni.dll onecoreuapcommonproxystub.dll System.Data.OracleClient.dll System.Data.OracleClient.dll System.Data.OracleClient.dll kernel32.dll System.Data.OracleClient.dll system.web.dll mscorjit.dll System.Data.OracleClient.dll Accessibility.ni.dll Accessibility.dll Accessibility.dll Accessibility.dll Accessibility.dll sechost.dll System.Deployment.ni.dll System.Deployment.dll ucrtbase.dll System.Deployment.dll System.Deployment.dll System.Deployment.dll System.Configuration.Install.ni.dll System.Configuration.Install.dll KernelBase.dll cryptsp.dll System.Configuration.Install.dll ntdll.dll ntdll.dll wow64.dll wow64win.dll ntdll.dll wow64cpu.dll rpcrt4.dll kernel32.dll kernel32.dll kernel32.dll user32.dll kernel32.dll KernelBase.dll advapi32.dll msvcrt.dll sechost.dll rpcrt4.dll sspicli.dll System.EnterpriseServices.dll cryptbase.dll msvcr120_clr0400.dll wintrust.dll mscoree.dll ole32.dll gdi32.dll user32.dll lpk.dll usp10.dll oleaut32.dll imm32.dll rpcrt4.dll imm32.dll msctf.dll cryptsp.dll rsaenh.dll RpcRtRemote.dll clbcatq.dll sxs.dll mscoreei.dll clr.dll shlwapi.dll mscorlib.ni.dll clrjit.dll Microsoft.Office.Tools.Outlook.Implementation.dll Microsoft.Office.Tools.Outlook.Implementation.dll oleacc.dll iertutil.dll System.Web.Services.dll System.ni.dll System.Core.ni.dll Microsoft.Office.Tools.Common.Implementation.ni.dll version.dll mscorlib.dll mscorlib.dll System.dll System.dll System.Core.dll System.Core.dll Windows.UI.dll Microsoft.Office.Tools.Outlook.ni.dll Microsoft.Office.Tools.Common.ni.dll rpcrt4.dll Microsoft.Office.Tools.ni.dll System.Drawing.ni.dll System.Windows.Forms.ni.dll System.Windows.Forms.dll System.Windows.Forms.dll System.Drawing.dll System.Drawing.dll System.Xml.ni.dll System.Xml.dll System.Xml.dll Microsoft.Office.Tools.v4.0.Framework.dll Microsoft.Office.Tools.v4.0.Framework.dll System.Configuration.ni.dll System.Configuration.dll System.Configuration.dll System.Numerics.ni.dll System.Numerics.dll System.Numerics.dll System.Security.ni.dll System.Security.dll System.Security.dll,normal
 ntdll.dll kernel32.dll kernel32.dll user32.dll ntdll.dll wow64.dll wow64win.dll wow64cpu.dll windows.cortana.pal.desktop.dll sspicli.dll kernel32.dll clbcatq.dll kernel32.dll kernelbase.dll msvcrt.dll gdi32.dll winnsi.dll user32.dll advapi32.dll sechost.dll api-ms-win-core-util-l1-1-0.dll kernel.appcore.dll rpcrt4.dll sspicli.dll cryptbase.dll advapi32.dll lpk.dll usp10.dll imm32.dll msctf.dll KernelBase.dll apphelp.dll bcryptprimitives.dll winbrand.dll ntdll.dll samlib.dll kernel32.dll kernelbase.dll sspicli.dll advapi32.dll wshqos.dll msvcrt.dll sechost.dll d3d10level9.dll rpcrt4.dll vcruntime140.dll wbemprox.dll system.xml.ni.dll ncrypt.dll api-ms-win-crt-runtime-l1-1-0.dll ucrtbase.dll api-ms-win-core-timezone-l1-1-0.dll profapi.dll api-ms-win-core-file-l2-1-0.dll api-ms-win-core-localization-l1-2-0.dll api-ms-win-core-synch-l1-2-0.dll api-ms-win-core-processthreads-l1-1-1.dll ntdll.dll advapi32.dll api-ms-win-core-file-l1-2-0.dll System.Web.Services.dll api-ms-win-crt-string-l1-1-0.dll lpk.dll api-ms-win-crt-heap-l1-1-0.dll api-ms-win-crt-stdio-l1-1-0.dll api-ms-win-crt-convert-l1-1-0.dll msvcp140.dll api-ms-win-crt-locale-l1-1-0.dll api-ms-win-crt-math-l1-1-0.dll api-ms-win-crt-multibyte-l1-1-0.dll api-ms-win-crt-time-l1-1-0.dll van.dll api-ms-win-crt-filesystem-l1-1-0.dll mscorlib.ni.dll atl.dll api-ms-win-crt-environment-l1-1-0.dll api-ms-win-crt-utility-l1-1-0.dll ole32.dll gdi32.dll user32.dll lpk.dll usp10.dll oleaut32.dll imm32.dll msctf.dll,normal
 api-ms-win-core-profile-l1-1-0.dll ntdll.dll kernel32.dll KernelBase.dll advapi32.dll msvcrt.dll sechost.dll msasn1.dll rpcrt4.dll gdi32.dll user32.dll lpk.dll lpk.dll winnsi.dll usp10.dll msswch.dll winmm.dll dwmapi.dll GdiPlus.dll ole32.dll oleacc.dll System.Data.dll oleaut32.dll shlwapi.dll microsoft.jscript.dll cryptbase.dll shell32.dll wmsgapi.dll duser.dll imm32.dll uxtheme.dll system.security.dll imm32.dll msctf.dll cryptbase.dll dui70.dll bcp47langs.dll system.xml.ni.dll comctl32.dll xmllite.dll ntdll.dll clbcatq.dll System.Web.Abstractions.ni.dll tabskb.dll cryptsp.dll kernelbase.dll rsaenh.dll RpcRtRemote.dll wbemsvc.dll atl.dll cfgmgr32.dll WindowsCodecs.dll InkObj.dll MMDevAPI.dll propsys.dll shell32.dll,normal
 ntdll.dll ntdll.dll kernel32.dll kernelbase.dll kernelbase.dll oleacc.dll Microsoft.Office.Tools.Excel.dll sechost.dll sechost.dll rpcrt4.dll rpcrt4.dll ucrtbase.dll ucrtbase.dll combase.dll sechost.dll System.Core.ni.dll gdi32.dll bcryptprimitives.dll bcryptprimitives.dll kernel.appcore.dll api-ms-win-downlevel-user32-l1-1-0.dll kernel.appcore.dll msvcrt.dll SensApi.dll msvcrt.dll user32.dll netprofm.dll win32u.dll gdi32.dll rasapi32.dll user32.dll winhttp.dll gdi32full.dll msvcp_win.dll drprov.dll MPSSVC.dll ntdll.dll cryptbase.dll ntdll.dll msvcp_win.dll msvcrt.dll appxdeploymentserver.dll appxdeploymentserver.dll shcore.dll winbrand.dll system.configuration.ni.dll Microsoft.Management.Infrastructure.dll filterlib.dll shcore.dll oleaut32.dll urlmon.dll advapi32.dll advapi32.dll staterepository.core.dll staterepository.core.dll filterlib.dll fltlib.dll profapi.dll crypt32.dll userenv.dll kernel32.dll msasn1.dll cryptbase.dll userenv.dll msasn1.dll msasn1.dll tdh.dll tdh.dll mrmcore.dll mrmcorer.dll usp10.dll mrmdeploy.dll mrmdeploy.dll ntmarta.dll ntmarta.dll appxdeploymentclient.dll kernel32.dll appxdeploymentclient.dll mintdh.dll advapi32.dll mintdh.dll bcrypt.dll cryptsp.dll bcrypt.dll wevtapi.dll wevtapi.dll imageres.dll wer.dll wer.dll wldp.dll wldp.dll wintrust.dll twinapi.appcore.dll cryptsp.dll advapi32.dll wtsapi32.dll wtsapi32.dll winsta.dll winsta.dll tdltotilestoremigrator.dll tdlmigration.dll msvcrt.dll msvcp110_win.dll msvcp110_win.dll ncrypt.dll esent.dll esent.dll clbcatq.dll ondemandconnroutehelper.dll windows.staterepositoryps.dll windows.staterepositoryps.dll ntdll.dll ntdll.dll kernel32.dll kernelbase.dll kernelbase.dll ncobjapi.dll sendmail.dll fastprox.dll mscoree.dll system.serviceprocess.ni.dll cryptnet.dll sechost.dll fastprox.dll bcryptprimitives.dll bcryptprimitives.dll wbemcomn.dll wbemcomn.dll msvcrt.dll msvcrt.dll MsCtfMonitor.dll wbemcomn.dll usp10.dll shlwapi.dll msctf.dll wbemcomn.dll iertutil.dll wcp.dll ws2_32.dll ws2_32.dll lpk.dll bcrypt.dll nlssorting.dll bcrypt.dll lpk.dll winhttp.dll sechost.dll sechost.dll advapi32.dll advapi32.dll gdi32full.dll user32.dll cfgmgr32.dll secur32.dll mscorlib.ni.dll win32u.dll oleaut32.dll gdi32.dll gdi32full.dll combase.dll kernel.appcore.dll kernel.appcore.dll clbcatq.dll kernel32.dll advapi32.dll ntdll.dll wbemprox.dll secur32.dll wbemprox.dll profapi.dll oleaut32.dll ucrtbase.dll ucrtbase.dll rpcrt4.dll rpcrt4.dll msvcp_win.dll msvcp_win.dll wbemsvc.dll wbemsvc.dll uxtheme.dll Microsoft.Powershell.Workflow.ServiceCore.dll wmiutils.dll sechost.dll rpcrt4.dll wmiutils.dll user32.dll cimwin32.dll cimwin32.dll user32.dll powrprof.dll framedyn.dll framedynos.dll sspicli.dll sspicli.dll winbrand.dll winbrand.dll wldp.dll wldp.dll crypt32.dll msasn1.dll msasn1.dll wintrust.dll wldp.dll wldp.dll crypt32.dll msasn1.dll msasn1.dll wintrust.dll windows.networking.connectivity.dll wldp.dll wldp.dll cryptsp.dll ServDeps.dll crypt32.dll ntdll.dll msswch.dll msasn1.dll msasn1.dll wintrust.dll wldp.dll wldp.dll oleaut32.dll sensapi.dll crypt32.dll comdlg32.dll kernel32.dll msasn1.dll msasn1.dll ntdll.dll advapi32.dll wintrust.dll schannel.dll schannel.dll crypt32.dll msasn1.dll rpcrtremote.dll kernel32.dll msasn1.dll security.dll security.dll security.dll security.dll secur32.dll secur32.dll netapi32.dll system.management.automation.resources.dll samcli.dll srvcli.dll netutils.dll logoncli.dll cscapi.dll cscapi.dll schedcli.dll ole32.dll shlwapi.dll wkscli.dll devobj.dll api-ms-win-crt-stdio-l1-1-0.dll cfgmgr32.dll dsrole.dll cryptbase.dll wmipcima.dll wmipcima.dll wmi.dll wmi.dll accessibility.ni.dll wmiclnt.dll wmiclnt.dll mscorjit.dll dxgi.dll dxgi.dll setupapi.dll wintrust.dll setupapi.dll wintrust.dll dxgi.dll dxgi.dll setupapi.dll wintrust.dll setupapi.dll wintrust.dll dxgi.dll dxgi.dll setupapi.dll wintrust.dll setupapi.dll wintrust.dll dxgi.dll dxgi.dll setupapi.dll wintrust.dll setupapi.dll wintrust.dll dxgi.dll dxgi.dll setupapi.dll wintrust.dll shell32.dll setupapi.dll wintrust.dll dxgi.dll dxgi.dll setupapi.dll wintrust.dll setupapi.dll wintrust.dll,normal
 eppmanifest.dll sendmail.dll mydocs.dll kernelbase.dll wpdshext.dll dhcpcsvc.dll ondemandconnroutehelper.dll,normal
 msvcrt.dll ntdll.dll ntdll.dll mscorlib.dll wow64.dll wow64win.dll wow64cpu.dll kernel32.dll lpk.dll mscorwks.dll kernel32.dll system.web.dll kernel32.dll user32.dll kernel32.dll KernelBase.dll user32.dll advapi32.dll msvcrt.dll sechost.dll advapi32.dll odbcint.dll rpcrt4.dll cryptbase.dll sspicli.dll cryptbase.dll rsaenh.dll clbcatq.dll dnsapi.dll ws2_32.dll System.Net.Http.dll nsi.dll cryptbase.dll winnsi.dll dhcpcsvc.dll dhcpcsvc6.dll shell32.dll clbcatq.dll shlwapi.dll msctf.dll gdi32.dll user32.dll kernelbase.dll usp10.dll lpk.dll usp10.dll ole32.dll imm32.dll msctf.dll clbcatq.dll oleaut32.dll cryptsp.dll system.serviceprocess.dll rsaenh.dll RpcRtRemote.dll wevtapi.dll ntdll.dll system.xml.linq.ni.dll cryptbase.dll ntdll.dll imm32.dll wow64.dll gdi32.dll wow64win.dll wow64cpu.dll lpk.dll kernel32.dll kernel32.dll kernel32.dll user32.dll kernel32.dll KernelBase.dll msvcrt.dll winbrand.dll ntdll.dll user32.dll gdi32.dll usp10.dll lpk.dll usp10.dll advapi32.dll sechost.dll rpcrt4.dll sspicli.dll cryptbase.dll imm32.dll msctf.dll apphelp.dll,normal
 SensApi.dll netutils.dll SensApi.dll SensApi.dll SensApi.dll mscoree.dll SensApi.dll SensApi.dll,normal
 ntdll.dll ntdll.dll user32.dll kernel32.dll kernel32.dll shlwapi.dll xwizards.dll user32.dll imm32.dll ntdll.dll kernel32.dll wow64.dll kernelbase.dll user32.dll clbcatq.dll wow64win.dll wow64cpu.dll url.dll kernel32.dll kernel32.dll kernelbase.dll advapi32.dll msvcrt.dll sechost.dll rpcrt4.dll advapi32.dll urlmon.dll sechost.dll sspicli.dll cryptbase.dll System.Deployment.dll system.core.ni.dll cryptnet.dll comctl32.dll gdi32.dll user32.dll lpk.dll usp10.dll system.serviceprocess.dll mfc42u.dll ole32.dll oleaut32.dll odbc32.dll ole32.dll shell32.dll shell32.dll shlwapi.dll msasn1.dll shell32.dll imm32.dll shell32.dll shell32.dll wininet.dll urlmon.dll devicecenter.dll crypt32.dll msasn1.dll usp10.dll iertutil.dll kernel32.dll winmm.dll ws2_32.dll nsi.dll wshext.dll imm32.dll msctf.dll odbcint.dll riched32.dll riched20.dll clbcatq.dll comctl32.dll uxtheme.dll ws2_32.dll system.xml.dll rpcrt4.dll msado15.dll sensapi.dll msdart.dll cryptsp.dll rsaenh.dll rpcrtremote.dll rsaenh.dll oledb32.dll bcrypt.dll oledb32r.dll comsvcs.dll kernel32.dll atl.dll bcryptprimitives.dll msjetoledb40.dll msjet40.dll mswstr10.dll msjter40.dll msjint40.dll msadox.dll msadrh15.dll msjtes40.dll version.dll vbajet32.dll expsrv.dll msadce.dll msadcer.dll,caidao
 ntdll.dll ntdll.dll kernel32.dll System.ServiceModel.Internals.ni.dll kernelbase.dll advapi32.dll msvcrt.dll sechost.dll wercplsupport.dll msswch.dll ntdll.dll rpcrt4.dll gdi32.dll cmdext.dll user32.dll lpk.dll System.Web.Extensions.dll system.dll usp10.dll ole32.dll msimg32.dll usp10.dll wmsgapi.dll wtsapi32.dll user32.dll rpcrt4.dll ole32.dll dxgi.dll rmclient.dll winmm.dll ntdll.dll userenv.dll profapi.dll winsta.dll crypt32.dll msasn1.dll msctfmonitor.dll msctf.dll msvcrt.dll imm32.dll msutb.dll comctl32.dll ole32.dll shlwapi.dll secur32.dll sspicli.dll shell32.dll cryptbase.dll uxtheme.dll wintrust.dll cryptsp.dll kernel32.dll rsaenh.dll imagehlp.dll bcrypt.dll user32.dll bcryptprimitives.dll ncrypt.dll gpapi.dll wow64.dll cryptnet.dll wldap32.dll sensapi.dll version.dll clbcatq.dll oleaut32.dll urlmon.dll api-ms-win-downlevel-ole32-l1-1-0.dll api-ms-win-downlevel-shlwapi-l1-1-0.dll api-ms-win-downlevel-advapi32-l1-1-0.dll user32.dll lpk.dll api-ms-win-downlevel-user32-l1-1-0.dll api-ms-win-downlevel-version-l1-1-0.dll api-ms-win-downlevel-normaliz-l1-1-0.dll normaliz.dll iertutil.dll wininet.dll,normal
 mswsock.dll ntdll.dll msvcrt.dll msctfmonitor.dll kernel32.dll setupetw.dll dhcpcsvc6.dll ntmarta.dll kernelbase.dll user32.dll msvcrt.dll UIAutomationTypes.dll gdi32.dll imm32.dll System.Core.ni.dll msctf.dll combase.dll rpcrt4.dll kernel.appcore.dll cryptbase.dll KernelBase.dll advapi32.dll mlang.dll windows.storage.dll bcryptprimitives.dll ole32.dll sechost.dll uxtheme.dll cryptsp.dll winhttp.dll rsaenh.dll bcrypt.dll clbcatq.dll ole32.dll tipskins.dll bcp47langs.dll winsta.dll dui70.dll Microsoft.MediaCenter.UI.ni.dll oleaut32.dll shcore.dll dwmapi.dll Microsoft.VisualStudio.Tools.Applications.Hosting.v9.0.dll twinapi.dll shell32.dll shlwapi.dll userenv.dll profapi.dll gpapi.dll tipres.dll comctl32.dll duser.dll gdiplus.dll windows.ui.dll ninput.dll tiptsf.dll oleacc.dll,normal
 ntdll.dll mscorlib.ni.dll ntdll.dll wow64.dll ntdll.dll sqmapi.dll mpr.dll msvcirt.dll wow64win.dll wow64cpu.dll SensApi.dll kernel32.dll cryptbase.dll kernel32.dll kernel32.dll gdi32.dll user32.dll microsoft.mediacenter.ni.dll kernel32.dll KernelBase.dll msvcrt.dll oleaut32.dll usp10.dll ole32.dll gdi32.dll netutils.dll user32.dll urlmon.dll rpcrtremote.dll advapi32.dll sechost.dll rpcrt4.dll sspicli.dll version.dll shlwapi.dll cryptbase.dll lpk.dll usp10.dll version.dll schannel.dll msctf.dll imm32.dll msctf.dll sxs.dll clbcatq.dll vbscript.dll advapi32.dll wintrust.dll crypt32.dll msasn1.dll profapi.dll comctl32.dll wow64win.dll cryptsp.dll rsaenh.dll msisip.dll wshext.dll comctl32.dll ehstorshell.dll shell32.dll shlwapi.dll scrobj.dll msi.dll scrrun.dll ntdll.dll kernel32.dll KernelBase.dll kernel32.dll sechost.dll gdi32.dll user32.dll lpk.dll shlwapi.dll usp10.dll powrprof.dll gdi32.dll msvcrt.dll tquery.dll imm32.dll winmm.dll msctf.dll ole32.dll imageres.dll rpcrt4.dll nsi.dll oleaut32.dll System.Data.Entity.dll cryptbase.dll clbcatq.dll advapi32.dll sechost.dll vbscript.dll ntdll.dll ntdll.dll wow64.dll wow64win.dll system.web.regularexpressions.ni.dll msvcrt.dll user32.dll wow64cpu.dll kernel32.dll kernel32.dll wdscore.dll kernel32.dll rsaenh.dll user32.dll kernel32.dll KernelBase.dll advapi32.dll msvcrt.dll rpcrtremote.dll sechost.dll rpcrt4.dll sspicli.dll sspicli.dll cryptbase.dll dnsapi.dll ws2_32.dll nsi.dll winnsi.dll winbrand.dll dhcpcsvc.dll dhcpcsvc6.dll shell32.dll lpk.dll sechost.dll shlwapi.dll gdi32.dll api-ms-win-core-processthreads-l1-1-2.dll ws2_32.dll presentationframework.dll user32.dll lpk.dll sechost.dll usp10.dll ole32.dll imm32.dll msctf.dll devobj.dll clbcatq.dll oleaut32.dll cryptsp.dll rsaenh.dll RpcRtRemote.dll rpcrt4.dll wevtapi.dll ntdll.dll ntdll.dll wow64.dll kernel32.dll wow64win.dll wow64cpu.dll kernel32.dll kernel32.dll kernel32.dll user32.dll kernel32.dll KernelBase.dll msvcrt.dll winbrand.dll user32.dll gdi32.dll lpk.dll usp10.dll advapi32.dll sechost.dll rpcrt4.dll sspicli.dll cryptbase.dll imm32.dll msctf.dll apphelp.dll,normal
 ntdll.dll kernel32.dll kernelbase.dll msvcrt.dll ole32.dll gdi32.dll user32.dll lpk.dll mpclient.dll usp10.dll sxsstore.dll rpcrt4.dll advapi32.dll imm32.dll msctf.dll cryptbase.dll clbcatq.dll nsi.dll advapi32.dll msvcrt.dll sechost.dll oleaut32.dll System.ni.dll clbcatq.dll cryptsp.dll rsaenh.dll rpcrtremote.dll uxtheme.dll wininet.dll api-ms-win-downlevel-user32-l1-1-0.dll miutils.dll shcore.dll api-ms-win-downlevel-shlwapi-l1-1-0.dll presentationcore.dll shlwapi.dll shlwapi.dll ntdll.dll api-ms-win-downlevel-version-l1-1-0.dll version.dll api-ms-win-downlevel-normaliz-l1-1-0.dll SensApi.dll normaliz.dll shell32.dll msctf.dll gdi32.dll iertutil.dll api-ms-win-downlevel-advapi32-l1-1-0.dll sfc.dll rpcrt4.dll userenv.dll profapi.dll api-ms-win-downlevel-ole32-l1-1-0.dll secur32.dll sspicli.dll shell32.dll api-ms-win-downlevel-advapi32-l2-1-0.dll ws2_32.dll nsi.dll winhttp.dll webio.dll mswsock.dll wship6.dll winnsi.dll,normal
 mscorlib.dll ntdll.dll ntdll.dll wow64.dll wow64win.dll wow64cpu.dll kernel32.dll kernel32.dll kernel32.dll user32.dll system.web.regularexpressions.dll kernel32.dll user32.dll kernelbase.dll dismcoreps.dll msvcrt.dll oleaut32.dll ole32.dll idstore.dll gdi32.dll user32.dll advapi32.dll sechost.dll rpcrt4.dll sspicli.dll cryptbase.dll kernel32.dll lpk.dll usp10.dll version.dll imm32.dll msctf.dll sxs.dll clbcatq.dll vbscript.dll advapi32.dll ws2_32.dll wintrust.dll crypt32.dll msasn1.dll cryptsp.dll oleaut32.dll dxgi.dll clbcatq.dll rsaenh.dll api-ms-win-downlevel-shlwapi-l1-1-0.dll msisip.dll schedsvc.dll wshext.dll comctl32.dll shell32.dll shlwapi.dll scrobj.dll msi.dll ntdll.dll scrrun.dll ntdll.dll ntdll.dll tipskins.dll wow64.dll user32.dll System.Core.ni.dll dbghelp.dll wow64win.dll wow64cpu.dll msvcrt.dll comctl32.dll System.Security.ni.dll kernel32.dll kernel32.dll kernel32.dll userenv.dll user32.dll sxs.dll kernel32.dll mscoreei.dll kernelbase.dll advapi32.dll msvcrt.dll sechost.dll kernelbase.dll rpcrt4.dll microsoft.mediacenter.interop.dll sspicli.dll dhcpcsvc6.dll cryptbase.dll gdi32full.dll dnsapi.dll rpcrt4.dll ws2_32.dll kernelbase.dll nsi.dll winnsi.dll dhcpcsvc.dll dhcpcsvc6.dll msimtf.dll kernel32.dll shell32.dll shlwapi.dll kernel32.dll gdi32.dll rsaenh.dll user32.dll msvcrt.dll lpk.dll usp10.dll ole32.dll imm32.dll ole32.dll msctf.dll clbcatq.dll oleaut32.dll wow64.dll clbcatq.dll mswsock.dll cryptsp.dll user32.dll rsaenh.dll rpcrtremote.dll wevtapi.dll api-ms-win-core-shlwapi-legacy-l1-1-0.dll ntdll.dll ntdll.dll wow64.dll user32.dll combase.dll wow64win.dll wow64cpu.dll kernel32.dll kernel32.dll kernel32.dll msctf.dll user32.dll kernel32.dll wow64.dll kernelbase.dll advapi32.dll msvcrt.dll sechost.dll rpcrt4.dll EhStorShell.dll wdscore.dll sspicli.dll cryptbase.dll dnsapi.dll rsaenh.dll ws2_32.dll ole32.dll nsi.dll mscoreei.dll winnsi.dll dhcpcsvc.dll System.Transactions.ni.dll dhcpcsvc6.dll ntdll.dll shell32.dll shlwapi.dll kernel32.dll gdi32.dll user32.dll lpk.dll usp10.dll ole32.dll profapi.dll imm32.dll msctf.dll clbcatq.dll oleaut32.dll cryptsp.dll rsaenh.dll rpcrtremote.dll wevtapi.dll ntdll.dll lpk.dll ntdll.dll dsrole.dll wininet.dll wow64.dll wow64win.dll wow64cpu.dll kernel32.dll oleaut32.dll kernel32.dll kernel32.dll user32.dll kernel32.dll kernelbase.dll msvcrt.dll winbrand.dll user32.dll gdi32.dll lpk.dll usp10.dll advapi32.dll sechost.dll rpcrt4.dll sspicli.dll cryptbase.dll imm32.dll msctf.dll apphelp.dll,normal
 ntdll.dll ntdll.dll wow64.dll wow64win.dll wow64cpu.dll kernel32.dll kernel32.dll kernel32.dll System.Web.Extensions.dll winnsi.dll user32.dll clbcatq.dll kernel32.dll msctf.dll KernelBase.dll msvcrt.dll winbrand.dll user32.dll netutils.dll gdi32.dll api-ms-win-downlevel-advapi32-l2-1-0.dll lpk.dll usp10.dll advapi32.dll gdi32.dll sechost.dll rpcrt4.dll updatepolicy.dll sspicli.dll gdi32.dll vssapi.dll cryptbase.dll imm32.dll msctf.dll apphelp.dll,normal
 ntdll.dll ntdll.dll wow64.dll wow64win.dll wow64cpu.dll RpcRtRemote.dll msctf.dll kernel32.dll System.Web.RegularExpressions.ni.dll linkinfo.dll kernel32.dll kernelbase.dll kernel32.dll user32.dll lpk.dll api-ms-win-base-util-l1-1-0.dll kernel32.dll KernelBase.dll msvcrt.dll winbrand.dll user32.dll ole32.dll gdi32.dll lpk.dll oleacc.dll KernelBase.dll usp10.dll advapi32.dll sechost.dll rpcrt4.dll sspicli.dll cryptbase.dll imm32.dll msctf.dll apphelp.dll,normal
 ntdll.dll kernel32.dll KernelBase.dll gdi32.dll user32.dll Microsoft.VisualStudio.Tools.Office.Contract.v9.0.dll ole32.dll lpk.dll usp10.dll msvcrt.dll wldap32.dll win32u.dll imm32.dll nsi.dll kernelbase.dll msctf.dll ole32.dll rpcrt4.dll oleaut32.dll cryptbase.dll clbcatq.dll advapi32.dll sechost.dll,normal
 kernelbase.dll ntdll.dll kernel32.dll KernelBase.dll powrprof.dll gdi32.dll crypt32.dll user32.dll lpk.dll user32.dll dui70.dll netcfgx.dll usp10.dll msvcrt.dll imm32.dll msctf.dll ole32.dll rpcrt4.dll oleaut32.dll cryptbase.dll clbcatq.dll advapi32.dll sechost.dll ntdll.dll kernel32.dll KernelBase.dll user32.dll gdi32.dll cfgmgr32.dll ws2_32.dll user32.dll lpk.dll usp10.dll msvcrt.dll imm32.dll msvcr120_clr0400.dll msctf.dll ole32.dll sensapi.dll rpcrt4.dll intl.dll oleaut32.dll advapi32.dll winhttp.dll dpx.dll cryptbase.dll clbcatq.dll advapi32.dll sechost.dll ntdll.dll ntdll.dll wow64.dll wow64win.dll wow64cpu.dll kernel32.dll kernel32.dll kernel32.dll user32.dll shlwapi.dll kernel32.dll KernelBase.dll mlang.dll nsi.dll api-ms-win-downlevel-shlwapi-l2-1-0.dll msvcrt.dll winbrand.dll user32.dll stdole.ni.dll gdi32.dll system.dll lpk.dll usp10.dll win32u.dll advapi32.dll sechost.dll rpcrt4.dll d3d10_1core.dll sspicli.dll cryptbase.dll imm32.dll msctf.dll apphelp.dll,normal
 ntdll.dll ntdll.dll kernel32.dll crypt32.dll kernelbase.dll api-ms-win-crt-multibyte-l1-1-0.dll kernelbase.dll msvcrt.dll msvcrt.dll oleaut32.dll msvcp_win.dll msvcp_win.dll ucrtbase.dll ucrtbase.dll combase.dll mscoreei.dll rpcrt4.dll rpcrt4.dll normaliz.dll bcryptprimitives.dll bcryptprimitives.dll advapi32.dll advapi32.dll sechost.dll sechost.dll tquery.dll kernel32.dll wow64.dll System.Data.OracleClient.dll tquery.dll api-ms-win-core-file-l1-2-1.dll cryptdll.dll cryptdll.dll imm32.dll oleaut32.dll advapi32.dll user32.dll msctf.dll imm32.dll win32u.dll gdi32.dll gdi32full.dll kernel.appcore.dll kernel.appcore.dll mscorlib.ni.dll ws2_32.dll clbcatq.dll mssprxy.dll mssprxy.dll KernelBase.dll sxs.dll windows.staterepositoryps.dll windows.staterepositoryps.dll System.Drawing.ni.dll offfiltx.dll oleaut32.dll user32.dll msvcrt.dll msi.dll shlwapi.dll vm3dum64_10.dll offfiltx.dll ole32.dll uiautomationprovider.dll vcruntime140.dll msctf.dll vcruntime140.dll query.dll msctf.dll query.dll msvcp140.dll msvcp140.dll xmllite.dll system.enterpriseservices.dll xmllite.dll mlang.dll propsys.dll propsys.dll shcore.dll shcore.dll bcrypt.dll bcrypt.dll msoshext.dll msoshext.dll gdiplus.dll msxml3.dll msxml3.dll mimefilt.dll inetcomm.dll shlwapi.dll msoert2.dll system.security.dll oleacc.dll comctl32.dll inetres.dll inetres.dll fwbase.dll crypt32.dll mscorlib.dll mscorlib.ni.dll microsoft.powershell.commands.utility.dll msasn1.dll msasn1.dll System.AddIn.dll system.data.dll profapi.dll rtffilt.dll urlmon.dll bcryptprimitives.dll rtffilt.dll windows.globalization.dll windows.globalization.dll bcp47lang.dll bcp47langs.dll system.drawing.ni.dll bcp47mrm.dll bcp47mrm.dll globinputhost.dll globinputhost.dll msftedit.dll msftedit.dll msftedit.dll onfilter.dll msftedit.dll msftedit.dll msftedit.dll msftedit.dll powrprof.dll,normal
 ntdll.dll user32.dll kernel32.dll KernelBase.dll gdi32.dll user32.dll lpk.dll usp10.dll msvcrt.dll imm32.dll KernelBase.dll cscui.dll msctf.dll ole32.dll dsrole.dll kernel32.dll rpcrt4.dll oleaut32.dll,normal
 ntdll.dll ntdll.dll wow64.dll wow64win.dll wow64cpu.dll npmproxy.dll cabinet.dll system.xml.dll credui.dll kernel32.dll kernel32.dll kernel32.dll user32.dll kernel32.dll KernelBase.dll msvcrt.dll ntdll.dll winbrand.dll user32.dll gdi32.dll lpk.dll mscorjit.dll usp10.dll linkinfo.dll ActionCenter.dll msctf.dll advapi32.dll sechost.dll crypt32.dll rpcrt4.dll sspicli.dll cryptbase.dll imm32.dll msctf.dll apphelp.dll,normal
 ntdll.dll ntdll.dll ntdll.dll ntdll.dll wow64.dll imm32.dll wow64.dll bcrypt.dll wow64lg2.dll wow64win.dll wow64cpu.dll winbrand.dll wow64cpu.dll kernel32.dll kernel32.dll user32.dll apphelp.dll System.IO.Compression.FileSystem.ni.dll microsoft.windows.diagnosis.commands.writediagprogress.dll iertutil.dll iertutil.dll imm32.dll msctf.dll kernel32.dll kernel32.dll ntdll.dll kernelbase.dll kernelbase.dll ws2_32.dll rpcrtremote.dll msvcrt.dll msvcrt.dll user32.dll gdi32.dll shcore.dll kernelbase.dll cfgmgr32.dll sechost.dll System.Runtime.Serialization.Formatters.Soap.dll shcore.dll combase.dll authui.dll bcryptprimitives.dll bcryptprimitives.dll ieframe.dll shlwapi.dll ole32.dll shell32.dll rsaenh.dll comctl32.dll ieshims.dll sxs.dll ieshims.dll comdlg32.dll comdlg32.dll kernel.appcore.dll kernel.appcore.dll uxtheme.dll uxtheme.dll rpcrt4.dll rpcrt4.dll security.dll RpcRtRemote.dll sspicli.dll cryptbase.dll cryptbase.dll sechost.dll sechost.dll ole32.dll oleaut32.dll advapi32.dll system.security.dll advapi32.dll winnsi.dll wininet.dll wininet.dll userenv.dll userenv.dll profapi.dll VaultCredProvider.dll secur32.dll secur32.dll urlmon.dll cscapi.dll urlmon.dll ws2_32.dll mscorlib.dll ws2_32.dll nsi.dll nsi.dll ondemandconnroutehelper.dll dhcpcsvc.dll ondemandconnroutehelper.dll winhttp.dll winhttp.dll cryptbase.dll clbcatq.dll wow64.dll dpx.dll mswsock.dll mswsock.dll iphlpapi.dll api-ms-win-downlevel-ole32-l1-1-0.dll powrprof.dll ntdll.dll winnsi.dll winnsi.dll cryptsp.dll system.security.dll cryptsp.dll netprofm.dll rsaenh.dll kernel32.dll rsaenh.dll ncrypt.dll davclnt.dll dbghelp.dll bcrypt.dll bcrypt.dll devobj.dll clbcatq.dll imageres.dll kernel32.dll dsuiext.dll ieproxy.dll kernel.appcore.dll wow64cpu.dll Wldap32.dll ieproxy.dll crypt32.dll dwmapi.dll ole32.dll bcrypt.dll dwmapi.dll mshtml.dll d2d1.dll comctl32.dll dwrite.dll dxgi.dll dxgi.dll dnsapi.dll sqmapi.dll sqmapi.dll mlang.dll propsys.dll ntmarta.dll propsys.dll fwpuclnt.dll rasadhlp.dll rasadhlp.dll ieui.dll crypt32.dll msasn1.dll microsoft.mediacenter.itv.hosting.ni.dll msasn1.dll schannel.dll schannel.dll rpcrt4.dll user32.dll system.xml.ni.dll actxprxy.dll gdi32.dll actxprxy.dll clbcatq.dll ncrypt.dll System.Security.dll ncrypt.dll ntasn1.dll ntasn1.dll ncryptsslp.dll ncryptsslp.dll wintrust.dll uiautomationtypes.ni.dll gpapi.dll gpapi.dll ntdll.dll cryptnet.dll wldap32.dll ninput.dll jscript9.dll jscript9.dll msctf.dll dpapi.dll dpapi.dll mscorjit.dll windowscodecs.dll ieapfltr.dll msimtf.dll schannel.dll d3d11.dll d3d11.dll d3d10warp.dll d3d10warp.dll powrprof.dll kernelbase.dll Wldap32.dll bcryptprimitives.dll msvcrt.dll dcomp.dll dhcpcsvc.dll dcomp.dll oleacc.dll api-ms-win-core-localization-l1-2-1.dll sxs.dll xmllite.dll xmllite.dll winmm.dll winmmbase.dll system.deployment.ni.dll system.data.sqlxml.dll imageres.dll cfgmgr32.dll devobj.dll imgutil.dll lpk.dll uianimation.dll dhcpcsvc6.dll dhcpcsvc6.dll dhcpcsvc.dll dhcpcsvc.dll webio.dll webio.dll uiautomationcore.dll uiautomationcore.dll ws2_32.dll windows.globalization.dll xmllite.dll windows.globalization.dll bcp47lang.dll bcp47langs.dll windows.devices.sensors.dll windows.devices.sensors.dll windowscodecsext.dll mscms.dll icm32.dll mfplat.dll mfplat.dll rtworkq.dll rtworkq.dll avrt.dll avrt.dll mfmediaengine.dll wow64cpu.dll mfmediaengine.dll windows.media.mediacontrol.dll windows.media.mediacontrol.dll twinapi.appcore.dll twinapi.appcore.dll wintypes.dll wintypes.dll mmdevapi.dll mfmp4srcsnk.dll mfmp4srcsnk.dll mfcore.dll mfcore.dll ksuser.dll ksuser.dll,normal
 drupdate.dll msvcr120_clr0400.dll urlmon.dll mscoree.dll mscoreei.dll imm32.dll version.dll clr.dll clr.dll ole32.dll taskschd.dll msctf.dll clbcatq.dll ntdll.dll kernel32.dll apphelp.dll KernelBase.dll kernel32.dll crypt32.dll system.directoryservices.protocols.dll sspicli.dll msvcrt.dll sechost.dll advapi32.dll sechost.dll sensapi.dll rpcrt4.dll shlwapi.dll gdi32.dll user32.dll lpk.dll usp10.dll ole32.dll oleaut32.dll imm32.dll sspicli.dll cryptbase.dll fusion.dll mscorsvc.dll,normal
 msctf.dll rpcrt4.dll ntdll.dll kernel32.dll KernelBase.dll lpk.dll msvcrt.dll rpcrt4.dll gdi32.dll user32.dll kernel32.dll system.drawing.dll lpk.dll kernelbase.dll usp10.dll ole32.dll oleaut32.dll imm32.dll api-ms-win-core-file-l2-1-0.dll ntdll.dll kernel32.dll KernelBase.dll winbrand.dll msvcrt.dll advapi32.dll msvcrt.dll system.ni.dll sechost.dll cryptsp.dll rpcrt4.dll msvcr120_clr0400.dll sspicli.dll mscoree.dll ole32.dll gdi32.dll user32.dll lpk.dll rpcrt4.dll usp10.dll msctf.dll rpcrt4.dll oleaut32.dll imm32.dll msctf.dll cryptbase.dll cryptsp.dll rsaenh.dll RpcRtRemote.dll clbcatq.dll sxs.dll mscoreei.dll clr.dll eappcfg.dll shlwapi.dll mscorlib.ni.dll clrjit.dll version.dll mscorlib.dll dpx.dll profapi.dll mscorlib.dll dhcpcsvc.dll kernel32.dll System.ni.dll System.Core.ni.dll System.Web.ni.dll System.Web.Extensions.ni.dll kernel32.dll cryptbase.dll Microsoft.Management.Infrastructure.ni.dll Microsoft.VisualStudio.Tools.Office.Contract.v9.0.ni.dll rsaenh.dll imm32.dll System.Xml.ni.dll Microsoft.PowerShell.Cmdletization.OData.ni.dll api-ms-win-crt-convert-l1-1-0.dll ntdll.dll ntdll.dll user32.dll elstrans.dll ntdll.dll wow64.dll msvcrt.dll wow64win.dll wow64cpu.dll kernel32.dll kernel32.dll kernel32.dll System.XML.dll msvcrt.dll user32.dll kernel32.dll KernelBase.dll rpcrtremote.dll advapi32.dll msvcrt.dll sechost.dll rpcrt4.dll sspicli.dll cryptbase.dll dnsapi.dll ws2_32.dll nsi.dll devobj.dll system.runtime.remoting.ni.dll ntdll.dll winnsi.dll dhcpcsvc.dll dhcpcsvc6.dll shell32.dll wow64.dll shlwapi.dll gdi32.dll user32.dll lpk.dll gdi32.dll usp10.dll ole32.dll ole32.dll imm32.dll msctf.dll sechost.dll ole32.dll clbcatq.dll cryptbase.dll oleaut32.dll gdi32.dll cryptsp.dll rsaenh.dll RpcRtRemote.dll version.dll msvcr120_clr0400.dll cryptsp.dll wrpint.dll wevtapi.dll mscorlib.dll System.Xml.Linq.ni.dll ntdll.dll kernel32.dll KernelBase.dll advapi32.dll advapi32.dll msvcrt.dll ole32.dll sechost.dll rpcrt4.dll msvcr120_clr0400.dll sensapi.dll mscoree.dll api-ms-win-downlevel-advapi32-l1-1-0.dll ole32.dll gdi32.dll user32.dll wpc.dll lpk.dll gdi32.dll usp10.dll rpcrt4.dll oleaut32.dll imm32.dll usp10.dll msctf.dll cryptbase.dll cryptsp.dll api-ms-win-core-threadpool-l1-2-0.dll rsaenh.dll RpcRtRemote.dll clbcatq.dll wow64win.dll cryptsp.dll sxs.dll System.IO.Log.ni.dll ucrtbase.dll mscoreei.dll clr.dll shlwapi.dll mscorlib.ni.dll clrjit.dll ntdll.dll cryptsp.dll kernel32.dll sppc.dll KernelBase.dll gdi32.dll user32.dll shell32.dll lpk.dll usp10.dll msvcrt.dll imm32.dll msctf.dll ole32.dll system.runtime.serialization.dll ucrtbase.dll rpcrt4.dll oleaut32.dll oleaut32.dll imm32.dll cryptbase.dll ntdll.dll clbcatq.dll System.Transactions.dll advapi32.dll sechost.dll ntdll.dll dhcpcsvc.dll sechost.dll kernel32.dll KernelBase.dll advapi32.dll msvcrt.dll sechost.dll api-ms-win-downlevel-advapi32-l1-1-0.dll msctf.dll rpcrt4.dll user32.dll bcryptprimitives.dll gdi32.dll SensApi.dll lpk.dll mscorlib.dll advapi32.dll usp10.dll ole32.dll oleaut32.dll shlwapi.dll imm32.dll sechost.dll msctf.dll psapi.dll shell32.dll profapi.dll cryptbase.dll secur32.dll ntdll.dll wow64.dll sspicli.dll imm32.dll cryptsp.dll kernel32.dll credssp.dll clbcatq.dll kbd101.dll kbd106.dll kbdnec.dll kbd106.dll powrprof.dll setupapi.dll cfgmgr32.dll devobj.dll cryptsp.dll rsaenh.dll RpcRtRemote.dll propsys.dll ntmarta.dll Wldap32.dll atl.dll cryptbase.dll samcli.dll netutils.dll netutils.dll es.dll cfgmgr32.dll wtsapi32.dll winsta.dll userenv.dll apphelp.dll sxs.dll crypt32.dll msasn1.dll vssapi.dll vsstrace.dll samlib.dll esent.dll gdi32.dll tquery.dll mssrch.dll msidle.dll mssprxy.dll NaturalLanguage6.dll NlsData0011.dll NlsLexicons0011.dll NlsModels0011.dll ELSCore.dll elsTrans.dll elslad.dll NlsData000a.dll NlsLexicons000a.dll korwbrkr.dll chtbrkr.dll Query.dll chsbrkr.dll NlsData0000.dll comctl32.dll setupapi.dll devobj.dll vss_ps.dll msxml3.dll bcrypt.dll NlsData0009.dll NlsLexicons0009.dll,normal
 msvcr120_clr0400.dll mscoree.dll mscoreei.dll version.dll clr.dll ntdll.dll clr.dll taskschd.dll api-ms-win-core-threadpool-legacy-l1-1-0.dll msctf.dll clbcatq.dll ntdll.dll rasadhlp.dll kernel32.dll kernel32.dll KernelBase.dll nlssorting.dll msvcrt.dll winhttp.dll profapi.dll advapi32.dll sechost.dll rpcrt4.dll gdi32.dll shlwapi.dll gdi32.dll user32.dll comctl32.dll lpk.dll usp10.dll ole32.dll oleaut32.dll imm32.dll sspicli.dll cryptbase.dll fusion.dll wwapi.dll mscorsvc.dll ntdll.dll kernel32.dll KernelBase.dll miguicontrols.ni.dll System.Core.dll advapi32.dll msvcrt.dll sechost.dll kernel32.dll rpcrt4.dll msvcr120_clr0400.dll mscoree.dll ole32.dll gdi32.dll user32.dll lpk.dll advapi32.dll cryptsp.dll System.Drawing.Design.dll usp10.dll oleaut32.dll sensapi.dll imm32.dll msctf.dll xmllite.dll cryptbase.dll tbssvc.dll ntdll.dll tbssvc.dll System.ni.dll cryptsp.dll threadpoolwinrt.dll rsaenh.dll RpcRtRemote.dll clbcatq.dll sxs.dll mscoreei.dll clr.dll shlwapi.dll netprofm.dll mscorlib.ni.dll clrjit.dll version.dll mscorlib.dll presentationcffrasterizer.dll mscorlib.dll System.ni.dll msvcrt.dll System.Core.ni.dll WindowsBase.ni.dll system.xaml.dll imm32.dll PresentationCore.ni.dll sechost.dll PresentationFramework.ni.dll PresentationCore.dll kernel32.dll PresentationCore.dll clbcatq.dll msadcer.dll System.Xaml.ni.dll samlib.dll Microsoft.PowerShell.Editor.ni.dll System.Xml.ni.dll System.Drawing.ni.dll System.Configuration.ni.dll ncrypt.dll ntdll.dll imecfm.dll System.ComponentModel.Composition.ni.dll Microsoft.PowerShell.Commands.Utility.ni.dll System.Windows.Forms.ni.dll UIAutomationTypes.ni.dll System.Runtime.Serialization.ni.dll kernel32.dll System.Numerics.ni.dll System.Security.ni.dll wow64win.dll ntdll.dll kernel32.dll KernelBase.dll gdi32.dll user32.dll lpk.dll usp10.dll msvcrt.dll imm32.dll msctf.dll ole32.dll rpcrt4.dll oleaut32.dll cryptbase.dll clbcatq.dll advapi32.dll sechost.dll,normal
 ntdll.dll ntdll.dll kernel32.dll kernelbase.dll kernelbase.dll cfgmgr32.dll gdi32.dll crypt32.dll user32.dll msvcrt.dll chrome_elf.dll msvcrt.dll sechost.dll imm32.dll winnsi.dll advapi32.dll webio.dll oleaut32.dll combase.dll msctf.dll rpcrt4.dll rpcrt4.dll lpk.dll ntdll.dll ntdll.dll d3d10warp.dll kernel32.dll kernelbase.dll microsoft.vsa.dll kernelbase.dll Microsoft.VisualStudio.Tools.Applications.AddInAdapter.v9.0.ni.dll advapi32.dll advapi32.dll msvcrt.dll mmcfxcommon.ni.dll kernel32.dll msvcrt.dll user32.dll ole32.dll oleaut32.dll tquery.dll tquery.dll microsoft.visualstudio.tools.applications.serverdocument.v10.0.dll shcore.dll msctf.dll shcore.dll msshooks.dll msshooks.dll imm32.dll sechost.dll mscoree.dll sechost.dll imm32.dll rpcrt4.dll rpcrt4.dll gdi32.dll combase.dll shlwapi.dll ipbusenum.dll msctf.dll imagehlp.dll kernel.appcore.dll combase.dll kernel.appcore.dll advapi32.dll imm32.dll cryptbase.dll cryptbase.dll npmproxy.dll bcryptprimitives.dll bcryptprimitives.dll msidle.dll mscoree.dll clbcatq.dll cryptsp.dll cryptsp.dll rsaenh.dll rsaenh.dll bcrypt.dll kernel.appcore.dll comctl32.dll bcrypt.dll dhcpcsvc6.dll shell32.dll mssprxy.dll mssprxy.dll mssph.dll mssph.dll mapi32.dll authz.dll authz.dll ntmarta.dll ntmarta.dll shell32.dll propsys.dll propsys.dll setupapi.dll cfgmgr32.dll,normal
 wintrust.dll ntdll.dll kernel32.dll kernelbase.dll msvcrt.dll ntdll.dll rpcrt4.dll,normal
 ntdll.dll ntdll.dll system.data.dll wow64.dll user32.dll kernelbase.dll wow64win.dll ntdll.dll lpk.dll wow64cpu.dll kernel32.dll kernel32.dll kernel32.dll user32.dll kernel32.dll imm32.dll KernelBase.dll credui.dll advapi32.dll microsoft-windows-hal-events.dll msvcrt.dll sechost.dll rpcrt4.dll sspicli.dll api-ms-win-core-namedpipe-l1-1-0.dll cryptbase.dll dnsapi.dll sxs.dll ws2_32.dll ntdll.dll nsi.dll winnsi.dll dhcpcsvc.dll dhcpcsvc6.dll shell32.dll userenv.dll shlwapi.dll gdi32.dll user32.dll lpk.dll System.Data.dll usp10.dll ntdll.dll ole32.dll imm32.dll cryptbase.dll msctf.dll clbcatq.dll crypt32.dll oleaut32.dll cryptsp.dll rsaenh.dll RpcRtRemote.dll cryptbase.dll rpcrt4.dll wevtapi.dll msctf.dll ntdll.dll ntdll.dll dbghelp.dll wow64.dll wow64win.dll wow64cpu.dll kernel32.dll kernel32.dll kernel32.dll wuapi.dll user32.dll KernelBase.dll kernel32.dll KernelBase.dll gdi32.dll advapi32.dll clrjit.dll api-ms-win-crt-convert-l1-1-0.dll msvcrt.dll sechost.dll rpcrt4.dll sspicli.dll cryptbase.dll dnsapi.dll ws2_32.dll nsi.dll PeerDistSh.dll winnsi.dll msctf.dll dhcpcsvc.dll dhcpcsvc6.dll shell32.dll shlwapi.dll System.Configuration.Install.dll gdi32.dll actxprxy.dll conhostv2.dll mscoreei.dll user32.dll winhttp.dll lpk.dll imm32.dll clbcatq.dll msvcrt.dll advapi32.dll rtrfiltr.dll msasn1.dll usp10.dll bcryptprimitives.dll ole32.dll imm32.dll msctf.dll clbcatq.dll gpsvc.dll oleaut32.dll sxs.dll cryptsp.dll winbrand.dll rsaenh.dll RpcRtRemote.dll ntdsapi.dll wevtapi.dll ntdll.dll kernel32.dll kernel32.dll KernelBase.dll gdi32.dll user32.dll lpk.dll usp10.dll winhttp.dll msvcrt.dll imm32.dll msctf.dll wow64win.dll ole32.dll rpcrt4.dll usp10.dll system.runtime.serialization.ni.dll oleaut32.dll profapi.dll mscoree.dll cryptbase.dll clbcatq.dll advapi32.dll sechost.dll ntdll.dll ntdll.dll ntdll.dll ntdll.dll wow64.dll wow64win.dll wow64cpu.dll kernel32.dll api-ms-win-downlevel-advapi32-l2-1-0.dll kernel32.dll kernel32.dll user32.dll kernel32.dll KernelBase.dll oleaut32.dll ole32.dll msvcrt.dll gdi32.dll user32.dll advapi32.dll sechost.dll rpcrt4.dll sspicli.dll cryptbase.dll lpk.dll msvcrt.dll mscoreei.dll devobj.dll comctl32.dll usp10.dll msimg32.dll msvcrt.dll version.dll rsaenh.dll mpr.dll olepro32.dll comctl32.dll System.Runtime.Serialization.ni.dll shlwapi.dll shell32.dll wsock32.dll ws2_32.dll nsi.dll netapi32.dll rpcrtremote.dll netutils.dll srvcli.dll wkscli.dll GdiPlus.dll wsdapi.dll imm32.dll cryptbase.dll netapi32.dll msctf.dll uxtheme.dll setupapi.dll cfgmgr32.dll lpk.dll devobj.dll winmm.dll clbcatq.dll propsys.dll profapi.dll msctf.dll WindowsCodecs.dll apphelp.dll resourcepolicyclient.dll uxtheme.dll EhStorShell.dll EhStorShell.dll user32.dll EhStorShell.dll EhStorShell.dll ntshrui.dll ntshrui.dll ntshrui.dll ntshrui.dll cscapi.dll slc.dll imageres.dll imageres.dll imageres.dll imageres.dll imageres.dll devobj.dll imageres.dll imageres.dll imageres.dll imageres.dll imageres.dll imageres.dll imageres.dll imageres.dll wtsapi32.dll winsta.dll ntdll.dll kernel32.dll user32.dll KernelBase.dll gdi32.dll lpk.dll usp10.dll msvcrt.dll imm32.dll msctf.dll wshqos.dll ole32.dll rpcrt4.dll oleaut32.dll cryptbase.dll clbcatq.dll advapi32.dll sechost.dll,normal
 ntdll.dll ntdll.dll wow64.dll wow64win.dll msctf.dll wow64cpu.dll mscorlib.ni.dll kernel32.dll wow64win.dll ole32.dll kernel32.dll profapi.dll kernel32.dll user32.dll gdi32.dll kernel32.dll KernelBase.dll msvcrt.dll winbrand.dll user32.dll gdi32.dll lpk.dll usp10.dll apphelp.dll msvcr120_clr0400.dll advapi32.dll sechost.dll sechost.dll rpcrt4.dll System.Xml.dll sspicli.dll cryptbase.dll imm32.dll msctf.dll apphelp.dll,normal
 ntdll.dll ntdll.dll system.data.oracleclient.ni.dll winmm.dll wow64.dll wow64win.dll advapi32.dll kernel32.dll kernel32.dll winnsi.dll kernel32.dll kernel32.dll KernelBase.dll mscorlib.dll shlwapi.dll user32.dll wow64cpu.dll vm3dum64.dll kernel32.dll kernelbase.dll apphelp.dll advapi32.dll msvcrt.dll sechost.dll rpcrt4.dll sspicli.dll msvcrt.dll smdiagnostics.ni.dll imm32.dll System.Web.Services.dll cryptbase.dll bcryptprimitives.dll gdi32.dll gdi32full.dll user32.dll win32u.dll rsaenh.dll ole32.dll combase.dll ucrtbase.dll oleaut32.dll cryptsp.dll msvcp_win.dll comctl32.dll shell32.dll cfgmgr32.dll windows.storage.dll powrprof.dll shlwapi.dll kernel.appcore.dll ucrtbase.dll samlib.dll shcore.dll profapi.dll wininet.dll mfc42u.dll ws2_32.dll winmm.dll imm32.dll odbc32.dll winmmbase.dll setupapi.dll netprofm.dll winmmbase.dll uxtheme.dll oleaut32.dll dpapi.dll riched32.dll riched20.dll usp10.dll msls31.dll msctf.dll dwmapi.dll comctl32.dll wow64cpu.dll clbcatq.dll gdi32.dll version.dll propsys.dll iertutil.dll oleacc.dll ntmarta.dll nsi.dll bcrypt.dll crypt32.dll version.dll advapi32.dll msasn1.dll wow64win.dll bcrypt.dll ncrypt.dll ntasn1.dll gdi32.dll msvcrt.dll mscorlib.dll policymanager.dll DrUpdate.dll msvcp110_win.dll dui70.dll user32.dll imecfm.dll wer.dll gdi32.dll tiptsf.dll msado15.dll msdart.dll oledb32.dll api-ms-win-downlevel-ole32-l1-1-0.dll comsvcs.dll msjetoledb40.dll msjter40.dll msjint40.dll msjet40.dll user32.dll mswstr10.dll msadox.dll msadrh15.dll msjtes40.dll vbajet32.dll twinapi.appcore.dll expsrv.dll imecfm.dll msdadiag.dll wer.dll msadce.dll msadcer.dll,caidao
 ntdll.dll kernel32.dll kernelbase.dll msvcrt.dll kernelbase.dll rpcrt4.dll combase.dll rasadhlp.dll profapi.dll ucrtbase.dll bcryptprimitives.dll oleaut32.dll msvcp_win.dll imm32.dll user32.dll win32u.dll lpk.dll gdi32.dll gdi32full.dll oleaut32.dll cfgmgr32.dll kernel.appcore.dll sechost.dll clbcatq.dll shell32.dll cfgmgr32.dll system.xml.dll usp10.dll kernel32.dll windows.storage.dll msvcr120_clr0400.dll powrprof.dll advapi32.dll shlwapi.dll shcore.dll profapi.dll taskschdps.dll,normal
 ntdll.dll usp10.dll shlwapi.dll kernel32.dll oleaut32.dll lpk.dll imm32.dll ole32.dll sechost.dll clbcatq.dll user32.dll gdi32.dll msctf.dll user32.dll msvcrt.dll advapi32.dll security.dll msctf.dll gdi32.dll dcntel.dll gdi32full.dll sensapi.dll usp10.dll wldap32.dll SensApi.dll rpcrt4.dll shlwapi.dll System.Web.dll kernelbase.dll rpcrtremote.dll mswsock.dll lpk.dll cryptbase.dll cryptsp.dll gdi32.dll ws2_32.dll api-ms-win-core-interlocked-l1-1-0.dll nsi.dll shell32.dll crypt32.dll oleaut32.dll msasn1.dll profapi.dll user32.dll sspicli.dll sxs.dll rsaenh.dll ntmarta.dll mskeyprotect.dll winnsi.dll xmllite.dll atl.dll es.dll winmm.dll vssapi.dll vsstrace.dll msvcr90.dll msvcp90.dll intl.dll iconv.dll glib-2.0.dll pcre.dll System.Data.dll vmtools.dll icmp.dll gthread-2.0.dll comsvcs.dll odbc32.dll odbcint.dll vcbsnapshotprovider.dll vss_ps.dll,normal
 ntdll.dll kernel32.dll kernelbase.dll advapi32.dll msvcrt.dll kernel32.dll sechost.dll rpcrt4.dll ole32.dll gdi32.dll cryptbase.dll user32.dll rsaenh.dll SensApi.dll lpk.dll usp10.dll WindowsBase.dll imm32.dll msctf.dll oleaut32.dll msvcrt.dll wdscore.dll sechost.dll shell32.dll dbghelp.dll shlwapi.dll cryptbase.dll apphelp.dll ntdll.dll ntdsapi.dll system.data.oracleclient.dll crypt32.dll msasn1.dll wintrust.dll clbcatq.dll usp10.dll cbscore.dll version.dll userenv.dll profapi.dll ktmw32.dll dpx.dll dpx.dll shcore.dll dpx.dll ntmarta.dll system.web.regularexpressions.ni.dll wcp.dll ucrtbase.dll wow64.dll imm32.dll setupapi.dll devobj.dll mpr.dll user32.dll atl.dll drupdate.dll cfgmgr32.dll winhttp.dll lpk.dll sspicli.dll webio.dll sxs.dll winhttp.dll webio.dll sensapi.dll srclient.dll spp.dll vssapi.dll vsstrace.dll wrpint.dll sxsstore.dll sqmapi.dll cryptsp.dll rsaenh.dll rpcrtremote.dll clbcatq.dll cbsapi.dll,normal
 System.AddIn.dll ntdll.dll cryptnet.dll ntdll.dll wow64.dll wow64win.dll wow64cpu.dll imm32.dll kernel32.dll oleaut32.dll clrjit.dll sspicli.dll kernel32.dll kernel32.dll user32.dll kernel32.dll user32.dll KernelBase.dll setupapi.dll dhcpcsvc.dll lpk.dll advapi32.dll msvcrt.dll sechost.dll rpcrt4.dll sspicli.dll gdi32.dll cryptbase.dll dnsapi.dll ws2_32.dll rpcrtremote.dll nsi.dll winnsi.dll cryptbase.dll dhcpcsvc.dll dhcpcsvc6.dll shell32.dll version.dll shlwapi.dll gdi32.dll comdlg32.dll user32.dll lpk.dll usp10.dll ole32.dll imm32.dll msctf.dll clbcatq.dll oleaut32.dll cryptsp.dll rsaenh.dll RpcRtRemote.dll wevtapi.dll,normal
 System.Security.ni.dll spp.dll wow64.dll system.xml.ni.dll KernelBase.dll ntdll.dll kernel32.dll microsoft.powershell.commands.management.ni.dll kernel32.dll user32.dll comctl32.dll mfc42u.dll odbc32.dll dpapi.dll ws2_32.dll winmm.dll version.dll winmmbase.dll winmmbase.dll ntdll.dll advapi32.dll shdocvw.dll wow64.dll secur32.dll wow64win.dll riched32.dll riched20.dll kernel32.dll kernel32.dll wow64cpu.dll usp10.dll msls31.dll msctf.dll taskbarcpl.dll dwmapi.dll kernelbase.dll clrjit.dll apphelp.dll advapi32.dll msvcrt.dll msctf.dll uxtheme.dll dnsapi.dll sechost.dll rpcrt4.dll sspicli.dll cryptsp.dll shlwapi.dll cryptbase.dll imm32.dll System.Deployment.dll dwmapi.dll bcryptprimitives.dll microsoft.visualstudio.tools.office.containercontrol.v10.0.ni.dll gdi32.dll gdi32full.dll comctl32.dll ntdll.dll lpk.dll crypt32.dll clbcatq.dll user32.dll win32u.dll ole32.dll combase.dll ucrtbase.dll oleaut32.dll msvcp_win.dll oleacc.dll ntmarta.dll ncrypt.dll ntasn1.dll policymanager.dll msvcp110_win.dll dui70.dll imecfm.dll wer.dll tiptsf.dll msado15.dll msasn1.dll msdart.dll kernel32.dll oledb32.dll comsvcs.dll rpcrt4.dll msjetoledb40.dll msjet40.dll msjter40.dll rpcrtremote.dll mswstr10.dll KernelBase.dll msjint40.dll sechost.dll msadox.dll msadrh15.dll msjtes40.dll shell32.dll vbajet32.dll imm32.dll expsrv.dll cfgmgr32.dll windows.storage.dll powrprof.dll normaliz.dll shlwapi.dll kernel.appcore.dll ole32.dll shcore.dll biwinrt.dll GdiPlus.dll profapi.dll msdadiag.dll wininet.dll imm32.dll imecfm.dll wer.dll shell32.dll ole32.dll uxtheme.dll msadce.dll msadcer.dll Microsoft.VisualStudio.Tools.Applications.Runtime.v9.0.ni.dll comctl32.dll clbcatq.dll version.dll iertutil.dll propsys.dll crypt32.dll oleaut32.dll msasn1.dll bcrypt.dll actxprxy.dll urlmon.dll windows.shell.servicehostbuilder.dll wintypes.dll ieframe.dll netapi32.dll netutils.dll dsreg.dll cryptsp.dll wkscli.dll edputil.dll secur32.dll mlang.dll ieproxy.dll,caidao
 ntdll.dll kernel32.dll sechost.dll kernelbase.dll ws2_32.dll sechost.dll rpcrt4.dll ucrtbase.dll vcruntime140.dll lpk.dll wow64.dll lpk.dll mswsock.dll napinsp.dll msvcrt.dll dnsapi.dll webio.dll twinapi.dll nsi.dll winrnr.dll nlaapi.dll bcrypt.dll rasadhlp.dll,HTran
 mscorwks.dll lpk.dll shell32.dll ntdll.dll kernel32.dll KernelBase.dll rmclient.dll gdi32.dll imm32.dll system.data.entity.dll user32.dll lpk.dll usp10.dll msvcrt.dll imm32.dll ntdll.dll msctf.dll ole32.dll rpcrt4.dll oleaut32.dll cryptbase.dll version.dll clbcatq.dll advapi32.dll rpcrt4.dll sechost.dll ntdll.dll ntdll.dll kernelbase.dll ole32.dll wow64.dll msvcp_win.dll wow64win.dll wow64cpu.dll kernel32.dll kernel32.dll kernel32.dll System.Activities.dll user32.dll kernel32.dll KernelBase.dll advapi32.dll rpcrt4.dll System.dll msvcrt.dll sechost.dll mprmsg.dll kernel32.dll dhcpcsvc6.dll rpcrt4.dll sspicli.dll shlwapi.dll sspicli.dll cryptbase.dll gdi32full.dll dnsapi.dll ws2_32.dll nsi.dll winnsi.dll dhcpcsvc.dll system.security.dll dhcpcsvc6.dll shell32.dll cryptsp.dll uxtheme.dll shlwapi.dll gdi32.dll kernel32.dll ole32.dll user32.dll lpk.dll usp10.dll userenv.dll ole32.dll xmllite.dll imm32.dll msctf.dll clbcatq.dll oleaut32.dll wmsgapi.dll cryptsp.dll rsaenh.dll RpcRtRemote.dll wevtapi.dll ntdll.dll cryptbase.dll mpclient.dll wow64cpu.dll ntdll.dll wow64.dll wow64win.dll wow64cpu.dll kernel32.dll kernel32.dll kernel32.dll user32.dll kernel32.dll KernelBase.dll msvcrt.dll winbrand.dll user32.dll gdi32.dll lpk.dll usp10.dll advapi32.dll sechost.dll rpcrt4.dll sspicli.dll cryptbase.dll imm32.dll msctf.dll apphelp.dll,normal
 comctl32.dll eppmanifest.dll sendmail.dll mydocs.dll acppage.dll sfc.dll shlwapi.dll msi.dll wpdshext.dll,normal
 ntdll.dll kernel32.dll KernelBase.dll advapi32.dll msvcrt.dll rpcrt4.dll sechost.dll profapi.dll kernel32.dll rpcrt4.dll ntdll.dll gdi32.dll user32.dll lpk.dll ole32.dll usp10.dll kernel32.dll msimg32.dll wmsgapi.dll wtsapi32.dll winmm.dll userenv.dll profapi.dll winsta.dll lpk.dll gdiplus.dll advapi32.dll crypt32.dll wow64.dll comctl32.dll msasn1.dll MsCtfMonitor.dll ucrtbase.dll msctf.dll advapi32.dll imm32.dll apphelp.dll msutb.dll msvcrt.dll comctl32.dll shlwapi.dll secur32.dll sspicli.dll shell32.dll cryptbase.dll uxtheme.dll wintrust.dll cryptsp.dll rsaenh.dll imagehlp.dll bcrypt.dll bcryptprimitives.dll dwmapi.dll version.dll userenv.dll clbcatq.dll oleaut32.dll urlmon.dll api-ms-win-downlevel-ole32-l1-1-0.dll api-ms-win-downlevel-shlwapi-l1-1-0.dll api-ms-win-downlevel-advapi32-l1-1-0.dll auditcse.dll KernelBase.dll cryptbase.dll msvcrt.dll api-ms-win-downlevel-user32-l1-1-0.dll api-ms-win-downlevel-version-l1-1-0.dll api-ms-win-downlevel-normaliz-l1-1-0.dllnormaliz.dll kernel32.dll iertutil.dll wininet.dll credui.dll lltdapi.dll authui.dll advapi32.dll kernel.appcore.dll cryptui.dll GdiPlus.dll ole32.dll MMDevAPI.dll kernel.appcore.dll sechost.dll propsys.dll dui70.dll setupapi.dll cfgmgr32.dll devobj.dll duser.dll xmllite.dll imageres.dll msutb.dll,normal
 ntdll.dll system.ni.dll ntdll.dll wow64.dll rpcrt4.dll lpk.dll wow64win.dll rpcrt4.dll cabinet.dll vbscript.dll wow64cpu.dll kernel32.dll kernel32.dll wow64.dll imm32.dll kernel32.dll user32.dll kernel32.dll KernelBase.dll ncrypt.dll advapi32.dll PresentationFramework.ni.dll msvcrt.dll sechost.dll windows.ui.dll mscorlib.ni.dll rpcrt4.dll sspicli.dll System.dll cryptbase.dll dnsapi.dll cldapi.dll ws2_32.dll cfgmgr32.dll System.Windows.Forms.ni.dll nsi.dll winnsi.dll dhcpcsvc.dll dhcpcsvc6.dll ntdll.dll shell32.dll propsys.dll shlwapi.dll gdi32.dll system.data.ni.dll user32.dll lpk.dll usp10.dll ole32.dll api-ms-win-downlevel-advapi32-l1-1-0.dll cryptsp.dll imm32.dll msctf.dll clbcatq.dll shell32.dll oleaut32.dll sspicli.dll cryptsp.dll rsaenh.dll sensapi.dll RpcRtRemote.dll wevtapi.dll ntdll.dll ntdll.dll wow64.dll wow64win.dll wow64cpu.dll kernel32.dll kernel32.dll kernel32.dll user32.dll kernel32.dll KernelBase.dll msvcrt.dll winbrand.dll user32.dll gdi32.dll msctf.dll lpk.dll usp10.dll advapi32.dll sechost.dll rpcrt4.dll sspicli.dll cryptbase.dll imm32.dll msctf.dll apphelp.dll,normal
 ntdll.dll ntdll.dll wow64.dll wow64win.dll cmisetup.dll wow64cpu.dll lpk.dll kernel32.dll oleacc.dll api-ms-win-core-interlocked-l1-1-0.dll cryptdll.dll kernel32.dll kernel32.dll scrrun.dll user32.dll kernel32.dll kernelbase.dll windows.applicationmodel.dll api-ms-win-downlevel-user32-l1-1-0.dll msvcrt.dll winbrand.dll user32.dll gdi32.dll lpk.dll usp10.dll advapi32.dll clbcatq.dll combase.dll sechost.dll rpcrt4.dll sspicli.dll cryptbase.dll imm32.dll msctf.dll apphelp.dll,normal
 ntdll.dll ole32.dll kernel32.dll kernelbase.dll ntmarta.dll gdi32.dll user32.dll msvcrt.dll ole32.dll usp10.dll combase.dll rpcrt4.dll rpcrt4.dll dpx.dll mfc42u.dll sechost.dll shlwapi.dll oleaut32.dll mmcbase.dll uxtheme.dll imm32.dll duser.dll shcore.dll odbc32.dll advapi32.dll dpapi.dll cryptbase.dll rpcrt4.dll vm3dum64_10.dll cryptbase.dll RpcRtRemote.dll nsi.dll bcryptprimitives.dll imm32.dll msctf.dll dui70.dll comctl32.dll shell32.dll kernelbase.dll system.runtime.serialization.formatters.soap.ni.dll windows.storage.dll kernel.appcore.dll powrprof.dll profapi.dll urlmon.dll iertutil.dll ntdll.dll clbcatq.dll mmcndmgr.dll msxml6.dll ws2_32.dll apphelp.dll els.dll netutils.dll d3d10level9.dll logoncli.dll kernel32.dll dsrole.dll srvcli.dll wkscli.dll clrjit.dll System.Core.dll ntdsapi.dll version.dll ws2_32.dll nsi.dll activeds.dll setupapi.dll mpr.dll bcrypt.dll adsldpc.dll wldap32.dll riched32.dll msimg32.dll dpx.dll riched20.dll usp10.dll msls31.dll dwmapi.dll oleacc.dll cryptsp.dll dwmapi.dll ole32.dll cryptdll.dll rsaenh.dll cfgmgr32.dll accessibility.dll wow64cpu.dll cfgmgr32.dll propsys.dll comctl32.dll netlogon.dll mlang.dll dataexchange.dll d2d1.dll user32.dll d3d11.dll dcomp.dll RpcRtRemote.dll dxgi.dll twinapi.appcore.dll userenv.dll setupapi.dll xmllite.dll atlthunk.dll atlthunk.dll atlthunk.dll atlthunk.dll wow64cpu.dll imageres.dll mscoree.dll mscoreei.dll api-ms-win-crt-runtime-l1-1-0.dll advapi32.dll clr.dll msvcr120_clr0400.dll mscorlib.ni.dll mscorlib.dll kernelbase.dll sxs.dll system.ni.dll mscorlib.dll mmcex.ni.dll mmcfxcommon.ni.dll system.core.ni.dll bcrypt.dll msxml3.dll cscapi.dll system.configuration.dll ntdll.dll rpcrtremote.dll system.configuration.ni.dll system.xml.ni.dll system.drawing.ni.dll winbrand.dll cryptbase.dll system.windows.forms.ni.dll diasymreader.dll microsoft.managementconsole.ni.dll clrjit.dll eventviewer.ni.dll mssvp.dll miguicontrols.ni.dll gdiplus.dll windowscodecs.dll sspicli.dll system.serviceprocess.ni.dll wecapi.dll vm3dum64_10.dll wevtapi.dll clbcatq.dll edputil.dll ntdll.dll lpk.dll wintypes.dll policymanager.dll msvcp110_win.dll dwrite.dll api-ms-win-core-heap-obsolete-l1-1-0.dll riched20.dll usp10.dll msls31.dll system.web.dll system.web.ni.dll secur32.dll mswsock.dll dnsapi.dll rasadhlp.dll winnsi.dll comdlg32.dll explorerframe.dll thumbcache.dll msftedit.dll secur32.dll windows.globalization.dll bcp47langs.dll globinputhost.dll tiptsf.dll linkinfo.dll windows.storage.search.dll searchfolder.dll wdscore.dll structuredquery.dll mssprxy.dll mssvp.dll mapi32.dll msvcp110_win.dll rpcrt4.dll actxprxy.dll msctf.dll mrmcorer.dll ntshrui.dll cscapi.dll coml2.dll twinapi.dll winmm.dll winmmbase.dll winmmbase.dll devobj.dll ehstorshell.dll setupapi.dll cscui.dll microsoft.visualstudio.tools.office.contract.v9.0.dll cscdll.dll networkexplorer.dll,normal
 ntdll.dll kernel32.dll kernelbase.dll advapi32.dll msvcrt.dll sechost.dll System.Management.Automation.dll rpcrt4.dll user32.dll gdi32.dll lpk.dll usp10.dll mpr.dll ole32.dll oleaut32.dll webio.dll secur32.dll sspicli.dll ws2_32.dll nsi.dll netapi32.dll netutils.dll srvcli.dll user32.dll wkscli.dll logoncli.dll framedynos.dll kernel32.dll wmsgapi.dll mcepg.ni.dll wtsapi32.dll ntdsapi.dll version.dll slc.dll imm32.dll msvcrt.dll msctf.dll cryptbase.dll logoncli.dll shell32.dll PortableDeviceSyncProvider.dll clbcatq.dll wbemprox.dll system.web.ni.dll wbemcomn.dll ntdll.dll ntdll.dll wow64.dll mscorlib.dll wow64win.dll wow64cpu.dll kernel32.dll winmmbase.dll kernel32.dll nlasvc.dll kernel32.dll user32.dll scrobj.dll usp10.dll kernel32.dll kernelbase.dll advapi32.dll msvcrt.dll shlwapi.dll rpcrt4.dll system.directoryservices.protocols.dll appxdeploymentclient.dll sechost.dll rpcrt4.dll user32.dll sspicli.dll cryptbase.dll dnsapi.dll ws2_32.dll gdi32.dll nsi.dll shlwapi.dll System.AddIn.Contract.dll user32.dll winnsi.dll dhcpcsvc.dll dhcpcsvc6.dll shell32.dll shlwapi.dll nsi.dll gdi32.dll shell32.dll user32.dll lpk.dll bcryptprimitives.dll usp10.dll ole32.dll imm32.dll msctf.dll clbcatq.dll oleaut32.dll cryptsp.dll rsaenh.dll rpcrtremote.dll wevtapi.dll,normal
 presentationframework.dll ntdll.dll ntdll.dll wow64.dll wow64win.dll clbcatq.dll wow64cpu.dll msvcrt.dll wldp.dll kernel32.dll kernel32.dll mydocs.dll shell32.dll rsaenh.dll system.data.sqlxml.dll msctf.dll kernel32.dll user32.dll kernel32.dll sechost.dll KernelBase.dll advapi32.dll msvcrt.dll tiptsf.dll sechost.dll user32.dll rpcrt4.dll sspicli.dll cryptbase.dll dnsapi.dll imm32.dll ws2_32.dll nsi.dll winnsi.dll dhcpcsvc.dll dhcpcsvc6.dll imm32.dll shell32.dll shlwapi.dll gdi32.dll user32.dll lpk.dll usp10.dll ole32.dll nsi.dll imm32.dll msctf.dll clbcatq.dll oleaut32.dll cryptsp.dll rsaenh.dll RpcRtRemote.dll wevtapi.dll,normal
 oleaut32.dll ntdll.dll kernel32.dll kernelbase.dll msvcrt.dll ole32.dll gdi32.dll user32.dll clr.dll kernel32.dll lpk.dll api-ms-win-security-lsalookup-l2-1-1.dll usp10.dll uxtheme.dll rpcrt4.dll imm32.dll dwmapi.dll msctf.dll lpk.dll cryptbase.dll clbcatq.dll advapi32.dll sechost.dll oleaut32.dll rpcrtremote.dll oleaut32.dll mscorwks.dll cryptsp.dll rsaenh.dll rpcrtremote.dll uxtheme.dll thumbcache.dll shell32.dll shlwapi.dll comctl32.dll psapi.dll propsys.dll,normal
 ntdll.dll kernel32.dll kernelbase.dll gdi32.dll user32.dll imm32.dll lpk.dll presentationcffrasterizer.dll usp10.dll kernelbase.dll msvcrt.dll imm32.dll msctf.dll ole32.dll rpcrt4.dll rpcrt4.dll rsaenh.dll oleaut32.dll cryptbase.dll clbcatq.dll advapi32.dll mscoreei.dll sechost.dll webio.dll ntdll.dll ntdll.dll kernel32.dll ntdll.dll wow64.dll wow64win.dll msvcrt.dll wow64cpu.dll kernel32.dll nsi.dll kernel32.dll comsvcs.dll sechost.dll kernel32.dll msvcrt.dll user32.dll kernel32.dll kernelbase.dll msvcrt.dll winbrand.dll userenv.dll user32.dll gdi32.dll imm32.dll lpk.dll usp10.dll advapi32.dll sechost.dll rpcrt4.dll sspicli.dll cryptbase.dll imm32.dll msctf.dll apphelp.dll,normal
 ntdll.dll kernel32.dll kernelbase.dll advapi32.dll kernel.appcore.dll urlmon.dll msvcrt.dll sechost.dll rpcrt4.dll ieproxy.dll msvcr120_clr0400.dll odbc32.dll mscoree.dll ole32.dll gdi32.dll ntdll.dll user32.dll kernel32.dll lpk.dll usp10.dll sechost.dll oleaut32.dll imm32.dll lpk.dll msutb.dll msctf.dll winbrand.dll deviceaccess.dll tiptsf.dll cryptbase.dll msswch.dll cryptsp.dll rsaenh.dll rpcrtremote.dll clbcatq.dll sxs.dll mscoreei.dll clr.dll shlwapi.dll mscorlib.ni.dll clrjit.dll system.ni.dll system.core.ni.dll version.dll mscorlib.dll mscorlib.dll system.servicemodel.routing.ni.dll system.servicemodel.ni.dll system.transactions.ni.dll system.transactions.dll system.transactions.dll osbaseln.dll system.transactions.dll system.runtime.durableinstancing.ni.dll system.servicemodel.internals.ni.dll sxs.dll system.runtime.serialization.ni.dll system.configuration.ni.dll system.xml.ni.dll System.DirectoryServices.dll sensapi.dll system.numerics.ni.dll KernelBase.dll duser.dll system.security.ni.dll ntdll.dll msctf.dll kernel32.dll user32.dll system.windows.forms.dll kernelbase.dll advapi32.dll msvcrt.dll shlwapi.dll sechost.dll sxs.dll rpcrt4.dll msvcr120_clr0400.dll system.web.dll mscoree.dll ole32.dll gdi32.dll user32.dll lpk.dll usp10.dll oleaut32.dll imm32.dll msctf.dll cryptbase.dll microsoft.security.applicationid.policymanagement.policyengineapi.interop.dll sspicli.dll cryptsp.dll ntdll.dll rsaenh.dll rpcrtremote.dll clbcatq.dll sxs.dll mscoreei.dll clr.dll shlwapi.dll system.enterpriseservices.ni.dll mscorlib.ni.dll clrjit.dll system.ni.dll Sens.dll version.dll mscorlib.dll mscorlib.dll win32u.dll system.windows.controls.ribbon.ni.dll system.core.ni.dll windowsbase.ni.dll presentationcore.ni.dll presentationframework.ni.dll gpedit.dll presentationcore.dll presentationcore.dll system.xaml.ni.dll system.xml.ni.dll uiautomationprovider.ni.dll gdi32.dll uiautomationtypes.ni.dll system.configuration.ni.dll ntdll.dll ntdll.dll wow64.dll wow64win.dll iphlpsvc.dll wow64cpu.dll kernel32.dll kernel32.dll system.windows.forms.dll imm32.dll kernel32.dll user32.dll kernel32.dll kernel32.dll kernelbase.dll system.ni.dll advapi32.dll nsi.dll msvcrt.dll rpcrt4.dll sechost.dll rpcrt4.dll sspicli.dll cryptbase.dll msvcr120_clr0400.dll kernel32.dll mscoree.dll ole32.dll gdi32.dll wow64.dll user32.dll lpk.dll dhcpcsvc.dll api-ms-win-core-datetime-l1-1-0.dll usp10.dll api-ms-win-core-string-obsolete-l1-1-0.dll oleaut32.dll imm32.dll msctf.dll uxtheme.dll cryptsp.dll rsaenh.dll rpcrtremote.dll System.ServiceProcess.dll System.Xml.ni.dll clbcatq.dll sxs.dll wow64cpu.dll sechost.dll mscoreei.dll mscorwks.dll userenv.dll msvcr80.dll shlwapi.dll shell32.dll RpcRtRemote.dll sppcomapi.dll profapi.dll odbcint.dll tquery.dll mscorlib.ni.dll mscorjit.dll userenv.dll wininet.dll mscorlib.dll accessibility.dll mscorlib.dll KernelBase.dll devobj.dll version.dll mscorlib.dll mscorlib.dll system.ni.dll cryptsp.dll system.directoryservices.protocols.ni.dll system.directoryservices.protocols.dll system.directoryservices.protocols.dll system.directoryservices.protocols.dll system.directoryservices.protocols.dll sensapi.dll system.dll system.dll propsys.dll system.dll ucrtbase.dll system.dll shcore.dll system.xml.ni.dll system.xml.dll system.xml.dll system.xml.dll system.xml.dll rpcrt4.dll system.directoryservices.ni.dll system.directoryservices.dll system.directoryservices.dll system.directoryservices.dll sensapi.dll system.directoryservices.dll system.configuration.ni.dll ncrypt.dll system.configuration.dll system.configuration.dll system.configuration.dll wow64.dll system.configuration.dll ntdll.dll ntdll.dll wow64.dll imm32.dll clbcatq.dll usp10.dll wow64win.dll wow64cpu.dll cryptsp.dll kernel32.dll system.xml.ni.dll System.Data.OracleClient.dll system.servicemodel.ni.dll kernel32.dll system.numerics.ni.dll kernel32.dll kernel32.dll user32.dll kernel32.dll kernelbase.dll apphelp.dll imm32.dll advapi32.dll user32.dll msvcrt.dll twinapi.appcore.dll sechost.dll rpcrt4.dll sspicli.dll cryptbase.dll msvcr120_clr0400.dll uiautomationprovider.dll SensApi.dll mscoree.dll api-ms-win-core-heap-l1-1-0.dll ole32.dll gdi32.dll api-ms-win-service-management-l1-1-0.dll user32.dll ole32.dll msacm32.dll lpk.dll usp10.dll dui70.dll oleaut32.dll imm32.dll msctf.dll cryptsp.dll rsaenh.dll rpcrtremote.dll clbcatq.dll sxs.dll System.Drawing.dll mscoreei.dll mscorwks.dll msvcr80.dll shlwapi.dll version.dll thumbcache.dll shell32.dll kernel32.dll kernelbase.dll profapi.dll mscorlib.ni.dll mscorjit.dll mscorlib.dll rpcrtremote.dll cfgmgr32.dll mscorlib.dll version.dll mscorlib.dll ntshrui.dll ole32.dll nsi.dll mscorlib.dll kernel32.dll system.ni.dll uiautomationclient.ni.dll system.dll system.dll shell32.dll system.dll system.dll rpcrt4.dll uiautomationprovider.ni.dll uiautomationprovider.dll uiautomationprovider.dll ucrtbase.dll KernelBase.dll uiautomationprovider.dll eappcfg.dll uiautomationclient.dll uiautomationclient.dll uiautomationprovider.dll uiautomationtypes.ni.dll uiautomationtypes.dll rpcrt4.dll uiautomationtypes.dll uiautomationtypes.dll ntdll.dll uiautomationtypes.dll accessibility.ni.dll wininet.dll api-ms-win-core-stringansi-l1-1-0.dll accessibility.dll accessibility.dll accessibility.dll accessibility.dll sspicli.dll windowsbase.ni.dll windowsbase.dll windowsbase.dll wow64cpu.dll RpcRtRemote.dll windowsbase.dll rpcrt4.dll windowsbase.dll system.security.ni.dll System.Deployment.ni.dll system.security.dll system.security.dll system.security.dll system.security.dll mfperfhelper.dll system.xml.ni.dll system.xml.dll system.xml.dll system.xml.dll system.xml.dll system.configuration.ni.dll mscorlib.dll system.configuration.dll system.configuration.dll system.configuration.dll system.configuration.dll system.data.sqlxml.ni.dll system.data.sqlxml.dll system.data.sqlxml.dll system.data.sqlxml.dll system.data.sqlxml.dll ntdll.dll shcore.dll ntdll.dll wow64.dll wow64win.dll kernel32.dll mswsock.dll kernel32.dll wow64cpu.dll dhcpcsvc6.dll system.configuration.dll kernel32.dll kernel32.dll kernel32.dll user32.dll kernel32.dll kernelbase.dll advapi32.dll msvcrt.dll sechost.dll rpcrt4.dll sspicli.dll System.configuration.dll cryptbase.dll msvcr120_clr0400.dll mscoree.dll ole32.dll gdi32.dll user32.dll sqmapi.dll lpk.dll usp10.dll oleaut32.dll imm32.dll imm32.dll msctf.dll cryptsp.dll rsaenh.dll rpcrtremote.dll clbcatq.dll sxs.dll dhcpcsvc.dll clbcatq.dll mscoreei.dll clr.dll shlwapi.dll mscorlib.ni.dll clrjit.dll system.ni.dll version.dll mscorlib.dll mscorlib.dll system.dll system.dll uiautomationclient.ni.dll system.core.ni.dll windowsbase.ni.dll windowsbase.dll windowsbase.dll system.core.dll system.core.dll uiautomationtypes.ni.dll uiautomationtypes.dll uiautomationtypes.dll uiautomationprovider.ni.dll uiautomationprovider.dll uiautomationprovider.dll accessibility.ni.dll accessibility.dll accessibility.dll system.configuration.ni.dll system.configuration.dll system.configuration.dll system.xml.ni.dll system.xml.dll system.xml.dll,normal
 ntdll.dll ntdll.dll wow64.dll user32.dll wow64win.dll wow64cpu.dll System.IdentityModel.dll kernel32.dll kernel32.dll kernel32.dll devobj.dll user32.dll kernel32.dll edputil.dll kernelbase.dll uxtheme.dll advapi32.dll rpcrt4.dll msvcrt.dll sechost.dll System.Data.OracleClient.dll rpcrt4.dll sspicli.dll cryptbase.dll dnsapi.dll ws2_32.dll nsi.dll winnsi.dll dhcpcsvc.dll dhcpcsvc6.dll kernel32.dll shell32.dll Microsoft.Powershell.GraphicalHost.dll shlwapi.dll KernelBase.dll gdi32.dll shell32.dll msvcp_win.dll user32.dll lpk.dll usp10.dll wow64.dll ole32.dll imm32.dll msctf.dll usp10.dll clbcatq.dll msasn1.dll oleaut32.dll cryptsp.dll kernel32.dll lpk.dll imm32.dll usp10.dll wow64.dll rsaenh.dll wow64win.dll rpcrtremote.dll wevtapi.dll ntdll.dll ntdll.dll rsaenh.dll wow64.dll wow64win.dll wow64cpu.dll sechost.dll spoolss.dll sspicli.dll kernel32.dll kernel32.dll tiptsf.dll kernel32.dll user32.dll wow64cpu.dll kernel32.dll kernelbase.dll msvcrt.dll dhcpcsvc.dll dhcpcsvc6.dll shell32.dll shlwapi.dll user32.dll ole32.dll clbcatq.dll oleaut32.dll cabinet.dll cryptsp.dll rsaenh.dll rpcrtremote.dll wevtapi.dll lpk.dll usp10.dll clbcatq.dll advapi32.dll sechost.dll rpcrt4.dll sspicli.dll cryptbase.dll imm32.dll msctf.dll api-ms-win-downlevel-version-l1-1-0.dll dnsapi.dll ws2_32.dll nsi.dll winnsi.dll gdi32.dll,normal
 ntdll.dll kernel32.dll KernelBase.dll msvcrt.dll dnsapi.dll cfgmgr32.dll ole32.dll gdi32.dll user32.dll lpk.dll usp10.dll rpcrt4.dll kernel32.dll imm32.dll msctf.dll cryptbase.dll api-ms-win-core-threadpool-private-l1-1-0.dll clbcatq.dll advapi32.dll combase.dll sechost.dll oleaut32.dll cryptsp.dll apphelp.dll rsaenh.dll presentationcore.dll duser.dll RpcRtRemote.dll uxtheme.dll shacct.dll kernel32.dll comctl32.dll api-ms-win-crt-string-l1-1-0.dll shlwapi.dll userenv.dll profapi.dll IDStore.dll,normal
 ntdll.dll ntdll.dll wow64.dll wow64win.dll wow64cpu.dll kernel32.dll secur32.dll kernel32.dll kernel32.dll user32.dll kernel32.dll kernelbase.dll advapi32.dll msvcrt.dll sspicli.dll imm32.dll sechost.dll iertutil.dll rpcrt4.dll System.Security.ni.dll sspicli.dll cryptbase.dll oleaut32.dll ole32.dll kernelbase.dll gdi32.dll api-ms-win-core-timezone-l1-1-0.dll sechost.dll languagecomponentsinstaller.dll kernel.appcore.dll user32.dll lpk.dll usp10.dll wevtapi.dll imm32.dll kernelbase.dll msctf.dll comctl32.dll shlwapi.dll imagehlp.dll credui.dll ntmarta.dll ntdll.dll kernel32.dll kernelbase.dll kernelbase.dll advapi32.dll msvcrt.dll sechost.dll gdi32.dll cryptbase.dll RpcRtRemote.dll rpcrt4.dll system.directoryservices.dll shell32.dll shlwapi.dll gdi32.dll user32.dll System.Web.dll lpk.dll usp10.dll imm32.dll msctf.dll sechost.dll ole32.dll winhttp.dll cryptbase.dll uxtheme.dll sxs.dll system.data.dll propsys.dll oleaut32.dll comctl32.dll clbcatq.dll clr.dll profapi.dll uxtheme.dll sechost.dll urlmon.dll api-ms-win-downlevel-ole32-l1-1-0.dll wkscli.dll wow64win.dll kernel32.dll clbcatq.dll api-ms-win-downlevel-shlwapi-l1-1-0.dll api-ms-win-downlevel-advapi32-l1-1-0.dll api-ms-win-downlevel-user32-l1-1-0.dll user32.dll api-ms-win-downlevel-version-l1-1-0.dll System.Deployment.ni.dll version.dll imm32.dll api-ms-win-downlevel-normaliz-l1-1-0.dll normaliz.dll iertutil.dll wininet.dll rpcrt4.dll userenv.dll secur32.dll nsi.dll sspicli.dll setupapi.dll cfgmgr32.dll devobj.dll System.Transactions.dll mpr.dll rpcrt4.dll ntdll.dll usp10.dll kernel32.dll microsoft.powershell.editor.dll imagehlp.dll kernelbase.dll advapi32.dll msvcrt.dll msvcr120_clr0400.dll sechost.dll ws2_32.dll rpcrt4.dll gdi32.dll user32.dll gdi32.dll lpk.dll bcrypt.dll lpk.dll sspicli.dll system.core.ni.dll usp10.dll ole32.dll msimg32.dll wtsapi32.dll winmm.dll profapi.dll winsta.dll crypt32.dll msasn1.dll msctf.dll ntshrui.dll imm32.dll comctl32.dll shlwapi.dll secur32.dll sspicli.dll shell32.dll cryptbase.dll imm32.dll uxtheme.dll kernel32.dll wmsgapi.dll wintrust.dll userenv.dll cryptsp.dll rsaenh.dll bcrypt.dll msctfmonitor.dll dwmapi.dll msutb.dll imagehlp.dll bcryptprimitives.dll version.dll ncrypt.dll gpapi.dll cryptnet.dll wldap32.dll clbcatq.dll oleaut32.dll urlmon.dll api-ms-win-downlevel-ole32-l1-1-0.dll api-ms-win-downlevel-shlwapi-l1-1-0.dll api-ms-win-downlevel-advapi32-l1-1-0.dll api-ms-win-downlevel-user32-l1-1-0.dll api-ms-win-downlevel-version-l1-1-0.dll api-ms-win-downlevel-normaliz-l1-1-0.dll normaliz.dll iertutil.dll wininet.dll,normal
 ntdll.dll kernel32.dll KernelBase.dll user32.dll gdi32.dll user32.dll WSDMon.dll usp10.dll advapi32.dll cfgmgr32.dll comctl32.dll dhcpcsvc.dll clbcatq.dll lpk.dll KernelBase.dll usp10.dll msvcrt.dll imm32.dll msctf.dll psapi.dll ole32.dll wow64win.dll rpcrt4.dll oleaut32.dll cryptbase.dll clbcatq.dll advapi32.dll sechost.dll ntdll.dll kernel32.dll KernelBase.dll KernelBase.dll advapi32.dll msvcrt.dll sechost.dll rpcrt4.dll ole32.dll gdi32.dll user32.dll lpk.dll usp10.dll imm32.dll clbcatq.dll msctf.dll wdscore.dll oleaut32.dll ntdll.dll shell32.dll shlwapi.dll dbghelp.dll wbemdisp.dll cryptbase.dll CbsCore.dll version.dll crypt32.dll msasn1.dll wintrust.dll dwmapi.dll userenv.dll kernel32.dll system.directoryservices.ni.dll profapi.dll ktmw32.dll cryptsp.dll dpx.dll cmiadapter.dll dpx.dll searchfolder.dll system.transactions.dll dpx.dll wcp.dll DrUpdate.dll setupapi.dll cfgmgr32.dll devobj.dll mpr.dll wrpint.dll sxsstore.dll sqmapi.dll advapi32.dll sechost.dll kernel32.dll ole32.dll winhttp.dll webio.dll winhttp.dll webio.dll credui.dll SensApi.dll gdi32.dll cryptsp.dll rsaenh.dll RpcRtRemote.dll clbcatq.dll CbsApi.dll smipi.dll smiengine.dll ntdll.dll msvcrt.dll system.xml.dll kernel32.dll KernelBase.dll advapi32.dll msvcrt.dll sechost.dll rpcrt4.dll sechost.dll ntdll.dll ole32.dll gdi32.dll user32.dll imm32.dll lpk.dll ncryptsslp.dll usp10.dll imm32.dll msctf.dll imm32.dll wdscore.dll oleaut32.dll shell32.dll shlwapi.dll dbghelp.dll cryptbase.dll CbsCore.dll user32.dll version.dll crypt32.dll msasn1.dll wintrust.dll ntdll.dll userenv.dll apphelp.dll system.transactions.dll system.data.oracleclient.dll profapi.dll ktmw32.dll dpx.dll imm32.dll dpx.dll msctf.dll msctf.dll schannel.dll dpx.dll wcp.dll DrUpdate.dll setupapi.dll cfgmgr32.dll msctf.dll devobj.dll mpr.dll wrpint.dll sxsstore.dll sqmapi.dll kernel32.dll System.Web.dll usp10.dll kernel32.dll threadpoolwinrt.dll winhttp.dll webio.dll system.directoryservices.ni.dll winhttp.dll sechost.dll msasn1.dll shlwapi.dll webio.dll SensApi.dll connect.dll cryptsp.dll rsaenh.dll storageusage.dll dui70.dll RpcRtRemote.dll mpr.dll msvcrt.dll clbcatq.dll shell32.dll CbsApi.dll smipi.dll smiengine.dll clr.dll ntdll.dll kernel32.dll ntdll.dll wow64.dll wow64win.dll wow64cpu.dll kernel32.dll kernel32.dll msctf.dll msctf.dll kernel32.dll user32.dll gdi32.dll kernel32.dll KernelBase.dll fastprox.dll advapi32.dll msvcrt.dll rpcrt4.dll sechost.dll rpcrt4.dll sspicli.dll cryptbase.dll dnsapi.dll ws2_32.dll nsi.dll imm32.dll kernelbase.dll winnsi.dll dhcpcsvc.dll dhcpcsvc6.dll shell32.dll shlwapi.dll gdi32.dll user32.dll lpk.dll usp10.dll mscorjit.dll ole32.dll sspicli.dll imm32.dll msctf.dll clbcatq.dll oleaut32.dll system.dll cryptsp.dll rsaenh.dll RpcRtRemote.dll wevtapi.dll ntdll.dll kernel32.dll KernelBase.dll advapi32.dll msvcrt.dll sechost.dll rpcrt4.dll gdi32.dll user32.dll lpk.dll usp10.dll msswch.dll winmm.dll kernel32.dll dwmapi.dll GdiPlus.dll ole32.dll oleacc.dll oleaut32.dll shlwapi.dll wmsgapi.dll duser.dll uxtheme.dll imm32.dll msctf.dll,normal
 wsclient.dll wsclient.dll wsshared.dll sensapi.dll wsshared.dll wssync.dll wssync.dll ntmarta.dll RpcRtRemote.dll ntmarta.dll wininet.dll winhttp.dll slc.dll imageres.dll slc.dll elscore.dll elscore.dll bcp47lang.dll comctl32.dll user32.dll bcp47langs.dll wscapi.dll wscapi.dll wscapi.dll wscapi.dll wscapi.dll wscapi.dll logoncli.dll wscapi.dll WindowsBase.ni.dll wscapi.dll kernel32.dll mprmsg.dll secur32.dll secur32.dll mbnapi.dll wwanapi.dll wwapi.dll wwapi.dll portabledeviceapi.dll portabledeviceapi.dll portabledevicetypes.dll RpcRtRemote.dll themeui.dll portabledevicetypes.dll msctf.dll sxs.dll propsys.dll propsys.dll psapi.dll devrtl.dll spinf.dll drvstore.dll,normal
 ntdll.dll kernel32.dll kernelbase.dll msvcrt.dll conhostv1.dll system.data.dll user32.dll gdi32.dll winhttp.dll resourcepolicyclient.dll msvcrt.dll imm32.dll msctf.dll oleaut32.dll combase.dll rpcrt4.dll,normal
 ntdll.dll ntdll.dll wow64.dll gdi32.dll sechost.dll wow64win.dll wow64cpu.dll kernel32.dll kernel32.dll kernel32.dll user32.dll oleaut32.dll kernel32.dll kernelbase.dll kernelbase.dll advapi32.dll usp10.dll oleaut32.dll msvcrt.dll sechost.dll rpcrt4.dll ole32.dll winnsi.dll sspicli.dll msvcrt.dll cryptbase.dll gdi32.dll dnsapi.dll ws2_32.dll ntdll.dll nsi.dll user32.dll system.dll winnsi.dll dhcpcsvc.dll dhcpcsvc6.dll shell32.dll shlwapi.dll gdi32.dll user32.dll lpk.dll usp10.dll version.dll ole32.dll imm32.dll msctf.dll clbcatq.dll oleaut32.dll cryptsp.dll msvcr120_clr0400.dll rsaenh.dll netid.dll adtschema.dll system.web.dll crypt32.dll rpcrtremote.dll accessibility.dll wevtapi.dll ntdll.dll crypt32.dll kernel32.dll kernelbase.dll advapi32.dll msvcrt.dll mshtml.dll sechost.dll ntdll.dll rpcrt4.dll ole32.dll gdi32.dll user32.dll lpk.dll usp10.dll imm32.dll wow64cpu.dll sensapi.dll msctf.dll mscorlib.ni.dll wdscore.dll oleaut32.dll shell32.dll shlwapi.dll dbghelp.dll cryptbase.dll cbscore.dll version.dll dhcpcsvc.dll crypt32.dll msasn1.dll wintrust.dll advapi32.dll userenv.dll profapi.dll ktmw32.dll dpx.dll lpk.dll DrUpdate.dll dpx.dll dpx.dll dhcpcsvc.dll rpcrt4.dll lpk.dll system.printing.ni.dll cryptsp.dll usp10.dll wcp.dll drupdate.dll setupapi.dll cfgmgr32.dll devobj.dll mpr.dll wrpint.dll sxsstore.dll sqmapi.dll winhttp.dll webio.dll user32.dll ws2_32.dll winhttp.dll gdi32.dll webio.dll sensapi.dll cryptsp.dll rsaenh.dll rpcrtremote.dll clbcatq.dll rpcrt4.dll cbsapi.dll kernel32.dll smipi.dll smiengine.dll System.Windows.Forms.ni.dll ntdll.dll gpapi.dll sspicli.dll kernel32.dll kernelbase.dll oleaut32.dll cryptbase.dll oleaut32.dll advapi32.dll nlsmodels0011.dll msvcrt.dll sechost.dll rpcrt4.dll ole32.dll policymanager.dll gdi32.dll user32.dll lpk.dll usp10.dll mscoree.dll imm32.dll profapi.dll msctf.dll wdscore.dll netprofm.dll oleaut32.dll shell32.dll shlwapi.dll dbghelp.dll expsrv.dll cryptbase.dll rpcrt4.dll cbscore.dll version.dll crypt32.dll msasn1.dll wintrust.dll System.Security.dll userenv.dll profapi.dll kernel32.dll comres.dll ncryptsslp.dll ntdll.dll ntdll.dll appidapi.dll ktmw32.dll ntdll.dll dpx.dll dpx.dll advapi32.dll dpx.dll cryptbase.dll wcp.dll drupdate.dll setupapi.dll cfgmgr32.dll devobj.dll mpr.dll wrpint.dll sechost.dll sxsstore.dll sqmapi.dll winhttp.dll system.configuration.dll webio.dll winhttp.dll webio.dll clbcatq.dll oleaut32.dll wldap32.dll KernelBase.dll System.Xml.ni.dll sensapi.dll cryptsp.dll rsaenh.dll rpcrtremote.dll wups.dll clbcatq.dll cbsapi.dll smipi.dll smiengine.dll ntdll.dll kernel32.dll kernelbase.dll gdi32.dll user32.dll lpk.dll usp10.dll msvcrt.dll imm32.dll msctf.dll ole32.dll rpcrt4.dll oleaut32.dll cryptbase.dll gdi32.dll clbcatq.dll advapi32.dll sechost.dll ntdll.dll ntdll.dll wow64.dll wow64win.dll wow64cpu.dll kernel32.dll kernel32.dll kernel32.dll user32.dll kernel32.dll kernelbase.dll msvcrt.dll winbrand.dll user32.dll gdi32.dll lpk.dll usp10.dll advapi32.dll sechost.dll rpcrt4.dll sspicli.dll cryptbase.dll imm32.dll msctf.dll apphelp.dll,normal
 ntdll.dll kernel32.dll KernelBase.dll gdi32.dll user32.dll windows.storage.applicationdata.dll system.servicemodel.ni.dll lpk.dll usp10.dll advapi32.dll msvcrt.dll imm32.dll msctf.dll ole32.dll rpcrt4.dll oleaut32.dll ntdll.dll shell32.dll ntdll.dll wow64.dll mscorlib.dll wow64win.dll wow64cpu.dll kernel32.dll kernel32.dll kernel32.dll shlwapi.dll user32.dll kernel32.dll KernelBase.dll onecorecommonproxystub.dll rsaenh.dll msvcrt.dll security.dll shcore.dll wldap32.dll dmoleaututils.dll winbrand.dll system.web.dll user32.dll gdi32.dll lpk.dll usp10.dll advapi32.dll sechost.dll twinapi.dll rpcrt4.dll sspicli.dll cryptbase.dll ntdll.dll imm32.dll msctf.dll apphelp.dll,normal
 ntdll.dll ntdll.dll ntmarta.dll ntdll.dll msvcrt.dll wow64.dll wow64win.dll wow64cpu.dll kernel32.dll wevtapi.dll kernel32.dll ninput.dll kernel32.dll user32.dll kernel32.dll System.ServiceProcess.ni.dll combase.dll KernelBase.dll advapi32.dll rpcrt4.dll msvcrt.dll sechost.dll rpcrt4.dll sspicli.dll ncrypt.dll cryptbase.dll dnsapi.dll winbrand.dll ws2_32.dll winmm.dll nsi.dll sechost.dll lpk.dll winnsi.dll dhcpcsvc.dll cryptbase.dll System.configuration.dll dhcpcsvc6.dll shell32.dll shlwapi.dll gdi32.dll user32.dll Accessibility.dll lpk.dll usp10.dll ole32.dll imm32.dll msvcrt.dll msctf.dll clbcatq.dll iertutil.dll oleaut32.dll kernelbase.dll cryptsp.dll kernel.appcore.dll rsaenh.dll nsi.dll RpcRtRemote.dll wevtapi.dll ntdll.dll userenv.dll ntdll.dll comctl32.dll wow64.dll wow64win.dll wow64cpu.dll kernel32.dll nsi.dll kernel32.dll kernel32.dll user32.dll kernel32.dll KernelBase.dll msvcrt.dll sspicli.dll msvcrt.dll system.windows.forms.dll msvcrt.dll oleaut32.dll ole32.dll gdi32.dll user32.dll kernel32.dll advapi32.dll sechost.dll rpcrt4.dll sspicli.dll cryptbase.dll lpk.dll usp10.dll version.dll imm32.dll kernelbase.dll msctf.dll sxs.dll clbcatq.dll vbscript.dll advapi32.dll wintrust.dll gdi32.dll crypt32.dll msasn1.dll cryptsp.dll PresentationCore.dll rsaenh.dll msisip.dll wshext.dll comctl32.dll shell32.dll shlwapi.dll scrobj.dll msi.dll scrrun.dll,normal
 ntdll.dll kernel32.dll kernelbase.dll uxtheme.dll kernel32.dll gdi32.dll user32.dll lpk.dll usp10.dll msvcrt.dll imm32.dll system.directoryservices.protocols.dll sechost.dll msctf.dll ole32.dll rpcrt4.dll oleaut32.dll cryptbase.dll clbcatq.dll advapi32.dll msctf.dll sechost.dll ntdll.dll shlwapi.dll mshtml.dll comctl32.dll secur32.dll ntdll.dll wow64.dll msftedit.dll wow64win.dll wow64cpu.dll system.data.oracleclient.dll kernel32.dll kernel32.dll mswsock.dll kernel32.dll user32.dll kernel32.dll uxtheme.dll kernelbase.dll msvcrt.dll winbrand.dll user32.dll mssprxy.dll user32.dll gdi32.dll lpk.dll usp10.dll advapi32.dll gdi32.dll sechost.dll rpcrt4.dll sspicli.dll cryptbase.dll imm32.dll msctf.dll apphelp.dll,normal
 ntdll.dll ntdll.dll kernel32.dll devobj.dll lpk.dll wintypes.dll kernelbase.dll kernelbase.dll msvcrt.dll msvcrt.dll fastprox.dll rsaenh.dll msvcr80.dll fastprox.dll wow64.dll combase.dll ncobjapi.dll wbemcomn.dll wbemcomn.dll combase.dll wrpint.dll ws2_32.dll ws2_32.dll system.web.dll apphelp.dll devobj.dll sechost.dll sechost.dll version.dll cryptsp.dll rpcrt4.dll comctl32.dll rpcrt4.dll nsi.dll nsi.dll advapi32.dll wow64cpu.dll advapi32.dll user32.dll gdi32.dll kernel.appcore.dll kernel.appcore.dll cryptbase.dll wintrust.dll cryptbase.dll bcryptprimitives.dll imm32.dll bcryptprimitives.dll clbcatq.dll wbemprox.dll winsta.dll wbemprox.dll oleaut32.dll cryptsp.dll msvcrt.dll cryptsp.dll rsaenh.dll cryptsp.dll rsaenh.dll bcrypt.dll imm32.dll system.configuration.ni.dll bcrypt.dll kernel32.dll wbemsvc.dll wbemsvc.dll wmiutils.dll wmiutils.dll cimwin32.dll SensApi.dll cimwin32.dll ws2_32.dll powrprof.dll framedyn.dll framedynos.dll sspicli.dll sspicli.dll winbrand.dll winbrand.dll security.dll spoolss.dll security.dll secur32.dll combase.dll secur32.dll schannel.dll schannel.dll crypt32.dll System.Xml.ni.dll msasn1.dll msasn1.dll netapi32.dll netutils.dll srvcli.dll wkscli.dll samcli.dll clbcatq.dll logoncli.dll browcli.dll schedcli.dll dsrole.dll cscapi.dll cscapi.dll,normal
 ntdll.dll ntdll.dll wow64.dll wow64win.dll wow64cpu.dll System.Data.Linq.ni.dll kernel32.dll kernel32.dll kernel32.dll user32.dll kernel32.dll kernelbase.dll Microsoft.Powershell.GraphicalHost.dll dhcpcsvc6.dll oleaut32.dll ole32.dll msvcrt.dll uxtheme.dll gdi32.dll user32.dll advapi32.dll sechost.dll wuwebv.dll rpcrt4.dll ntdll.dll wow64cpu.dll sspicli.dll cryptbase.dll lpk.dll accessibility.ni.dll cryptbase.dll usp10.dll msimg32.dll imm32.dll wow64.dll version.dll mpr.dll olepro32.dll comctl32.dll shlwapi.dll shell32.dll oleaut32.dll imm32.dll advapi32.dll wsock32.dll ws2_32.dll System.ni.dll ntdll.dll KernelBase.dll cfgmgr32.dll nsi.dll netapi32.dll netutils.dll srvcli.dll wkscli.dll gdiplus.dll imm32.dll msctf.dll uxtheme.dll kernel32.dll system.configuration.dll kernel32.dll clbcatq.dll rpcrt4.dll propsys.dll comctl32.dll profapi.dll apphelp.dll shdocvw.dll ws2_32.dll imm32.dll shdocvw.dll shdocvw.dll shdocvw.dll shell32.dll user32.dll windowscodecs.dll ehstorshell.dll system.dll ehstorshell.dll userenv.dll ehstorshell.dll ehstorshell.dll user32.dll setupapi.dll shlwapi.dll cfgmgr32.dll devobj.dll ntshrui.dll ntshrui.dll ntshrui.dll ntshrui.dll cscapi.dll slc.dll wow64cpu.dll imageres.dll imageres.dll imageres.dll imageres.dll imageres.dll imageres.dll imageres.dll lpk.dll imageres.dll imageres.dll imageres.dll imageres.dll imageres.dll nlaapi.dll msctf.dll netutils.dll napinsp.dll mswsock.dll dnsapi.dll winrnr.dll cryptsp.dll rsaenh.dll wtsapi32.dll winsta.dll,normal
 ntdll.dll msvcr120_clr0400.dll ntdll.dll wow64.dll wow64win.dll msvcrt.dll wow64cpu.dll kernel32.dll kernel32.dll kernel32.dll kernel32.dll user32.dll apphelp.dll kernel32.dll kernel32.dll kernelbase.dll msvcrt.dll ntdll.dll shell32.dll oleaut32.dll ole32.dll gdi32.dll user32.dll advapi32.dll sechost.dll rpcrt4.dll msvcrt.dll sspicli.dll kernel.appcore.dll lpk.dll cryptbase.dll lpk.dll oleaut32.dll usp10.dll version.dll imm32.dll msctf.dll sxs.dll clbcatq.dll vbscript.dll advapi32.dll api-ms-win-core-processthreads-l1-1-1.dll wintrust.dll crypt32.dll msasn1.dll cryptsp.dll rsaenh.dll System.Drawing.dll msctf.dll msisip.dll System.Data.dll wshext.dll apphelp.dll comctl32.dll shell32.dll system.xml.dll msvcrt.dll api-ms-win-downlevel-advapi32-l2-1-0.dll shlwapi.dll scrobj.dll msi.dll scrrun.dll system.runtime.serialization.ni.dll mscoree.dll ntdll.dll ntdll.dll wow64.dll wow64win.dll wow64cpu.dll microsoft.management.infrastructure.ni.dll kernel32.dll kernel32.dll kernel32.dll user32.dll user32.dll kernel32.dll microsoft.powershell.scheduledjob.dll kernelbase.dll msvcrt.dll winbrand.dll netutils.dll user32.dll gdi32.dll lpk.dll ncrypt.dll usp10.dll advapi32.dll sechost.dll rpcrt4.dll sspicli.dll cryptbase.dll wkscli.dll imm32.dll msctf.dll apphelp.dll,normal
 windows.applicationmodel.background.timebroker.dll ntdll.dll kernelbase.dll kernel32.dll kernelbase.dll msvcrt.dll conhostv2.dll combase.dll ucrtbase.dll mscorlib.dll rpcrt4.dll bcryptprimitives.dll gdi32.dll gdi32full.dll bcrypt.dll user32.dll win32u.dll microsoft.visualc.ni.dll KernelBase.dll imm32.dll msvcrt.dll oleaut32.dll msvcp_win.dll propsys.dll RpcRtRemote.dll shcore.dll shell32.dll cfgmgr32.dll sensapi.dll windows.storage.dll msctf.dll powrprof.dll advapi32.dll shlwapi.dll kernel.appcore.dll profapi.dll clbcatq.dll ntdll.dll msctf.dll sechost.dll,normal
 wbemcomn.dll msctf.dll ntdll.dll system.directoryservices.protocols.dll kernel32.dll msvcrt.dll KernelBase.dll msvcrt.dll rpcrt4.dll sensapi.dll gdi32.dll user32.dll lpk.dll usp10.dll nsi.dll ole32.dll oleaut32.dll imm32.dll,normal
 sspicli.dll lpk.dll ntdll.dll kernel32.dll propsys.dll kernelbase.dll gdi32.dll microsoft.build.engine.ni.dll user32.dll lpk.dll usp10.dll msvcrt.dll usp10.dll imm32.dll msctf.dll ole32.dll rpcrt4.dll oleaut32.dll oleaut32.dll cryptbase.dll clbcatq.dll advapi32.dll sechost.dll,normal
 ntdll.dll mssprxy.dll shcore.dll kernel32.dll kernelbase.dll gdi32.dll user32.dll lpk.dll usp10.dll microsoft.powershell.consolehost.resources.dll clbcatq.dll msvcrt.dll bcryptprimitives.dll imm32.dll msctf.dll authui.dll ole32.dll wow64win.dll system.directoryservices.protocols.dll rpcrt4.dll RpcRtRemote.dll oleaut32.dll cryptbase.dll clbcatq.dll advapi32.dll sechost.dll ntdll.dll ntdll.dll wow64.dll wow64win.dll wow64cpu.dll kernel32.dll kernel32.dll cryptbase.dll usp10.dll system.security.dll kernel32.dll user32.dll kernel32.dll kernelbase.dll mpr.dll System.Transactions.dll advapi32.dll msvcrt.dll SyncCenter.dll System.Web.dll mozavcodec.dll sechost.dll rpcrt4.dll api-ms-win-core-url-l1-1-0.dll mscorlib.dll sspicli.dll cryptbase.dll user32.dll imm32.dll gdi32.dll wsock32.dll lpk.dll srvcli.dll usp10.dll shlwapi.dll shell32.dll ole32.dll iertutil.dll urlmon.dll wininet.dll oleaut32.dll crypt32.dll msasn1.dll imm32.dll msctf.dll ieframe.dll psapi.dll mscorlib.dll oleacc.dll comctl32.dll comdlg32.dll ieshims.dll system.security.ni.dll rpcrtremote.dll sqmapi.dll clbcatq.dll propsys.dll profapi.dll setupapi.dll mscorlib.dll cfgmgr32.dll els.dll nsi.dll msctf.dll devobj.dll cryptsp.dll rsaenh.dll ws2_32.dll nsi.dll sspicli.dll ieproxy.dll dnsapi.dll winnsi.dll oleaut32.dll networkexplorer.dll cryptsp.dll apphelp.dll System.ServiceProcess.dll ieframe.dll mlang.dll uxtheme.dll mshtml.dll msls31.dll kernel32.dll version.dll ntmarta.dll wldap32.dll dwmapi.dll sxs.dll rpcrtremote.dll rpcrt4.dll iesetup.dll advpack.dll msctf.dll msimtf.dll ole32.dll ole32.dll comctl32.dll msctf.dll msctf.dll imecfm.dll lspwaoie.dll imagehlp.dll wsock32.dll shell32.dll,normal
 ntdll.dll ntdll.dll kernel32.dll kernelbase.dll kernelbase.dll advapi32.dll advapi32.dll msvcrt.dll msvcrt.dll oleaut32.dll ole32.dll rpcrt4.dll rpcrt4.dll secur32.dll secur32.dll userenv.dll winbrand.dll userenv.dll mapi32.dll mpclient.dll mpclient.dll cabinet.dll cabinet.dll sechost.dll sechost.dll combase.dll gdi32.dll user32.dll profapi.dll shell32.dll samcli.dll cryptsp.dll api-ms-win-devices-config-l1-1-0.dll api-ms-win-core-comm-l1-1-0.dll wintrust.dll System.Core.ni.dll version.dll crypt32.dll msasn1.dll msasn1.dll sspicli.dll rpcrt4.dll sspicli.dll kernel.appcore.dll kernel.appcore.dll System.ServiceModel.Web.ni.dll cryptbase.dll cryptbase.dll bcryptprimitives.dll bcryptprimitives.dll clbcatq.dll mscorlib.dll ntdll.dll netprofm.dll rpcrt4.dll netprofm.dll cryptsp.dll wow64.dll cryptsp.dll rsaenh.dll rsaenh.dll bcrypt.dll bcrypt.dll npfproxy.dll npmproxy.dll wuapi.dll KernelBase.dll wuapi.dll shlwapi.dll ntdll.dll msvcrt.dll wups.dll wups.dll netprofm.dll kernel32.dll netprofm.dll gdi32.dll npfproxy.dll oleaut32.dll rsaenh.dll npmproxy.dll wuapi.dll wuapi.dll PresentationFramework.dll dwrite.dll shlwapi.dll gdi32.dll wups.dll imecfm.dll usp10.dll mscorlib.ni.dll wups.dll ntdll.dll ntdll.dll mcstore.ni.dll user32.dll system.data.dll kernel32.dll kernelbase.dll kernelbase.dll shlwapi.dll msvcrt.dll msvcrt.dll ntdll.dll combase.dll rpcrt4.dll rpcrt4.dll kernel.appcore.dll dot3gpclnt.dll kernel.appcore.dll sechost.dll uxtheme.dll cryptbase.dll cryptbase.dll bcryptprimitives.dll bcryptprimitives.dll clbcatq.dll wintrust.dll imageres.dll user32.dll rpcrt4.dll api-ms-win-core-timezone-l1-1-0.dll gdi32.dll imm32.dll msctf.dll sechost.dll sechost.dll cryptsp.dll cryptsp.dll api-ms-win-core-comm-l1-1-0.dll rsaenh.dll rsaenh.dll bcrypt.dll bcrypt.dll uxtheme.dll uxtheme.dll idstore.dll idstore.dll userenv.dll userenv.dll profapi.dll,normal
 api-ms-win-service-management-l2-1-0.dll ntdll.dll kernel32.dll KernelBase.dll advapi32.dll msvcrt.dll sechost.dll rpcrt4.dll ole32.dll gdi32.dll user32.dll lpk.dll usp10.dll imm32.dll msctf.dll advapi32.dll spoolss.dll msctf.dll wdscore.dll oleaut32.dll shell32.dll msctf.dll shlwapi.dll dbghelp.dll cryptbase.dll CbsCore.dll sechost.dll kernel32.dll ntdll.dll version.dll version.dll crypt32.dll msasn1.dll clbcatq.dll system.data.oracleclient.dll wintrust.dll sspicli.dll clbcatq.dll System.Numerics.dll user32.dll userenv.dll profapi.dll rpcrtremote.dll ktmw32.dll dpx.dll dpx.dll windowscodecs.dll dpx.dll wcp.dll DrUpdate.dll setupapi.dll cfgmgr32.dll ntdll.dll devobj.dll xmllite.dll mpr.dll imm32.dll srclient.dll spp.dll uxtheme.dll vssapi.dll atl.dll vsstrace.dll wrpint.dll msvcr120_clr0400.dll sxsstore.dll sqmapi.dll winhttp.dll webio.dll winhttp.dll webio.dll SensApi.dll cryptsp.dll rsaenh.dll RpcRtRemote.dll clbcatq.dll CbsApi.dll smipi.dll smiengine.dll,normal
 msftedit.dll,normal
 ntdll.dll kernel32.dll kernel32.dll rmclient.dll KernelBase.dll system.xml.dll advapi32.dll msvcrt.dll sechost.dll winmm.dll kernel32.dll rpcrt4.dll gdi32.dll user32.dll wow64cpu.dll lpk.dll user32.dll usp10.dll msswch.dll winmm.dll dwmapi.dll GdiPlus.dll cryptsp.dll ole32.dll oleacc.dll msvcrt.dll oleaut32.dll shlwapi.dll wmsgapi.dll duser.dll cryptbase.dll rasman.dll uxtheme.dll imm32.dll msctf.dll cryptbase.dll dui70.dll user32.dll comctl32.dll xmllite.dll clbcatq.dll tabskb.dll cryptsp.dll system.security.ni.dll rsaenh.dll crypt32.dll mswstr10.dll RpcRtRemote.dll InkObj.dll atl.dll cfgmgr32.dll WindowsCodecs.dll MMDevAPI.dll propsys.dll,normal
 msvcrt.dll ntdll.dll kernel32.dll KernelBase.dll gdi32.dll user32.dll lpk.dll usp10.dll msvcrt.dll imm32.dll rmclient.dll msctf.dll msctf.dll ole32.dll rpcrt4.dll oleaut32.dll mssprxy.dll ntdll.dll ntdll.dll wow64.dll imagehlp.dll msvcp110_win.dll user32.dll wow64win.dll rpcrt4.dll wow64cpu.dll kernel32.dll system.dll kernel32.dll kernel32.dll user32.dll kernel32.dll KernelBase.dll npmproxy.dll advapi32.dll msvcrt.dll sechost.dll rpcrt4.dll rpcrt4.dll sspicli.dll cryptbase.dll wow64cpu.dll dnsapi.dll wow64cpu.dll ws2_32.dll nsi.dll winnsi.dll kernel32.dll RpcRtRemote.dll comctl32.dll dhcpcsvc.dll dnsapi.dll dhcpcsvc6.dll riched20.dll shell32.dll odbc32.dll shlwapi.dll gpapi.dll gdi32.dll user32.dll lpk.dll ole32.dll user32.dll usp10.dll advapi32.dll system.core.ni.dll user32.dll duser.dll ole32.dll ntdll.dll profapi.dll imm32.dll msctf.dll user32.dll clbcatq.dll dpapi.dll System.Configuration.ni.dll oleaut32.dll accessibility.dll cryptsp.dll adodb.dll rsaenh.dll RpcRtRemote.dll wevtapi.dll api-ms-win-downlevel-shell32-l1-1-0.dll shlwapi.dll ncrypt.dll ntdll.dll ntdll.dll wow64.dll wow64win.dll wow64cpu.dll kernel32.dll kernel32.dll kernel32.dll mscorlib.ni.dll user32.dll kernel32.dll KernelBase.dll advapi32.dll mscorlib.dll msvcrt.dll sechost.dll rpcrt4.dll sspicli.dll system.xml.dll cryptbase.dll dnsapi.dll lpk.dll ws2_32.dll nsi.dll winnsi.dll oleaut32.dll msvcrt.dll dhcpcsvc.dll dhcpcsvc6.dll shell32.dll shlwapi.dll gdi32.dll user32.dll lpk.dll usp10.dll Accessibility.ni.dll dbghelp.dll ole32.dll sechost.dll imm32.dll msctf.dll clbcatq.dll System.Xaml.dll lpk.dll oleaut32.dll cryptsp.dll rsaenh.dll RpcRtRemote.dll wevtapi.dll ntdll.dll ntdll.dll wow64.dll wow64win.dll wow64cpu.dll kernel32.dll kernel32.dll kernel32.dll user32.dll kernel32.dll imm32.dll KernelBase.dll advapi32.dll msvcrt.dll sechost.dll system.transactions.dll rpcrt4.dll sspicli.dll cryptbase.dll dnsapi.dll ws2_32.dll nsi.dll winnsi.dll system.web.dll dhcpcsvc.dll dhcpcsvc6.dll shell32.dll shlwapi.dll gdi32.dll user32.dll lpk.dll usp10.dll ole32.dll imm32.dll msctf.dll clbcatq.dll oleaut32.dll cryptsp.dll rsaenh.dll RpcRtRemote.dll wevtapi.dll,normal
 ntdll.dll advapi32.dll kernel32.dll kernelbase.dll user32.dll system.web.regularexpressions.dll advapi32.dll msvcrt.dll uxtheme.dll sechost.dll imm32.dll rpcrt4.dll user32.dll imm32.dll textinputframework.dll win32u.dll usp10.dll netprofm.dll gdi32.dll gdi32full.dll msvcp_win.dll ucrtbase.dll combase.dll bcryptprimitives.dll shell32.dll cfgmgr32.dll shcore.dll windows.storage.dll shlwapi.dll KernelBase.dll kernelbase.dll System.Transactions.dll kernel.appcore.dll powrprof.dll profapi.dll ole32.dll msvcp110_win.dll imm32.dll uxtheme.dll msctf.dll oleaut32.dll tiptsf.dll dwmapi.dll,normal
 ntdll.dll ntdll.dll kernel32.dll kernelbase.dll gdi32.dll kernelbase.dll sechost.dll sechost.dll msvcr80.dll bcryptprimitives.dll bcryptprimitives.dll kernel.appcore.dll imm32.dll microsoft.powershell.commands.management.ni.dll kernel.appcore.dll rsaenh.dll bcryptprimitives.dll msvcrt.dll ole32.dll msvcrt.dll user32.dll win32u.dll gdi32.dll gdi32full.dll clipsvc.dll clipsvc.dll webservices.dll webservices.dll kernel.appcore.dll wldp.dll wldp.dll crypt32.dll version.dll msasn1.dll msvcrt.dll kernel32.dll msasn1.dll wintrust.dll advapi32.dll advapi32.dll oleaut32.dll user32.dll ucrtbase.dll ucrtbase.dll rpcrt4.dll rpcrt4.dll combase.dll kernelbase.dll cryptbase.dll wdc.dll msvcp_win.dll msvcp_win.dll winbrand.dll winbrand.dll,normal
 ntdll.dll ntdll.dll wow64.dll wow64win.dll wow64cpu.dll kernel32.dll kernel32.dll msvcrt.dll wwapi.dll kernel32.dll system.transactions.ni.dll user32.dll kernel32.dll kernelbase.dll msvcrt.dll winbrand.dll user32.dll msvcr120_clr0400.dll system.numerics.ni.dll gdi32.dll ws2_32.dll wow64cpu.dll lpk.dll usp10.dll advapi32.dll sspicli.dll devobj.dll sechost.dll rpcrt4.dll sspicli.dll clbcatq.dll cryptbase.dll imm32.dll msctf.dll apphelp.dll,normal
 kernel32.dll kernelbase.dll ntdll.dll System.Printing.dll ntdll.dll usp10.dll wow64.dll wow64win.dll wow64cpu.dll kernel32.dll kernel32.dll dnsapi.dll kernel32.dll winmm.dll user32.dll kernel32.dll kernelbase.dll advapi32.dll msvcrt.dll kernel32.dll System.Core.ni.dll sechost.dll rpcrt4.dll gdi32.dll sspicli.dll kernel32.dll cryptbase.dll dnsapi.dll ws2_32.dll nsi.dll winnsi.dll dhcpcsvc.dll dhcpcsvc6.dll shell32.dll shlwapi.dll activeds.dll sechost.dll gdi32.dll user32.dll lpk.dll usp10.dll sechost.dll imm32.dll ole32.dll imm32.dll msctf.dll clbcatq.dll oleaut32.dll cryptsp.dll rsaenh.dll ntdll.dll rpcrtremote.dll wevtapi.dll,normal
 ntdll.dll ole32.dll psapi.dll imm32.dll sensapi.dll kernel32.dll sechost.dll shlwapi.dll msctf.dll user32.dll wldap32.dll lpk.dll ws2_32.dll wow64.dll oleaut32.dll advapi32.dll clbcatq.dll rpcrt4.dll nsi.dll msvcrt.dll user32.dll gdi32.dll shlwapi.dll msvcrt.dll usp10.dll crypt32.dll cfgmgr32.dll advapi32.dll System.Numerics.dll kernelbase.dll cryptbase.dll wow64win.dll RpcRtRemote.dll rpcrt4.dll userenv.dll profapi.dll ntdll.dll wevtapi.dll msasn1.dll rpcrtremote.dll winsta.dll cryptbase.dll sspicli.dll secur32.dll cryptdll.dll odbcint.dll auditcse.dll wevtapi.dll authz.dll bcrypt.dll netjoin.dll kerberos.dll tquery.dll imm32.dll dnsapi.dll cryptsp.dll cryptsp.dll mswsock.dll wship6.dll dnsapi.dll kernelbase.dll logoncli.dll ole32.dll lpk.dll Microsoft.PowerShell.Utility.Activities.dll ole32.dll rsaenh.dll bcryptprimitives.dll netutils.dll credssp.dll gpapi.dll devobj.dll ntmarta.dll imm32.dll wkscli.dll usp10.dll winnsi.dll mscorlib.dll api-ms-win-downlevel-normaliz-l1-1-0.dll usp10.dll dhcpcsvc6.dll dhcpcsvc.dll dhcpcsvc.dll msctf.dll wtsapi32.dll winhttp.dll webio.dll rasadhlp.dll cryptnet.dll atl.dll dsrole.dll propsys.dll samcli.dll es.dll slc.dll dnsrslvr.dll dnsext.dll wkssvc.dll CertEnroll.dll cryptsvc.dll vssapi.dll vsstrace.dll samlib.dll user32.dll ntdsapi.dll nlasvc.dll ncsi.dll ssdpapi.dll esent.dll termsrv.dll icaapi.dll lsmproxy.dll regapi.dll rdpcorekmts.dll rdpwsx.dll tlscsp.dll System.Xml.dll vss_ps.dll sxs.dll msxml3.dll sfc_os.dll,normal
 ntdll.dll ntdll.dll wow64.dll KernelBase.dll wow64win.dll wow64cpu.dll kernel32.dll profapi.dll msvcrt.dll kernel32.dll ntmarta.dll kernel32.dll user32.dll ntdll.dll kernel32.dll kernelbase.dll msvcrt.dll winbrand.dll user32.dll gdi32.dll lpk.dll atl.dll usp10.dll advapi32.dll System.Data.dll sechost.dll oleaut32.dll rpcrt4.dll sspicli.dll riched20.dll cryptbase.dll winhttp.dll imm32.dll msctf.dll apphelp.dll,normal
 ntprint.dll mscms.dll mscms.dll ntprint.dll mscms.dll dpapi.dll mscms.dll setupapi.dll ntprint.dll mscms.dll mscms.dll ntprint.dll mscms.dll mscms.dll advapi32.dll ntprint.dll mscms.dll oleaut32.dll rsaenh.dll mscms.dll kernel32.dll rsaenh.dll shlwapi.dll msshooks.dll ntprint.dll mscms.dll api-ms-win-crt-heap-l1-1-0.dll mscms.dll ntprint.dll mscms.dll lpk.dll comctl32.dll mscms.dll elsext.dll sendmail.dll mscoree.dll ntprint.dll imm32.dll kernel32.dll mscms.dll mscms.dll ntprint.dll mscms.dll System.Configuration.Install.dll mscms.dll ntprint.dll msvcrt.dll mscms.dll mscms.dll windows.storage.applicationdata.dll ntprint.dll mscms.dll mscms.dll ntprint.dll system.windows.forms.dll mscms.dll mscms.dll ntprint.dll mscms.dll mscms.dll apphelp.dll cryptsp.dll ntprint.dll winsta.dll mscms.dll mscms.dll ntprint.dll mscms.dll mscms.dll ntprint.dll propsys.dll mscms.dll mscms.dll ntprint.dll mscms.dll sspicli.dll mscms.dll ntprint.dll mscms.dll mscms.dll ntprint.dll mscms.dll mscms.dll user32.dll ntprint.dll mscms.dll mscms.dll ntprint.dll mscms.dll mscms.dll ntprint.dll mscms.dll mscms.dll iertutil.dll ntprint.dll mscms.dll mcstoredb.ni.dll mscms.dll ntprint.dll crypt32.dll mscms.dll mscms.dll appidapi.dll ntprint.dll mscms.dll mscms.dll ntprint.dll mscms.dll mscms.dll,normal
 ntdll.dll msctf.dll kernelbase.dll winbrand.dll mssvp.dll uxtheme.dll kernel32.dll dwmapi.dll advapi32.dll comctl32.dll shlwapi.dll cryptbase.dll msctf.dll wow64cpu.dll gdi32.dll cryptbase.dll rpcrtremote.dll user32.dll lpk.dll kernelbase.dll usp10.dll msvcrt.dll imm32.dll ole32.dll rpcrt4.dll oleaut32.dll sechost.dll wmsgapi.dll,normal
 apphelp.dll ntdll.dll cryptsp.dll kernel32.dll kernelbase.dll comctl32.dll msvcrt.dll ole32.dll d3d11.dll gdi32.dll advapi32.dll user32.dll lpk.dll sechost.dll usp10.dll rpcrt4.dll advapi32.dll imm32.dll msctf.dll cryptbase.dll ntdll.dll ntdll.dll cryptbase.dll clbcatq.dll advapi32.dll advapi32.dll sechost.dll System.Data.OracleClient.dll oleaut32.dll dwmapi.dll cryptsp.dll imm32.dll rsaenh.dll rpcrtremote.dll uxtheme.dll ncrypt.dll useraccountcontrolsettings.dll shell32.dll shlwapi.dll user32.dll comctl32.dll ieproxy.dll api-ms-win-downlevel-shlwapi-l1-1-0.dll api-ms-win-downlevel-shlwapi-l2-1-0.dll api-ms-win-downlevel-advapi32-l1-1-0.dll ntdll.dll bcryptprimitives.dll wevtapi.dll kernel32.dll kernelbase.dll advapi32.dll system.xml.ni.dll msvcrt.dll sechost.dll rpcrt4.dll gdi32.dll user32.dll lpk.dll shell32.dll usp10.dll ole32.dll msctf.dll msimg32.dll odbc32.dll usermgrcli.dll wmsgapi.dll wtsapi32.dll msctf.dll winmm.dll userenv.dll profapi.dll windows.networking.connectivity.dll system.dll shell32.dll winsta.dll clbcatq.dll crypt32.dll msasn1.dll msctfmonitor.dll msctf.dll imm32.dll msutb.dll comctl32.dll shlwapi.dll secur32.dll sspicli.dll shell32.dll ntdll.dll cryptbase.dll uxtheme.dll wintrust.dll cryptsp.dll kernelbase.dll rsaenh.dll imagehlp.dll dwmapi.dll bcrypt.dll mmfutil.dll bcryptprimitives.dll kernel32.dll version.dll advapi32.dll KernelBase.dll user32.dll msctf.dll clbcatq.dll msctf.dll oleaut32.dll urlmon.dll api-ms-win-downlevel-ole32-l1-1-0.dll rasapi32.dll api-ms-win-downlevel-shlwapi-l1-1-0.dll api-ms-win-downlevel-advapi32-l1-1-0.dll api-ms-win-downlevel-user32-l1-1-0.dll version.dll winnsi.dll api-ms-win-downlevel-version-l1-1-0.dll api-ms-win-downlevel-normaliz-l1-1-0.dll sechost.dll pla.dll url.dll cscapi.dll dhcpcsvc.dll normaliz.dll oleaut32.dll iertutil.dll user32.dll rsaenh.dll wininet.dll credui.dll authui.dll msasn1.dll cryptui.dll gdiplus.dll dui70.dll rsaenh.dll mscorlib.dll duser.dll mmdevapi.dll propsys.dll setupapi.dll cfgmgr32.dll devobj.dll api-ms-win-core-fibers-l1-1-0.dll xmllite.dll dnsapi.dll imageres.dll oleaut32.dll msutb.dll msswch.dll ntdll.dll kernel32.dll kernel32.dll kernelbase.dll gdi32.dll cryptsp.dll user32.dll lpk.dll usp10.dll msvcrt.dll imm32.dll msctf.dll ole32.dll rpcrt4.dll oleaut32.dll cryptbase.dll system.web.dll clbcatq.dll advapi32.dll sechost.dll ntdll.dll ntdll.dll wow64.dll system.dll wow64win.dll wow64cpu.dll kernel32.dll kernel32.dll kernel32.dll kernel32.dll rpcrt4.dll user32.dll kernel32.dll kernelbase.dll kernelbase.dll lpk.dll advapi32.dll msvcrt.dll system.data.oracleclient.dll appidapi.dll sechost.dll rpcrt4.dll sspicli.dll l2nacp.dll cryptbase.dll msvcr120_clr0400.dll mscoree.dll ole32.dll gdi32.dll user32.dll ntdsapi.dll lpk.dll wow64win.dll usp10.dll oleaut32.dll imm32.dll msctf.dll cryptsp.dll rsaenh.dll rpcrtremote.dll user32.dll ntdll.dll kernel32.dll clbcatq.dll sxs.dll mscoreei.dll clr.dll shlwapi.dll mscorlib.ni.dll clrjit.dll system.ni.dll system.enterpriseservices.ni.dll version.dll sechost.dll mscorlib.dll mscorlib.dll user32.dll system.dll system.dll system.transactions.ni.dll system.transactions.dll system.transactions.dll system.transactions.dll twinapi.appcore.dll sechost.dll system.xml.ni.dll user32.dll system.xml.dll system.xml.dll system.directoryservices.ni.dll system.directoryservices.dll system.directoryservices.dll fwpuclnt.dll system.runtime.remoting.ni.dll system.core.ni.dll system.configuration.ni.dll ntdll.dll system.configuration.dll system.configuration.dll coreuicomponents.dll kernel32.dll system.core.dll wow64win.dll system.core.dll ntdll.dll ntdll.dll ntdll.dll dhcpcore.dll system.enterpriseservices.dll wow64.dll wow64win.dll wow64cpu.dll kernel32.dll kernel32.dll kernel32.dll msctf.dll user32.dll kernel32.dll System.Transactions.dll kernelbase.dll advapi32.dll msvcrt.dll msctf.dll sechost.dll rpcrt4.dll sspicli.dll kernel32.dll cryptbase.dll msvcr120_clr0400.dll SensApi.dll mscoree.dll WindowsCodecs.dll ole32.dll oleaut32.dll version.dll gdi32.dll kernelbase.dll user32.dll lpk.dll usp10.dll shell32.dll oleaut32.dll system.security.dll imm32.dll msctf.dll cryptsp.dll rsaenh.dll rpcrtremote.dll clbcatq.dll sxs.dll system.data.datasetextensions.ni.dll lpk.dll mscoreei.dll clr.dll shlwapi.dll kernel32.dll sechost.dll msvcrt.dll mscorlib.ni.dll clrjit.dll system.ni.dll wmiclnt.dll oleacc.dll kernel32.dll cryptbase.dll version.dll system.web.mobile.ni.dll mscorlib.dll kernel32.dll system.runtime.serialization.formatters.soap.dll mscorlib.dll system.dll ntdll.dll cryptdll.dll system.dll System.Core.dll SMdiagnostics.dll system.drawing.ni.dll combase.dll system.web.mobile.dll system.web.mobile.dll system.windows.forms.ni.dll accessibility.dll system.windows.forms.dll system.windows.forms.dll system.drawing.dll system.drawing.dll system.core.ni.dll system.web.ni.dll system.web.dll system.web.dll system.core.dll system.core.dll system.design.ni.dll system.data.ni.dll system.data.dll system.data.dll system.data.dll system.xml.ni.dll system.xml.dll system.xml.dll system.configuration.ni.dll system.configuration.dll system.configuration.dll system.drawing.design.ni.dll system.web.regularexpressions.ni.dll ntdll.dll ntdll.dll cryptbase.dll wow64.dll wow64win.dll wow64cpu.dll kernel32.dll kernel32.dll kernel32.dll user32.dll kernel32.dll kernelbase.dll advapi32.dll msvcrt.dll sechost.dll rpcrt4.dll sspicli.dll cryptbase.dll msvcr120_clr0400.dll mscoree.dll ole32.dll SensApi.dll gdi32.dll user32.dll lpk.dll usp10.dll imm32.dll oleaut32.dll imm32.dll msctf.dll cryptsp.dll rsaenh.dll rpcrtremote.dll clbcatq.dll sxs.dll mscoreei.dll shlwapi.dll mscorwks.dll msvcr80.dll ehividctl.ni.dll ehividctl.ni.dll ehividctl.ni.dll ehividctl.ni.dll,normal
 ntdll.dll kernel32.dll kernelbase.dll lpk.dll msvcrt.dll fastprox.dll ncobjapi.dll ole32.dll wbemcomn.dll combase.dll rpcrtremote.dll ws2_32.dll sechost.dll rpcrt4.dll nsi.dll smipi.dll advapi32.dll user32.dll gdi32.dll iphlpsvc.dll kernel.appcore.dll rpcrt4.dll cryptbase.dll bcryptprimitives.dll clbcatq.dll wbemprox.dll oleaut32.dll igd10iumd64.dll lpk.dll cryptsp.dll UIAutomationTypes.ni.dll rsaenh.dll mshtml.dll bcrypt.dll wbemsvc.dll wmiutils.dll kernel32.dll cimwin32.dll powrprof.dll npmproxy.dll dnsapi.dll framedynos.dll sspicli.dll cryptsp.dll winnsi.dll sspicli.dll netutils.dll dhcpcsvc6.dll dhcpcsvc.dll dnsapi.dll winbrand.dll security.dll secur32.dll schannel.dll crypt32.dll msasn1.dll netapi32.dll netutils.dll srvcli.dll profapi.dll clbcatq.dll wkscli.dll samcli.dll logoncli.dll winbrand.dll System.Xml.dll browcli.dll schedcli.dll dsrole.dll cscapi.dll,normal
 workfoldersshell.dll skydriveshell.dll system.deployment.dll system.data.oracleclient.ni.dll devrtl.dll mssvp.dll mapi32.dll,normal
 srvcli.dll ActionCenter.dll ntdll.dll ntdll.dll advapi32.dll wow64.dll kernel32.dll wow64win.dll wow64cpu.dll kernel32.dll kernel32.dll kernel32.dll rpcrt4.dll user32.dll kernel32.dll KernelBase.dll rsaenh.dll msvcrt.dll winbrand.dll user32.dll mpr.dll system.activities.durableinstancing.dll vm3dum64.dll kernel.appcore.dll gdi32.dll lpk.dll usp10.dll advapi32.dll sechost.dll rpcrt4.dll sspicli.dll cryptbase.dll imm32.dll msctf.dll apphelp.dll,normal
 ntdll.dll kernel32.dll KernelBase.dll msvcrt.dll api-ms-win-downlevel-shlwapi-l1-1-0.dll ole32.dll devicecenter.dll gdi32.dll kernel32.dll user32.dll lpk.dll msi.dll usp10.dll rpcrt4.dll imm32.dll System.Transactions.dll msctf.dll cryptbase.dll kernel32.dll clbcatq.dll advapi32.dll sechost.dll System.Drawing.Design.ni.dll oleaut32.dll authui.dll msshooks.dll cryptui.dll crypt32.dll msasn1.dll mscoree.dll comctl32.dll kernel32.dll wmicmiplugin.dll shlwapi.dll oleaut32.dll uxtheme.dll GdiPlus.dll dui70.dll duser.dll mscorlib.dll iertutil.dll msctf.dll SndVolSSO.dll hid.dll MMDevAPI.dll propsys.dll setupapi.dll cfgmgr32.dll wow64cpu.dll ole32.dll devobj.dll dwmapi.dll xmllite.dll WindowsCodecs.dll winbrand.dll RpcRtRemote.dll wtsapi32.dll wow64win.dll winsta.dll VaultCredProvider.dll System.ni.dll SmartcardCredentialProvider.dll certCredProvider.dll rasplap.dll sechost.dll rasapi32.dll version.dll rasman.dll xmllite.dll System.Configuration.dll ws2_32.dll nsi.dll rtutils.dll sechost.dll oleacc.dll ole32.dll UIAutomationCore.dll psapi.dll system.dll cryptsp.dll rsaenh.dll shell32.dll msimg32.dll imecfm.dll system.deployment.dll version.dll WinSCard.dll kernel32.dll msswch.dll WindowsBase.ni.dll winmm.dll wkscli.dll netutils.dll shacct.dll samlib.dll imageres.dll kernel32.dll profapi.dll sspicli.dll msctf.dll wintrust.dll crypt32.dll version.dll user32.dll msasn1.dll ntdll.dll kernel32.dll kernel32.dll KernelBase.dll user32.dll api-ms-win-security-provider-l1-1-0.dll schedsvc.dll gdi32.dll shell32.dll SensApi.dll sxs.dll lpk.dll usp10.dll msvcrt.dll shlwapi.dll netplwiz.dll shlwapi.dll ntdll.dll wow64.dll usp10.dll shell32.dll ole32.dll rpcrt4.dll apphelp.dll system.windows.forms.dll mpr.dll windowsbase.dll imm32.dll msctf.dll comctl32.dll advapi32.dll sechost.dll cryptbase.dll uxtheme.dll dsrole.dll samcli.dll samlib.dll netutils.dll uxtheme.dll clbcatq.dll oleaut32.dll msvcp_win.dll oleacc.dll imecfm.dll version.dll propsys.dll profapi.dll urlmon.dll wininet.dll iertutil.dll ntmarta.dll Wldap32.dll sspicli.dll apphelp.dll sfc.dll sfc_os.dll crypt32.dll msasn1.dll setupapi.dll cfgmgr32.dll devobj.dll sfc.dll sfc_os.dll,normal
 kernel32.dll System.Data.dll sfc.dll shacct.dll sfc_os.dll werconcpl.dll wer.dll framedynos.dll wercplsupport.dll msxml6.dll setupapi.dll hcproviders.dll searchfolder.dll networkexplorer.dll,normal
 rtutils.dll ntdll.dll kernel32.dll wow64win.dll kernelbase.dll kernel32.dll advapi32.dll oleaut32.dll msvcrt.dll advapi32.dll kernel32.dll sechost.dll rpcrt4.dll gdi32.dll wow64.dll user32.dll ole32.dll lpk.dll setupapi.dll schedcli.dll usp10.dll ole32.dll msimg32.dll wmsgapi.dll wtsapi32.dll winmm.dll userenv.dll profapi.dll winsta.dll crypt32.dll sppcomapi.dll msasn1.dll msctfmonitor.dll msctf.dll user32.dll lpk.dll imm32.dll comctl32.dll advapi32.dll shlwapi.dll secur32.dll sspicli.dll shell32.dll cryptbase.dll wintrust.dll kernel32.dll cryptsp.dll rsaenh.dll msutb.dll imagehlp.dll bcrypt.dll bcryptprimitives.dll ncrypt.dll gpapi.dll ole32.dll cryptnet.dll system.management.instrumentation.ni.dll wldap32.dll sensapi.dll setupapi.dll cfgmgr32.dll oleaut32.dll tquery.dll system.runtime.serialization.dll devobj.dll user32.dll msvcp_win.dll cabinet.dll devrtl.dll cryptbase.dll kernel32.dll cryptbase.dll version.dll clbcatq.dll oleaut32.dll devobj.dll urlmon.dll kernelbase.dll user32.dll wininet.dll iertutil.dll ntdll.dll mscorlib.dll kernel32.dll kernelbase.dll gdi32.dll user32.dll lpk.dll usp10.dll ntdll.dll msvcrt.dll imm32.dll msctf.dll ole32.dll rpcrt4.dll oleaut32.dll cryptbase.dll clbcatq.dll system.numerics.ni.dll advapi32.dll lpk.dll sechost.dll ntdll.dll kernel32.dll kernelbase.dll gdi32.dll imm32.dll windows.storage.dll user32.dll lpk.dll usp10.dll msvcrt.dll imm32.dll msctf.dll ole32.dll rpcrt4.dll oleaut32.dll,normal
 ntdll.dll System.ni.dll ntdll.dll system.configuration.ni.dll wow64.dll wow64win.dll wow64cpu.dll kernel32.dll user32.dll system.core.ni.dll policymanager.dll kernel32.dll kernel32.dll user32.dll kernel32.dll lpk.dll kernelbase.dll kernel32.dll msvcrt.dll winbrand.dll user32.dll gdi32.dll sqmapi.dll lpk.dll usp10.dll advapi32.dll sechost.dll rpcrt4.dll kernel32.dll sspicli.dll cryptbase.dll dhcpcsvc6.dll imm32.dll msctf.dll apphelp.dll,normal
 ntdll.dll kernel32.dll KernelBase.dll advapi32.dll kernel32.dll msvcp_win.dll rpcrt4.dll msvcrt.dll sechost.dll cryptsp.dll rpcrt4.dll gdi32.dll WindowsCodecs.dll kernel32.dll user32.dll user32.dll lpk.dll SMdiagnostics.dll shlwapi.dll system.xml.ni.dll usp10.dll ole32.dll oleaut32.dll shell32.dll mscorlib.dll imm32.dll system.security.dll shlwapi.dll comctl32.dll comdlg32.dll crypt32.dll presentationframework.dll shell32.dll msasn1.dll System.ComponentModel.DataAnnotations.dll credui.dll msctf.dll msvcrt.dll secur32.dll sspicli.dll cryptui.dll winhttp.dll dhcpcsvc6.dll cfgmgr32.dll winhttp.dll webio.dll winmm.dll gdi32.dll netapi32.dll netutils.dll srvcli.dll wkscli.dll mscoree.dll imm32.dll msctf.dll cryptbase.dll mssprxy.dll uxtheme.dll setupapi.dll system.configuration.dll cfgmgr32.dll PortableDeviceSyncProvider.dll devobj.dll mscoree.dll shlwapi.dll api-ms-win-core-processthreads-l1-1-1.dll clbcatq.dll Wldap32.dll cryptsp.dll System.Configuration.ni.dll credssp.dll msswch.dll dwmapi.dll kernel32.dll propsys.dll ntmarta.dll system.ni.dll mstscax.dll psapi.dll gdi32.dll msacm32.dll version.dll ieframe.dll bcryptprimitives.dll api-ms-win-downlevel-advapi32-l1-1-0.dll api-ms-win-downlevel-shlwapi-l1-1-0.dll api-ms-win-downlevel-user32-l1-1-0.dll api-ms-win-downlevel-shell32-l1-1-0.dll api-ms-win-downlevel-version-l1-1-0.dll api-ms-win-downlevel-normaliz-l1-1-0.dllnormaliz.dll iertutil.dll ExplorerFrame.dll duser.dll dui70.dll cryptnet.dll ntdll.dll msvcrt.dll uxtheme.dll ntdll.dll devobj.dll wintrust.dll profapi.dll sechost.dll tiptsf.dll winsta.dll user32.dll aaclient.dll ws2_32.dll nsi.dll MMDevAPI.dll dwmcore.dll clbcatq.dll WindowsCodecs.dll d3d10_1.dll d3d10_1core.dll dxgi.dll d3d11.dll dxgi.dll sspicli.dll dwmcore.dll msctf.dll WindowsCodecs.dll d3d10_1.dll d3d10_1core.dll dxgi.dll d3d11.dll msxml3.dll bcrypt.dll nlaapi.dll winnsi.dll xmllite.dll mscorlib.ni.dll cscapi.dll rasadhlp.dll kernel32.dll oleaut32.dll wtsapi32.dll winsta.dll kernel32.dll msimg32.dll cryptsp.dll filemgmt.dll advapi32.dll rsaenh.dll RpcRtRemote.dll msctfp.dll smipi.dll mswsock.dll wship6.dll msctf.dll system.data.oracleclient.dll dnsapi.dll authui.dll GdiPlus.dll system.configuration.ni.dll xmllite.dll mpr.dll VaultCredProvider.dll SmartcardCredentialProvider.dll user32.dll ntdll.dll BioCredProv.dll winbio.dll vaultcli.dll samcli.dll certCredProvider.dll sensapi.dll dbghelp.dll WinSCard.dll System.Core.dll msimg32.dll uxtheme.dll dhcpcsvc6.dll imageres.dll ntdll.dll kernel32.dll kernel32.dll KernelBase.dll advapi32.dll msvcrt.dll sechost.dll rpcrt4.dll user32.dll gdi32.dll lpk.dll usp10.dll ole32.dll oleaut32.dll System.Data.SqlXml.dll tquery.dll msasn1.dll sscore.dll shlwapi.dll msshooks.dll system.directoryservices.dll imm32.dll msctf.dll user32.dll cryptbase.dll kernel32.dll msidle.dll userenv.dll shell32.dll clbcatq.dll cryptsp.dll rsaenh.dll RpcRtRemote.dll mssprxy.dll ieframe.dll api-ms-win-downlevel-advapi32-l1-1-0.dll api-ms-win-downlevel-shlwapi-l1-1-0.dll wow64cpu.dll oleaut32.dll api-ms-win-downlevel-user32-l1-1-0.dll ntdll.dll api-ms-win-downlevel-shell32-l1-1-0.dll shell32.dll api-ms-win-downlevel-version-l1-1-0.dll imageres.dll version.dll ntdll.dll api-ms-win-downlevel-normaliz-l1-1-0.dllnormaliz.dll iertutil.dll comctl32.dll sspicli.dll api-ms-win-downlevel-shlwapi-l2-1-0.dll sechost.dll ntdll.dll api-ms-win-downlevel-ole32-l1-1-0.dll secur32.dll rsaenh.dll advapi32.dll oleacc.dll sspicli.dll mlang.dll propsys.dll wininet.dll userenv.dll policymanager.dll profapi.dll rsaenh.dll api-ms-win-downlevel-advapi32-l2-1-0.dll ntdll.dll kernel32.dll KernelBase.dll advapi32.dll system.configuration.ni.dll msvcrt.dll sechost.dll rpcrt4.dll msvcp_win.dll msvcr120_clr0400.dll mscoree.dll WindowsBase.ni.dll usp10.dll ole32.dll kernel32.dll gdi32.dll user32.dll user32.dll lpk.dll cscapi.dll usp10.dll mmcndmgr.dll lpk.dll oleaut32.dll gdi32.dll imm32.dll msctf.dll cryptbase.dll cryptsp.dll rsaenh.dll RpcRtRemote.dll clbcatq.dll sxs.dll shlwapi.dll secur32.dll mscoreei.dll mscorwks.dll msvcr80.dll sechost.dll shlwapi.dll shell32.dll profapi.dll mscorlib.ni.dll mscorjit.dll mscorlib.dll mscorlib.dll VaultCredProvider.dll System.Data.SqlXml.ni.dll wevtapi.dll RpcRtRemote.dll version.dll mscorlib.dll Wldap32.dll mscorlib.ni.dll mscorlib.dll System.ni.dll Microsoft.VisualC.ni.dll System.Xml.ni.dll System.Security.ni.dll System.Web.ni.dll System.Web.dll gdi32.dll System.Web.dll System.Web.dll Microsoft.VisualStudio.Tools.Office.Contract.v9.0.dll System.Web.dll microsoft.visualstudio.tools.office.contract.v9.0.ni.dll System.Web.Services.ni.dll System.Drawing.ni.dll System.Windows.Forms.ni.dll mcstoredb.ni.dll mcstoredb.dll mcstoredb.dll mcstoredb.dll rasapi32.dll rasman.dll ws2_32.dll nsi.dll wow64win.dll mcstore.ni.dll Microsoft.MediaCenter.UI.ni.dll mcepg.ni.dll System.Configuration.ni.dll System.Data.SqlXml.ni.dll user32.dll system.enterpriseservices.dll sspicli.dll System.Data.ni.dll System.Data.dll rpcrt4.dll System.Data.dll System.Data.dll System.Data.dll System.Data.dll crypt32.dll msasn1.dll System.DirectoryServices.ni.dll setupapi.dll powrprof.dll sspicli.dll System.DirectoryServices.Protocols.ni.dll structuredquery.dll api-ms-win-crt-math-l1-1-0.dll System.EnterpriseServices.ni.dll System.EnterpriseServices.dll System.EnterpriseServices.dll system.xml.dll System.Design.ni.dll System.ServiceProcess.ni.dll System.Web.RegularExpressions.ni.dll System.Transactions.ni.dll System.Transactions.dll System.Transactions.dll System.Transactions.dll KernelBase.dll System.Transactions.dll System.Transactions.dll kernel32.dll mrmcorer.dll advapi32.dll System.Runtime.Remoting.ni.dll System.Runtime.Serialization.Formatters.Soap.ni.dll System.Core.dll System.Drawing.Design.ni.dll oleaut32.dll wow64cpu.dll System.Data.OracleClient.ni.dll imm32.dll rsaenh.dll schedsvc.dll advapi32.dll msasn1.dll System.Data.OracleClient.dll System.Data.OracleClient.dll crypt32.dll System.Data.OracleClient.dll System.Data.OracleClient.dll system.web.dll System.Data.OracleClient.dll Accessibility.ni.dll System.Deployment.ni.dll ntdll.dll System.Configuration.Install.ni.dll BDATunePIA.ni.dll BDATunePIA.dll ws2_32.dll BDATunePIA.dll BDATunePIA.dll ehiProxy.ni.dll msvcrt.dll ehiUserXp.ni.dll ntdll.dll kernel32.dll wmsgapi.dll System.Configuration.Install.dll KernelBase.dll actionqueue.dll advapi32.dll msvcrt.dll sechost.dll rpcrt4.dll msvcr120_clr0400.dll mscoree.dll ole32.dll gdi32.dll user32.dll srvcli.dll lpk.dll kernel32.dll usp10.dll nlslexicons0009.dll oleaut32.dll cmiv2.dll imm32.dll msctf.dll cryptbase.dll cryptsp.dll rsaenh.dll samcli.dll RpcRtRemote.dll clbcatq.dll sxs.dll mscoreei.dll mscorwks.dll vbajet32.dll lpk.dll msvcr80.dll shlwapi.dll shell32.dll profapi.dll mscorlib.ni.dll mscorjit.dll mscorlib.dll sechost.dll nlsdata0009.dll mscorlib.dll version.dll mscorlib.dll mscorlib.dll System.ni.dll WindowsBase.ni.dll kernel32.dll KernelBase.dll PresentationCore.ni.dll PresentationFramework.ni.dll PresentationCore.dll LspUtil.dll PresentationCore.dll PresentationCore.dll uxtheme.dll user32.dll msvcrt.dll PresentationCore.dll System.Xml.ni.dll UIAutomationProvider.ni.dll System.Drawing.ni.dll System.Deployment.ni.dll PresentationUI.ni.dll System.Printing.ni.dll netshell.dll System.Printing.dll System.Printing.dll msimg32.dll System.Printing.dll System.Printing.dll ReachFramework.ni.dll gpapi.dll UIAutomationTypes.ni.dll comctl32.dll System.Data.ni.dll System.Data.dll System.Data.dll System.Data.dll System.Data.dll DrUpdate.dll System.Data.dll ws2_32.dll nsi.dll crypt32.dll msasn1.dll powrprof.dll Accessibility.ni.dll sechost.dll System.Configuration.ni.dll System.Security.ni.dll Microsoft.VisualC.ni.dll PresentationCFFRasterizer.ni.dll ntdll.dll ntdll.dll System.Web.ni.dll wow64.dll wow64win.dll wow64cpu.dll kernel32.dll kernel32.dll kernel32.dll user32.dll kernel32.dll KernelBase.dll advapi32.dll msvcrt.dll sechost.dll rpcrt4.dll sspicli.dll nlsdata000a.dll cbsapi.dll msvcrt.dll System.Xaml.dll cryptbase.dll msvcr120_clr0400.dll mscoree.dll mscorlib.dll ole32.dll gdi32.dll user32.dll lpk.dll System.Configuration.Install.ni.dll usp10.dll oleaut32.dll imm32.dll msctf.dll cryptsp.dll rsaenh.dll gpapi.dll RpcRtRemote.dll user32.dll user32.dll ws2_32.dll clbcatq.dll sxs.dll lpk.dll mscoreei.dll clr.dll shlwapi.dll mscorlib.ni.dll clrjit.dll System.ni.dll System.Core.ni.dll comctl32.dll system.core.dll version.dll mscorlib.dll mscorlib.dll System.dll System.dll ktmw32.dll combase.dll mscorlib.dll System.Core.dll rsaenh.dll System.Core.dll Microsoft.Build.Utilities.v4.0.ni.dll mtxclu.dll Microsoft.Build.Framework.ni.dll System.Xml.ni.dll profapi.dll System.Xml.dll System.Xml.dll Microsoft.Build.Tasks.v4.0.ni.dll mscoreei.dll System.Drawing.ni.dll System.Windows.Forms.ni.dll rpcrt4.dll nsi.dll ntdll.dll dwmapi.dll kernel32.dll system.dll System.Windows.Forms.dll System.Windows.Forms.dll system.configuration.ni.dll System.Drawing.dll clr.dll System.Drawing.dll msvcrt.dll System.Security.ni.dll xmllite.dll System.Security.dll System.Security.dll System.Xaml.ni.dll ntdll.dll msi.dll System.Xaml.dll System.Xaml.dll System.Configuration.ni.dll System.Configuration.dll System.Configuration.dll System.Numerics.ni.dll System.Numerics.dll System.Numerics.dll ntdll.dll ntdll.dll system.core.ni.dll wow64.dll wow64win.dll wow64cpu.dll kernel32.dll kernel32.dll kernel32.dll system.deployment.ni.dll ntlanman.dll user32.dll kernel32.dll System.Core.ni.dll mapi32.dll KernelBase.dll networkexplorer.dll advapi32.dll System.Design.ni.dll version.dll msvcrt.dll shlwapi.dll sechost.dll rpcrt4.dll sspicli.dll cryptbase.dll msvcr120_clr0400.dll cbscore.dll oleacc.dll mscoree.dll ole32.dll gdi32.dll user32.dll lpk.dll usp10.dll oleaut32.dll srumapi.dll imm32.dll msctf.dll System.ServiceModel.ni.dll cryptsp.dll rsaenh.dll RpcRtRemote.dll clbcatq.dll sxs.dll mscoreei.dll clr.dll kernel32.dll shlwapi.dll System.Deployment.dll mscorlib.ni.dll clrjit.dll version.dll mscorlib.dll Microsoft.VisualStudio.Tools.Office.ContainerControl.dll Microsoft.VisualStudio.Tools.Office.ContainerControl.dll mscorlib.dll ntdll.dll System.ni.dll System.Drawing.ni.dll System.Windows.Forms.ni.dll System.Windows.Forms.dll system.ni.dll mscoreei.dll System.Windows.Forms.dll System.dll msvcrt.dll System.dll System.Drawing.dll system.xml.dll System.Drawing.dll System.Core.ni.dll System.Configuration.ni.dll System.Configuration.dll System.Configuration.dll System.Core.dll System.Core.dll System.Xml.ni.dll System.Xml.dll System.Xml.dll ntdll.dll ntdll.dll sstpsvc.dll wow64.dll wow64win.dll wow64cpu.dll shlwapi.dll kernel32.dll kernel32.dll kernel32.dll user32.dll kernel32.dll clbcatq.dll kernel32.dll advapi32.dll KernelBase.dll advapi32.dll msvcrt.dll sechost.dll rpcrt4.dll sspicli.dll cryptbase.dll mscorwks.dll msvcr120_clr0400.dll mscoree.dll ole32.dll gdi32.dll user32.dll lpk.dll msvcrt.dll usp10.dll oleaut32.dll imm32.dll msctf.dll cryptsp.dll rsaenh.dll RpcRtRemote.dll shlwapi.dll clbcatq.dll sxs.dll mscoreei.dll clr.dll shlwapi.dll mscorlib.ni.dll kernelbase.dll wevtapi.dll clrjit.dll System.ni.dll System.Core.ni.dll msvcrt.dll System.Web.ni.dll System.Web.Extensions.ni.dll ntdll.dll System.ComponentModel.DataAnnotations.ni.dll dwmapi.dll version.dll System.Web.DynamicData.ni.dll mscorlib.dll mscorlib.dll System.Web.DynamicData.dll System.Web.DynamicData.dll System.dll System.dll System.Web.Extensions.dll System.Web.Extensions.dll bcrypt.dll System.Web.dll api-ms-win-downlevel-normaliz-l1-1-0.dllnormaliz.dll System.Web.dll System.Core.dll System.Core.dll dpx.dll System.ComponentModel.DataAnnotations.dll System.ComponentModel.DataAnnotations.dll System.Drawing.ni.dll System.Drawing.dll System.Drawing.dll System.Data.Linq.ni.dll System.Data.Linq.dll System.Data.Linq.dll System.Web.Entity.ni.dll System.Web.Entity.dll System.Web.Entity.dll System.Data.Entity.ni.dll System.Data.Entity.dll System.Data.Entity.dll System.Data.ni.dll System.Data.dll System.Data.dll System.Data.dll System.Xml.Linq.ni.dll System.Xml.Linq.dll System.Xml.Linq.dll System.Configuration.ni.dll System.Configuration.dll System.Configuration.dll System.Xml.ni.dll System.Xml.dll System.Xml.dll System.DirectoryServices.ni.dll System.DirectoryServices.dll System.DirectoryServices.dll System.EnterpriseServices.ni.dll System.Web.RegularExpressions.ni.dll System.Design.ni.dll System.Web.ApplicationServices.ni.dll System.Web.ApplicationServices.dll System.Web.ApplicationServices.dll System.DirectoryServices.Protocols.ni.dll System.DirectoryServices.Protocols.dll System.DirectoryServices.Protocols.dll System.Security.ni.dll System.Security.dll System.Security.dll System.Runtime.Caching.ni.dll System.Runtime.Caching.dll System.Runtime.Caching.dll System.ServiceProcess.ni.dll System.Web.Services.ni.dll System.Web.Services.dll System.Web.Services.dll Microsoft.Build.Utilities.v4.0.ni.dll Microsoft.Build.Framework.ni.dll Microsoft.Build.Tasks.v4.0.ni.dll System.Windows.Forms.ni.dll System.Windows.Forms.dll System.Windows.Forms.dll System.Numerics.ni.dll System.Numerics.dll System.Numerics.dll System.Data.Services.Design.ni.dll System.Data.Services.Design.dll System.Data.Services.Design.dll System.ServiceModel.ni.dll System.ServiceModel.dll System.ServiceModel.dll System.Runtime.Serialization.ni.dll System.Runtime.Serialization.dll System.Runtime.Serialization.dll System.ServiceModel.Activation.ni.dll System.ServiceModel.Activation.dll System.ServiceModel.Activation.dll System.Data.Services.Client.ni.dll System.Data.Services.Client.dll System.Data.Services.Client.dll,normal
 eapsvc.dll ntdll.dll ntdll.dll wow64.dll version.dll wow64win.dll kbdnec.dll wow64cpu.dll kbd106.dll kernel32.dll kernel32.dll kernel32.dll gdi32.dll user32.dll kernel32.dll advapi32.dll kernelbase.dll msvcrt.dll winbrand.dll user32.dll gdi32.dll lpk.dll ntdll.dll usp10.dll advapi32.dll cryptsp.dll sechost.dll rpcrt4.dll sspicli.dll cryptbase.dll lpk.dll imm32.dll msctf.dll usp10.dll apphelp.dll,normal
 ntdll.dll kernelbase.dll advapi32.dll UIAutomationTypes.dll msvcrt.dll sechost.dll KernelBase.dll rpcrt4.dll gdi32.dll lpk.dll msctf.dll advapi32.dll usp10.dll ole32.dll oleaut32.dll tquery.dll shlwapi.dll msshooks.dll kbd106.dll imm32.dll msctf.dll cryptbase.dll msidle.dll kernel32.dll ncrypt.dll clbcatq.dll user32.dll cryptsp.dll user32.dll rsaenh.dll rpcrtremote.dll mssprxy.dll ieframe.dll api-ms-win-downlevel-advapi32-l1-1-0.dll api-ms-win-downlevel-shlwapi-l1-1-0.dll api-ms-win-downlevel-user32-l1-1-0.dll api-ms-win-downlevel-shell32-l1-1-0.dll shell32.dll api-ms-win-downlevel-version-l1-1-0.dll advapi32.dll version.dll api-ms-win-downlevel-normaliz-l1-1-0.dll duser.dll normaliz.dll winsta.dll cryptbase.dll System.Configuration.ni.dll iertutil.dll rpcrt4.dll shlwapi.dll comctl32.dll ws2_32.dll api-ms-win-downlevel-shlwapi-l2-1-0.dll system.design.ni.dll ntdll.dll api-ms-win-downlevel-ole32-l1-1-0.dll propsys.dll srvcli.dll kernel32.dll wininet.dll userenv.dll profapi.dll nsi.dll api-ms-win-downlevel-advapi32-l2-1-0.dll secur32.dll rpcrt4.dll sspicli.dll mlang.dll ntdll.dll kernel32.dll kernelbase.dll msvcrt.dll ole32.dll gdi32.dll rpcrt4.dll lpk.dll user32.dll lpk.dll usp10.dll usp10.dll rpcrt4.dll mpr.dll imm32.dll msctf.dll cryptbase.dll clbcatq.dll advapi32.dll sechost.dll oleaut32.dll cryptsp.dll msutb.dll rsaenh.dll rpcrtremote.dll shacct.dll comctl32.dll shlwapi.dll userenv.dll windows.globalization.dll profapi.dll idstore.dll ntdll.dll kernel32.dll kernelbase.dll ws2_32.dll vcruntime140.dll gdi32.dll System.Core.ni.dll api-ms-win-crt-runtime-l1-1-0.dll ucrtbase.dll api-ms-win-core-timezone-l1-1-0.dll api-ms-win-core-file-l2-1-0.dll api-ms-win-core-localization-l1-2-0.dll api-ms-win-core-synch-l1-2-0.dll api-ms-win-core-processthreads-l1-1-1.dll api-ms-win-core-file-l1-2-0.dll oleaut32.dll System.Drawing.ni.dll api-ms-win-crt-string-l1-1-0.dll api-ms-win-crt-heap-l1-1-0.dll api-ms-win-crt-stdio-l1-1-0.dll api-ms-win-crt-convert-l1-1-0.dll advapi32.dll msvcrt.dll sechost.dll rpcrt4.dll nsi.dll imm32.dll msvcp140.dll api-ms-win-crt-locale-l1-1-0.dll sensapi.dll api-ms-win-crt-math-l1-1-0.dll usp10.dll api-ms-win-crt-multibyte-l1-1-0.dll api-ms-win-crt-time-l1-1-0.dll api-ms-win-crt-filesystem-l1-1-0.dll api-ms-win-crt-environment-l1-1-0.dll api-ms-win-crt-utility-l1-1-0.dll gdi32.dll user32.dll user32.dll lpk.dll oleacc.dll rtutils.dll usp10.dll gdiplus.dll ole32.dll clbcatq.dll imm32.dll system.transactions.dll msctf.dll dwrite.dll oleaut32.dll cryptbase.dll uxtheme.dll comctl32.dll shlwapi.dll kernel32.dll mso20win32client.dll portabledevicetypes.dll mso30win32client.dll mso40uiwin32client.dll clbcatq.dll msimg32.dll slc.dll crypt32.dll SMdiagnostics.dll sppc.dll msvcr80.dll mso99lwin32client.dll api-ms-win-downlevel-shlwapi-l2-1-0.dll comctl32.dll dwmapi.dll msi.dll shell32.dll wtsapi32.dll winsta.dll d2d1.dll shacct.dll version.dll setupapi.dll msftedit.dll kernel32.dll cfgmgr32.dll netprofm.dll wininet.dll devobj.dll dxgi.dll wintrust.dll dui70.dll version.dll kernel32.dll dwmredir.dll crypt32.dll msasn1.dll shell32.dll vm3dum64.dll vm3dum64.dll mscorjit.dll clbcatq.dll netutils.dll srvcli.dll wkscli.dll secur32.dll sspicli.dll System.Data.dll Microsoft.Powershell.ConsoleHost.dll msimtf.dll wow64.dll kernelbase.dll setupapi.dll cfgmgr32.dll kernelbase.dll devobj.dll vm3dum64.dll vm3dum64.dll vm3dum64.dll vm3dum64.dll mscoree.dll vm3dum64.dll mscoreei.dll sppc.dll vm3dum64.dll msointl30.dll netapi32.dll cryptbase.dll d3d10_1.dll KernelBase.dll gdi32.dll d3d10_1core.dll d3d11.dll sspicli.dll winmm.dll d3d10warp.dll vm3dum64_10.dll vm3dum64_10.dll twinapi.appcore.dll winmm.dll rsaenh.dll vm3dum64_10.dll wow64cpu.dll gpapi.dll rpcrt4.dll ntdll.dll oleaut32.dll advapi32.dll System.Security.dll winmm.dll msvcp110_win.dll vm3dum64.dll mscorwks.dll mscorwks.dll profapi.dll vm3dum64.dll vm3dum64.dll sechost.dll setupapi.dll nsi.dll cfgmgr32.dll wevtapi.dll devobj.dll d3d10level9.dll d3d10level9.dll ntdll.dll ntdll.dll advapi32.dll d3d10level9.dll ntmarta.dll lpk.dll wldap32.dll urlmon.dll api-ms-win-downlevel-advapi32-l1-1-0.dll Microsoft.VisualBasic.ni.dll SensApi.dll cfgmgr32.dll kernel32.dll api-ms-win-downlevel-version-l1-1-0.dll msvcrt.dll comctl32.dll ntdll.dll iertutil.dll userenv.dll riched20.dll api-ms-win-downlevel-ole32-l1-1-0.dll api-ms-win-downlevel-shlwapi-l1-1-0.dll ntdll.dll api-ms-win-downlevel-user32-l1-1-0.dll api-ms-win-downlevel-normaliz-l1-1-0.dll normaliz.dll sspicli.dll wininet.dll kernelbase.dll cryptsp.dll xmllite.dll winmm.dll msswch.dll netprofm.dll cryptsp.dll rsaenh.dll rpcrtremote.dll nsi.dll nlaapi.dll rsaenh.dll propsys.dll sfc.dll sfc_os.dll npmproxy.dll ws2_32.dll sensapi.dll qmgr.dll mssprxy.dll webservices.dll setupapi.dll cfgmgr32.dll cryptsp.dll devobj.dll windowscodecs.dll lpk.dll umoutlookaddin.dll umoutlookaddin.dll colleagueimport.dll netapi32.dll netutils.dll srvcli.dll wkscli.dll gdi32.dll onbttnol.dll duser.dll explorerframe.dll shlwapi.dll System.Runtime.Serialization.Formatters.Soap.dll dui70.dll actxprxy.dll mapi32.dll winnsi.dll umoutlookaddin.dll mfc140u.dll mfc140jpn.dll ucaddin.dll msvcrt.dll tmpod.dll ucaddinres.dll umoutlookstrings.dll api-ms-win-downlevel-ole32-l1-1-0.dll avrt.dll avrt.dll avrt.dll dhcpcsvc.dll api-ms-win-downlevel-advapi32-l2-1-0.dll wship6.dll winhttp.dll uiautomationcore.dll webio.dll msvcrt.dll mswsock.dll psapi.dll wintrust.dll oleacc.dll SMDiagnostics.dll tiptsf.dll sxs.dll wsock32.dll windowscodecs.dll dhcpcsvc6.dll credssp.dll dnsapi.dll security.dll schannel.dll rasadhlp.dll wow64.dll ntdll.dll setupapi.dll cfgmgr32.dll devobj.dll propsys.dll ncrypt.dll mlang.dll bcryptprimitives.dll gpapi.dll System.Transactions.ni.dll bcrypt.dll msxml6.dll powrprof.dll msproof7.dll powrprof.dll wbemprox.dll wbemcomn.dll wbemsvc.dll fastprox.dll ntdsapi.dll tquery.dll structuredquery.dll msfad.dll linkinfo.dll apphelp.dll ieframe.dll api-ms-win-downlevel-shell32-l1-1-0.dll searchfolder.dll ieframe.dll api-ms-win-downlevel-shell32-l1-1-0.dll davclnt.dll davhlpr.dll networkexplorer.dll mpr.dll drprov.dll ntlanman.dll msadrh15.dll msspell7.dll mscss7en.dll nl7models0009.dll winhttp.dll webio.dll api-ms-win-downlevel-shlwapi-l2-1-0.dll napinsp.dll pnrpnsp.dll winrnr.dll,normal
 ntdll.dll ntdll.dll wow64.dll wow64win.dll wow64cpu.dll kernel32.dll kernel32.dll kernel32.dll user32.dll slc.dll kernel32.dll KernelBase.dll msvcrt.dll oleaut32.dll System.ni.dll microsoft.visualstudio.tools.office.runtime.v10.0.dll ole32.dll gdi32.dll user32.dll wow64win.dll advapi32.dll oleacc.dll sechost.dll urlmon.dll rpcrt4.dll sspicli.dll cryptbase.dll sechost.dll lpk.dll msjter40.dll usp10.dll bcrypt.dll comctl32.dll version.dll shell32.dll imm32.dll msctf.dll advapi32.dll sxs.dll clbcatq.dll system.directoryservices.protocols.ni.dll rsaenh.dll usp10.dll kernelbase.dll vbscript.dll advapi32.dll wintrust.dll crypt32.dll msasn1.dll cryptsp.dll rsaenh.dll msisip.dll wshext.dll system.runtime.serialization.formatters.soap.ni.dll comctl32.dll shell32.dll shlwapi.dll scrobj.dll msi.dll scrrun.dll,normal
 ntdll.dll ntdll.dll wow64.dll wow64win.dll system.dll wow64cpu.dll kernel32.dll kernel32.dll PresentationCore.dll kernel32.dll user32.dll sfc.dll kernel32.dll KernelBase.dll advapi32.dll msvcrt.dll user32.dll sechost.dll dhcpcsvc.dll rpcrt4.dll kernel32.dll msvcrt.dll sspicli.dll unpshared.dll cryptbase.dll dnsapi.dll oleaut32.dll shlwapi.dll iconcodecservice.dll bcp47mrm.dll ws2_32.dll rpcrt4.dll nsi.dll winnsi.dll version.dll dhcpcsvc.dll ntdll.dll dhcpcsvc6.dll thumbcache.dll msado15.dll shell32.dll system.security.dll shlwapi.dll gdi32.dll lpk.dll user32.dll shell32.dll lpk.dll kernel32.dll usp10.dll ole32.dll imm32.dll kernel32.dll msctf.dll clbcatq.dll oleaut32.dll advapi32.dll cryptsp.dll msvcrt.dll system.core.ni.dll user32.dll rsaenh.dll RpcRtRemote.dll wow64win.dll wevtapi.dll kernel32.dll cryptbase.dll ntdll.dll ntdll.dll wow64.dll wow64win.dll wow64cpu.dll kernel32.dll kernel32.dll kernel32.dll user32.dll kernel32.dll advapi32.dll KernelBase.dll advapi32.dll msvcrt.dll sechost.dll rpcrt4.dll wintrust.dll sspicli.dll cryptbase.dll kernelbase.dll dnsapi.dll ws2_32.dll nsi.dll winnsi.dll kernel32.dll dhcpcsvc.dll dhcpcsvc6.dll shell32.dll shlwapi.dll gdi32.dll msasn1.dll api-ms-win-core-libraryloader-l1-1-0.dll user32.dll msvcrt.dll lpk.dll ole32.dll usp10.dll ole32.dll imm32.dll msctf.dll oleaut32.dll clbcatq.dll oleaut32.dll cryptsp.dll rsaenh.dll RpcRtRemote.dll wevtapi.dll ntdll.dll system.configuration.dll ntdll.dll wow64.dll authui.dll wow64win.dll wow64cpu.dll kernel32.dll kernel32.dll kernel32.dll user32.dll kernel32.dll KernelBase.dll msvcrt.dll winbrand.dll user32.dll gdi32.dll lpk.dll usp10.dll advapi32.dll sechost.dll rpcrt4.dll sspicli.dll cryptbase.dll imm32.dll msctf.dll apphelp.dll,normal
 ntdll.dll ntdll.dll lpk.dll wow64.dll wow64win.dll RpcRtRemote.dll wow64cpu.dll kernel32.dll kernel32.dll kernel32.dll imm32.dll system.xml.dll clbcatq.dll user32.dll kernel32.dll KernelBase.dll advapi32.dll msvcrt.dll sechost.dll rpcrt4.dll msvcrt.dll sspicli.dll shcore.dll cryptbase.dll dnsapi.dll ws2_32.dll nsi.dll dhcpcsvc6.dll winnsi.dll dhcpcsvc.dll shell32.dll advapi32.dll KernelBase.dll dhcpcsvc6.dll mscoreei.dll usp10.dll System.Data.dll msvcrt.dll wmiutils.dll shell32.dll shlwapi.dll gdi32.dll user32.dll wmsgapi.dll lpk.dll usp10.dll ole32.dll imm32.dll msctf.dll clbcatq.dll oleaut32.dll cryptsp.dll rsaenh.dll RpcRtRemote.dll wevtapi.dll ntdll.dll ntdll.dll wow64.dll wow64win.dll avrt.dll wow64cpu.dll oleaut32.dll kernel32.dll ntshrui.dll kernel32.dll webio.dll secur32.dll kernel32.dll user32.dll kernel32.dll KernelBase.dll setupapi.dll msvcrt.dll winbrand.dll user32.dll gdi32.dll lpk.dll uxtheme.dll usp10.dll advapi32.dll sechost.dll rpcrt4.dll samlib.dll sspicli.dll cryptbase.dll imm32.dll msctf.dll apphelp.dll,normal
 lspwaoie.dll ntdll.dll kernel32.dll kernelbase.dll advapi32.dll usp10.dll gdi32.dll user32.dll lpk.dll usp10.dll msvcrt.dll imm32.dll msctf.dll ole32.dll rpcrt4.dll oleaut32.dll apphelp.dll oleaut32.dll cryptbase.dll clbcatq.dll advapi32.dll user32.dll sechost.dll ntdll.dll ntdll.dll wow64.dll wow64win.dll wow64cpu.dll kernel32.dll kernel32.dll kernel32.dll user32.dll kernel32.dll kernelbase.dll crypt32.dll advapi32.dll msvcrt.dll sechost.dll rpcrt4.dll sspicli.dll cryptbase.dll msvcr120_clr0400.dll bcrypt.dll mscoree.dll ole32.dll gdi32.dll user32.dll msvcrt.dll rpcrt4.dll vcbsnapshotprovider.dll lpk.dll oleaut32.dll usp10.dll oleaut32.dll imm32.dll mprmsg.dll msctf.dll advapi32.dll cryptsp.dll rsaenh.dll rpcrtremote.dll clbcatq.dll mscorlib.dll sxs.dll mscoreei.dll mscorwks.dll oleaut32.dll System.Configuration.ni.dll system.data.sqlxml.dll comctl32.dll msvcr80.dll shlwapi.dll system.runtime.remoting.dll shell32.dll rsaenh.dll profapi.dll mscorlib.ni.dll KernelBase.dll kernel32.dll system.transactions.ni.dll mscorjit.dll mscorlib.dll mscorlib.dll version.dll imm32.dll sppc.dll usocore.dll mscorlib.dll usp10.dll kernel32.dll mscorlib.dll system.ni.dll system.core.ni.dll system.data.entity.design.ni.dll system.data.entity.design.dll system.data.entity.design.dll system.data.entity.design.dll system.data.entity.design.dll usp10.dll system.dll scwengb.dll system.dll system.dll system.dll system.core.dll imm32.dll propsys.dll system.core.dll msvcrt.dll system.core.dll sechost.dll system.core.dll system.web.ni.dll ktmw32.dll advapi32.dll system.web.dll wow64.dll usp10.dll system.web.dll system.web.dll system.web.dll cbsapi.dll system.data.entity.ni.dll system.data.entity.dll kernel32.dll cryptui.dll system.data.entity.dll system.data.entity.dll lpk.dll system.data.entity.dll usp10.dll bcrypt.dll system.data.ni.dll api-ms-win-crt-multibyte-l1-1-0.dll system.data.dll oleaut32.dll system.data.dll system.data.dll system.data.dll svrmgrnc.dll gdi32.dll propsys.dll user32.dll system.data.dll ws2_32.dll nsi.dll crypt32.dll msasn1.dll system.xml.ni.dll srvcli.dll atlthunk.dll kernel32.dll system.xml.dll system.xml.dll system.xml.dll system.xml.dll kernel32.dll wscapi.dll system.configuration.ni.dll system.configuration.dll system.configuration.dll system.data.dll clbcatq.dll system.configuration.dll system.configuration.dll advapi32.dll ole32.dll ntprint.dll system.drawing.ni.dll mscorlib.dll system.drawing.dll system.drawing.dll system.drawing.dll system.drawing.dll system.web.services.ni.dll system.web.services.dll msctf.dll system.web.services.dll system.web.services.dll system.web.services.dll system.directoryservices.ni.dll mscoreei.dll system.directoryservices.dll system.directoryservices.dll kernel32.dll system.directoryservices.dll system.directoryservices.dll gdi32.dll system.directoryservices.protocols.ni.dll system.directoryservices.protocols.dll ntdll.dll kernel32.dll system.directoryservices.protocols.dll system.directoryservices.protocols.dll system.directoryservices.protocols.dll system.enterpriseservices.ni.dll system.enterpriseservices.dll system.enterpriseservices.dll system.data.dll system.design.ni.dll system.design.dll kernelbase.dll system.design.dll cryptbase.dll system.serviceprocess.ni.dll user32.dll system.serviceprocess.dll system.serviceprocess.dll system.windows.forms.ni.dll system.windows.forms.dll system.windows.forms.dll system.windows.forms.dll system.windows.forms.dll system.web.regularexpressions.ni.dll system.web.regularexpressions.dll system.web.regularexpressions.dll system.web.regularexpressions.dll imm32.dll system.web.regularexpressions.dll system.security.ni.dll system.security.dll system.security.dll devobj.dll system.security.dll system.security.dll system.data.sqlxml.ni.dll system.data.sqlxml.dll system.data.sqlxml.dll system.data.sqlxml.dll system.data.sqlxml.dll microsoft.visualc.ni.dll ole32.dll rpcrt4.dll cryptsp.dll system.transactions.ni.dll system.transactions.dll shcore.dll system.transactions.dll sqmapi.dll system.transactions.dll system.transactions.dll system.transactions.dll system.runtime.remoting.ni.dll system.runtime.remoting.dll microsoft.visualstudio.tools.applications.contract.v9.0.ni.dll system.runtime.remoting.dll system.runtime.serialization.formatters.soap.ni.dll system.runtime.serialization.formatters.soap.dll system.runtime.serialization.formatters.soap.dll system.drawing.design.ni.dll system.drawing.design.dll system.drawing.design.dll system.data.oracleclient.ni.dll system.data.oracleclient.dll system.data.oracleclient.dll system.data.oracleclient.dll system.data.oracleclient.dll system.data.oracleclient.dll accessibility.ni.dll accessibility.dll accessibility.dll accessibility.dll accessibility.dll system.deployment.ni.dll system.deployment.dll system.deployment.dll system.deployment.dll system.deployment.dll system.configuration.install.ni.dll system.configuration.install.dll system.configuration.install.dll system.runtime.serialization.ni.dll system.runtime.serialization.dll system.runtime.serialization.dll system.runtime.serialization.dll system.runtime.serialization.dll smdiagnostics.ni.dll smdiagnostics.dll smdiagnostics.dll smdiagnostics.dll smdiagnostics.dll,normal
 ntdll.dll ntdll.dll kernel32.dll ntdll.dll kernelbase.dll rpcrt4.dll kernelbase.dll profapi.dll msvcrt.dll msvcrt.dll oleaut32.dll shlwapi.dll gdi32.dll wdscore.dll wintrust.dll shell32.dll combase.dll rpcrt4.dll rpcrt4.dll user32.dll gdi32.dll cryptsp.dll kernel.appcore.dll advapi32.dll sensapi.dll advapi32.dll sechost.dll rsaenh.dll crypt32.dll ntdll.dll msasn1.dll kernel32.dll msasn1.dll sechost.dll msvcp_win.dll sechost.dll dbghelp.dll devinv.dll iphlpapi.dll ole32.dll setupapi.dll version.dll nsi.dll wow64win.dll nsi.dll winnsi.dll lpk.dll winnsi.dll cfgmgr32.dll shcore.dll shcore.dll kernel.appcore.dll kernel.appcore.dll cryptbase.dll cryptbase.dll cryptbase.dll cryptbase.dll advapi32.dll wshqos.dll bcryptprimitives.dll bcryptprimitives.dll clbcatq.dll wbemprox.dll wbemprox.dll ws2_32.dll gthread-2.0.dll ntdll.dll ws2_32.dll wbemcomn.dll wbemcomn.dll cryptsp.dll cryptsp.dll srvcli.dll rsaenh.dll wbemcomn.dll kernel32.dll rsaenh.dll bcrypt.dll bcrypt.dll lpk.dll wbemsvc.dll wbemsvc.dll fastprox.dll fastprox.dll msxml6.dll msxml6.dll,normal
 credssp.dll msctf.dll ntdll.dll rpcrt4.dll kernel32.dll kernelbase.dll userenv.dll advapi32.dll msvcrt.dll sechost.dll rpcrt4.dll msvcr120_clr0400.dll mscoree.dll ole32.dll gdi32.dll user32.dll lpk.dll usp10.dll apphelp.dll oleaut32.dll kernel32.dll imm32.dll profapi.dll msctf.dll cryptbase.dll cryptsp.dll rsaenh.dll rpcrtremote.dll clbcatq.dll sxs.dll mscoreei.dll System.Security.ni.dll mscorwks.dll kernel32.dll system.xml.ni.dll msvcr80.dll kernel32.dll System.Drawing.Design.ni.dll dhcpcsvc.dll shlwapi.dll rpcrt4.dll shell32.dll gdi32.dll profapi.dll mscorlib.ni.dll mscorjit.dll kernel32.dll mscorlib.dll mscorlib.dll version.dll mscorlib.dll mscorlib.dll presentationframework.aero.ni.dll wkscli.dll oleaut32.dll system.ni.dll windowsbase.ni.dll presentationcore.ni.dll presentationframework.ni.dll presentationcore.dll presentationcore.dll presentationcore.dll presentationcore.dll,normal
 api-ms-win-core-timezone-l1-1-0.dll ntdll.dll ntdll.dll wow64.dll wow64win.dll wow64cpu.dll kernel32.dll kernel32.dll kernel32.dll user32.dll bcryptprimitives.dll kernel32.dll KernelBase.dll msvcrt.dll UIAutomationTypes.dll msvcrt.dll advapi32.dll sechost.dll rpcrt4.dll System.Core.ni.dll sspicli.dll sechost.dll api-ms-win-downlevel-advapi32-l1-1-0.dll cryptbase.dll version.dll windows.storage.dll user32.dll msctf.dll gdi32.dll system.web.services.ni.dll lpk.dll rpcrt4.dll usp10.dll iertutil.dll spoolss.dll imm32.dll msctf.dll uxtheme.dll shell32.dll slc.dll api-ms-win-downlevel-version-l1-1-0.dll imm32.dll api-ms-win-downlevel-user32-l1-1-0.dll api-ms-win-downlevel-normaliz-l1-1-0.dllnormaliz.dll advapi32.dll api-ms-win-downlevel-shlwapi-l1-1-0.dll shlwapi.dll dwmapi.dll api-ms-win-downlevel-shell32-l1-1-0.dll sechost.dll mscorlib.dll url.dll ole32.dll oleaut32.dll comctl32.dll user32.dll ieframe.dll comdlg32.dll uxtheme.dll IEShims.dll api-ms-win-downlevel-ole32-l1-1-0.dll urlmon.dll system.data.dll wininet.dll profapi.dll userenv.dll secur32.dll api-ms-win-downlevel-advapi32-l2-1-0.dll ws2_32.dll nsi.dll nsi.dll SHCore.dll KernelBase.dll mswsock.dll winhttp.dll cryptsp.dll rsaenh.dll mydocs.dll webio.dll clbcatq.dll wship6.dll dwmapi.dll winnsi.dll RpcRtRemote.dll wow64win.dll ieproxy.dll api-ms-win-downlevel-shlwapi-l2-1-0.dll wevtapi.dll rpcrt4.dll sqmapi.dll mshtml.dll d2d1.dll DWrite.dll wsock32.dll dxgi.dll setupapi.dll tapi32.dll ntdll.dll usp10.dll msvcrt.dll cfgmgr32.dll devobj.dll ieui.dll LspWaoIe.dll imagehlp.dll bcrypt.dll wucltux.dll bcryptprimitives.dll shlwapi.dll comctl32.dll ieframe.dll propsys.dll apphelp.dll usp10.dll imagehlp.dll wintrust.dll crypt32.dll msctf.dll msasn1.dll kernel32.dll ntdll.dll mlang.dll d3d11.dll gdi32.dll System.Data.ni.dll vm3dum_10.dll winmm.dll dbghelp.dll vm3dum.dll wininet.dll d3d10level9.dll dnsapi.dll msimg32.dll olepro32.dll ole32.dll LspWeb.dll CbsCore.dll LspWeb.dll sechost.dll LspWeb.dll LspWeb.dll rasadhlp.dll shell32.dll oleaut32.dll comctl32.dll wshqos.dll wshqos.dll ws2_32.dll wshqos.dll wshqos.dll cryptbase.dll credssp.dll schannel.dll Wldap32.dll kernel32.dll imm32.dll lpk.dll SensApi.dll msvcrt.dll ncrypt.dll gpapi.dll p2pcollab.dll p2pcollab.dll system.security.dll advapi32.dll cryptnet.dll msvcrt.dll mshtml.dll nlaapi.dll bcryptprimitives.dll netprofm.dll npmproxy.dll ieapfltr.dll RpcRtRemote.dll msimtf.dll oleacc.dll sxs.dll setupapi.dll KernelBase.dll cfgmgr32.dll devobj.dll vm3dum_10.dll winmm.dll dbghelp.dll vm3dum.dll d3d10level9.dll setupapi.dll cfgmgr32.dll msasn1.dll atl.dll devobj.dll jscript9.dll setupapi.dll cfgmgr32.dll devobj.dll WindowsCodecs.dll d3d10warp.dll xmllite.dll msctf.dll msctf.dll setupapi.dll cfgmgr32.dll devobj.dll powrprof.dll winmm.dll dpx.dll imgutil.dll UIAnimation.dll WindowsCodecsExt.dll msxml6.dll mshtmler.dll powrprof.dll setupapi.dll cfgmgr32.dll devobj.dll,normal
 ntdll.dll ntdll.dll wow64.dll avrt.dll wow64win.dll imm32.dll mscorlib.dll wow64cpu.dll kernel32.dll kernel32.dll kernel32.dll user32.dll kernel32.dll api-ms-win-crt-utility-l1-1-0.dll kernelbase.dll advapi32.dll dnsapi.dll msvcrt.dll version.dll sechost.dll rpcrt4.dll sspicli.dll cryptbase.dll dnsapi.dll SndVolSSO.dll ws2_32.dll nsi.dll winnsi.dll dhcpcsvc.dll msctf.dll dhcpcsvc6.dll usp10.dll kernel32.dll shell32.dll shlwapi.dll gdi32.dll gdi32.dll user32.dll lpk.dll usp10.dll gdi32.dll ole32.dll sechost.dll imm32.dll msctf.dll clbcatq.dll apphelp.dll oleaut32.dll cryptsp.dll rsaenh.dll msvcr80.dll setupapi.dll clr.dll cryptbase.dll rpcrtremote.dll wevtapi.dll dbghelp.dll ntdll.dll ntdll.dll wow64.dll wow64win.dll wow64cpu.dll kernel32.dll kernel32.dll kernel32.dll imm32.dll version.dll user32.dll dnsapi.dll system.directoryservices.dll kernel32.dll kernelbase.dll msvcrt.dll winbrand.dll user32.dll gdi32.dll wevtapi.dll lpk.dll usp10.dll advapi32.dll sechost.dll rpcrt4.dll sspicli.dll shell32.dll cryptbase.dll imm32.dll msctf.dll apphelp.dll,normal
 ktmw32.dll cfgmgr32.dll msftedit.dll vaultsvc.dll,normal
 ntdll.dll wow64win.dll rpcrt4.dll kernel32.dll KernelBase.dll msvcrt.dll ntdll.dll fastprox.dll combase.dll ucrtbase.dll kernel32.dll rpcrt4.dll wdscore.dll bcryptprimitives.dll ncobjapi.dll wbemcomn.dll ws2_32.dll sechost.dll bcrypt.dll advapi32.dll user32.dll win32u.dll gdi32.dll gdi32full.dll kernel.appcore.dll ws2_32.dll ntdll.dll clbcatq.dll wbemprox.dll oleaut32.dll msvcp_win.dll ntdll.dll wbemsvc.dll wmiutils.dll ole32.dll crypt32.dll msasn1.dll winbrand.dll wintrust.dll urlmon.dll gdi32.dll MpClient.dll userenv.dll profapi.dll api-ms-win-core-xstate-l2-1-0.dll wtsapi32.dll wmitomi.dll advapi32.dll usp10.dll mi.dll miutils.dll gpapi.dll apphelp.dll ProtectionManagement.dll,normal
 bcrypt.dll ntdll.dll usp10.dll profapi.dll kernel32.dll system.xml.ni.dll KernelBase.dll dhcpcsvc6.dll advapi32.dll msvcrt.dll usp10.dll lpk.dll dwmapi.dll sechost.dll rpcrt4.dll kernelbase.dll gdi32.dll user32.dll lpk.dll vm3dum64.dll usp10.dll msvcrt.dll ole32.dll msimg32.dll wmsgapi.dll wtsapi32.dll ole32.dll winmm.dll userenv.dll profapi.dll winsta.dll crypt32.dll msasn1.dll MsCtfMonitor.dll msctf.dll imm32.dll cryptbase.dll msutb.dll dhcpcsvc.dll lpk.dll comctl32.dll shlwapi.dll secur32.dll sspicli.dll shell32.dll system.xml.dll gdi32.dll cryptbase.dll cryptbase.dll uxtheme.dll wintrust.dll wow64win.dll cryptsp.dll rsaenh.dll imagehlp.dll sechost.dll bcrypt.dll rpcrt4.dll bcryptprimitives.dll ncrypt.dll gpapi.dll cryptnet.dll Wldap32.dll SensApi.dll version.dll clbcatq.dll oleaut32.dll urlmon.dll rsaenh.dll api-ms-win-downlevel-ole32-l1-1-0.dll api-ms-win-downlevel-shlwapi-l1-1-0.dll api-ms-win-downlevel-advapi32-l1-1-0.dll api-ms-win-downlevel-user32-l1-1-0.dll api-ms-win-downlevel-version-l1-1-0.dll api-ms-win-downlevel-normaliz-l1-1-0.dllnormaliz.dll iertutil.dll wininet.dll,normal
 wow64cpu.dll advapi32.dll ntdll.dll ntdll.dll system.enterpriseservices.dll msvcp140_app.dll wow64.dll wow64win.dll mscorwks.dll wow64cpu.dll System.DirectoryServices.ni.dll rpcrt4.dll kernel32.dll KernelBase.dll system.xml.dll kernel32.dll kernel32.dll user32.dll shell32.dll mscorlib.dll kernel32.dll xmllite.dll profapi.dll kernelbase.dll advapi32.dll lpk.dll msvcrt.dll sechost.dll System.Data.dll kernel32.dll rpcrt4.dll sspicli.dll cryptbase.dll setupapi.dll system.data.oracleclient.dll oleaut32.dll dnsapi.dll ws2_32.dll nsi.dll winnsi.dll dhcpcsvc.dll dhcpcsvc6.dll ntdll.dll shell32.dll shlwapi.dll gdi32.dll user32.dll lpk.dll usp10.dll ole32.dll imm32.dll msctf.dll clbcatq.dll KernelBase.dll oleaut32.dll cryptsp.dll oleaut32.dll rsaenh.dll cryptbase.dll rpcrtremote.dll wevtapi.dll ntdll.dll kernel32.dll system.deployment.dll KernelBase.dll kernelbase.dll gdi32.dll user32.dll clbcatq.dll kernel.appcore.dll profapi.dll lpk.dll usp10.dll msvcrt.dll imm32.dll msctf.dll ole32.dll avrt.dll rpcrt4.dll oleaut32.dll cryptbase.dll peerdistsh.dll clbcatq.dll advapi32.dll sechost.dll gdi32.dll ntdll.dll mscorlib.dll ntdll.dll windows.devices.sensors.dll wow64.dll wow64win.dll wow64cpu.dll msctf.dll kernel32.dll kernel32.dll kernel32.dll user32.dll kernel32.dll kernelbase.dll advapi32.dll msvcrt.dll sechost.dll rpcrt4.dll sspicli.dll cryptbase.dll dnsapi.dll ws2_32.dll nsi.dll shlwapi.dll winnsi.dll kernel32.dll dhcpcsvc.dll dhcpcsvc6.dll shell32.dll dnsapi.dll shlwapi.dll gdi32.dll user32.dll lpk.dll usp10.dll ole32.dll imm32.dll msctf.dll clbcatq.dll oleaut32.dll cryptsp.dll cfgmgr32.dll rpcrtremote.dll rsaenh.dll rpcrtremote.dll wevtapi.dll ntdll.dll wtsapi32.dll presentationcore.dll oleaut32.dll kernel32.dll kernelbase.dll advapi32.dll msvcrt.dll Accessibility.dll imm32.dll sechost.dll imm32.dll rpcrt4.dll umrdp.dll userenv.dll mprmsg.dll ole32.dll msvcrt.dll gdi32.dll oleaut32.dll user32.dll user32.dll lpk.dll usp10.dll gdi32.dll imm32.dll msctf.dll msvcrt.dll wdscore.dll oleaut32.dll shell32.dll shlwapi.dll dbghelp.dll System.Design.dll cryptbase.dll cbscore.dll version.dll apphelp.dll crypt32.dll version.dll wldap32.dll msasn1.dll wintrust.dll vbajet32.dll userenv.dll profapi.dll wkscli.dll PeerDistSh.dll ktmw32.dll dnsapi.dll sxs.dll wow64cpu.dll dpx.dll dpx.dll dpx.dll wcp.dll usp10.dll ole32.dll drupdate.dll setupapi.dll cfgmgr32.dll cryptbase.dll npmproxy.dll devobj.dll mpr.dll wrpint.dll sxsstore.dll sqmapi.dll System.Drawing.dll winhttp.dll system.transactions.dll webio.dll clbcatq.dll winhttp.dll webio.dll msvcr80.dll sensapi.dll nsi.dll cryptsp.dll msctf.dll adtschema.dll rsaenh.dll rpcrtremote.dll clbcatq.dll cbsapi.dll UIAutomationTypes.dll smipi.dll smiengine.dll ntdll.dll System.Drawing.dll msasn1.dll kernel32.dll kernelbase.dll gdi32.dll cfgmgr32.dll version.dll user32.dll lpk.dll cryptbase.dll dhcpcsvc6.dll usp10.dll msvcrt.dll imm32.dll msctf.dll ole32.dll system.dll ehstorapi.dll cryptbase.dll rpcrt4.dll oleaut32.dll cryptbase.dll System.Security.dll clbcatq.dll ntdll.dll advapi32.dll sechost.dll ntdll.dll ole32.dll ntdll.dll sspicli.dll wow64.dll wow64win.dll wow64cpu.dll kernel32.dll kernel32.dll kernel32.dll user32.dll kernel32.dll kernelbase.dll advapi32.dll msvcrt.dll sechost.dll sechost.dll msctf.dll rpcrt4.dll sspicli.dll sspicli.dll cryptbase.dll System.dll msctf.dll user32.dll gdi32.dll mscoree.dll lpk.dll usp10.dll shlwapi.dll wldp.dll shell32.dll ole32.dll oleaut32.dll crypt32.dll msasn1.dll setupapi.dll imm32.dll msctf.dll iertutil.dll urlmon.dll comctl32.dll profapi.dll ws2_32.dll nsi.dll dnsapi.dll winnsi.dll clbcatq.dll gdi32.dll dps.dll cryptsp.dll rsaenh.dll rpcrtremote.dll wininet.dll apphelp.dll sensapi.dll winbrand.dll ieframe.dll msimg32.dll psapi.dll uxtheme.dll user32.dll oleacc.dll oleacc.dll version.dll propsys.dll setupapi.dll cfgmgr32.dll devobj.dll netprofm.dll nlaapi.dll nlaapi.dll wsock32.dll ole32.dll ole32.dll npmproxy.dll comctl32.dll msctf.dll msctf.dll comctl32.dll comdlg32.dll sqmapi.dll ntmarta.dll wldap32.dll ieframe.dll rasapi32.dll rasman.dll rtutils.dll rasadhlp.dll ieui.dll sxs.dll napinsp.dll shell32.dll mswsock.dll winrnr.dll wship6.dll sspicli.dll version.dll ieproxy.dll url.dll xmllite.dll lspwaoie.dll imagehlp.dll explorerframe.dll duser.dll dui70.dll shell32.dll imecfm.dll msfeeds.dll mlang.dll normaliz.dll msxml3.dll shell32.dll userenv.dll,normal
 ntdll.dll kernel32.dll kernel32.dll user32.dll ntdll.dll RpcRtRemote.dll comctl32.dll user32.dll ncrypt.dll wow64.dll wow64win.dll kernel32.dll kernel32.dll wow64cpu.dll kernelbase.dll api-ms-win-security-lsalookup-l2-1-1.dll apphelp.dll advapi32.dll msvcrt.dll wow64.dll sechost.dll imm32.dll rpcrt4.dll sspicli.dll cryptbase.dll bcryptprimitives.dll gdi32.dll user32.dll netutils.dll ole32.dll combase.dll sechost.dll oleaut32.dll shell32.dll windows.storage.dll Microsoft.VisualStudio.Tools.Office.Contract.v9.0.dll shlwapi.dll kernel.appcore.dll shcore.dll ntdll.dll powrprof.dll profapi.dll ws2_32.dll nsi.dll comctl32.dll wininet.dll lpk.dll ntdll.dll mfc42u.dll winmm.dll setupapi.dll winmmbase.dll msimsg.dll cryptsp.dll cfgmgr32.dll devobj.dll odbc32.dll dpapi.dll imm32.dll msctf.dll uxtheme.dll dpx.dll nsi.dll riched32.dll riched20.dll usp10.dll credui.dll msls31.dll dwmapi.dll kernel.appcore.dll comctl32.dll clbcatq.dll wevtapi.dll version.dll advapi32.dll advapi32.dll propsys.dll oleacc.dll ntmarta.dll wship6.dll vsstrace.dll policymanager.dll system.management.automation.dll xmllite.dll cryptsp.dll msvcp110_win.dll logoncli.dll rsaenh.dll Microsoft.Management.Infrastructure.dll dui70.dll imecfm.dll wer.dll tiptsf.dll api-ms-win-downlevel-normaliz-l1-1-0.dllnormaliz.dll msado15.dll msdart.dll oledb32.dll bcrypt.dll msjet40.dll comsvcs.dll imm32.dll msjetoledb40.dll msjet40.dll msjter40.dll msjint40.dll mswstr10.dll userenv.dll cryptsp.dll rsaenh.dll msadox.dll msadrh15.dll msjtes40.dll vbajet32.dll expsrv.dll imecfm.dll wer.dll msdadiag.dll msadce.dll msadcer.dll,caidao
 ntdll.dll imm32.dll kernel32.dll kernelbase.dll ole32.dll advapi32.dll msvcrt.dll sechost.dll ole32.dll rpcrt4.dll user32.dll gdi32.dll lpk.dll lpk.dll dnsapi.dll cryptdll.dll actxprxy.dll imm32.dll usp10.dll ole32.dll oleaut32.dll system.core.ni.dll tquery.dll tquery.dll ole32.dll shlwapi.dll msshooks.dll msshooks.dll imm32.dll msctf.dll cryptbase.dll msidle.dll clbcatq.dll cryptsp.dll atl.dll rsaenh.dll riched20.dll cryptsp.dll rpcrtremote.dll mssprxy.dll ieframe.dll psapi.dll oleacc.dll shell32.dll iertutil.dll shlwapi.dll comctl32.dll urlmon.dll wininet.dll crypt32.dll cryptbase.dll msasn1.dll ws2_32.dll ntmarta.dll wldap32.dll mscorlib.dll version.dll mlang.dll sspicli.dll profapi.dll,normal
 imm32.dll System.Web.Extensions.ni.dll mmcss.dll avrt.dll qmgr.dll System.Transactions.dll bitsperf.dll bitsigd.dll upnp.dll ssdpapi.dll qmgrprxy.dll msxml3.dll schannel.dll nsi.dll mpr.dll user32.dll hnetcfg.dll wbemprox.dll netcfgx.dll gdi32.dll tcpipcfg.dll tcpipcfg.dll lltdres.dll clbcatq.dll adwsres.dll lltdres.dll bcryptprimitives.dll rascfg.dll usp10.dll rascfg.dll shell32.dll rascfg.dll rascfg.dll tcpipcfg.dll sstpsvc.dll rpcrt4.dll ndiscapcfg.dll mprapi.dll mprmsg.dll RpcRtRemote.dll wshbth.dll mprmsg.dll wshbth.dll actxprxy.dll avrt.dll mmcss.dll advapi32.dll netcfgx.dll ndiscapcfg.dll gdi32.dll msxml3.dll rascfg.dll mprapi.dll dhcpcsvc.dll mprmsg.dll tcpipcfg.dll wshbth.dll wow64win.dll seclogon.dll lltdres.dll lltdres.dll imm32.dll sstpsvc.dll SensApi.dll mprmsg.dll hid.dll wshbth.dll tschannel.dll mprmsg.dll system.dll wshbth.dll mprmsg.dll wshbth.dll aelupsvc.dll avrt.dll mmcss.dll devobj.dll user32.dll wshbth.dll mprmsg.dll system.web.extensions.dll mmcss.dll avrt.dll System.Security.ni.dll mprmsg.dll wshbth.dll mprmsg.dll wshbth.dll mprmsg.dll rpcrt4.dll netutils.dll RpcRtRemote.dll wshbth.dll cryptnet.dll mprmsg.dll wshbth.dll Accessibility.ni.dll mprmsg.dll wshbth.dll mprmsg.dll wshbth.dll api-ms-win-downlevel-normaliz-l1-1-0.dllnormaliz.dll msswch.dll mprmsg.dll cryptsp.dll wshbth.dll mprmsg.dll wshbth.dll mprmsg.dll wshbth.dll aelupsvc.dll avrt.dll mmcss.dll mmcss.dll avrt.dll mprmsg.dll wshbth.dll mprmsg.dll wshbth.dll,normal
 ondemandconnroutehelper.dll ondemandconnroutehelper.dll ondemandconnroutehelper.dll ondemandconnroutehelper.dll certcli.dll,normal
 system.core.dll ntdll.dll ntdll.dll shlwapi.dll mscoreei.dll wow64.dll wow64win.dll wow64cpu.dll system.xml.linq.dll api-ms-win-crt-stdio-l1-1-0.dll kernel32.dll kernel32.dll winbrand.dll kernel32.dll user32.dll kernel32.dll xmllite.dll KernelBase.dll oleaut32.dll wuaueng.dll ole32.dll msvcrt.dll System.Web.RegularExpressions.ni.dll gdi32.dll user32.dll lpk.dll advapi32.dll rpcrtremote.dll ntdll.dll sechost.dll rpcrt4.dll sspicli.dll cryptbase.dll lpk.dll kernel32.dll usp10.dll version.dll comctl32.dll shlwapi.dll shell32.dll System.Runtime.Remoting.dll msimg32.dll ws2_32.dll nsi.dll wow64.dll lpk.dll mpr.dll imm32.dll msctf.dll amsi.dll sechost.dll olepro32.dll wsock32.dll iertutil.dll shcore.dll sechost.dll usp10.dll clbcatq.dll apphelp.dll netapi32.dll imm32.dll netutils.dll netutils.dll srvcli.dll wkscli.dll GdiPlus.dll uxtheme.dll cscapi.dll dwmapi.dll setupapi.dll cfgmgr32.dll devobj.dll propsys.dll profapi.dll ole32.dll WindowsCodecs.dll vcruntime140.dll api-ms-win-crt-runtime-l1-1-0.dll ucrtbase.dll sensapi.dll api-ms-win-core-timezone-l1-1-0.dll winmm.dll api-ms-win-core-file-l2-1-0.dll api-ms-win-core-localization-l1-2-0.dll api-ms-win-core-synch-l1-2-0.dll sspicli.dll api-ms-win-core-processthreads-l1-1-1.dll api-ms-win-core-file-l1-2-0.dll api-ms-win-crt-string-l1-1-0.dll msasn1.dll api-ms-win-crt-heap-l1-1-0.dll api-ms-win-crt-stdio-l1-1-0.dll advapi32.dll ntshrui.dll api-ms-win-crt-convert-l1-1-0.dll msvcp140.dll msvcr80.dll gdi32.dll api-ms-win-crt-locale-l1-1-0.dll api-ms-win-crt-math-l1-1-0.dll api-ms-win-crt-multibyte-l1-1-0.dll api-ms-win-crt-time-l1-1-0.dll mscorlib.dll api-ms-win-crt-filesystem-l1-1-0.dll api-ms-win-crt-environment-l1-1-0.dll api-ms-win-crt-utility-l1-1-0.dll shdocvw.dll msi.dll GrooveIntlResource.dll EhStorShell.dll EhStorShell.dll EhStorShell.dll clbcatq.dll EhStorShell.dll ntshrui.dll ntshrui.dll ntshrui.dll ntshrui.dll msctf.dll slc.dll imageres.dll imageres.dll imageres.dll imageres.dll nsi.dll imageres.dll imageres.dll imageres.dll imageres.dll imageres.dll imageres.dll imageres.dll imageres.dll wtsapi32.dll winsta.dll,normal
 ntdll.dll kernel32.dll kernelbase.dll msvcrt.dll oleaut32.dll msvcp_win.dll Microsoft.VisualStudio.Tools.Applications.AddInAdapter.v9.0.dll ucrtbase.dll system.deployment.dll clr.dll combase.dll system.identitymodel.selectors.ni.dll rpcrt4.dll bcryptprimitives.dll advapi32.dll sechost.dll windows.storage.dll shlwapi.dll tquery.dll gdi32.dll cryptbase.dll wsecedit.dll gdi32full.dll user32.dll win32u.dll kernel.appcore.dll cryptdll.dll imm32.dll shcore.dll profapi.dll msasn1.dll Microsoft.PowerShell.Activities.ni.dll Microsoft.PowerShell.Workflow.ServiceCore.ni.dll powrprof.dll fltlib.dll kernel32.dll imm32.dll msidle.dll clbcatq.dll mscoree.dll ole32.dll mssprxy.dll mssph.dll authz.dll,normal
 rpcrt4.dll ntdll.dll microsoft.managementconsole.ni.dll ntdll.dll wow64.dll wow64win.dll wow64cpu.dll kernel32.dll kernel32.dll kernel32.dll usp10.dll system.directoryservices.protocols.dll kernel32.dll KernelBase.dll advapi32.dll kernel32.dll msvcrt.dll sechost.dll rpcrt4.dll wow64.dll sspicli.dll msvcrt.dll cryptbase.dll oleaut32.dll ole32.dll gdi32.dll user32.dll lpk.dll usp10.dll SMDiagnostics.dll kernel32.dll credui.dll wevtapi.dll imm32.dll ole32.dll msctf.dll comctl32.dll shlwapi.dll ncrypt.dll user32.dll,normal
 ExplorerFrame.dll msftedit.dll msimg32.dll microsoft.powershell.commands.management.ni.dll Windows.Globalization.dll BCP47Langs.dll version.dll globinputhost.dll linkinfo.dll ntshrui.dll cscapi.dll SearchFolder.dll UIAutomationCore.dll StructuredQuery.dll actxprxy.dll samlib.dll thumbcache.dll samcli.dll System.EnterpriseServices.ni.dll networkexplorer.dll drprov.dll kernel32.dll ntlanman.dll msimtf.dll winsta.dll twinapi.dll msvcrt.dll mscorlib.ni.dll wow64.dll twinapi.appcore.dll,normal
 api-ms-win-core-timezone-l1-1-0.dll usp10.dll Microsoft.VisualStudio.Tools.Applications.Runtime.v9.0.ni.dll ntdll.dll kernel32.dll kernelbase.dll rpcrt4.dll msvcrt.dll conhostv2.dll combase.dll ucrtbase.dll rpcrt4.dll bcryptprimitives.dll system.configuration.install.ni.dll sensapi.dll gdi32.dll system.directoryservices.protocols.dll setupapi.dll wow64.dll Microsoft.VisualStudio.Tools.Office.Contract.v9.0.dll cryptbase.dll gdi32full.dll user32.dll win32u.dll imm32.dll oleaut32.dll msvcp_win.dll propsys.dll sechost.dll shcore.dll shell32.dll cfgmgr32.dll windows.storage.dll SensApi.dll powrprof.dll advapi32.dll shlwapi.dll kernel.appcore.dll profapi.dll uxtheme.dll msctf.dll mapi32.dll api-ms-win-downlevel-advapi32-l1-1-0.dll dwmapi.dll comctl32.dll clbcatq.dll ole32.dll d2d1.dll oleacc.dll iertutil.dll ucrtbase.dll winrnr.dll version.dll ntmarta.dll crypt32.dll ncrypt.dll msasn1.dll bcrypt.dll ntasn1.dll policymanager.dll msvcp110_win.dll dui70.dll xmllite.dll imecfm.dll wer.dll,normal
 ntdll.dll ntdll.dll wow64.dll wow64win.dll wow64cpu.dll kernel32.dll drupdate.dll msctf.dll ntdll.dll kernel32.dll System.Windows.Forms.ni.dll kernel32.dll msxml6.dll user32.dll kernel32.dll kernelbase.dll advapi32.dll sxs.dll msvcrt.dll uiautomationtypes.ni.dll sechost.dll rpcrt4.dll sspicli.dll cryptbase.dll dnsapi.dll msctf.dll ws2_32.dll nsi.dll winnsi.dll user32.dll dhcpcsvc.dll dhcpcsvc6.dll shell32.dll System.dll shlwapi.dll gdi32.dll user32.dll lpk.dll usp10.dll cryptbase.dll ole32.dll imm32.dll shell32.dll scrrun.dll msctf.dll rsaenh.dll clbcatq.dll winsta.dll oleaut32.dll profapi.dll cryptsp.dll rsaenh.dll rpcrtremote.dll wevtapi.dll kernelbase.dll ntdll.dll shell32.dll kernel32.dll kernelbase.dll gdi32.dll user32.dll lpk.dll lpk.dll usp10.dll wow64cpu.dll msvcrt.dll imm32.dll msctf.dll msctf.dll RpcRtRemote.dll ole32.dll rpcrt4.dll msctf.dll System.AddIn.Contract.dll lpk.dll user32.dll oleaut32.dll cryptbase.dll clbcatq.dll advapi32.dll sechost.dll ntdll.dll kernel32.dll sechost.dll kernelbase.dll gdi32.dll kernel32.dll kernel32.dll user32.dll lpk.dll usp10.dll msvcrt.dll imm32.dll msctf.dll ole32.dll rpcrt4.dll winmm.dll oleaut32.dll sechost.dll cryptbase.dll uxtheme.dll clbcatq.dll advapi32.dll sechost.dll ntdll.dll ntdll.dll wow64.dll microsoft.visualbasic.dll wow64win.dll wow64cpu.dll system.drawing.dll kernel32.dll mscoree.dll kernel32.dll kernel32.dll cfgmgr32.dll user32.dll System.Drawing.Design.dll kernel32.dll kernelbase.dll oleaut32.dll msvcrt.dll winbrand.dll user32.dll gdi32.dll lpk.dll usp10.dll advapi32.dll sechost.dll rpcrt4.dll sspicli.dll cryptbase.dll imm32.dll msctf.dll apphelp.dll,normal
 ntdll.dll ntdll.dll ncsi.dll kernel32.dll kernelbase.dll clbcatq.dll msvcrt.dll oleaut32.dll msvcp_win.dll ucrtbase.dll system.xml.dll DeviceCenter.dll combase.dll ole32.dll rpcrt4.dll bcryptprimitives.dll gpapi.dll advapi32.dll sechost.dll tquery.dll cryptdll.dll imm32.dll user32.dll win32u.dll gdi32.dll gdi32full.dll kernel.appcore.dll clbcatq.dll clrjit.dll mssprxy.dll,normal
 ntdll.dll kernel32.dll wintrust.dll nsi.dll kernelbase.dll gdi32.dll user32.dll imm32.dll lpk.dll usp10.dll msvcrt.dll imm32.dll msctf.dll ole32.dll rpcrt4.dll oleaut32.dll cryptbase.dll system.xml.dll spoolss.dll clbcatq.dll advapi32.dll sechost.dll ntdll.dll wkscli.dll ntdll.dll dnsapi.dll wow64.dll wow64win.dll wow64cpu.dll kernel32.dll kernel32.dll kernel32.dll user32.dll cryptbase.dll cbsapi.dll kernel32.dll kernelbase.dll msvcrt.dll imm32.dll winbrand.dll user32.dll shlwapi.dll gdi32.dll ntdll.dll lpk.dll advapi32.dll wow64cpu.dll usp10.dll advapi32.dll sechost.dll rpcrt4.dll kernelbase.dll sspicli.dll gdi32.dll cryptbase.dll imm32.dll msctf.dll apphelp.dll,normal
 tabskb.dll srclient.dll wintrust.dll ntdll.dll kernel32.dll kernelbase.dll advapi32.dll ntdll.dll lpk.dll msvcrt.dll sechost.dll rpcrt4.dll user32.dll Culture.dll gdi32.dll lpk.dll msctf.dll msvcrt.dll usp10.dll ole32.dll msctf.dll oleaut32.dll tquery.dll shlwapi.dll tquery.dll shlwapi.dll imm32.dll msctf.dll msshooks.dll msshooks.dll mscoree.dll accessibility.dll mscoreei.dll cryptbase.dll clbcatq.dll cryptsp.dll rsaenh.dll rpcrtremote.dll mssprxy.dll sxs.dll,normal
 ntdll.dll mswsock.dll sensapi.dll kernel32.dll KernelBase.dll kernelbase.dll sechost.dll advapi32.dll msvcrt.dll oleaut32.dll ole32.dll clrjit.dll rpcrt4.dll mpclient.dll ntdll.dll secur32.dll srvcli.dll crypt32.dll wintrust.dll sechost.dll System.Configuration.dll combase.dll gdi32.dll user32.dll sspicli.dll msasn1.dll userenv.dll msvcrt.dll profapi.dll gpapi.dll version.dll version.dll version.dll version.dll cryptbase.dll shlwapi.dll bcryptprimitives.dll kernel.appcore.dll clbcatq.dll shell32.dll gdiplus.dll netprofm.dll cryptsp.dll kernel32.dll imm32.dll rsaenh.dll bcrypt.dll npmproxy.dll wow64win.dll wuapi.dll shlwapi.dll cabinet.dll wmsgapi.dll version.dll wups.dll PSEvents.dll wu.upgrade.ps.dll netprofm.dll npmproxy.dll wuapi.dll sechost.dll lpk.dll system.windows.forms.ni.dll shlwapi.dll cabinet.dll version.dll wups.dll wu.upgrade.ps.dll usp10.dll netprofm.dll imm32.dll npmproxy.dll wuapi.dll shlwapi.dll kernelbase.dll cabinet.dll version.dll wups.dll wu.upgrade.ps.dll ws2_32.dll nsi.dll mpcommu.dll rsaenh.dll npmproxy.dll winhttp.dll shlwapi.dll webio.dll mswsock.dll winnsi.dll dnsapi.dll rasadhlp.dll dhcpcsvc6.dll dhcpcsvc.dll,normal
 crypt32.dll ntdll.dll System.XML.dll ntdll.dll kernel32.dll kernelbase.dll kernelbase.dll msvcrt.dll msvcrt.dll oleaut32.dll shell32.dll shlwapi.dll wdscore.dll wintrust.dll shell32.dll combase.dll rpcrt4.dll rpcrt4.dll user32.dll gdi32.dll advapi32.dll winbrand.dll advapi32.dll mswsock.dll crypt32.dll msasn1.dll imm32.dll devinv.dll imm32.dll rsaenh.dll msasn1.dll sechost.dll samcli.dll sechost.dll dbghelp.dll aeinv.dll cryptsp.dll aeinv.dll ole32.dll sfc.dll sfc.dll kernel32.dll msi.dll ntdll.dll msi.dll version.dll version.dll sfc_os.dll sfc_os.dll mssprxy.dll shcore.dll oleaut32.dll lpk.dll shcore.dll kernel.appcore.dll kernel.appcore.dll cryptbase.dll cryptbase.dll bcryptprimitives.dll kernel32.dll sechost.dll bcryptprimitives.dll comctl32.dll setupapi.dll oleaut32.dll version.dll cfgmgr32.dll devrtl.dll cryptsp.dll cryptsp.dll rsaenh.dll rsaenh.dll bcrypt.dll bcrypt.dll,normal
 ntdll.dll ntdll.dll wow64.dll wow64win.dll wow64cpu.dll version.dll user32.dll ntdll.dll kernel32.dll kernel32.dll webio.dll kernel32.dll usp10.dll user32.dll credssp.dll kernel32.dll msasn1.dll KernelBase.dll advapi32.dll advapi32.dll msvcrt.dll sechost.dll cryptbase.dll dpx.dll rpcrt4.dll sspicli.dll cryptbase.dll oleaut32.dll ole32.dll gdi32.dll user32.dll lpk.dll usp10.dll wevtapi.dll sppuinotify.dll imm32.dll presentationframework.ni.dll msctf.dll System.Configuration.dll comctl32.dll shlwapi.dll credui.dll ntdll.dll kernel32.dll KernelBase.dll advapi32.dll msvcrt.dll sechost.dll rpcrt4.dll msvcr120_clr0400.dll mscoree.dll gdi32.dll KernelBase.dll ole32.dll version.dll gdi32.dll user32.dll user32.dll lpk.dll mscoree.dll usp10.dll oleaut32.dll imm32.dll profapi.dll sensapi.dll rpcrt4.dll mssprxy.dll bcrypt.dll usp10.dll cryptbase.dll msctf.dll cryptbase.dll ntasn1.dll cryptsp.dll System.IdentityModel.Selectors.dll rsaenh.dll RpcRtRemote.dll lpk.dll clbcatq.dll sxs.dll mscoreei.dll ole32.dll mscorwks.dll msvcr80.dll shlwapi.dll shell32.dll System.Data.Linq.ni.dll profapi.dll mscorlib.ni.dll sechost.dll mscorjit.dll mscorlib.dll mscorlib.dll version.dll mscorlib.dll mscorlib.dll PresentationFramework.Royale.ni.dll System.ni.dll mswsock.dll napinsp.dll WindowsBase.ni.dll mscorlib.ni.dll PresentationCore.ni.dll PresentationFramework.ni.dll PresentationCore.dll PresentationCore.dll PresentationCore.dll PresentationCore.dll ntdll.dll urlmon.dll kernel32.dll KernelBase.dll KernelBase.dll advapi32.dll msvcrt.dll sechost.dll rpcrt4.dll clbcatq.dll msvcr120_clr0400.dll mscoree.dll System.dll system.drawing.ni.dll ole32.dll gdi32.dll msutb.dll user32.dll lpk.dll clbcatq.dll usp10.dll oleaut32.dll sechost.dll KernelBase.dll imm32.dll shlwapi.dll kernel32.dll msctf.dll msctf.dll cryptbase.dll cryptsp.dll rsaenh.dll RpcRtRemote.dll clbcatq.dll Microsoft.VisualStudio.Tools.Applications.Adapter.v9.0.dll oleaut32.dll sxs.dll mscoreei.dll dwrite.dll clr.dll ole32.dll dnsapi.dll wrpint.dll system.deployment.ni.dll api-ms-win-downlevel-version-l1-1-0.dll shlwapi.dll mscorlib.ni.dll clrjit.dll version.dll mscorlib.dll mscorlib.dll system.numerics.ni.dll ntdll.dll Microsoft.VisualC.ni.dll ntdll.dll sensapi.dll rpcrt4.dll ntdll.dll wow64.dll wow64win.dll msctf.dll wow64cpu.dll PresentationFramework.Luna.ni.dll kernel32.dll kernel32.dll kernel32.dll user32.dll kernel32.dll KernelBase.dll advapi32.dll msvcrt.dll sechost.dll system.runtime.serialization.formatters.soap.ni.dll rpcrt4.dll sspicli.dll System.dll cryptbase.dll msvcr120_clr0400.dll mscoree.dll ole32.dll gdi32.dll user32.dll lpk.dll usp10.dll oleaut32.dll imm32.dll msctf.dll cryptsp.dll rsaenh.dll RpcRtRemote.dll rpcrt4.dll clbcatq.dll sxs.dll mscoreei.dll clr.dll shlwapi.dll mscorlib.ni.dll clrjit.dll System.ni.dll version.dll mscorlib.dll mscorlib.dll System.dll System.dll System.ServiceProcess.ni.dll System.Management.ni.dll System.Core.ni.dll System.Configuration.ni.dll System.Configuration.dll System.Configuration.dll System.Core.dll System.Core.dll filterlib.dll System.Xml.ni.dll System.Xml.dll System.Xml.dll,normal
 ntdll.dll kernel32.dll user32.dll kernelbase.dll msvcrt.dll combase.dll ucrtbase.dll rpcrt4.dll bcryptprimitives.dll oleaut32.dll msvcrt.dll msvcp_win.dll sechost.dll shcore.dll system.configuration.dll ntmarta.dll wer.dll advapi32.dll imm32.dll user32.dll win32u.dll wintypes.dll gdi32.dll gdi32full.dll usermgrcli.dll msvcrt.dll System.Data.ni.dll wtsapi32.dll cryptbase.dll advapi32.dll winsta.dll kernel.appcore.dll clbcatq.dll netprofm.dll sechost.dll npmproxy.dll netprofm.dll ole32.dll kernelbase.dll perfdisk.dll npmproxy.dll userenv.dll kernel32.dll netapi32.dll sensapi.dll dsreg.dll cryptsp.dll user32.dll msvcp110_win.dll crypt32.dll msasn1.dll RpcRtRemote.dll profapi.dll msimg32.dll dwmapi.dll wow64win.dll windows.shell.servicehostbuilder.dll windows.security.authentication.onlineid.dll bcrypt.dll msasn1.dll dpapi.dll wbemprox.dll onecoreuapcommonproxystub.dll ws2_32.dll cryptbase.dll xmllite.dll shell32.dll winhttp.dll rsaenh.dll ws2_32.dll ondemandconnroutehelper.dll netapi32.dll mswsock.dll xmllite.dll lpk.dll winnsi.dll nsi.dll dhcpcsvc6.dll dhcpcsvc.dll winmmbase.dll webio.dll sspicli.dll dnsapi.dll rasadhlp.dll netprofm.dll npmproxy.dll netprofm.dll npmproxy.dll windows.security.authentication.onlineid.dll onecoreuapcommonproxystub.dll ondemandconnroutehelper.dll netprofm.dll SensApi.dll npmproxy.dll netprofm.dll npmproxy.dll windows.security.authentication.onlineid.dll onecoreuapcommonproxystub.dll ondemandconnroutehelper.dll netprofm.dll ntdll.dll npmproxy.dll netprofm.dll winbrand.dll wsock32.dll mssvp.dll kernel32.dll npmproxy.dll ole32.dll windows.security.authentication.onlineid.dll msvcp_win.dll onecoreuapcommonproxystub.dll rpcrt4.dll ondemandconnroutehelper.dll netutils.dll netprofm.dll npmproxy.dll netprofm.dll npmproxy.dll acppage.dll cscui.dll user32.dll windows.security.authentication.onlineid.dll onecoreuapcommonproxystub.dll ondemandconnroutehelper.dll netprofm.dll shell32.dll npmproxy.dll system.web.dll netprofm.dll npmproxy.dll windows.security.authentication.onlineid.dll onecoreuapcommonproxystub.dll ntdll.dll System.Data.dll system.runtime.remoting.ni.dll ondemandconnroutehelper.dll netprofm.dll npmproxy.dll netprofm.dll npmproxy.dll windows.security.authentication.onlineid.dll onecoreuapcommonproxystub.dll flightsettings.dll cfgmgr32.dll bcd.dll msvcrt.dll policymanager.dll flightsettings.dll cfgmgr32.dll bcd.dll tquery.dll mscorlib.dll twinapi.appcore.dll rmclient.dll ole32.dll ws2_32.dll ondemandconnroutehelper.dll duser.dll netprofm.dll npmproxy.dll gdi32.dll KernelBase.dll netprofm.dll npmproxy.dll windows.security.authentication.onlineid.dll onecoreuapcommonproxystub.dll wow64cpu.dll ondemandconnroutehelper.dll netprofm.dll shlwapi.dll npmproxy.dll netprofm.dll npmproxy.dll windows.security.authentication.onlineid.dll onecoreuapcommonproxystub.dll ondemandconnroutehelper.dll System.Messaging.ni.dll netprofm.dll npmproxy.dll system.transactions.dll netprofm.dll npmproxy.dll windows.security.authentication.onlineid.dll imm32.dll onecoreuapcommonproxystub.dll ondemandconnroutehelper.dll netprofm.dll imageres.dll npmproxy.dll netprofm.dll npmproxy.dll cryptbase.dll wow64.dll windows.security.authentication.onlineid.dll onecoreuapcommonproxystub.dll ondemandconnroutehelper.dll ntshrui.dll netprofm.dll npmproxy.dll netprofm.dll npmproxy.dll windows.security.authentication.onlineid.dll onecoreuapcommonproxystub.dll ondemandconnroutehelper.dll netprofm.dll npmproxy.dll netprofm.dll npmproxy.dll windows.security.authentication.onlineid.dll onecoreuapcommonproxystub.dll ondemandconnroutehelper.dll netprofm.dll user32.dll npmproxy.dll netprofm.dll npmproxy.dll windows.security.authentication.onlineid.dll onecoreuapcommonproxystub.dll ondemandconnroutehelper.dll netprofm.dll npmproxy.dll netprofm.dll npmproxy.dll windows.security.authentication.onlineid.dll onecoreuapcommonproxystub.dll ondemandconnroutehelper.dll taskschd.dll,normal
 sfc.dll sfc_os.dll,normal
 ntdll.dll kernel32.dll wldap32.dll kernelbase.dll webservices.dll msvcrt.dll Microsoft.VisualStudio.Tools.Applications.Adapter.v9.0.dll ole32.dll cryptbase.dll msimg32.dll gdi32.dll user32.dll cryptsp.dll lpk.dll usp10.dll rpcrt4.dll imm32.dll msctf.dll cryptbase.dll clbcatq.dll advapi32.dll sechost.dll mscorlib.dll oleaut32.dll cryptsp.dll clr.dll ws2_32.dll rsaenh.dll rpcrtremote.dll shacct.dll comctl32.dll shlwapi.dll userenv.dll profapi.dll msvcp_win.dll ntdll.dll kernel32.dll kernelbase.dll user32.dll gdi32.dll lpk.dll usp10.dll ole32.dll imm32.dll msvcrt.dll imagehlp.dll RpcRtRemote.dll kernelbase.dll imm32.dll msctf.dll shell32.dll shell32.dll msvcr120_clr0400.dll system.data.dll shell32.dll imageres.dll shlwapi.dll mscorwks.dll ole32.dll api-ms-win-core-url-l1-1-0.dll imm32.dll rpcrt4.dll propsys.dll cryptbase.dll clbcatq.dll winbrand.dll advapi32.dll sechost.dll user32.dll cryptnet.dll oleaut32.dll comctl32.dll propsys.dll apphelp.dll duser.dll system.data.sqlxml.ni.dll dui70.dll sxs.dll credssp.dll kernel32.dll cryptsp.dll rsaenh.dll rpcrtremote.dll mscorlib.dll actxprxy.dll shdocvw.dll explorerframe.dll ntdll.dll kernel32.dll kernelbase.dll gdi32.dll user32.dll msls31.dll lpk.dll usp10.dll msvcrt.dll sechost.dll imm32.dll wow64win.dll msctf.dll ole32.dll rpcrt4.dll oleaut32.dll ntdll.dll propsys.dll System.EnterpriseServices.ni.dll ntdll.dll wow64.dll wow64win.dll wow64cpu.dll userenv.dll system.configuration.ni.dll kernel32.dll kernel32.dll kernel32.dll user32.dll user32.dll kernel32.dll kernelbase.dll msvcrt.dll winbrand.dll user32.dll advapi32.dll gdi32.dll lpk.dll usp10.dll advapi32.dll sechost.dll rpcrt4.dll sspicli.dll cryptbase.dll imm32.dll ole32.dll msctf.dll apphelp.dll,normal
 ntdll.dll kernel32.dll kernelbase.dll msvcrt.dll combase.dll ucrtbase.dll rpcrt4.dll system.security.dll bcryptprimitives.dll userenv.dll sechost.dll oleaut32.dll gdi32.dll msvcp_win.dll win32u.dll system.directoryservices.ni.dll wow64cpu.dll powrprof.dll crypt32.dll msasn1.dll mscorlib.ni.dll ws2_32.dll winhttp.dll comctl32.dll kernel.appcore.dll sspicli.dll user32.dll win32u.dll System.Management.Automation.ni.dll gdi32.dll gdi32full.dll cryptsp.dll wups.dll wuaueng.dll clbcatq.dll wups2.dll wups2.dll cfgmgr32.dll cryptsp.dll sechost.dll wuuhext.dll cabinet.dll msxml6.dll,normal
 ntdll.dll kernel32.dll KernelBase.dll msvcrt.dll ole32.dll gdi32.dll system.dll sxs.dll wow64win.dll user32.dll shell32.dll KernelBase.dll mapi32.dll lpk.dll usp10.dll rpcrt4.dll oleaut32.dll imm32.dll msctf.dll imm32.dll cryptbase.dll sechost.dll advapi32.dll clbcatq.dll shlwapi.dll dimsjob.dll cryptbase.dll taskschd.dll msctf.dll sspicli.dll sechost.dll nsi.dll netprofm.dll nlaapi.dll cryptsp.dll rsaenh.dll RpcRtRemote.dll pautoenr.dll npmproxy.dll Wldap32.dll clr.dll lpk.dll netprofm.dll certcli.dll atl.dll cbscore.dll crypt32.dll msasn1.dll CertEnroll.dll powrprof.dll dsrole.dll ws2_32.dll kernel32.dll secur32.dll logoncli.dll kernel32.dll netutils.dll ntdsapi.dll mswsock.dll credssp.dll cryptdll.dll bcrypt.dll bcryptprimitives.dll ole32.dll kerberos.dll nsi.dll wship6.dll dnsapi.dll winnsi.dll System.Xaml.dll rasadhlp.dll,normal
 ntdll.dll kernel32.dll WindowsBase.dll kernel32.dll kernelbase.dll gdi32.dll user32.dll lpk.dll npmproxy.dll usp10.dll msvcrt.dll imm32.dll msctf.dll System.Numerics.dll rsaenh.dll ole32.dll rpcrt4.dll oleaut32.dll,normal
 ntdll.dll ntdll.dll usp10.dll wow64.dll msctf.dll imageres.dll wow64win.dll wow64cpu.dll kernel32.dll kernel32.dll user32.dll rpcrt4.dll kernel32.dll user32.dll kernel32.dll imm32.dll usp10.dll kernelbase.dll shell32.dll advapi32.dll samcli.dll msvcrt.dll sechost.dll dnsapi.dll rpcrt4.dll sspicli.dll cryptbase.dll version.dll gdi32.dll dnsapi.dll nsi.dll ws2_32.dll nsi.dll winnsi.dll dhcpcsvc.dll oleaut32.dll dhcpcsvc6.dll shell32.dll windows.system.userprofile.diagnosticssettings.dll shlwapi.dll ole32.dll System.DirectoryServices.ni.dll gdi32.dll user32.dll gdi32full.dll lpk.dll usp10.dll advapi32.dll ole32.dll imm32.dll msctf.dll clbcatq.dll oleaut32.dll cryptsp.dll usp10.dll bcrypt.dll rsaenh.dll rpcrtremote.dll wevtapi.dll userenv.dll ole32.dll ntdll.dll ntdll.dll imm32.dll wow64.dll onecoreuapcommonproxystub.dll wow64win.dll wow64cpu.dll rmclient.dll kernel32.dll kernel32.dll kernel32.dll user32.dll kernel32.dll kernelbase.dll kernel32.dll advapi32.dll msvcrt.dll advapi32.dll sechost.dll rpcrt4.dll sxs.dll lpk.dll cryptsp.dll sspicli.dll cryptbase.dll dnsapi.dll ws2_32.dll nsi.dll certadm.dll ntdll.dll winnsi.dll dhcpcsvc.dll dhcpcsvc6.dll shell32.dll shlwapi.dll gdi32.dll user32.dll lpk.dll usp10.dll ole32.dll user32.dll msadce.dll imm32.dll msctf.dll user32.dll gdi32.dll iphlpsvc.dll clbcatq.dll oleaut32.dll cryptsp.dll rsaenh.dll rsaenh.dll rpcrtremote.dll wevtapi.dll ntdll.dll kernel32.dll kernelbase.dll gdi32.dll user32.dll lpk.dll ntdll.dll rsaenh.dll usp10.dll ntdll.dll msvcrt.dll imm32.dll msctf.dll ole32.dll rpcrt4.dll oleaut32.dll cryptbase.dll clbcatq.dll cryptbase.dll advapi32.dll sechost.dll ntdll.dll ntdll.dll wow64.dll wow64win.dll System.Runtime.Remoting.ni.dll wow64cpu.dll user32.dll kernel32.dll kernel32.dll kernel32.dll user32.dll kernel32.dll kernelbase.dll msvcrt.dll winbrand.dll user32.dll msvcrt.dll gdi32.dll lpk.dll usp10.dll advapi32.dll sechost.dll rpcrt4.dll sspicli.dll cryptbase.dll imm32.dll msctf.dll cryptsp.dll apphelp.dll,normal
 ntdll.dll rpcrtremote.dll KernelBase.dll kernel32.dll kernelbase.dll gdi32.dll user32.dll lpk.dll usp10.dll dhcpcsvc.dll cryptsp.dll msvcrt.dll imm32.dll msctf.dll ole32.dll gdi32.dll rpcrt4.dll oleaut32.dll cryptbase.dll clbcatq.dll advapi32.dll shell32.dll sechost.dll,normal
 mscoree.dll bdatunepia.dll mscoreei.dll clr.dll msvcr120_clr0400.dll msctf.dll sspicli.dll ntdll.dll system.data.ni.dll kernel32.dll api-ms-win-core-errorhandling-l1-1-1.dll kernelbase.dll oleaut32.dll uxtheme.dll msvcrt.dll advapi32.dll sechost.dll rpcrt4.dll shlwapi.dll ntlanman.dll rsaenh.dll gdi32.dll user32.dll lpk.dll usp10.dll imm32.dll cryptbase.dll fusion.dll cryptsp.dll rsaenh.dll,normal
 ntdll.dll ntdll.dll wow64.dll wow64win.dll oleacc.dll wow64cpu.dll kernel32.dll kernel32.dll kernel32.dll PresentationFramework.Luna.dll gdi32.dll user32.dll settingsyncpolicy.dll usp10.dll kernel32.dll KernelBase.dll msvcrt.dll dnsapi.dll msctfmonitor.dll winbrand.dll user32.dll gdi32.dll lpk.dll usp10.dll gdiplus.dll kernel32.dll urlmon.dll advapi32.dll sechost.dll rpcrt4.dll sspicli.dll cryptbase.dll imm32.dll msctf.dll apphelp.dll,normal
 ntdll.dll ntdll.dll sechost.dll kernel32.dll kernelbase.dll advapi32.dll kernelbase.dll wow64.dll ucrtbase.dll ucrtbase.dll combase.dll rpcrt4.dll oleaut32.dll rpcrt4.dll bcryptprimitives.dll bcryptprimitives.dll powrprof.dll sechost.dll api-ms-win-core-registry-l2-1-0.dll sechost.dll kernel.appcore.dll kernel.appcore.dll msvcrt.dll msvcrt.dll rmclient.dll rmclient.dll user32.dll ole32.dll kernelbase.dll combase.dll gdi32.dll user32.dll gdi32full.dll msvcp_win.dll wow64.dll msvcp_win.dll mscorwks.dll user32.dll win32u.dll userenv.dll mscorwks.dll sspicli.dll imm32.dll clbcatq.dll twinapi.appcore.dll tiptsf.dll dnsapi.dll twinapi.appcore.dll shlwapi.dll system.data.dll shell32.dll cfgmgr32.dll shcore.dll kernel.appcore.dll shcore.dll windows.storage.dll rpcrt4.dll windows.storage.dll advapi32.dll advapi32.dll RpcRtRemote.dll profapi.dll filterlib.dll fltlib.dll ntdll.dll version.dll system.design.ni.dll wucltux.dll oleaut32.dll bcrypt.dll bcrypt.dll iphlpapi.dll pnidui.dll nsi.dll api-ms-win-core-debug-l1-1-0.dll nsi.dll gdi32.dll npfproxy.dll npmproxy.dll wintypes.dll advapi32.dll wintypes.dll onecorecommonproxystub.dll onecorecommonproxystub.dll familysafetyext.dll familysafetyext.dll wpc.dll system.xml.dll wpc.dll wlidprov.dll imageres.dll wlidprov.dll samcli.dll windows.networking.connectivity.dll windows.networking.connectivity.dll wlanapi.dll bcryptprimitives.dll wlanapi.dll wwapi.dll wwapi.dll windows.networking.hostname.dll windows.networking.hostname.dll netprofm.dll netprofm.dll dusmapi.dll dusmapi.dll,normal
 msvcrt.dll ntdll.dll activeds.dll ntdll.dll wow64.dll shell32.dll mscoree.dll userenv.dll dnsapi.dll wow64win.dll wow64cpu.dll wow64win.dll kernel32.dll clbcatq.dll kernel32.dll kernel32.dll user32.dll gdi32.dll kernel32.dll KernelBase.dll msvcrt.dll oleaut32.dll ole32.dll gdi32.dll user32.dll advapi32.dll sechost.dll rpcrt4.dll msvcrt.dll sspicli.dll cryptbase.dll bcryptprimitives.dll lpk.dll usp10.dll version.dll imm32.dll msctf.dll kernelbase.dll rpcrt4.dll sxs.dll dpx.dll winmm.dll clbcatq.dll system.data.sqlxml.ni.dll System.ServiceModel.Activation.dll advapi32.dll vbscript.dll crypt32.dll wintrust.dll msasn1.dll cryptsp.dll rsaenh.dll msisip.dll wshext.dll shell32.dll shlwapi.dll comctl32.dll scrobj.dll msi.dll scrrun.dll,normal
 kernel32.dll ntdll.dll System.Drawing.dll user32.dll ntdll.dll wow64.dll wow64win.dll wow64cpu.dll kernel32.dll kernel32.dll oleaut32.dll kernel32.dll user32.dll user32.dll sechost.dll kernel32.dll shell32.dll kernelbase.dll msvcrt.dll winbrand.dll user32.dll gdi32.dll lpk.dll usp10.dll ntdll.dll advapi32.dll sechost.dll cfgmgr32.dll rpcrt4.dll sspicli.dll cryptbase.dll kernel32.dll imm32.dll msctf.dll apphelp.dll,normal
 ntdll.dll presentationframework.dll kernel32.dll kernelbase.dll System.Web.dll user32.dll wow64.dll gdi32.dll ole32.dll lpk.dll usp10.dll msvcrt.dll ole32.dll rpcrt4.dll api-ms-win-crt-string-l1-1-0.dll oleaut32.dll ktmw32.dll oleaut32.dll wevtapi.dll imm32.dll msctf.dll cryptbase.dll oleaut32.dll sechost.dll crypt32.dll advapi32.dll cryptsp.dll winhttp.dll wow64.dll rsaenh.dll shlwapi.dll rpcrtremote.dll clbcatq.dll tschannel.dll sspicli.dll xmllite.dll apphelp.dll,normal
 ntdll.dll kernel32.dll kernelbase.dll gdi32.dll gdi32full.dll msvcp_win.dll wow64cpu.dll ucrtbase.dll user32.dll win32u.dll msvcrt.dll apphelp.dll combase.dll rpcrt4.dll bcryptprimitives.dll crypt32.dll msisip.dll msasn1.dll kernel32.dll advapi32.dll kernelbase.dll sechost.dll sspicli.dll dwmapi.dll userenv.dll ole32.dll profapi.dll gdi32.dll msctf.dll wevtapi.dll comctl32.dll msctf.dll oleaut32.dll netprofm.dll imm32.dll nsi.dll winsta.dll wmsgapi.dll amsi.dll fastprox.dll msctfmonitor.dll msimg32.dll cryptbase.dll cfgmgr32.dll urlmon.dll shcore.dll windows.storage.dll advapi32.dll shlwapi.dll kernel.appcore.dll user32.dll powrprof.dll uxtheme.dll kernelbase.dll wtsapi32.dll msutb.dll kernelbase.dll wintrust.dll sspicli.dll cryptsp.dll advapi32.dll rsaenh.dll advapi32.dll user32.dll clbcatq.dll kernel32.dll msvcrt.dll bcrypt.dll cryptbase.dll shell32.dll system.security.ni.dll kernelbase.dll clbcatq.dll lpk.dll cryptbase.dll gpapi.dll urlmon.dll iertutil.dll advapi32.dll propsys.dll amsiproxy.dll dwmapi.dll ole32.dll kbd101.dll inputswitch.dll bcp47langs.dll clipc.dll textinputframework.dll wintrust.dll coreuicomponents.dll coremessaging.dll coremessaging.dll ntdll.dll wintypes.dll ktmw32.dll usermgrcli.dll api-ms-win-downlevel-ole32-l1-1-0.dll wintypes.dll lpk.dll credui.dll wincredui.dll windows.ui.creddialogcontroller.dll kernelbase.dll mmdevapi.dll api-ms-win-core-registry-l2-1-0.dll devobj.dll iphlpapi.dll duser.dll windowscodecs.dll system.data.oracleclient.dll winmm.dll winmmbase.dll winmmbase.dll System.Runtime.Serialization.Formatters.Soap.ni.dll winmmbase.dll windows.ui.cred.dll NapiNSP.dll wincorlib.dll mrmcorer.dll windows.ui.dll xmllite.dll windows.ui.xaml.dll windows.ui.immersive.dll dwrite.dll uianimation.dll d3d11.dll dxgi.dll d3d10warp.dll resourcepolicyclient.dll twinapi.appcore.dll dcomp.dll MSTTSEngine.dll d2d1.dll windows.globalization.dll windows.globalization.fontgroups.dll rpcrt4.dll api-ms-win-core-sysinfo-l1-2-0.dll fontgroupsoverride.dll windows.internal.ui.logon.proxystub.dll usp10.dll directmanipulation.dll version.dll ncrypt.dll ntasn1.dll policymanager.dll msvcp110_win.dll imecfm.dll wer.dll dui70.dll ntmarta.dll audioses.dll avrt.dll windows.ui.xamlhost.dll tiptsf.dll uiautomationcore.dll onecorecommonproxystub.dll rdpendp.dll msacm32.dll fontglyphanimator.dll oleacc.dll threadpoolwinrt.dll ninput.dll,normal
 ntdll.dll kernel32.dll kernelbase.dll msvcrt.dll combase.dll microsoft.powershell.psreadline.dll rpcrt4.dll shcore.dll rpcrt4.dll imagehlp.dll advapi32.dll sechost.dll setupapi.dll gdi32.dll cfgmgr32.dll ntdll.dll oleaut32.dll clbcatq.dll wdi.dll user32.dll gdi32.dll dfdts.dll clbcatq.dll,normal
 ntdll.dll kernel32.dll kernel32.dll user32.dllnormaliz.dll ntdll.dll wow64.dll wow64win.dll clbcatq.dll wow64cpu.dll kernel32.dll comctl32.dll kernel32.dll KernelBase.dll imm32.dll oleaut32.dll ole32.dll system.data.sqlxml.dll cryptbase.dll gdi32.dll shell32.dll msvcrt.dll gdi32.dll user32.dll msasn1.dll oleaut32.dll advapi32.dll sechost.dll rpcrt4.dll wow64win.dll sspicli.dll cryptbase.dll System.Management.Automation.dll ieframe.dll lpk.dll PresentationCore.ni.dll usp10.dll msimg32.dll version.dll shell32.dll shlwapi.dll wsock32.dll ws2_32.dll nsi.dll imm32.dll msctf.dll apphelp.dll wow64cpu.dll userenv.dll ntdll.dll mpr.dll comctl32.dll olepro32.dll setupapi.dll cfgmgr32.dll wow64.dll devobj.dll api-ms-win-downlevel-advapi32-l1-1-0.dll api-ms-win-downlevel-shlwapi-l1-1-0.dll api-ms-win-downlevel-user32-l1-1-0.dll System.Web.dll api-ms-win-downlevel-version-l1-1-0.dll wlanutil.dll oleaut32.dll System.Core.dll api-ms-win-downlevel-normaliz-l1-1-0.dll iertutil.dll AcGenral.dll uxtheme.dll winmm.dll samcli.dll gdi32.dll msacm32.dll sfc.dll sfc_os.dll userenv.dll profapi.dll dwmapi.dll urlmon.dll api-ms-win-downlevel-ole32-l1-1-0.dll wininet.dll LspWeb.dll RpcRtRemote.dll,normal
 wow64.dll ntdll.dll ntdll.dll wow64.dll wow64win.dll cryptbase.dll wow64cpu.dll kernel32.dll api-ms-win-core-datetime-l1-1-1.dll kernel32.dll kernel32.dll user32.dll kernel32.dll kernelbase.dll rpcrt4.dll wshqos.dll ntdll.dll msvcrt.dll winbrand.dll user32.dll System.Data.ni.dll gdi32.dll api-ms-win-core-libraryloader-l1-1-0.dll lpk.dll imm32.dll usp10.dll advapi32.dll sechost.dll rpcrt4.dll rpcrt4.dll sspicli.dll cryptbase.dll imm32.dll msctf.dll apphelp.dll,normal
 ntdll.dll shlwapi.dll kernel32.dll oleaut32.dll ole32.dll lpk.dll imm32.dll system.directoryservices.dll ole32.dll ws2_32.dll sechost.dll clbcatq.dll nsi.dll user32.dll setupapi.dll msvcrt.dll msvcrt.dll gdi32full.dll msvcrt.dll advapi32.dll msctf.dll gdi32.dll shell32.dll psapi.dll cryptbase.dll nsi.dll usp10.dll rpcrt4.dll devobj.dll cfgmgr32.dll KernelBase.dll crypt32.dll mscoree.dll wshext.dll wintrust.dll msasn1.dll RpcRtRemote.dll winsta.dll win32u.dll cryptbase.dll sspicli.dll secur32.dll srvcli.dll cryptsp.dll rsaenh.dll netutils.dll usp10.dll oleaut32.dll advapi32.dll netapi32.dll setupapi.dll wkscli.dll cfgmgr32.dll wtsapi32.dll rasapi32.dll imagehlp.dll rasman.dll rtutils.dll MMDevAPI.dll propsys.dll comctl32.dll authui.dll psapi.dll cryptui.dll gdi32.dll uxtheme.dll cryptbase.dll GdiPlus.dll sechost.dll sensapi.dll System.Core.dll dui70.dll winhttp.dll usp10.dll duser.dll winmm.dll SndVolSSO.dll hid.dll dwmapi.dll xmllite.dll WindowsCodecs.dll winbrand.dll api-ms-win-core-processthreads-l1-1-1.dll VaultCredProvider.dll imageres.dll SmartcardCredentialProvider.dll BioCredProv.dll winbio.dll shlwapi.dll mfc42u.dll system.data.ni.dll credui.dll vaultcli.dll samcli.dll certCredProvider.dll wintrust.dll mscorlib.ni.dll rasplap.dll oleacc.dll user32.dll ole32.dll UIAutomationCore.dll msimg32.dll WinSCard.dll version.dll imecfm.dll shacct.dll samlib.dll profapi.dll imageres.dll powrprof.dll powrprof.dll powrprof.dll powrprof.dll powrprof.dll powrprof.dll,normal
 ntdll.dll kernel32.dll kernelbase.dll sechost.dll system.xml.dll user32.dll webio.dll rpcrt4.dll ucrtbase.dll mswsock.dll ws2_32.dll vcruntime140.dll,HTran
 System.EnterpriseServices.dll userenv.dll microsoft.jscript.dll System.AddIn.Contract.dll ntdll.dll system.management.ni.dll kernel32.dll kernelbase.dll advapi32.dll kernel32.dll msvcrt.dll sechost.dll rpcrt4.dll ole32.dll api-ms-win-downlevel-normaliz-l1-1-0.dll gdi32.dll user32.dll lpk.dll usp10.dll wship6.dll imm32.dll msctf.dll wdscore.dll oleaut32.dll gdi32.dll shell32.dll oleaut32.dll shlwapi.dll urlmon.dll user32.dll dbghelp.dll cryptbase.dll stobject.dll rpcrt4.dll wow64win.dll cbscore.dll version.dll crypt32.dll user32.dll msasn1.dll System.ni.dll wintrust.dll userenv.dll advapi32.dll profapi.dll ktmw32.dll bcrypt.dll rpcrt4.dll dpx.dll usp10.dll imm32.dll dpx.dll dpx.dll wcp.dll drupdate.dll wow64.dll System.Web.RegularExpressions.ni.dll setupapi.dll credssp.dll apphelp.dll cfgmgr32.dll devobj.dll mpr.dll wrpint.dll sxsstore.dll sqmapi.dll comctl32.dll winhttp.dll webio.dll winhttp.dll webio.dll System.Data.dll sensapi.dll System.Security.dll cryptsp.dll rsaenh.dll rpcrtremote.dll clbcatq.dll cbsapi.dll cryptbase.dll smipi.dll smiengine.dll kernel32.dll ntdll.dll kernel32.dll kernelbase.dll advapi32.dll msvcrt.dll sechost.dll rpcrt4.dll ole32.dll gdi32.dll user32.dll lpk.dll sechost.dll usp10.dll rpcrt4.dll imm32.dll dbghelp.dll msctf.dll bcrypt.dll wdscore.dll oleaut32.dll shell32.dll shlwapi.dll dbghelp.dll cryptbase.dll cbscore.dll version.dll crypt32.dll user32.dll msvcr120_clr0400.dll msasn1.dll wintrust.dll userenv.dll profapi.dll comres.dll ktmw32.dll dpx.dll dnsapi.dll dpx.dll dpx.dll wcp.dll drupdate.dll setupapi.dll oleaut32.dll cfgmgr32.dll devobj.dll mpr.dll wrpint.dll sxsstore.dll ntdll.dll shell32.dll sqmapi.dll user32.dll winhttp.dll rsaenh.dll webio.dll winhttp.dll imm32.dll wow64win.dll xmllite.dll webio.dll tapiperf.dll sensapi.dll cryptsp.dll rsaenh.dll ntdll.dll rpcrtremote.dll clbcatq.dll imm32.dll ws2_32.dll cbsapi.dll kernel32.dll smipi.dll rpcrt4.dll smiengine.dll ntdll.dll ntdll.dll kernel32.dll kernelbase.dll gdi32.dll user32.dll lpk.dll version.dll ntdll.dll bcryptprimitives.dll nsi.dll usp10.dll msvcrt.dll imm32.dll msctf.dll ole32.dll rpcrt4.dll ntdll.dll oleaut32.dll rpcrt4.dll apphelp.dll cryptbase.dll clbcatq.dll advapi32.dll sechost.dll ntdll.dll msvcr120_clr0400.dll ole32.dll System.Drawing.dll ntdll.dll wow64.dll wow64win.dll wow64cpu.dll kernel32.dll kernel32.dll kernel32.dll user32.dll kernel32.dll kernelbase.dll msvcrt.dll oleaut32.dll ole32.dll mscorlib.ni.dll gdi32.dll user32.dll advapi32.dll presentationframework.classic.dll sechost.dll rpcrt4.dll acppage.dll sspicli.dll cryptbase.dll lpk.dll usp10.dll version.dll mscorlib.dll imm32.dll msctf.dll sxs.dll clbcatq.dll vbscript.dll advapi32.dll wow64.dll wintrust.dll crypt32.dll msasn1.dll cryptsp.dll fdPHost.dll cryptsp.dll api-ms-win-core-kernel32-legacy-l1-1-1.dll rsaenh.dll comctl32.dll msisip.dll wshext.dll comctl32.dll shell32.dll shlwapi.dll scrobj.dll KernelBase.dll msi.dll scrrun.dll ntdll.dll ntdll.dll api-ms-win-downlevel-version-l1-1-0.dll wow64.dll wow64win.dll wow64cpu.dll kernel32.dll kernel32.dll kernel32.dll user32.dll kernel32.dll kernelbase.dll msvcrt.dll winbrand.dll user32.dll gdi32.dll lpk.dll usp10.dll advapi32.dll sechost.dll rpcrt4.dll sspicli.dll cryptbase.dll imm32.dll msctf.dll apphelp.dll,normal
 ntdll.dll kernel32.dll kernelbase.dll gdi32.dll clbcatq.dll user32.dll kernel32.dll lpk.dll usp10.dll msvcrt.dll imm32.dll msctf.dll apphelp.dll ole32.dll rpcrt4.dll oleaut32.dll wevtapi.dll imm32.dll uxtheme.dll sspicli.dll dwmapi.dll comctl32.dll wow64cpu.dll shlwapi.dll advapi32.dll sechost.dll,normal
 npfproxy.dll ntdll.dll ntdll.dll wow64.dll wow64win.dll msimg32.dll wow64cpu.dll kernel32.dll system.enterpriseservices.dll kernel32.dll comctl32.dll mapi32.dll user32.dll kernelbase.dll bcryptprimitives.dll winmm.dll msvcrt.dll user32.dll gdi32.dll lpk.dll system.servicemodel.ni.dll usp10.dll advapi32.dll sechost.dll rpcrt4.dll msvcrt.dll sspicli.dll cryptbase.dll imm32.dll msctf.dll kernelbase.dll kernel32.dll kernel32.dll dnsapi.dll ws2_32.dll msctf.dll api-ms-win-core-string-l1-1-0.dll system.drawing.ni.dll radardt.dll rsaenh.dll nsi.dll system.transactions.dll winnsi.dll dhcpcsvc.dll dhcpcsvc6.dll shell32.dll shlwapi.dll kernel32.dll nlaapi.dll ole32.dll clbcatq.dll oleaut32.dll cryptsp.dll rsaenh.dll rpcrtremote.dll wevtapi.dll ntdll.dll Microsoft.Windows.Diagnosis.Commands.GetDiagInput.ni.dll mscorlib.ni.dll kernel32.dll kernelbase.dll msvcrt.dll user32.dll gdi32.dll lpk.dll usp10.dll imm32.dll msctf.dll winbrand.dll apphelp.dll,normal
 sendmail.dll ws2_32.dll mydocs.dll wpdshext.dll,normal
 ntdll.dll fntcache.dll ntdll.dll advapi32.dll wow64.dll wow64win.dll wow64cpu.dll kernel32.dll kernel32.dll kernel32.dll ntmarta.dll user32.dll kernel32.dll shlwapi.dll KernelBase.dll cryptsp.dll advapi32.dll msvcrt.dll imm32.dll sxs.dll sechost.dll bcryptprimitives.dll rpcrt4.dll sspicli.dll cryptbase.dll dnsapi.dll kernel32.dll ws2_32.dll nsi.dll winnsi.dll dhcpcsvc.dll dhcpcsvc6.dll shell32.dll shlwapi.dll gdi32.dll user32.dll lpk.dll oleaut32.dll mmcndmgr.dll usp10.dll ole32.dll imm32.dll sechost.dll msctf.dll clbcatq.dll oleaut32.dll shell32.dll cryptsp.dll rsaenh.dll RpcRtRemote.dll wevtapi.dll ntdll.dll ntdll.dll wow64.dll sechost.dll kernelbase.dll wow64win.dll gdi32.dll imageres.dll wow64cpu.dll kernel32.dll kernel32.dll system.deployment.ni.dll cryptsp.dll comctl32.dll user32.dll ole32.dll kernel32.dll profapi.dll user32.dll kernel32.dll imageres.dll KernelBase.dll msvcrt.dll winbrand.dll user32.dll gdi32.dll lpk.dll microsoft.stdformat.dll usp10.dll advapi32.dll sechost.dll rpcrt4.dll sspicli.dll cryptbase.dll imm32.dll msctf.dll apphelp.dll,normal
 dpapi.dll,normal
 SensApi.dll winhttp.dll webio.dll clbcatq.dll sspicli.dll cryptsp.dll shell32.dll system.enterpriseservices.dll credssp.dll mswsock.dll wship6.dll winnsi.dll dhcpcsvc6.dll kernel32.dll dhcpcsvc.dll cryptbase.dll dnsapi.dll rasadhlp.dll schannel.dll secur32.dll ncrypt.dll bcrypt.dll bcryptprimitives.dll kernel32.dll gpapi.dll user32.dll cryptsp.dll rsaenh.dll ntmarta.dll msvcr120_clr0400.dll mscoree.dll mscoreei.dll cryptbase.dll credssp.dll version.dll clr.dll msswch.dll microsoft.vsa.ni.dll clr.dll taskschd.dll wer.dll mscorlib.ni.dll msctf.dll msctf.dll mscoreei.dll lpk.dll clbcatq.dll ws2_32.dll nsi.dll lpk.dll advapi32.dll ntdll.dll system.design.ni.dll crypt32.dll ntdll.dll shell32.dll kernel32.dll kernel32.dll System.Design.ni.dll KernelBase.dll KernelBase.dll msvcrt.dll cryptsp.dll msvcrt.dll ntdll.dll ntshrui.dll advapi32.dll wups2.dll advapi32.dll nsi.dll sechost.dll sechost.dll rpcrt4.dll rpcrt4.dll shell32.dll shlwapi.dll shlwapi.dll gdi32.dll gdi32.dll tquery.dll wtsapi32.dll rpcrt4.dll user32.dll mscorlib.dll user32.dll lpk.dll system.security.dll lpk.dll oleaut32.dll devobj.dll usp10.dll usp10.dll ole32.dll ole32.dll oleaut32.dll oleaut32.dll npmproxy.dll imm32.dll system.management.ni.dll imm32.dll profapi.dll cfgmgr32.dll crypt32.dll msasn1.dll system.data.sqlxml.dll userenv.dll imageres.dll Wldap32.dll sspicli.dll cryptbase.dll comdlg32.dll fusion.dll mscorsvc.dll ntdll.dll mscms.dll ntdll.dll wow64.dll wow64win.dll presentationframework.ni.dll wow64cpu.dll kernel32.dll shlwapi.dll kernel32.dll wdc.dll kernel32.dll ole32.dll user32.dll kernel32.dll KernelBase.dll wintypes.dll System.Configuration.dll cryptbase.dll oleaut32.dll System.Web.ni.dll sechost.dll comctl32.dll clbcatq.dll ole32.dll msvcrt.dll kernel32.dll vbscript.dll schannel.dll webio.dll gdi32.dll profapi.dll user32.dll advapi32.dll advapi32.dll sechost.dll WindowsCodecs.dll sechost.dll usp10.dll rpcrt4.dll sspicli.dll cryptbase.dll lpk.dll kernel32.dll usp10.dll usp10.dll authz.dll msimg32.dll version.dll mpr.dll comctl32.dll shell32.dll shlwapi.dll iertutil.dll kernel32.dll wsock32.dll ws2_32.dll nsi.dll wldp.dll netapi32.dll netutils.dll srvcli.dll wkscli.dll imm32.dll spoolss.dll msctf.dll mssph.dll uxtheme.dll ntdll.dll dwmapi.dll msi.dll olepro32.dll comctl32.dll cfgmgr32.dll dnsapi.dll cryptsp.dll msvcrt.dll rsaenh.dll wtsapi32.dll winsta.dll setupapi.dll rsaenh.dll msvcrt.dll cfgmgr32.dll devobj.dll setupapi.dll cfgmgr32.dll devobj.dll clbcatq.dll shell32.dll shlwapi.dll setupapi.dll cfgmgr32.dll devobj.dll propsys.dll ntmarta.dll Wldap32.dll profapi.dll winnsi.dll SensApi.dll SensApi.dll RpcRtRemote.dll sxs.dll System.Core.ni.dll rsaenh.dll WinSCard.dll nlaapi.dll cryptbase.dll NapiNSP.dll pnrpnsp.dll mswsock.dll winrnr.dll kernel32.dll comdlg32.dll comdlg32.dll wintrust.dll crypt32.dll msasn1.dll LspUtil.dll PortableDeviceApi.dll wintrust.dll ntdll.dll oleacc.dll ieframe.dll api-ms-win-downlevel-advapi32-l1-1-0.dll api-ms-win-downlevel-shlwapi-l1-1-0.dll api-ms-win-downlevel-user32-l1-1-0.dll imagehlp.dll api-ms-win-downlevel-shell32-l1-1-0.dll SensApi.dll kernel.appcore.dll api-ms-win-downlevel-version-l1-1-0.dll dbghelp.dll efssvc.dll imageres.dll api-ms-win-downlevel-normaliz-l1-1-0.dllnormaliz.dll user32.dll shlwapi.dll iertutil.dll System.Runtime.Caching.ni.dll rasadhlp.dll dhcpcsvc6.dll SensApi.dll SensApi.dll clbcatq.dll SensApi.dll rpcrt4.dll SensApi.dll msvcr80.dll SensApi.dll accessibility.dll SensApi.dll System.Runtime.Serialization.Formatters.Soap.dll mscorlib.ni.dll SensApi.dll webio.dll SensApi.dll SensApi.dll perfctrs.dll SensApi.dll SensApi.dll SensApi.dll SensApi.dll SensApi.dll SensApi.dll npmproxy.dll SensApi.dll lpk.dll SensApi.dll SensApi.dll SensApi.dll SensApi.dll SensApi.dll SensApi.dll SensApi.dll SensApi.dll SensApi.dll SensApi.dll urlmon.dll SensApi.dll SensApi.dll SensApi.dll advapi32.dll SensApi.dll SensApi.dll SensApi.dll cryptbase.dll SensApi.dll SensApi.dll wintypes.dll SensApi.dll wow64.dll SensApi.dll system.data.entity.ni.dll SensApi.dll SensApi.dll clbcatq.dll win32u.dll SensApi.dll presentationframework.royale.dll SensApi.dll shfolder.dll SensApi.dll SensApi.dll SensApi.dll SensApi.dll kernel32.dll wow64.dll SensApi.dll SensApi.dll mswsock.dll SensApi.dll ntdll.dll SensApi.dll SensApi.dll SensApi.dll SensApi.dll SensApi.dll SensApi.dll SensApi.dll SensApi.dll SensApi.dll SensApi.dll SensApi.dll SensApi.dll SensApi.dll SensApi.dll ntdll.dll SensApi.dll usp10.dll SensApi.dll clbcatq.dll SensApi.dll SensApi.dll sspicli.dll SensApi.dll System.EnterpriseServices.dll SensApi.dll SensApi.dll SensApi.dll SensApi.dll SensApi.dll SearchFolder.dll shell32.dll winnsi.dll SensApi.dll apphelp.dll ieframe.dll api-ms-win-downlevel-advapi32-l1-1-0.dll api-ms-win-downlevel-shlwapi-l1-1-0.dll cryptsp.dll system.web.ni.dll api-ms-win-downlevel-user32-l1-1-0.dll api-ms-win-downlevel-shell32-l1-1-0.dll api-ms-win-downlevel-version-l1-1-0.dll imm32.dll gdi32.dll api-ms-win-downlevel-normaliz-l1-1-0.dllnormaliz.dll iertutil.dll api-ms-win-downlevel-ole32-l1-1-0.dll wininet.dll userenv.dll secur32.dll api-ms-win-downlevel-advapi32-l2-1-0.dll api-ms-win-downlevel-shlwapi-l2-1-0.dll SensApi.dll linkinfo.dll advapi32.dll SensApi.dll advapi32.dll SensApi.dll advapi32.dll wbemdisp.dll npmproxy.dll wbemcomn.dll wbemprox.dll wbemcomn2.dll bcrypt.dll wmiutils.dll SensApi.dll wbemsvc.dll fastprox.dll ntdsapi.dll advapi32.dll SensApi.dll mshtml.dll urlmon.dll ieproxy.dll SensApi.dll SensApi.dll gdi32.dll SensApi.dll SensApi.dll api-ms-win-core-synch-l1-2-0.dll SensApi.dll SensApi.dll SensApi.dll NlsData0000.dll msasn1.dll SensApi.dll SensApi.dll SensApi.dll SensApi.dll SensApi.dll SensApi.dll SensApi.dll SensApi.dll mscorlib.dll SensApi.dll lpk.dll SensApi.dll SensApi.dll SensApi.dll SensApi.dll SensApi.dll propsys.dll SensApi.dll SensApi.dll windows.staterepositoryps.dll SensApi.dll SensApi.dll SensApi.dll SensApi.dll SensApi.dll dhcpcsvc6.dll SensApi.dll SensApi.dll SensApi.dll SensApi.dll SensApi.dll SensApi.dll SensApi.dll SensApi.dll SensApi.dll SensApi.dll SensApi.dll SensApi.dll ole32.dll ole32.dll ole32.dll user32.dll msctf.dll msctf.dll imecfm.dll ntdll.dll kernel32.dll KernelBase.dll advapi32.dll msvcrt.dll sechost.dll version.dll rpcrt4.dll user32.dll gdi32.dll lpk.dll usp10.dll ole32.dll oleaut32.dll shlwapi.dll imm32.dll msctf.dll mscoree.dll mscoreei.dll cryptbase.dll clbcatq.dll cryptsp.dll rsaenh.dll RpcRtRemote.dll sxs.dll shell32.dll tquery.dll mssprxy.dll msshooks.dll Query.dll,normal
 mscoree.dll kernel32.dll mscoreei.dll sechost.dll clr.dll shlwapi.dll msvcr120_clr0400.dll msctf.dll clbcatq.dll iertutil.dll ntdll.dll kernel32.dll kernelbase.dll msvcrt.dll advapi32.dll sechost.dll rpcrt4.dll shlwapi.dll gdi32.dll user32.dll system.xml.ni.dll lpk.dll usp10.dll cfgmgr32.dll rpcrtremote.dll imm32.dll cryptbase.dll fusion.dll cryptsp.dll rsaenh.dll,normal
 msctf.dll ntdll.dll kernel32.dll shcore.dll kernelbase.dll msvcrt.dll rpcrt4.dll gdi32.dll user32.dll system.activities.ni.dll lpk.dll usp10.dll kernelbase.dll ole32.dll wow64.dll msvcp110_win.dll oleaut32.dll imm32.dll,normal
 sspicli.dll ntdll.dll ntdll.dll devobj.dll wow64.dll wow64win.dll wow64cpu.dll kernel32.dll kernel32.dll kernel32.dll user32.dll kernel32.dll winbrand.dll kernelbase.dll winnsi.dll propsys.dll msvcrt.dll system.configuration.dll winbrand.dll System.Web.dll user32.dll gdi32.dll RpcEpMap.dll lpk.dll usp10.dll msvcrt.dll advapi32.dll sechost.dll oleaut32.dll rpcrt4.dll sspicli.dll cryptbase.dll imm32.dll msctf.dll apphelp.dll,normal
 ntdll.dll ucrtbase.dll ntdll.dll cryptsp.dll wow64.dll msvcrt.dll wow64win.dll wow64cpu.dll system.directoryservices.dll kernel32.dll kernel32.dll kernel32.dll System.dll user32.dll System.Core.dll wbemprox.dll kernel32.dll winnsi.dll kernelbase.dll msvcrt.dll setupapi.dll winbrand.dll user32.dll gdi32.dll lpk.dll usp10.dll advapi32.dll sechost.dll rpcrt4.dll sspicli.dll pautoenr.dll cryptbase.dll imm32.dll msctf.dll apphelp.dll,normal
 kernel.appcore.dll api-ms-win-downlevel-shlwapi-l1-1-0.dll ntdll.dll ntdll.dll mscorlib.ni.dll comctl32.dll wow64.dll wow64win.dll wow64cpu.dll kernel32.dll kernel32.dll kernel32.dll user32.dll kernel32.dll kernelbase.dll apphelp.dll msvcrt.dll iertutil.dll user32.dll gdi32.dll imm32.dll msctf.dll msdadiag.dll shcore.dll gdi32.dll crypt32.dll combase.dll rpcrt4.dll msctf.dll sspicli.dll cryptbase.dll oleaut32.dll sechost.dll bcryptprimitives.dll ieframe.dll shlwapi.dll ole32.dll oleaut32.dll shell32.dll kernel32.dll tiptsf.dll comctl32.dll ieshims.dll advapi32.dll kernel.appcore.dll uxtheme.dll kernel32.dll ncrypt.dll comdlg32.dll wow64.dll urlmon.dll clbcatq.dll wininet.dll Wldap32.dll userenv.dll profapi.dll secur32.dll user32.dll ws2_32.dll presentationframework.dll nsi.dll ondemandconnroutehelper.dll cryptsp.dll msisip.dll rsaenh.dll urlmon.dll bcrypt.dll msvcrt.dll winhttp.dll davhlpr.dll clbcatq.dll dnsapi.dll ieproxy.dll dwmapi.dll mswsock.dll usp10.dll advapi32.dll winnsi.dll system.directoryservices.ni.dll mshtml.dll kernel32.dll d2d1.dll clr.dll dhcpcsvc6.dll msvcrt.dll sqmapi.dll dhcpcsvc.dll dwrite.dll dnsapi.dll RpcRtRemote.dll secur32.dll dxgi.dll mlang.dll propsys.dll rasadhlp.dll actxprxy.dll api-ms-win-crt-heap-l1-1-0.dll ieui.dll ninput.dll jscript9.dll ieapfltr.dll msimtf.dll d3d11.dll d3d10warp.dll powrprof.dll dcomp.dll version.dll oleacc.dll ntmarta.dll dui70.dll imecfm.dll wer.dll sxs.dll,normal
 ntdll.dll ntdll.dll wow64.dll wow64win.dll SensApi.dll wow64cpu.dll kernel32.dll rpcrt4.dll winmm.dll kernel32.dll kernel32.dll kernel32.dll user32.dll setupapi.dll user32.dll System.configuration.dll KernelBase.dll kernelbase.dll msvcrt.dll winbrand.dll user32.dll PresentationCore.ni.dll gdi32.dll lpk.dll usp10.dll advapi32.dll sechost.dll rpcrt4.dll wow64cpu.dll sspicli.dll cryptbase.dll mscorlib.dll imm32.dll msctf.dll apphelp.dll,normal
 ntdll.dll system.runtime.serialization.formatters.soap.ni.dll kernel32.dll KernelBase.dll advapi32.dll msvcrt.dll gdi32.dll ole32.dll kernel32.dll kernelbase.dll gdi32.dll user32.dll imm32.dll lpk.dll usp10.dll rpcrt4.dll imm32.dll msctf.dll cryptbase.dll clbcatq.dll advapi32.dll system.serviceprocess.ni.dll sechost.dll oleaut32.dll cryptsp.dll imecfm.dll advapi32.dll rsaenh.dll version.dll RpcRtRemote.dll uxtheme.dll shacct.dll comctl32.dll shlwapi.dll userenv.dll profapi.dll IDStore.dll,normal
 ntdll.dll usp10.dll kernel32.dll user32.dll kernelbase.dll advapi32.dll msvcrt.dll sechost.dll kernel32.dll rpcrt4.dll user32.dll gdi32.dll Microsoft.Management.Infrastructure.dll lpk.dll usp10.dll sppcommdlg.dll comctl32.dll shlwapi.dll imm32.dll msctf.dll ole32.dll oleaut32.dll shell32.dll winbrand.dll slc.dll sppc.dll cryptbase.dll sxs.dll lpk.dll clbcatq.dll cryptsp.dll rsaenh.dll rpcrtremote.dll rpcrtremote.dll sechost.dll sppcomapi.dll sppcext.dll ncrypt.dll crypt32.dll msasn1.dll winscard.dll rasapi32.dll rasman.dll combase.dll gdi32.dll setupapi.dll oleacc.dll msadox.dll shlwapi.dll system.data.entity.dll cfgmgr32.dll devobj.dll mscorlib.dll tapi32.dll winhttp.dll msi.dll slwga.dll combase.dll wtsapi32.dll cryptui.dll webio.dll mlang.dll ws2_32.dll nsi.dll sxs.dll,normal
 ntdll.dll kernel32.dll kernelbase.dll advapi32.dll msvcrt.dll sechost.dll wow64win.dll kernel32.dll System.Core.ni.dll rpcrt4.dll ws2_32.dll winnsi.dll shell32.dll shlwapi.dll gdi32.dll ondemandconnroutehelper.dll user32.dll lpk.dll shell32.dll usp10.dll ole32.dll imm32.dll ntdll.dll msctf.dll dnsapi.dll clbcatq.dll ws2_32.dll nsi.dll dhcpcsvc.dll dhcpcsvc6.dll,normal
 kernel32.dll ntdll.dll kernel32.dll KernelBase.dll advapi32.dll msvcrt.dll sechost.dll System.XML.dll rpcrt4.dll gdi32.dll user32.dll lpk.dll System.dll ntdll.dll wow64cpu.dll usp10.dll sechost.dll msswch.dll winmm.dll user32.dll dwmapi.dll GdiPlus.dll ole32.dll dhcpcsvc.dll rasman.dll oleacc.dll oleaut32.dll shlwapi.dll wmsgapi.dll duser.dll uxtheme.dll imm32.dll msctf.dll,normal
 ntdll.dll kernel32.dll kernelbase.dll sspicli.dll user32.dll winbrand.dll msvcrt.dll setupapi.dll shlwapi.dll gdi32.dll shell32.dll imm32.dll msctf.dll msctf.dll imagehlp.dll advapi32.dll ieframe.dll wow64win.dll shell32.dll ole32.dll oleaut32.dll wininet.dll cryptui.dll ieadvpack.dll iertutil.dll urlmon.dll mshtml.dll msimg32.dll version.dll msvcr120_clr0400.dll crypt32.dll mlang.dll sechost.dll rpcrt4.dll combase.dll msadcer.dll api-ms-win-downlevel-normaliz-l1-1-0.dllnormaliz.dll shcore.dll setupapi.dll msasn1.dll synceng.dll cfgmgr32.dll devobj.dll mscorlib.dll comctl32.dll cryptbase.dll bcryptprimitives.dll clbcatq.dll imm32.dll uxtheme.dll mscoreei.dll msimg32.dll dwmapi.dll profapi.dll dfsrress.dll clbcatq.dll propsys.dll msvcr80.dll secur32.dll sspicli.dll ws2_32.dll profapi.dll nsi.dll msfeeds.dll dpx.dll winhttp.dll mswsock.dll winnsi.dll,normal
 wmsgapi.dll,normal
 ntdll.dll ntdll.dll wow64.dll wow64win.dll d3d10warp.dll spoolss.dll ntdll.dll wow64cpu.dll kernel32.dll usp10.dll kernel32.dll kernel32.dll user32.dll kernel32.dll mscorwks.dll KernelBase.dll advapi32.dll msasn1.dll msvcrt.dll sechost.dll rpcrt4.dll sspicli.dll cryptbase.dll dnsapi.dll ws2_32.dll nsi.dll winnsi.dll dhcpcsvc.dll kdcsvc.dll rpcrt4.dll nsi.dll dhcpcsvc6.dll System.Web.dll rpcrtremote.dll shell32.dll cryptbase.dll shlwapi.dll ntmarta.dll advapi32.dll shlwapi.dll msasn1.dll usp10.dll gdi32.dll system.runtime.serialization.dll user32.dll lpk.dll usp10.dll ole32.dll imm32.dll msctf.dll fltlib.dll osbaseln.dll clbcatq.dll oleaut32.dll cryptsp.dll rsaenh.dll RpcRtRemote.dll wevtapi.dll ntdll.dll wow64.dll winmmbase.dll mscorlib.dll dsrole.dll combase.dll ntdll.dll wow64.dll wow64win.dll wow64cpu.dll kernel32.dll RpcRtRemote.dll kernel32.dll kernel32.dll user32.dll kernel32.dll KernelBase.dll advapi32.dll iertutil.dll msvcrt.dll sechost.dll rpcrt4.dll sspicli.dll cryptbase.dll dnsapi.dll version.dll sechost.dll comdlg32.dll ws2_32.dll nsi.dll winnsi.dll dhcpcsvc.dll dhcpcsvc6.dll shell32.dll mscorlib.ni.dll shlwapi.dll gdi32.dll user32.dll sfc.dll kernelbase.dll lpk.dll usp10.dll ole32.dll imm32.dll msctf.dll clbcatq.dll oleaut32.dll dhcpcsvc6.dll cryptsp.dll advapi32.dll rsaenh.dll RpcRtRemote.dll wevtapi.dll ntdll.dll kernel32.dll KernelBase.dll advapi32.dll msvcrt.dll sechost.dll rpcrt4.dll msvcr120_clr0400.dll mscoree.dll ole32.dll gdi32.dll user32.dll wintrust.dll lpk.dll usp10.dll oleaut32.dll imm32.dll msctf.dll cryptbase.dll cryptsp.dll rsaenh.dll usp10.dll shell32.dll ws2_32.dll kernel32.dll msctf.dll RpcRtRemote.dll ntdll.dll clbcatq.dll sxs.dll mscoreei.dll kernel32.dll system.web.services.ni.dll clr.dll shlwapi.dll mscorlib.ni.dll clrjit.dll System.ni.dll version.dll spoolss.dll gdi32.dll mscorlib.dll AspNetMMCExt.ni.dll mscorlib.dll System.Drawing.ni.dll System.Windows.Forms.ni.dll System.Core.ni.dll System.Web.ni.dll ntdll.dll System.Web.dll user32.dll mscoreei.dll scrobj.dll kernel32.dll System.Web.dll System.Configuration.ni.dll System.Xml.ni.dll kernelbase.dll ntdll.dll ntdll.dll utcutil.dll wow64.dll wow64win.dll wow64cpu.dll dnsext.dll kernel32.dll kernel32.dll kernel32.dll user32.dll kernel32.dll cfgmgr32.dll profapi.dll mscms.dll kernel32.dll KernelBase.dll clbcatq.dll advapi32.dll msvcrt.dll sechost.dll rpcrt4.dll usp10.dll sspicli.dll cryptbase.dll msvcr120_clr0400.dll mscoree.dll ole32.dll gdi32.dll user32.dll oleaut32.dll lpk.dll comctl32.dll usp10.dll crypt32.dll oleaut32.dll imm32.dll msctf.dll system.deployment.ni.dll cryptsp.dll rsaenh.dll ntdll.dll RpcRtRemote.dll clbcatq.dll sxs.dll spoolss.dll shcore.dll mscoreei.dll mscorwks.dll msvcr80.dll shlwapi.dll shell32.dll shcore.dll System.Runtime.Serialization.Formatters.Soap.ni.dll profapi.dll mscorlib.ni.dll mscorjit.dll System.Data.Linq.dll kernel32.dll mscorlib.dll system.ni.dll mscorlib.dll ole32.dll version.dll ntdll.dll mscorlib.dll mprsnap.dll ntdll.dll mscorlib.dll System.ni.dll System.AddIn.ni.dll shlwapi.dll mscorsec.dll wintrust.dll crypt32.dll msasn1.dll windows.globalization.dll comctl32.dll gdi32.dll Microsoft.VisualStudio.Tools.Office.Word.AddInAdapter.v9.0.ni.dll riched20.dll imagehlp.dll ncrypt.dll bcrypt.dll bcryptprimitives.dll userenv.dll gpapi.dll cryptnet.dll Wldap32.dll mscorlib.ni.dll lpk.dll oleaut32.dll SensApi.dll rpcrt4.dll System.AddIn.dll System.AddIn.dll msvcr80.dll System.AddIn.dll netutils.dll System.AddIn.dll System.dll System.dll Microsoft.VisualStudio.Tools.Office.Word.AddInAdapter.v9.0.dll oleaut32.dll Microsoft.VisualStudio.Tools.Office.Word.AddInAdapter.v9.0.dll SensApi.dll System.dll System.dll cryptsp.dll sechost.dll Microsoft.VisualStudio.Tools.Office.AddInAdapter.v9.0.ni.dll ole32.dll Microsoft.VisualStudio.Tools.Office.AddInAdapter.v9.0.dll Microsoft.VisualStudio.Tools.Office.AddInAdapter.v9.0.dll Microsoft.Office.Tools.v9.0.ni.dll Microsoft.Office.Tools.v9.0.dll System.IdentityModel.Selectors.ni.dll Microsoft.Office.Tools.v9.0.dll api-ms-win-downlevel-advapi32-l1-1-0.dll System.AddIn.Contract.ni.dll System.AddIn.Contract.dll System.AddIn.Contract.dll System.AddIn.Contract.dll System.AddIn.Contract.dll System.Core.ni.dll gdi32.dll Microsoft.VisualStudio.Tools.Applications.Adapter.v9.0.ni.dll Microsoft.VisualStudio.Tools.Applications.Adapter.v9.0.dll Microsoft.VisualStudio.Tools.Applications.Adapter.v9.0.dll Microsoft.VisualStudio.Tools.Applications.Adapter.v9.0.dll Microsoft.VisualStudio.Tools.Applications.Adapter.v9.0.dll System.Core.dll System.Core.dll System.Core.dll System.Core.dll Microsoft.VisualStudio.Tools.Applications.Runtime.v9.0.ni.dll Microsoft.VisualStudio.Tools.Applications.Runtime.v9.0.dll Microsoft.VisualStudio.Tools.Applications.Runtime.v9.0.dll Microsoft.VisualStudio.Tools.Applications.Runtime.v9.0.dll DrUpdate.dll Microsoft.VisualStudio.Tools.Applications.Runtime.v9.0.dll kernel32.dll Microsoft.VisualStudio.Tools.Applications.AddInAdapter.v9.0.ni.dll Microsoft.VisualStudio.Tools.Applications.AddInAdapter.v9.0.dll Microsoft.VisualStudio.Tools.Applications.AddInAdapter.v9.0.dll advapi32.dll Microsoft.VisualStudio.Tools.Applications.AddInAdapter.v9.0.dll Microsoft.VisualStudio.Tools.Applications.AddInAdapter.v9.0.dll Microsoft.VisualStudio.Tools.Office.Contract.v9.0.ni.dll Microsoft.VisualStudio.Tools.Office.Contract.v9.0.dll Microsoft.VisualStudio.Tools.Office.Contract.v9.0.dll Microsoft.VisualStudio.Tools.Office.Word.AddInProxy.v9.0.dll Microsoft.VisualStudio.Tools.Office.Word.AddInProxy.v9.0.dll Microsoft.VisualStudio.Tools.Office.Word.AddInProxy.v9.0.dll System.Runtime.Remoting.ni.dll System.Runtime.Remoting.dll System.Runtime.Remoting.dll System.Configuration.ni.dll System.configuration.dll System.configuration.dll System.configuration.dll System.configuration.dll System.Xml.ni.dll System.XML.dll System.XML.dll System.XML.dll System.XML.dll,normal
 wow64cpu.dll wevtapi.dll KernelBase.dll msctf.dll sechost.dll advapi32.dll msvcrt.dll sechost.dll gpapi.dll cryptbase.dll rpcrt4.dll lpk.dll msvcr120_clr0400.dll ole32.dll imageres.dll gdi32.dll lpk.dll usp10.dll ntdll.dll oleaut32.dll imm32.dll cryptsp.dll msctf.dll Microsoft.CertificateServices.Setup.Interop.dll shlwapi.dll cryptbase.dll authui.dll kernel32.dll ole32.dll cryptsp.dll rsaenh.dll RpcRtRemote.dll mscoree.dll wship6.dll user32.dll clbcatq.dll sxs.dll mscorwks.dll msvcr80.dll usp10.dll shlwapi.dll System.Numerics.ni.dll mscoreei.dll msswch.dll shell32.dll oleacc.dll amsi.dll profapi.dll mscorlib.ni.dll system.web.regularexpressions.dll advapi32.dll mscorjit.dll mscorlib.dll mscorlib.dll version.dll ntdll.dll version.dll mscorlib.dll mscorlib.dll System.ni.dll ehRecObj.ni.dll ehiProxy.ni.dll mcepg.ni.dll System.Xml.ni.dll mcstore.ni.dll Microsoft.MediaCenter.UI.ni.dll BDATunePIA.ni.dll BDATunePIA.dll BDATunePIA.dll System.Configuration.ni.dll imm32.dll comctl32.dll BDATunePIA.dll xmllite.dll threadpoolwinrt.dll ehiVidCtl.ni.dll mcstoredb.ni.dll mcstoredb.dll mcstoredb.dll mcstoredb.dll rasapi32.dll rasman.dll ws2_32.dll nsi.dll structuredquery.dll wow64cpu.dll Microsoft.VisualC.ni.dll system.runtime.serialization.formatters.soap.ni.dll kernel32.dll System.Configuration.ni.dll ntdll.dll System.Security.ni.dll System.Data.SqlXml.ni.dll System.Web.Services.ni.dll System.Drawing.ni.dll webio.dll ole32.dll System.Windows.Forms.ni.dll ntdll.dll accessibility.dll System.Web.ni.dll System.Web.dll System.Web.dll System.Web.dll System.Web.dll system.data.dll System.EnterpriseServices.ni.dll System.EnterpriseServices.dll System.EnterpriseServices.dll kernel32.dll System.DirectoryServices.ni.dll System.Design.ni.dll System.Data.ni.dll System.Data.dll System.Data.dll System.Data.dll System.Data.dll System.Data.dll crypt32.dll msasn1.dll sechost.dll System.DirectoryServices.Protocols.ni.dll ncrypt.dll msctf.dll wsecedit.dll System.ServiceProcess.ni.dll dnsapi.dll mssvp.dll System.Web.RegularExpressions.ni.dll System.Transactions.ni.dll shell32.dll System.Transactions.dll System.Transactions.dll System.Transactions.dll System.Transactions.dll System.Transactions.dll System.Runtime.Remoting.ni.dll System.Runtime.Serialization.Formatters.Soap.ni.dll System.Drawing.Design.ni.dll System.Data.OracleClient.ni.dll System.Data.OracleClient.dll wow64.dll msvcrt.dll shlwapi.dll System.Data.OracleClient.dll kernel32.dll System.Data.OracleClient.dll kernelbase.dll System.Data.OracleClient.dll System.Data.OracleClient.dll Accessibility.ni.dll System.Deployment.ni.dll System.Configuration.Install.ni.dll System.Web.Entity.Design.ni.dll ehiUserXp.ni.dll stdole.ni.dll wintypes.dll mscorsec.dll wintrust.dll gdi32.dll comctl32.dll riched20.dll imagehlp.dll api-ms-win-downlevel-shlwapi-l1-1-0.dll rsaenh.dll ncrypt.dll bcrypt.dll shell32.dll bcryptprimitives.dll shlwapi.dll userenv.dll gpapi.dll cryptnet.dll Wldap32.dll SensApi.dll ntdll.dll kernel32.dll KernelBase.dll advapi32.dll rasadhlp.dll msvcrt.dll cryptbase.dll sechost.dll rpcrt4.dll msvcr120_clr0400.dll mscoree.dll ole32.dll user32.dll cryptbase.dll gdi32.dll user32.dll lpk.dll kbd101.dll winbrand.dll rsaenh.dll kernelbase.dll usp10.dll oleaut32.dll imm32.dll msctf.dll sechost.dll cryptbase.dll ws2_32.dll cryptsp.dll rsaenh.dll RpcRtRemote.dll clbcatq.dll sxs.dll mscoreei.dll mscorwks.dll system.drawing.design.ni.dll msvcr80.dll ntdll.dll shlwapi.dll winrttracing.dll wldap32.dll shell32.dll profapi.dll mscorlib.ni.dll mscorjit.dll mscorlib.dll rpcrt4.dll cdp.dll mscorlib.dll version.dll mscorlib.dll kernelbase.dll mscorlib.dll version.dll lpk.dll mscorsec.dll wintrust.dll wer.dll crypt32.dll api-ms-win-downlevel-normaliz-l1-1-0.dll msvcrt.dll msasn1.dll comctl32.dll riched20.dll imagehlp.dll ncrypt.dll Microsoft.VisualStudio.Tools.Applications.AddInAdapter.v9.0.dll bcrypt.dll npmproxy.dll bcryptprimitives.dll userenv.dll bcp47mrm.dll gpapi.dll cryptnet.dll Wldap32.dll SensApi.dll System.ni.dll System.AddIn.ni.dll Microsoft.VisualStudio.Tools.Applications.Runtime.v9.0.ni.dll System.ni.dll System.Xml.ni.dll System.Data.ni.dll system.serviceprocess.ni.dll System.Data.dll dpx.dll System.Data.dll System.Data.dll System.Data.dll umpo.dll System.Data.dll ws2_32.dll nsi.dll WindowsBase.ni.dll Microsoft.VisualStudio.Tools.Applications.ServerDocument.v10.0.dll Microsoft.VisualStudio.Tools.Applications.ServerDocument.v10.0.dll Microsoft.VisualStudio.Tools.Applications.ServerDocument.v10.0.ni.dll Microsoft.VisualStudio.Tools.Applications.ServerDocument.v10.0.ni.dll Microsoft.VisualStudio.Tools.Applications.ServerDocument.v10.0.ni.dll Microsoft.VisualStudio.Tools.Applications.AddInAdapter.v9.0.dll ntdll.dll kernel32.dll KernelBase.dll advapi32.dll msvcrt.dll sechost.dll rpcrt4.dll msvcr120_clr0400.dll mscoree.dll ole32.dll gdi32.dll user32.dll lpk.dll usp10.dll oleaut32.dll imm32.dll gdi32.dll msctf.dll cryptbase.dll cryptsp.dll rsaenh.dll RpcRtRemote.dll clbcatq.dll sxs.dll mscoreei.dll clr.dll shlwapi.dll mscorlib.ni.dll clrjit.dll version.dll mscorlib.dll mscorlib.dll System.ni.dll System.Core.ni.dll System.Deployment.ni.dll,normal
 ntdll.dll ntdll.dll wow64.dll wow64win.dll wow64cpu.dll kernel32.dll mscorwks.dll kernel32.dll kernel32.dll msctf.dll user32.dll wow64win.dll kernel32.dll kernel32.dll kernelbase.dll rpcrtremote.dll advapi32.dll msvcrt.dll sechost.dll System.Configuration.ni.dll cryptbase.dll nsi.dll rpcrt4.dll sspicli.dll cryptbase.dll cryptbase.dll dnsapi.dll msjetoledb40.dll ws2_32.dll nsi.dll kernel32.dll winnsi.dll dhcpcsvc.dll wow64win.dll dhcpcsvc6.dll shell32.dll shlwapi.dll msctf.dll gdi32.dll user32.dll system.transactions.ni.dll oleaut32.dll lpk.dll lpk.dll lpk.dll propsys.dll sxs.dll usp10.dll microsoft.visualstudio.tools.office.containercontrol.v10.0.ni.dll ole32.dll imm32.dll msctf.dll clbcatq.dll oleaut32.dll fdPHost.dll cryptsp.dll rsaenh.dll rpcrtremote.dll wevtapi.dll ntdll.dll kernel32.dll kernelbase.dll gdi32.dll user32.dll lpk.dll usp10.dll msctf.dll sqmapi.dll user32.dll Microsoft.VisualStudio.Tools.Applications.Contract.v9.0.ni.dll msvcrt.dll imm32.dll msctf.dll ole32.dll shlwapi.dll rpcrt4.dll oleaut32.dll sspicli.dll cryptbase.dll clbcatq.dll bcp47langs.dll advapi32.dll sechost.dll ntdll.dll ntdll.dll wow64.dll wow64win.dll wow64cpu.dll kernel32.dll kernel32.dll kernel32.dll user32.dll system.addin.dll kernel32.dll kernelbase.dll msvcrt.dll winbrand.dll msvcrt.dll user32.dll gdi32.dll cfgmgr32.dll lpk.dll usp10.dll advapi32.dll gdi32.dll sechost.dll rpcrt4.dll sspicli.dll cryptbase.dll imm32.dll msctf.dll apphelp.dll,normal
 rpcrt4.dll thumbcache.dll thumbcache.dll explorerframe.dll explorerframe.dll wininet.dll msftedit.dll windows.globalization.dll windows.globalization.dll bcp47lang.dll bcp47langs.dll bcp47mrm.dll bcp47mrm.dll globinputhost.dll system.data.dll globinputhost.dll SensApi.dll tiptsf.dll tiptsf.dll system.core.ni.dll linkinfo.dll windows.storage.search.dll windows.storage.search.dll windows.staterepositoryps.dll windows.staterepositoryps.dll searchfolder.dll searchfolder.dll structuredquery.dll structuredquery.dll api-ms-win-downlevel-user32-l1-1-0.dll ntshrui.dll ntshrui.dll api-ms-win-downlevel-version-l1-1-0.dll mssvp.dll netjoin.dll mssvp.dll msswch.dll profapi.dll cscapi.dll kernel32.dll cscapi.dll usp10.dll mssprxy.dll rpcrt4.dll mssprxy.dll onecorecommonproxystub.dll advapi32.dll onecorecommonproxystub.dll samcli.dll samlib.dll onecoreuapcommonproxystub.dll onecoreuapcommonproxystub.dll twinapi.dll twinapi.dll dropboxext.dll dropboxext64.27.0.dll msi.dll msi.dll System.Configuration.ni.dll photometadatahandler.dll photometadatahandler.dll kbd106.dll cryptsp.dll miutils.dll kernel32.dll msvcr80.dll grooveex.dll vcruntime140.dll vcruntime140.dll rasadhlp.dll wevtapi.dll ncrypt.dll msvcp140.dll msvcp140.dll api-ms-win-downlevel-version-l1-1-0.dll setupapi.dll cscui.dll cscui.dll winsta.dll winsta.dll grooveintlresource.dll system.dll grooveintlresource.dll system.configuration.ni.dll sensapi.dll grooveintlresource.dll grooveintlresource.dll coml2.dll ehstorshell.dll ehstorshell.dll drprov.dll kernel32.dll ntlanman.dll ntlanman.dll system.directoryservices.dll rsaenh.dll davclnt.dll davclnt.dll davhlpr.dll winmm.dll winmmbase.dll winmmbase.dll winmmbase.dll cldapi.dll wdscore.dll cldapi.dll networkexplorer.dll zipfldr.dll msftedit.dll msftedit.dll msftedit.dll gpsvc.dll msvcr120_clr0400.dll appresolver.dll appresolver.dll gdi32.dll slc.dll slc.dll sppc.dll sppc.dll,normal
 ntdll.dll kernel32.dll kernelbase.dll advapi32.dll msvcrt.dll sechost.dll kernel32.dll kernel32.dll rpcrt4.dll uxtheme.dll uxtheme.dll ntdsapi.dll ole32.dll gdi32.dll msctf.dll user32.dll api-ms-win-core-xstate-l2-1-0.dll lpk.dll cryptsp.dll usp10.dll rsaenh.dll imm32.dll msctf.dll quartz.dll oleaut32.dll winbrand.dll wdscore.dll System.XML.dll cryptbase.dll shell32.dll shlwapi.dll dbghelp.dll cbscore.dll version.dll crypt32.dll msasn1.dll wintrust.dll fusion.dll userenv.dll ntdll.dll profapi.dll ktmw32.dll wuapi.dll dpx.dll dpx.dll dpx.dll wcp.dll drupdate.dll wmiutils.dll mscorwks.dll winhttp.dll webio.dll dwmapi.dll winhttp.dll webio.dll sensapi.dll cryptsp.dll rpcrtremote.dll clbcatq.dll setupapi.dll cfgmgr32.dll kernel32.dll devobj.dll mpr.dll wrpint.dll msctf.dll sxsstore.dll sqmapi.dll rsaenh.dll cbsapi.dll smipi.dll smiengine.dll,normal
 ntdll.dll kernel32.dll kernelbase.dll system.configuration.dll chrome_elf.dll msvcrt.dll combase.dll ucrtbase.dll userenv.dll rpcrt4.dll bcryptprimitives.dll oleaut32.dll msvcp_win.dll kernel.appcore.dll sechost.dll clbcatq.dll dismcoreps.dll dismprov.dll advapi32.dll osprovider.dll ssshim.dll winbrand.dll api-ms-win-base-util-l1-1-0.dll api-ms-win-core-com-l1-1-0.dll api-ms-win-core-comm-l1-1-0.dll api-ms-win-core-console-l1-1-0.dll api-ms-win-core-datetime-l1-1-0.dll api-ms-win-core-datetime-l1-1-1.dll api-ms-win-core-debug-l1-1-0.dll mscorwks.dll api-ms-win-core-debug-l1-1-1.dll api-ms-win-core-delayload-l1-1-0.dll api-ms-win-core-errorhandling-l1-1-0.dll api-ms-win-core-errorhandling-l1-1-1.dll api-ms-win-core-fibers-l1-1-0.dll api-ms-win-core-fibers-l1-1-1.dll netprofm.dll mscoree.dll api-ms-win-core-file-l1-1-0.dll api-ms-win-core-file-l1-2-0.dll api-ms-win-core-file-l1-2-1.dll ssshim.dll api-ms-win-core-file-l2-1-0.dll system.xml.ni.dll api-ms-win-core-file-l2-1-1.dll wucltux.dll api-ms-win-core-handle-l1-1-0.dll api-ms-win-core-heap-l1-1-0.dll api-ms-win-core-heap-obsolete-l1-1-0.dll api-ms-win-core-interlocked-l1-1-0.dll api-ms-win-core-io-l1-1-0.dll api-ms-win-crt-convert-l1-1-0.dll api-ms-win-core-io-l1-1-1.dll mswstr10.dll mscorwks.dll nlaapi.dll api-ms-win-core-kernel32-legacy-l1-1-0.dll api-ms-win-core-kernel32-legacy-l1-1-1.dll user32.dll api-ms-win-core-kernel32-private-l1-1-0.dll api-ms-win-core-kernel32-private-l1-1-1.dll api-ms-win-core-libraryloader-l1-1-0.dll api-ms-win-core-libraryloader-l1-1-1.dll user32.dll gdi32.dll api-ms-win-core-localization-l1-2-0.dll logprovider.dll api-ms-win-core-localization-l1-2-1.dll api-ms-win-core-localization-obsolete-l1-2-0.dll api-ms-win-core-memory-l1-1-0.dll api-ms-win-core-memory-l1-1-1.dll ntdll.dll sechost.dll api-ms-win-core-memory-l1-1-2.dll rpcrt4.dll api-ms-win-core-namedpipe-l1-1-0.dll api-ms-win-core-privateprofile-l1-1-0.dll api-ms-win-core-privateprofile-l1-1-1.dll System.DirectoryServices.dll api-ms-win-core-processenvironment-l1-1-0.dll api-ms-win-core-processenvironment-l1-2-0.dll ssshim.dll KernelBase.dll api-ms-win-base-util-l1-1-0.dll api-ms-win-core-com-l1-1-0.dll diasymreader.dll api-ms-win-core-comm-l1-1-0.dll msctf.dll api-ms-win-core-console-l1-1-0.dll api-ms-win-core-datetime-l1-1-0.dll api-ms-win-core-datetime-l1-1-1.dll api-ms-win-core-debug-l1-1-0.dll api-ms-win-core-debug-l1-1-1.dll clbcatq.dll api-ms-win-core-delayload-l1-1-0.dll rsaenh.dll wintrust.dll api-ms-win-core-errorhandling-l1-1-0.dll api-ms-win-core-errorhandling-l1-1-1.dll api-ms-win-core-fibers-l1-1-0.dll api-ms-win-core-fibers-l1-1-1.dll api-ms-win-core-file-l1-1-0.dll api-ms-win-core-file-l1-2-0.dll api-ms-win-core-file-l1-2-1.dll api-ms-win-core-file-l2-1-0.dll system.windows.forms.ni.dll sechost.dll user32.dll api-ms-win-core-file-l2-1-1.dll sechost.dll api-ms-win-core-handle-l1-1-0.dll mswsock.dll api-ms-win-core-heap-l1-1-0.dll api-ms-win-core-heap-obsolete-l1-1-0.dll api-ms-win-core-interlocked-l1-1-0.dll rpcrt4.dll api-ms-win-core-io-l1-1-0.dll api-ms-win-core-io-l1-1-1.dll api-ms-win-core-kernel32-legacy-l1-1-0.dll api-ms-win-core-kernel32-legacy-l1-1-1.dll kernel32.dll api-ms-win-core-kernel32-private-l1-1-0.dll urlmon.dll api-ms-win-core-kernel32-private-l1-1-1.dll api-ms-win-core-libraryloader-l1-1-0.dll api-ms-win-core-libraryloader-l1-1-1.dll imagehlp.dll api-ms-win-core-localization-l1-2-0.dll api-ms-win-core-localization-l1-2-1.dll api-ms-win-core-localization-obsolete-l1-2-0.dll rpcrt4.dll api-ms-win-core-memory-l1-1-0.dll api-ms-win-core-processthreads-l1-1-0.dll oleaut32.dll api-ms-win-core-memory-l1-1-1.dll advapi32.dll api-ms-win-core-memory-l1-1-2.dll iertutil.dll api-ms-win-core-namedpipe-l1-1-0.dll api-ms-win-core-privateprofile-l1-1-0.dll api-ms-win-core-privateprofile-l1-1-1.dll gdi32.dll api-ms-win-core-processenvironment-l1-1-0.dll winnsi.dll api-ms-win-core-processenvironment-l1-2-0.dll ole32.dll wow64cpu.dll api-ms-win-core-processthreads-l1-1-0.dll api-ms-win-core-processthreads-l1-1-1.dll api-ms-win-core-processthreads-l1-1-2.dll RpcRtRemote.dll api-ms-win-core-processthreads-l1-1-2.dll api-ms-win-core-processtopology-obsolete-l1-1-0.dll profapi.dll api-ms-win-core-processtopology-obsolete-l1-1-0.dll api-ms-win-core-profile-l1-1-0.dll system.printing.dll api-ms-win-core-profile-l1-1-0.dll crypt32.dll api-ms-win-core-realtime-l1-1-0.dll sechost.dll api-ms-win-core-realtime-l1-1-0.dll api-ms-win-core-registry-l1-1-0.dll api-ms-win-core-registry-l1-1-0.dll api-ms-win-core-registry-l2-1-0.dll lspweb.dll sechost.dll api-ms-win-core-registry-l2-1-0.dll api-ms-win-core-rtlsupport-l1-1-0.dll api-ms-win-core-rtlsupport-l1-1-0.dll api-ms-win-core-shlwapi-legacy-l1-1-0.dll api-ms-win-core-shlwapi-legacy-l1-1-0.dll System.Runtime.Serialization.Formatters.Soap.dll kernel32.dll rpcrt4.dll api-ms-win-core-shlwapi-obsolete-l1-1-0.dll api-ms-win-core-shlwapi-obsolete-l1-1-0.dll dimsroam.dll api-ms-win-core-shutdown-l1-1-0.dll api-ms-win-core-shutdown-l1-1-0.dll api-ms-win-core-string-l1-1-0.dll api-ms-win-core-string-l1-1-0.dll api-ms-win-core-string-l2-1-0.dll api-ms-win-core-string-l2-1-0.dll explorerframe.dll msvcrt.dll lpk.dll api-ms-win-core-string-obsolete-l1-1-0.dll api-ms-win-core-string-obsolete-l1-1-0.dll api-ms-win-core-stringansi-l1-1-0.dll api-ms-win-core-stringansi-l1-1-0.dll system.xml.dll imm32.dll api-ms-win-core-stringloader-l1-1-1.dll api-ms-win-core-stringloader-l1-1-1.dll api-ms-win-core-synch-l1-1-0.dll api-ms-win-core-synch-l1-1-0.dll api-ms-win-core-synch-l1-2-0.dll api-ms-win-core-synch-l1-2-0.dll comsvcs.dll system.xml.dll api-ms-win-core-sysinfo-l1-1-0.dll api-ms-win-core-sysinfo-l1-1-0.dll api-ms-win-core-sysinfo-l1-2-0.dll api-ms-win-core-sysinfo-l1-2-0.dll lpk.dll api-ms-win-core-sysinfo-l1-2-1.dll api-ms-win-core-sysinfo-l1-2-1.dll api-ms-win-core-threadpool-l1-2-0.dll api-ms-win-core-threadpool-l1-2-0.dll api-ms-win-core-threadpool-legacy-l1-1-0.dll api-ms-win-core-threadpool-legacy-l1-1-0.dll api-ms-win-core-threadpool-private-l1-1-0.dll userenv.dll api-ms-win-core-threadpool-private-l1-1-0.dll api-ms-win-core-timezone-l1-1-0.dll api-ms-win-core-timezone-l1-1-0.dll api-ms-win-core-url-l1-1-0.dll devobj.dll api-ms-win-core-url-l1-1-0.dll wow64.dll user32.dll api-ms-win-core-util-l1-1-0.dll api-ms-win-core-util-l1-1-0.dll api-ms-win-core-version-l1-1-0.dll api-ms-win-core-version-l1-1-0.dll api-ms-win-core-wow64-l1-1-0.dll api-ms-win-core-wow64-l1-1-0.dll api-ms-win-core-xstate-l1-1-0.dll lpk.dll api-ms-win-core-xstate-l1-1-0.dll system.configuration.install.dll api-ms-win-core-xstate-l2-1-0.dll api-ms-win-core-xstate-l2-1-0.dll api-ms-win-devices-config-l1-1-0.dll api-ms-win-devices-config-l1-1-0.dll wow64cpu.dll api-ms-win-devices-config-l1-1-1.dll cbsapi.dll api-ms-win-devices-config-l1-1-1.dll shell32.dll api-ms-win-eventing-classicprovider-l1-1-0.dll api-ms-win-eventing-classicprovider-l1-1-0.dll api-ms-win-eventing-consumer-l1-1-0.dll vcruntime140.dll api-ms-win-eventing-consumer-l1-1-0.dll oleaut32.dll api-ms-win-eventing-controller-l1-1-0.dll imageres.dll api-ms-win-eventing-controller-l1-1-0.dll api-ms-win-eventing-legacy-l1-1-0.dll api-ms-win-eventing-legacy-l1-1-0.dll api-ms-win-eventing-provider-l1-1-0.dll api-ms-win-eventing-provider-l1-1-0.dll api-ms-win-eventlog-legacy-l1-1-0.dll system.ni.dll sechost.dll api-ms-win-eventlog-legacy-l1-1-0.dll CORPerfMonExt.dll user32.dll api-ms-win-security-base-l1-1-0.dll api-ms-win-security-base-l1-1-0.dll api-ms-win-security-cryptoapi-l1-1-0.dll kernelbase.dll api-ms-win-security-cryptoapi-l1-1-0.dll api-ms-win-security-lsalookup-l2-1-0.dll api-ms-win-security-lsalookup-l2-1-0.dll api-ms-win-security-lsalookup-l2-1-1.dll api-ms-win-security-lsalookup-l2-1-1.dll api-ms-win-security-lsapolicy-l1-1-0.dll devobj.dll api-ms-win-security-lsapolicy-l1-1-0.dll api-ms-win-security-provider-l1-1-0.dll api-ms-win-security-provider-l1-1-0.dll api-ms-win-security-sddl-l1-1-0.dll api-ms-win-security-sddl-l1-1-0.dll api-ms-win-service-core-l1-1-0.dll msctf.dll api-ms-win-service-core-l1-1-0.dll api-ms-win-service-core-l1-1-1.dll api-ms-win-service-core-l1-1-1.dll system.security.ni.dll api-ms-win-service-management-l1-1-0.dll api-ms-win-service-management-l1-1-0.dll api-ms-win-service-management-l2-1-0.dll api-ms-win-service-management-l2-1-0.dll version.dll powrprof.dll api-ms-win-service-private-l1-1-0.dll api-ms-win-service-private-l1-1-0.dll api-ms-win-service-private-l1-1-1.dll api-ms-win-service-private-l1-1-1.dll api-ms-win-service-winsvc-l1-1-0.dll sechost.dll api-ms-win-service-winsvc-l1-1-0.dll dbghelp.dll RpcRtRemote.dll dbgcore.dll ucrtbase.dll api-ms-win-core-processthreads-l1-1-1.dll ssshim.dll api-ms-win-base-util-l1-1-0.dll clbcatq.dll api-ms-win-core-com-l1-1-0.dll api-ms-win-core-comm-l1-1-0.dll api-ms-win-core-console-l1-1-0.dll api-ms-win-core-datetime-l1-1-0.dll api-ms-win-core-datetime-l1-1-1.dll api-ms-win-core-debug-l1-1-0.dll api-ms-win-core-debug-l1-1-1.dll api-ms-win-core-delayload-l1-1-0.dll api-ms-win-core-errorhandling-l1-1-0.dll clbcatq.dll duser.dll api-ms-win-core-errorhandling-l1-1-1.dll mscorjit.dll api-ms-win-downlevel-shell32-l1-1-0.dll api-ms-win-core-fibers-l1-1-0.dll api-ms-win-core-fibers-l1-1-1.dll api-ms-win-core-file-l1-1-0.dll api-ms-win-core-file-l1-2-0.dll api-ms-win-core-file-l1-2-1.dll api-ms-win-core-file-l2-1-0.dll textinputframework.dll chsbrkr.dll api-ms-win-core-file-l2-1-1.dll comctl32.dll api-ms-win-core-handle-l1-1-0.dll gdi32.dll combase.dll clr.dll api-ms-win-core-heap-l1-1-0.dll api-ms-win-core-heap-obsolete-l1-1-0.dll user32.dll api-ms-win-core-interlocked-l1-1-0.dll api-ms-win-core-io-l1-1-0.dll api-ms-win-core-io-l1-1-1.dll api-ms-win-core-kernel32-legacy-l1-1-0.dll api-ms-win-core-kernel32-legacy-l1-1-1.dll api-ms-win-core-kernel32-private-l1-1-0.dll api-ms-win-core-kernel32-private-l1-1-1.dll api-ms-win-core-libraryloader-l1-1-0.dll api-ms-win-core-libraryloader-l1-1-1.dll api-ms-win-core-localization-l1-2-0.dll cryptsp.dll cryptsp.dll oleaut32.dll api-ms-win-core-localization-l1-2-1.dll api-ms-win-core-localization-obsolete-l1-2-0.dll rpcrt4.dll api-ms-win-core-memory-l1-1-0.dll sspicli.dll WinSCard.dll api-ms-win-core-memory-l1-1-1.dll api-ms-win-core-memory-l1-1-2.dll api-ms-win-core-namedpipe-l1-1-0.dll sensapi.dll api-ms-win-core-privateprofile-l1-1-0.dll advapi32.dll api-ms-win-core-privateprofile-l1-1-1.dll api-ms-win-core-processenvironment-l1-1-0.dll api-ms-win-core-processenvironment-l1-2-0.dll userenv.dll user32.dll api-ms-win-core-processthreads-l1-1-0.dll RpcRtRemote.dll api-ms-win-core-processthreads-l1-1-1.dll api-ms-win-core-processthreads-l1-1-2.dll api-ms-win-core-processtopology-obsolete-l1-1-0.dll coml2.dll vsstrace.dll api-ms-win-core-profile-l1-1-0.dll winmmbase.dll api-ms-win-core-realtime-l1-1-0.dll api-ms-win-core-registry-l1-1-0.dll api-ms-win-core-registry-l2-1-0.dll msvcrt.dll system.data.dll rpcrt4.dll wow64win.dll api-ms-win-core-rtlsupport-l1-1-0.dll api-ms-win-core-shlwapi-legacy-l1-1-0.dll api-ms-win-core-shlwapi-obsolete-l1-1-0.dll wwanmm.dll kernel32.dll api-ms-win-core-shutdown-l1-1-0.dll api-ms-win-core-string-l1-1-0.dll api-ms-win-core-string-l2-1-0.dll rpcrt4.dll api-ms-win-core-string-obsolete-l1-1-0.dll api-ms-win-core-stringansi-l1-1-0.dll api-ms-win-core-stringloader-l1-1-1.dll sspicli.dll api-ms-win-core-synch-l1-1-0.dll imm32.dll api-ms-win-core-synch-l1-2-0.dll kernel32.dll api-ms-win-core-sysinfo-l1-1-0.dll api-ms-win-core-sysinfo-l1-2-0.dll api-ms-win-core-sysinfo-l1-2-1.dll api-ms-win-core-threadpool-l1-2-0.dll microsoft.mediacenter.tv.tuners.interop.ni.dll bcrypt.dll api-ms-win-core-threadpool-legacy-l1-1-0.dll api-ms-win-core-threadpool-private-l1-1-0.dll api-ms-win-core-timezone-l1-1-0.dll api-ms-win-core-url-l1-1-0.dll api-ms-win-core-util-l1-1-0.dll ntmarta.dll api-ms-win-security-lsalookup-l2-1-1.dll api-ms-win-core-version-l1-1-0.dll cryptsp.dll api-ms-win-core-wow64-l1-1-0.dll api-ms-win-core-xstate-l1-1-0.dll imapi2.dll gdi32.dll kernel32.dll api-ms-win-core-xstate-l2-1-0.dll api-ms-win-devices-config-l1-1-0.dll netshell.dll api-ms-win-devices-config-l1-1-1.dll shell32.dll api-ms-win-eventing-classicprovider-l1-1-0.dll api-ms-win-eventing-consumer-l1-1-0.dll api-ms-win-eventing-controller-l1-1-0.dll api-ms-win-eventing-legacy-l1-1-0.dll api-ms-win-eventing-provider-l1-1-0.dll api-ms-win-eventlog-legacy-l1-1-0.dll api-ms-win-security-base-l1-1-0.dll api-ms-win-security-cryptoapi-l1-1-0.dll api-ms-win-security-lsalookup-l2-1-0.dll api-ms-win-security-lsalookup-l2-1-1.dll api-ms-win-security-lsapolicy-l1-1-0.dll msvcrt.dll lpk.dll kernelbase.dll imm32.dll api-ms-win-security-provider-l1-1-0.dll api-ms-win-security-sddl-l1-1-0.dll cryptbase.dll api-ms-win-service-core-l1-1-0.dll api-ms-win-service-core-l1-1-1.dll api-ms-win-service-management-l1-1-0.dll api-ms-win-service-management-l2-1-0.dll api-ms-win-service-private-l1-1-0.dll api-ms-win-service-private-l1-1-1.dll api-ms-win-service-winsvc-l1-1-0.dll oleaut32.dll ssshim.dll api-ms-win-base-util-l1-1-0.dll api-ms-win-core-com-l1-1-0.dll spoolss.dll api-ms-win-core-comm-l1-1-0.dll cbsprovider.dll api-ms-win-core-console-l1-1-0.dll api-ms-win-core-datetime-l1-1-0.dll api-ms-win-core-datetime-l1-1-1.dll dhcpcsvc6.dll system.configuration.dll api-ms-win-core-debug-l1-1-0.dll api-ms-win-core-debug-l1-1-1.dll api-ms-win-core-delayload-l1-1-0.dll zipfldr.dll atl.dll api-ms-win-core-errorhandling-l1-1-0.dll api-ms-win-core-errorhandling-l1-1-1.dll api-ms-win-core-fibers-l1-1-0.dll api-ms-win-core-fibers-l1-1-1.dll api-ms-win-core-file-l1-1-0.dll usp10.dll ole32.dll kernel32.dll api-ms-win-core-file-l1-2-0.dll api-ms-win-core-file-l1-2-1.dll api-ms-win-core-file-l2-1-0.dll api-ms-win-core-file-l2-1-1.dll api-ms-win-core-handle-l1-1-0.dll api-ms-win-core-heap-l1-1-0.dll api-ms-win-core-heap-obsolete-l1-1-0.dll api-ms-win-core-interlocked-l1-1-0.dll api-ms-win-core-io-l1-1-0.dll api-ms-win-core-io-l1-1-1.dll api-ms-win-core-kernel32-legacy-l1-1-0.dll api-ms-win-core-kernel32-legacy-l1-1-1.dll api-ms-win-core-kernel32-private-l1-1-0.dll api-ms-win-core-kernel32-private-l1-1-1.dll api-ms-win-core-libraryloader-l1-1-0.dll api-ms-win-core-libraryloader-l1-1-1.dll api-ms-win-core-localization-l1-2-0.dll wow64cpu.dll api-ms-win-core-localization-l1-2-1.dll wups.dll nlasvc.dll api-ms-win-core-localization-obsolete-l1-2-0.dll gdi32.dll api-ms-win-core-memory-l1-1-0.dll api-ms-win-core-memory-l1-1-1.dll api-ms-win-core-memory-l1-1-2.dll system.dll api-ms-win-core-namedpipe-l1-1-0.dll actxprxy.dll api-ms-win-core-privateprofile-l1-1-0.dll SensApi.dll msvcrt.dll msvcrt.dll usp10.dll api-ms-win-core-privateprofile-l1-1-1.dll system.drawing.ni.dll api-ms-win-core-processenvironment-l1-1-0.dll api-ms-win-core-processenvironment-l1-2-0.dll KernelBase.dll wintrust.dll system.drawing.dll system.serviceprocess.dll api-ms-win-core-processthreads-l1-1-0.dll api-ms-win-core-processthreads-l1-1-1.dll api-ms-win-core-processthreads-l1-1-2.dll version.dll api-ms-win-core-processtopology-obsolete-l1-1-0.dll lpk.dll tdh.dll api-ms-win-core-profile-l1-1-0.dll kernel32.dll api-ms-win-core-realtime-l1-1-0.dll api-ms-win-core-registry-l1-1-0.dll api-ms-win-core-registry-l2-1-0.dll api-ms-win-core-rtlsupport-l1-1-0.dll energy.dll api-ms-win-core-shlwapi-legacy-l1-1-0.dll api-ms-win-core-shlwapi-obsolete-l1-1-0.dll api-ms-win-core-shutdown-l1-1-0.dll lpk.dll wow64.dll gdi32.dll crypt32.dll shell32.dll msi.dll api-ms-win-core-string-l1-1-0.dll api-ms-win-core-string-l2-1-0.dll ole32.dll msctf.dll api-ms-win-core-string-obsolete-l1-1-0.dll api-ms-win-core-stringansi-l1-1-0.dll api-ms-win-core-stringloader-l1-1-1.dll api-ms-win-core-synch-l1-1-0.dll api-ms-win-core-synch-l1-2-0.dll api-ms-win-core-sysinfo-l1-1-0.dll api-ms-win-core-sysinfo-l1-2-0.dll api-ms-win-core-sysinfo-l1-2-1.dll api-ms-win-core-threadpool-l1-2-0.dll sensapi.dll cryptsp.dll api-ms-win-core-threadpool-legacy-l1-1-0.dll api-ms-win-core-threadpool-private-l1-1-0.dll api-ms-win-core-timezone-l1-1-0.dll api-ms-win-core-url-l1-1-0.dll api-ms-win-core-util-l1-1-0.dll api-ms-win-core-version-l1-1-0.dll api-ms-win-core-wow64-l1-1-0.dll oleaut32.dll api-ms-win-core-xstate-l1-1-0.dll api-ms-win-core-xstate-l2-1-0.dll user32.dll KernelBase.dll api-ms-win-devices-config-l1-1-0.dll api-ms-win-devices-config-l1-1-1.dll api-ms-win-eventing-classicprovider-l1-1-0.dll api-ms-win-eventing-consumer-l1-1-0.dll imm32.dll api-ms-win-eventing-controller-l1-1-0.dll api-ms-win-eventing-legacy-l1-1-0.dll api-ms-win-eventing-provider-l1-1-0.dll api-ms-win-eventlog-legacy-l1-1-0.dll api-ms-win-security-base-l1-1-0.dll setupetw.dll msasn1.dll api-ms-win-security-cryptoapi-l1-1-0.dll api-ms-win-security-lsalookup-l2-1-0.dll api-ms-win-security-lsalookup-l2-1-1.dll api-ms-win-security-lsapolicy-l1-1-0.dll api-ms-win-security-provider-l1-1-0.dll api-ms-win-security-sddl-l1-1-0.dll api-ms-win-service-core-l1-1-0.dll api-ms-win-service-core-l1-1-1.dll clbcatq.dll api-ms-win-service-management-l1-1-0.dll shlwapi.dll api-ms-win-service-management-l2-1-0.dll api-ms-win-service-private-l1-1-0.dll api-ms-win-service-private-l1-1-1.dll api-ms-win-service-winsvc-l1-1-0.dll ssshim.dll api-ms-win-base-util-l1-1-0.dll api-ms-win-core-com-l1-1-0.dll api-ms-win-core-comm-l1-1-0.dll system.deployment.dll usp10.dll api-ms-win-core-console-l1-1-0.dll api-ms-win-core-datetime-l1-1-0.dll api-ms-win-downlevel-advapi32-l2-1-0.dll api-ms-win-core-datetime-l1-1-1.dll api-ms-win-core-debug-l1-1-0.dll api-ms-win-core-debug-l1-1-1.dll api-ms-win-core-delayload-l1-1-0.dll api-ms-win-core-errorhandling-l1-1-0.dll kernel.appcore.dll api-ms-win-core-errorhandling-l1-1-1.dll api-ms-win-core-fibers-l1-1-0.dll rpcrt4.dll api-ms-win-core-fibers-l1-1-1.dll api-ms-win-core-file-l1-1-0.dll api-ms-win-core-file-l1-2-0.dll api-ms-win-core-file-l1-2-1.dll api-ms-win-core-file-l2-1-0.dll appxdeploymentserver.dll api-ms-win-core-file-l2-1-1.dll api-ms-win-core-handle-l1-1-0.dll api-ms-win-core-heap-l1-1-0.dll api-ms-win-core-heap-obsolete-l1-1-0.dll api-ms-win-core-interlocked-l1-1-0.dll api-ms-win-core-io-l1-1-0.dll api-ms-win-core-io-l1-1-1.dll api-ms-win-core-kernel32-legacy-l1-1-0.dll api-ms-win-core-kernel32-legacy-l1-1-1.dll lpk.dll user32.dll api-ms-win-core-kernel32-private-l1-1-0.dll api-ms-win-core-kernel32-private-l1-1-1.dll api-ms-win-core-libraryloader-l1-1-0.dll api-ms-win-core-libraryloader-l1-1-1.dll api-ms-win-core-localization-l1-2-0.dll api-ms-win-core-localization-l1-2-1.dll api-ms-win-core-localization-obsolete-l1-2-0.dll api-ms-win-core-memory-l1-1-0.dll api-ms-win-core-memory-l1-1-1.dll api-ms-win-core-memory-l1-1-2.dll api-ms-win-core-namedpipe-l1-1-0.dll cryptbase.dll cryptbase.dll api-ms-win-core-privateprofile-l1-1-0.dll api-ms-win-core-privateprofile-l1-1-1.dll kbdnec.dll api-ms-win-core-processenvironment-l1-1-0.dll api-ms-win-core-processenvironment-l1-2-0.dll api-ms-win-core-processthreads-l1-1-0.dll api-ms-win-core-processthreads-l1-1-1.dll api-ms-win-core-processthreads-l1-1-2.dll api-ms-win-core-processtopology-obsolete-l1-1-0.dll api-ms-win-core-profile-l1-1-0.dll uxtheme.dll api-ms-win-core-realtime-l1-1-0.dll api-ms-win-core-registry-l1-1-0.dll api-ms-win-core-registry-l2-1-0.dll api-ms-win-core-rtlsupport-l1-1-0.dll api-ms-win-core-shlwapi-legacy-l1-1-0.dll api-ms-win-core-shlwapi-obsolete-l1-1-0.dll api-ms-win-core-shutdown-l1-1-0.dll api-ms-win-core-string-l1-1-0.dll api-ms-win-core-string-l2-1-0.dll api-ms-win-core-string-obsolete-l1-1-0.dll api-ms-win-core-stringansi-l1-1-0.dll api-ms-win-core-stringloader-l1-1-1.dll api-ms-win-core-synch-l1-1-0.dll api-ms-win-core-synch-l1-2-0.dll KernelBase.dll api-ms-win-core-sysinfo-l1-1-0.dll api-ms-win-core-sysinfo-l1-2-0.dll api-ms-win-core-sysinfo-l1-2-1.dll api-ms-win-core-threadpool-l1-2-0.dll api-ms-win-core-threadpool-legacy-l1-1-0.dll api-ms-win-core-threadpool-private-l1-1-0.dll api-ms-win-core-timezone-l1-1-0.dll api-ms-win-core-url-l1-1-0.dll api-ms-win-core-util-l1-1-0.dll api-ms-win-core-version-l1-1-0.dll api-ms-win-core-wow64-l1-1-0.dll api-ms-win-core-xstate-l1-1-0.dll api-ms-win-core-xstate-l2-1-0.dll rsaenh.dll api-ms-win-devices-config-l1-1-0.dll api-ms-win-devices-config-l1-1-1.dll api-ms-win-eventing-classicprovider-l1-1-0.dll api-ms-win-eventing-consumer-l1-1-0.dll api-ms-win-eventing-controller-l1-1-0.dll api-ms-win-eventing-legacy-l1-1-0.dll api-ms-win-eventing-provider-l1-1-0.dll api-ms-win-eventlog-legacy-l1-1-0.dll api-ms-win-security-base-l1-1-0.dll api-ms-win-security-cryptoapi-l1-1-0.dll api-ms-win-security-lsalookup-l2-1-0.dll api-ms-win-security-lsalookup-l2-1-1.dll api-ms-win-security-lsapolicy-l1-1-0.dll api-ms-win-security-provider-l1-1-0.dll api-ms-win-security-sddl-l1-1-0.dll api-ms-win-service-core-l1-1-0.dll api-ms-win-service-core-l1-1-1.dll api-ms-win-service-management-l1-1-0.dll api-ms-win-service-management-l2-1-0.dll api-ms-win-service-private-l1-1-0.dll api-ms-win-service-private-l1-1-1.dll api-ms-win-service-winsvc-l1-1-0.dll cbsapi.dll,normal
 mscorlib.dll ntdll.dll mscorlib.dll kernel32.dll KernelBase.dll ntdll.dll gdi32.dll user32.dll api-ms-win-core-xstate-l1-1-0.dll lpk.dll usp10.dll imm32.dll msvcrt.dll imm32.dll oleaut32.dll System.ni.dll msctf.dll ole32.dll rpcrt4.dll oleaut32.dll shlwapi.dll cryptbase.dll smiengine.dll clbcatq.dll advapi32.dll sechost.dll ntdll.dll mssprxy.dll ntdll.dll wow64.dll wow64win.dll samlib.dll wow64cpu.dll kernel32.dll kernel32.dll kernel32.dll user32.dll bdatunepia.dll kernel32.dll KernelBase.dll msvcrt.dll ole32.dll cryptbase.dll mssvp.dll gdi32.dll user32.dll system.drawing.dll rpcrt4.dll advapi32.dll sechost.dll version.dll rpcrt4.dll gdi32.dll wintrust.dll shell32.dll api-ms-win-core-privateprofile-l1-1-1.dll kernelbase.dll msvcrt.dll sspicli.dll system.data.oracleclient.dll cryptbase.dll lpk.dll usp10.dll imm32.dll msctf.dll clbcatq.dll oleaut32.dll cryptsp.dll rsaenh.dll imageres.dll usp10.dll RpcRtRemote.dll uxtheme.dll shell32.dll psapi.dll shlwapi.dll actxprxy.dll comctl32.dll ntdll.dll kernel32.dll KernelBase.dll advapi32.dll msvcrt.dll tiptsf.dll sechost.dll rpcrt4.dll syncreg.dll ole32.dll gdi32.dll user32.dll lpk.dll usp10.dll imm32.dll msctf.dll cryptbase.dll RpcRtRemote.dll cryptsp.dll rsaenh.dll ws2_32.dll nsi.dll oleaut32.dll winnsi.dll ole32.dll dnsapi.dll clbcatq.dll sspicli.dll taskschd.dll,normal
 dot3api.dll eappcfg.dll dot3api.dll shsvcs.dll eappcfg.dll dot3api.dll dhcpcsvc6.dll presentationcore.dll eappcfg.dll dot3api.dll eappcfg.dll dot3api.dll eappcfg.dll System.Web.ApplicationServices.dll msctf.dll dot3api.dll eappcfg.dll dot3api.dll user32.dll sensapi.dll eappcfg.dll dot3api.dll eappcfg.dll dot3api.dll duser.dll eappcfg.dll dot3api.dll eappcfg.dll dot3api.dll gdi32.dll devobj.dll oleacc.dll api-ms-win-downlevel-ole32-l1-1-0.dll eappcfg.dll dot3api.dll eappcfg.dll Windows.UI.dll dot3api.dll eappcfg.dll kernel.appcore.dll cryptbase.dll dot3api.dll eappcfg.dll msvcr80.dll dot3api.dll eappcfg.dll dot3api.dll eappcfg.dll mscorlib.dll ntdll.dll ole32.dll dot3api.dll eappcfg.dll dot3api.dll eappcfg.dll version.dll webio.dll ntprint.dll mscms.dll ncrypt.dll bcrypt.dll bcryptprimitives.dll cryptnet.dll WindowsCodecs.dll mfc42u.dll wldap32.dll ntprint.dll mscms.dll version.dll ntprint.dll mscms.dll version.dll sechost.dll ntprint.dll setupapi.dll mscms.dll version.dll ntprint.dll mscms.dll vm3dum64_10.dll version.dll dot3api.dll eappcfg.dll dot3api.dll api-ms-win-core-datetime-l1-1-0.dll eappcfg.dll dot3api.dll eappcfg.dll rmclient.dll kernelbase.dll dot3api.dll eappcfg.dll wpdbusenum.dll nsi.dll dot3api.dll eappcfg.dll dot3api.dll eappcfg.dll dot3api.dll eappcfg.dll dot3api.dll eappcfg.dll,normal
 ntdll.dll tiptsf.dll shlwapi.dll kernel32.dll oleaut32.dll lpk.dll imm32.dll shell32.dll ole32.dll ws2_32.dll sechost.dll clbcatq.dll dnsapi.dll nsi.dll user32.dll setupapi.dll ntdll.dll msvcrt.dll advapi32.dll version.dll msctf.dll oleacc.dll sqmapi.dll msctf.dll gdi32.dll usp10.dll provsvc.dll rpcrt4.dll devobj.dll cfgmgr32.dll System.Xml.Linq.dll userenv.dll kernelbase.dll crypt32.dll wintrust.dll profapi.dll System.Core.dll explorerframe.dll msasn1.dll rpcrtremote.dll kernelbase.dll imm32.dll mscoreei.dll winsta.dll msvcr80.dll sechost.dll wls0wndh.dll user32.dll system.data.dll mscorlib.dll cryptbase.dll sspicli.dll secur32.dll winmm.dll srvcli.dll bcrypt.dll cryptsp.dll cryptsp.dll mswsock.dll kernel32.dll wship6.dll dnsapi.dll system.windows.forms.ni.dll rsaenh.dll netutils.dll credssp.dll gpapi.dll CbsCore.dll rpcrt4.dll firewallapi.dll spinf.dll devrtl.dll powrprof.dll ole32.dll version.dll winnsi.dll rasadhlp.dll dsrole.dll atl.dll samlib.dll cryptsp.dll slc.dll wsdapi.dll webservices.dll fundisc.dll msxml6.dll clbcatq.dll umb.dll localspl.dll spoolss.dll printisolationproxy.dll fxsmon.dll tcpmon.dll snmpapi.dll wsnmp32.dll usbmon.dll wsdmon.dll fdpnp.dll winprint.dll win32spl.dll inetpp.dll cscapi.dll wtsapi32.dll,normal
 version.dll clbcatq.dll ntdll.dll cryptbase.dll kernel32.dll KernelBase.dll gdi32.dll sechost.dll user32.dll lpk.dll usp10.dll msvcrt.dll imm32.dll msctf.dll ole32.dll rpcrt4.dll TSWorkspace.dll oleaut32.dll cryptbase.dll gdi32.dll clbcatq.dll advapi32.dll sechost.dll ntdll.dll ntdll.dll smipi.dll wow64.dll wow64win.dll wow64cpu.dll userenv.dll ntdll.dll kernel32.dll kernel32.dll kernel32.dll user32.dll ntshrui.dll kernel32.dll lpk.dll KernelBase.dll profapi.dll advapi32.dll msvcrt.dll clbcatq.dll System.Windows.Forms.ni.dll rsaenh.dll rpcrt4.dll sechost.dll rpcrt4.dll sspicli.dll lpk.dll cryptbase.dll dnsapi.dll ws2_32.dll nsi.dll wininet.dll winnsi.dll system.dll ole32.dll dhcpcsvc.dll dhcpcsvc6.dll shell32.dll duser.dll shell32.dll shlwapi.dll gdi32.dll user32.dll lpk.dll usp10.dll ole32.dll imm32.dll msctf.dll kernel32.dll api-ms-win-crt-math-l1-1-0.dll msvcr80.dll powrprof.dll clbcatq.dll user32.dll RpcRtRemote.dll oleaut32.dll cryptsp.dll rsaenh.dll RpcRtRemote.dll wevtapi.dll ntdll.dll ntdll.dll advapi32.dll wow64.dll wow64win.dll wow64cpu.dll wow64cpu.dll kernel32.dll kernel32.dll kernel32.dll kernel32.dll user32.dll kernel32.dll KernelBase.dll msvcrt.dll winbrand.dll user32.dll gdi32.dll lpk.dll usp10.dll advapi32.dll ws2_32.dll sechost.dll rpcrt4.dll sspicli.dll cryptbase.dll imm32.dll msctf.dll apphelp.dll,normal
 rpcrt4.dll ntdll.dll kernel32.dll KernelBase.dll advapi32.dll msvcrt.dll sspicli.dll sechost.dll kernelbase.dll rpcrt4.dll kernelbase.dll user32.dll gdi32.dll apphelp.dll lpk.dll usp10.dll oleaut32.dll ole32.dll rpcrt4.dll loadperf.dll msctf.dll wbemcomn2.dll RpcRtRemote.dll cryptbase.dll clbcatq.dll user32.dll system.xml.ni.dll bcrypt.dll wininet.dll ws2_32.dll msidle.dll nsi.dll imm32.dll cryptbase.dll wbemprox.dll cryptsp.dll rsaenh.dll RpcRtRemote.dll wbemsvc.dll fastprox.dll ntdsapi.dll psapi.dll,normal
 ntdll.dll dbghelp.dll kernel32.dll KernelBase.dll System.IdentityModel.dll comctl32.dll advapi32.dll msvcrt.dll sechost.dll rpcrt4.dll setupapi.dll msvcr120_clr0400.dll mscoree.dll System.Configuration.dll lpk.dll ole32.dll rpcrt4.dll gdi32.dll user32.dll lpk.dll usp10.dll mssvp.dll oleaut32.dll imm32.dll msctf.dll cryptbase.dll rasadhlp.dll spoolss.dll cryptsp.dll gdi32.dll rsaenh.dll mscorlib.ni.dll RpcRtRemote.dll clbcatq.dll rstrtmgr.dll sxs.dll mscoreei.dll mscorlib.dll clr.dll shlwapi.dll mscorlib.ni.dll version.dll clrjit.dll Microsoft.Management.Infrastructure.Native.dll userenv.dll Microsoft.Management.Infrastructure.Native.dll mscorlib.dll mscorlib.dll System.ni.dll System.Core.ni.dll System.Configuration.ni.dll System.Xml.ni.dll System.Numerics.ni.dll System.Security.ni.dll,normal
 ntdll.dll kernel32.dll kernelbase.dll user32.dll win32u.dll gdi32.dll System.dll KernelBase.dll gdi32full.dll sensapi.dll System.Activities.dll drupdate.dll msvcp_win.dll kernel32.dll ucrtbase.dll msvcrt.dll imm32.dll cryptdll.dll combase.dll rpcrt4.dll bcryptprimitives.dll kernel.appcore.dll sechost.dll uxtheme.dll msvcrt.dll clbcatq.dll ole32.dll wow64cpu.dll tipskins.dll uiautomationtypes.dll bcp47langs.dll wow64cpu.dll oleaut32.dll msvcr120_clr0400.dll dwmapi.dll twinapi.dll shcore.dll textinputframework.dll kernel.appcore.dll coreuicomponents.dll mscoree.dll coremessaging.dll advapi32.dll System.Web.ni.dll ntmarta.dll wintypes.dll usermgrcli.dll kernel32.dll mstscax.dll windows.storage.dll shlwapi.dll gdi32.dll msvcrt.dll powrprof.dll profapi.dll userenv.dll gpapi.dll tipres.dll tipres.dll dui70.dll comctl32.dll duser.dll gdiplus.dll msctf.dll atlthunk.dll tiptsf.dll policymanager.dll sechost.dll msvcp110_win.dll cryptsp.dll tabskb.dll oleacc.dll tipresx.dll tipresx.dll winsta.dll,normal
 ntdll.dll user32.dll kernel32.dll kernelbase.dll gdi32.dll advapi32.dll ntdll.dll ole32.dll system.configuration.dll msvcrt.dll sechost.dll system.web.dll ole32.dll sspicli.dll rpcrt4.dll userenv.dll msvcr120_clr0400.dll Accessibility.dll mscoree.dll ole32.dll gdi32.dll user32.dll ntdll.dll lpk.dll usp10.dll oleaut32.dll profapi.dll imm32.dll msctf.dll cryptbase.dll gdi32.dll kernel32.dll cryptsp.dll rsaenh.dll rpcrtremote.dll clbcatq.dll sxs.dll mscoreei.dll msvcrt.dll mscorwks.dll wow64win.dll msvcr80.dll wow64win.dll ucrtbase.dll shlwapi.dll shell32.dll profapi.dll dpx.dll mscorlib.ni.dll mscorjit.dll mscorlib.dll mscorlib.dll version.dll mscorlib.dll mscorlib.dll system.ni.dll lpk.dll user32.dll mscorsec.dll wintrust.dll crypt32.dll rpcrt4.dll msasn1.dll sspicli.dll comctl32.dll riched20.dll imagehlp.dll ncrypt.dll system.security.ni.dll msadrh15.dll bcrypt.dll imm32.dll bcryptprimitives.dll shcore.dll userenv.dll user32.dll gpapi.dll cryptnet.dll wldap32.dll sensapi.dll system.enterpriseservices.ni.dll system.configuration.ni.dll system.enterpriseservices.dll ole32.dll system.enterpriseservices.dll system.servicemodel.ni.dll system.transactions.ni.dll system.xml.ni.dll urlmon.dll sendmail.dll system.transactions.dll system.transactions.dll system.transactions.dll system.transactions.dll system.transactions.dll system.directoryservices.ni.dll system.runtime.serialization.ni.dll system.security.ni.dll msctf.dll msvcp110_win.dll system.data.sqlxml.ni.dll system.runtime.remoting.ni.dll microsoft.visualc.ni.dll prflbmsg.dll system.web.ni.dll system.web.dll system.web.dll xmllite.dll system.web.dll cryptsp.dll sechost.dll user32.dll system.web.dll kernel32.dll system.runtime.serialization.formatters.soap.ni.dll sxs.dll system.drawing.ni.dll system.data.ni.dll system.data.dll advapi32.dll system.data.dll system.data.dll system.data.dll system.data.dll user32.dll ws2_32.dll shlwapi.dll nsi.dll system.web.services.ni.dll system.directoryservices.protocols.ni.dll system.design.ni.dll system.serviceprocess.ni.dll msvcrt.dll system.windows.forms.ni.dll system.web.regularexpressions.ni.dll sensapi.dll usp10.dll system.drawing.design.ni.dll system.data.oracleclient.ni.dll system.identitymodel.dll kernelbase.dll system.data.oracleclient.dll imm32.dll system.data.oracleclient.dll rsaenh.dll cryptsp.dll wucltux.dll system.data.oracleclient.dll system.data.oracleclient.dll sechost.dll system.data.oracleclient.dll accessibility.ni.dll system.deployment.ni.dll kernelbase.dll system.configuration.install.ni.dll ntprint.dll smdiagnostics.ni.dll system.identitymodel.ni.dll system.messaging.ni.dll system.identitymodel.selectors.ni.dll microsoft.transactions.bridge.ni.dll Microsoft.MediaCenter.Mheg.ni.dll ntdll.dll ntdll.dll wow64.dll webio.dll mscms.dll shcore.dll wow64win.dll wow64cpu.dll wow64cpu.dll kernel32.dll kernel32.dll kernel32.dll user32.dll kernel32.dll kernelbase.dll shell32.dll advapi32.dll msvcrt.dll sechost.dll rpcrt4.dll sspicli.dll cryptbase.dll msvcr120_clr0400.dll mscoree.dll ole32.dll gdi32.dll twinapi.dll user32.dll lpk.dll usp10.dll oleaut32.dll imm32.dll msctf.dll cryptsp.dll rsaenh.dll rpcrtremote.dll clbcatq.dll rpcrt4.dll sxs.dll sechost.dll mscoreei.dll clr.dll shlwapi.dll mscorlib.ni.dll clrjit.dll system.ni.dll lpk.dll version.dll mscorlib.dll mscorlib.dll system.dll system.dll system.servicemodel.discovery.ni.dll system.core.ni.dll wow64.dll microsoft.visualstudio.tools.applications.serverdocument.v10.0.dll system.servicemodel.ni.dll system.servicemodel.dll system.servicemodel.dll usp10.dll system.core.dll system.core.dll system.runtime.serialization.ni.dll system.runtime.serialization.dll system.runtime.serialization.dll system.servicemodel.internals.ni.dll clbcatq.dll system.servicemodel.internals.dll system.servicemodel.internals.dll system.xml.ni.dll system.xml.dll system.xml.dll system.servicemodel.channels.ni.dll system.servicemodel.channels.dll system.servicemodel.channels.dll system.xml.linq.ni.dll system.xml.linq.dll system.xml.linq.dll system.configuration.ni.dll system.configuration.dll system.configuration.dll,normal
 sensapi.dll sensapi.dll,normal
 ntdll.dll kernel32.dll ntdll.dll ntdll.dll user32.dll ntdll.dll bcryptprimitives.dll advapi32.dll clbcatq.dll wow64.dll wow64.dll wow64lg2.dll wow64win.dll mscorjit.dll wow64win.dll kernel32.dll kernel32.dll user32.dll wow64cpu.dll wow64cpu.dll kernel32.dll mscorlib.dll ucrtbase.dll kernelbase.dll kernelbase.dll advapi32.dll System.Drawing.ni.dll advapi32.dll msvcrt.dll msvcrt.dll sechost.dll sspicli.dll sechost.dll rpcrt4.dll rpcrt4.dll sdiagprv.dll security.dll sspicli.dll cryptbase.dll cryptbase.dll microsoft.office.tools.common.ni.dll synccenter.dll bcryptprimitives.dll bcryptprimitives.dll ole32.dll combase.dll sechost.dll ucrtbase.dll ucrtbase.dll gdi32.dll wtsapi32.dll gdi32full.dll ntdll.dll dwmapi.dll msvcp_win.dll mscorlib.dll netprofm.dll KernelBase.dll msvcp_win.dll user32.dll win32u.dll shlwapi.dll ncrypt.dll shell32.dll cfgmgr32.dll shcore.dll shcore.dll adtschema.dll windows.media.dll windows.storage.dll user32.dll windows.storage.dll kernel.appcore.dll kernel.appcore.dll profapi.dll powrprof.dll filterlib.dll fltlib.dll goopdate.dll goopdate.dll crypt32.dll msasn1.dll msasn1.dll ws2_32.dll wshbth.dll kernel32.dll ws2_32.dll dpx.dll mscoreei.dll netapi32.dll iphlpapi.dll wintrust.dll clbcatq.dll comctl32.dll msi.dll msi.dll wininet.dll wininet.dll netutils.dll System.ni.dll system.data.dll bcrypt.dll bcrypt.dll wkscli.dll version.dll cryptsp.dll chrome_elf.dll cryptsp.dll rsaenh.dll rsaenh.dll sechost.dll ntmarta.dll ntmarta.dll cscapi.dll cscapi.dll dbghelp.dll dbgcore.dll iertutil.dll iertutil.dll,normal
 ntdll.dll profapi.dll kernel32.dll System.ni.dll kernelbase.dll msvcrt.dll kernel32.dll conhostv2.dll combase.dll ucrtbase.dll ucrtbase.dll rpcrt4.dll shlwapi.dll bcryptprimitives.dll gdi32.dll gdi32full.dll user32.dll kernel32.dll win32u.dll imm32.dll Accessibility.ni.dll oleaut32.dll msvcp_win.dll propsys.dll sechost.dll shcore.dll shell32.dll cfgmgr32.dll rpcrt4.dll windows.storage.dll powrprof.dll uiautomationtypes.ni.dll advapi32.dll shlwapi.dll kernel.appcore.dll profapi.dll mscorlib.dll logoncli.dll clbcatq.dll msctf.dll,normal
 imm32.dll ntdll.dll ntdll.dll wow64.dll rpcrtremote.dll wow64win.dll wow64cpu.dll kernel32.dll PeerDistSh.dll kernel32.dll kernel32.dll user32.dll kernel32.dll kernelbase.dll advapi32.dll gdi32.dll comctl32.dll msvcrt.dll ole32.dll oleaut32.dll dnsapi.dll user32.dll shell32.dll dui70.dll user32.dll wininet.dll oleaut32.dll msctf.dll mfc42u.dll winmm.dll pdh.dll ws2_32.dll sechost.dll user32.dll rpcrt4.dll inetpp.dll combase.dll shlwapi.dll iertutil.dll shcore.dll userenv.dll sspicli.dll Wldap32.dll cfgmgr32.dll profapi.dll msvcrt.dll cfgmgr32.dll user32.dll odbc32.dll winmmbase.dll usp10.dll npmproxy.dll nsi.dll mscorlib.dll devobj.dll cryptbase.dll bcryptprimitives.dll imm32.dll msctf.dll kernel.appcore.dll uxtheme.dll riched32.dll riched20.dll usp10.dll msls31.dll gpapi.dll dwmapi.dll comctl32.dll clbcatq.dll kernel32.dll version.dll oleacc.dll propsys.dll ntmarta.dll msctf.dll dui70.dll imecfm.dll wer.dll oleaut32.dll system.configuration.install.ni.dll shcore.dll tiptsf.dll msado15.dll msdart.dll rpcrt4.dll oledb32.dll dsrole.dll ole32.dll bcrypt.dll KernelBase.dll comsvcs.dll authz.dll msjetoledb40.dll msjet40.dll netprofm.dll kernel32.dll msjter40.dll mswstr10.dll kernel32.dll msjint40.dll crypt32.dll msasn1.dll cryptsp.dll rsaenh.dll dpapi.dll user32.dll msjtes40.dll vbajet32.dll expsrv.dll mswdat10.dll msadrh15.dll msdadiag.dll msadce.dll msadcer.dll,caidao
 ntdll.dll nsi.dll ntdll.dll System.AddIn.dll wow64.dll msvcrt.dll rpcrt4.dll nsi.dll wow64win.dll ntdll.dll wow64cpu.dll version.dll kernel32.dll user32.dll kernel32.dll ucrtbase.dll kernel32.dll System.Transactions.dll user32.dll kernel32.dll kernelbase.dll sechost.dll advapi32.dll msvcrt.dll kernel32.dll sechost.dll rpcrt4.dll sspicli.dll msctf.dll cryptbase.dll sppobjs.dll msvcrt.dll cryptbase.dll msvcr120_clr0400.dll mscoree.dll ole32.dll System.Configuration.ni.dll gdi32.dll user32.dll profapi.dll lpk.dll usp10.dll oleaut32.dll imm32.dll msctf.dll cryptsp.dll rsaenh.dll rpcrtremote.dll lpk.dll api-ms-win-core-xstate-l1-1-0.dll clbcatq.dll sxs.dll mscoreei.dll api-ms-win-crt-convert-l1-1-0.dll clr.dll shlwapi.dll mscorlib.ni.dll clrjit.dll microsoft.powershell.commands.diagnostics.dll microsoft.powershell.commands.diagnostics.dll KernelBase.dll version.dll mscorlib.dll mscorlib.dll system.management.automation.dll system.management.automation.dll system.ni.dll wow64cpu.dll gdi32.dll system.dll system.dll system.core.ni.dll system.core.dll system.core.dll system.xml.ni.dll system.xml.dll system.xml.dll system.xml.dll system.xml.dll system.xml.dll system.xml.dll system.configuration.install.ni.dll system.configuration.install.dll system.configuration.install.dll microsoft.powershell.commands.diagnostics.ni.dll,normal
 ntdll.dll usp10.dll kernel32.dll sechost.dll KernelBase.dll gdi32.dll slc.dll user32.dll lpk.dll rpcrt4.dll usp10.dll msvcrt.dll ole32.dll imm32.dll msctf.dll ole32.dll rpcrt4.dll oleaut32.dll uxtheme.dll dwmapi.dll advapi32.dll sechost.dll WindowsCodecs.dll wmsgapi.dll comctl32.dll shlwapi.dll lpk.dll shacct.dll cryptbase.dll clbcatq.dll msctf.dll shell32.dll comctl32.dll oleacc.dll imecfm.dll version.dll,normal
 ntdll.dll apphelp.dll kernel32.dll kernelbase.dll gdi32.dll user32.dll gdi32.dll msvcrt.dll lpk.dll usp10.dll msvcrt.dll shlwapi.dll shell32.dll ole32.dll rpcrt4.dll mpr.dll imm32.dll msctf.dll comctl32.dll uxtheme.dll dwmapi.dll sechost.dll kernel32.dll advapi32.dll sechost.dll cryptbase.dll System.Transactions.dll dsrole.dll samcli.dll samlib.dll ole32.dll system.drawing.dll netutils.dll ntdll.dll winmm.dll msvcr120_clr0400.dll netplwiz.dll user32.dll msswch.dll oleaut32.dll ntdll.dll cryptbase.dll kernel32.dll kernelbase.dll kernel32.dll cryptbase.dll advapi32.dll msvcrt.dll globinputhost.dll winhttp.dll sechost.dll rpcrt4.dll usp10.dll msvcr120_clr0400.dll mscoree.dll gdi32.dll ole32.dll gdi32.dll user32.dll lpk.dll shell32.dll usp10.dll oleaut32.dll wevtapi.dll advapi32.dll imm32.dll system.data.sqlxml.ni.dll msctf.dll cryptbase.dll cryptsp.dll advapi32.dll mscorwks.dll dot3svc.dll rsaenh.dll rpcrtremote.dll clbcatq.dll sxs.dll mscoreei.dll mscorwks.dll msvcr80.dll riched20.dll shlwapi.dll api-ms-win-core-timezone-l1-1-0.dll shell32.dll url.dll profapi.dll ole32.dll mscorlib.ni.dll sensapi.dll KernelBase.dll mscorjit.dll mscorlib.dll advapi32.dll mscorlib.dll version.dll sspicli.dll mscorlib.dll mscorlib.dll system.ni.dll user32.dll microsoft.windows.diagnosis.troubleshootingpack.ni.dll microsoft.windows.diagnosis.sdengine.ni.dll microsoft.windows.diagnosis.sdengine.dll kernelbase.dll user32.dll onecorecommonproxystub.dll kernel32.dll lpk.dll kernel.appcore.dll microsoft.windows.diagnosis.sdengine.dll system.management.automation.ni.dll system.xml.ni.dll system.configuration.install.ni.dll system.transactions.ni.dll wsecedit.dll kernel32.dll devobj.dll system.transactions.dll scesrv.dll system.transactions.dll system.transactions.dll system.transactions.dll system.transactions.dll system.management.ni.dll system.directoryservices.ni.dll system.data.ni.dll system.data.dll clbcatq.dll system.data.dll system.data.dll system.data.dll system.data.dll bcd.dll ws2_32.dll nsi.dll crypt32.dll msasn1.dll system.configuration.ni.dll usp10.dll system.security.ni.dll system.data.sqlxml.ni.dll MTF.dll system.runtime.serialization.formatters.soap.ni.dll ole32.dll system.drawing.ni.dll system.windows.forms.ni.dll accessibility.ni.dll wcp.dll system.deployment.ni.dll system.enterpriseservices.ni.dll ntdll.dll clbcatq.dll system.enterpriseservices.dll wdscore.dll kernelbase.dll iertutil.dll system.enterpriseservices.dll system.runtime.remoting.ni.dll microsoft.visualc.ni.dll system.web.ni.dll system.web.dll system.web.regularexpressions.ni.dll mscorlib.dll sspicli.dll system.web.dll system.web.dll wow64cpu.dll system.web.dll system.web.services.ni.dll system.directoryservices.protocols.ni.dll mscorwks.dll system.design.ni.dll system.serviceprocess.ni.dll system.web.regularexpressions.ni.dll system.drawing.design.ni.dll system.data.oracleclient.ni.dll system.data.oracleclient.dll system.data.oracleclient.dll system.data.oracleclient.dll system.data.oracleclient.dll system.data.oracleclient.dll microsoft.jscript.ni.dll microsoft.vsa.ni.dll ntdll.dll kernel32.dll kernelbase.dll advapi32.dll msvcrt.dll kernelbase.dll usp10.dll user32.dll sechost.dll shlwapi.dll rpcrt4.dll user32.dll msvcr120_clr0400.dll mscoree.dll ole32.dll gdi32.dll user32.dll msctf.dll lpk.dll usp10.dll oleaut32.dll imm32.dll rpcrt4.dll msctf.dll cryptbase.dll user32.dll kernel32.dll cryptsp.dll sxs.dll rsaenh.dll kernel32.dll rpcrtremote.dll lpk.dll wow64cpu.dll clbcatq.dll clbcatq.dll imagehlp.dll system.windows.forms.ni.dll sxs.dll mscoreei.dll clr.dll ucrtbase.dll shlwapi.dll mscorlib.ni.dll clrjit.dll version.dll mscorlib.dll mscorlib.dll shlwapi.dll system.ni.dll system.drawing.ni.dll system.windows.forms.ni.dll win32u.dll microsoft.office.tools.ni.dll system.core.ni.dll system.configuration.ni.dll system.xml.ni.dll ntdll.dll ntdll.dll samlib.dll wow64.dll wow64win.dll wow64cpu.dll kernel32.dll kernel32.dll kernel32.dll user32.dll ntdll.dll usp10.dll kernel32.dll licensemanager.dll kernelbase.dll advapi32.dll msvcrt.dll sechost.dll rpcrt4.dll sspicli.dll cryptbase.dll msvcr120_clr0400.dll mscoree.dll ole32.dll sechost.dll gdi32.dll user32.dll lpk.dll usp10.dll oleaut32.dll imm32.dll msctf.dll cryptsp.dll kernel32.dll msutb.dll rsaenh.dll rpcrtremote.dll clbcatq.dll sxs.dll rpcrt4.dll mscoreei.dll clr.dll shlwapi.dll mscorlib.ni.dll clrjit.dll system.ni.dll system.addin.ni.dll version.dll system.addin.dll system.addin.dll mscorlib.dll mscorlib.dll system.dll system.dll system.addin.contract.ni.dll system.addin.contract.dll globinputhost.dll system.addin.contract.dll system.runtime.remoting.ni.dll system.core.ni.dll system.configuration.ni.dll system.configuration.dll system.configuration.dll system.core.dll system.core.dll system.xml.ni.dll system.xml.dll system.xml.dll,normal
 ntdll.dll cryptsp.dll vcruntime140.dll api-ms-win-crt-runtime-l1-1-0.dll ucrtbase.dll api-ms-win-core-timezone-l1-1-0.dll api-ms-win-core-file-l2-1-0.dll api-ms-win-core-localization-l1-2-0.dll api-ms-win-core-synch-l1-2-0.dll sechost.dll api-ms-win-core-processthreads-l1-1-1.dll api-ms-win-core-file-l1-2-0.dll dhcpcsvc6.dll dnsapi.dll api-ms-win-crt-string-l1-1-0.dll api-ms-win-crt-heap-l1-1-0.dll api-ms-win-crt-stdio-l1-1-0.dll api-ms-win-crt-convert-l1-1-0.dll kernel32.dll advapi32.dll sechost.dll rpcrt4.dll kernel32.dll KernelBase.dll GdiPlus.dll ole32.dll imm32.dll ole32.dll msctf.dll msvcrt.dll msvcp140.dll api-ms-win-crt-locale-l1-1-0.dll api-ms-win-crt-math-l1-1-0.dll api-ms-win-crt-multibyte-l1-1-0.dll api-ms-win-crt-time-l1-1-0.dll api-ms-win-crt-filesystem-l1-1-0.dll api-ms-win-crt-environment-l1-1-0.dll api-ms-win-crt-utility-l1-1-0.dll user32.dll gdi32.dll oleaut32.dll cryptbase.dll wevtapi.dll uxtheme.dll user32.dll comctl32.dll shlwapi.dll lpk.dll user32.dll System.Xml.ni.dll usp10.dll DWrite.dll logoncli.dll Mso20win32client.dll Mso30win32client.dll cryptsp.dll Mso40UIwin32client.dll msswch.dll msimg32.dll slc.dll oleaut32.dll sppc.dll oleacc.dll Mso99Lwin32client.dll dwmapi.dll sspicli.dll msi.dll shell32.dll wtsapi32.dll wtsapi32.dll winsta.dll dxgi.dll version.dll staterepository.core.dll setupapi.dll cfgmgr32.dll rpcrt4.dll flightsettings.dll clbcatq.dll wow64cpu.dll system.security.dll iphlpapi.dll ws2_32.dll devobj.dll wintrust.dll crypt32.dll system.ni.dll msasn1.dll d2d1.dll mcstore.ni.dll tokenbroker.dll rsaenh.dll vm3dum64.dll kernel32.dll vm3dum64.dll clbcatq.dll msimtf.dll user32.dll msointl30.dll System.dll acropdfimpl.dll netapi32.dll netutils.dll srvcli.dll wkscli.dll secur32.dll clrjit.dll sspicli.dll d3d10_1.dll d3d10_1core.dll crypt32.dll d3d11.dll sensapi.dll setupapi.dll cfgmgr32.dll api-ms-win-crt-math-l1-1-0.dll devobj.dll vm3dum64.dll slc.dll mssvp.dll kernel32.dll vm3dum64.dll vm3dum64.dll vm3dum64.dll d3d10warp.dll vm3dum64.dll ncobjapi.dll vm3dum64.dll vm3dum64_10.dll winmm.dll dnsapi.dll rsaenh.dll mscoree.dll mscoreei.dll vm3dum64_10.dll winmm.dll vm3dum64_10.dll System.Security.ni.dll winmm.dll vm3dum64.dll kernel32.dll mscorwks.dll mscorwks.dll vm3dum64.dll vm3dum64.dll setupapi.dll cfgmgr32.dll devobj.dll d3d10level9.dll d3d10level9.dll d3d10level9.dll win32u.dll profapi.dll msacm32.dll xmllite.dll ntmarta.dll Wldap32.dll urlmon.dll mscorlib.ni.dll nsi.dll api-ms-win-downlevel-ole32-l1-1-0.dll lpk.dll api-ms-win-downlevel-shlwapi-l1-1-0.dll api-ms-win-downlevel-advapi32-l1-1-0.dll api-ms-win-downlevel-user32-l1-1-0.dll oleaut32.dll api-ms-win-downlevel-version-l1-1-0.dll api-ms-win-downlevel-normaliz-l1-1-0.dllnormaliz.dll msvcp_win.dll iertutil.dll wininet.dll userenv.dll msswch.dll winmm.dll rpcrt4.dll system.runtime.serialization.ni.dll netprofm.dll nsi.dll clbcatq.dll sensapi.dll nlaapi.dll cryptsp.dll rsaenh.dll RpcRtRemote.dll npmproxy.dll ws2_32.dll msvcrt.dll webservices.dll sfc.dll rasplap.dll sfc_os.dll system.windows.forms.ni.dll mssprxy.dll setupapi.dll cfgmgr32.dll devobj.dll WindowsCodecs.dll ExplorerFrame.dll duser.dll dui70.dll actxprxy.dll rpcrt4.dll tiptsf.dll kernel32.dll UmOutlookAddin.dll UmOutlookAddin.dll netapi32.dll ntdll.dll netutils.dll comctl32.dll user32.dll srvcli.dll bcryptprimitives.dll wkscli.dll rsaenh.dll wow64.dll kernelbase.dll ColleagueImport.dll advapi32.dll ONBttnOL.dll mfc140u.dll mfc140jpn.dll UCAddin.dll psapi.dll mapi32.dll winnsi.dll kernel32.dll tmpod.dll usp10.dll UmOutlookAddin.dll shlwapi.dll UcAddinRes.dll UmOutlookStrings.dll avrt.dll shlwapi.dll kernel.appcore.dll avrt.dll avrt.dll sechost.dll dhcpcsvc.dll api-ms-win-downlevel-advapi32-l2-1-0.dll winhttp.dll webio.dll mswsock.dll wship6.dll UIAutomationCore.dll psapi.dll user32.dll oleacc.dll sspicli.dll tiptsf.dll winhttp.dll sxs.dll wsock32.dll dhcpcsvc6.dll schannel.dll security.dll credssp.dll dnsapi.dll shlwapi.dll rasadhlp.dll bcryptprimitives.dll ncrypt.dll bcrypt.dll bcryptprimitives.dll gpapi.dll gdi32.dll sechost.dll usp10.dll setupapi.dll ncobjapi.dll cfgmgr32.dll devobj.dll propsys.dll mlang.dll msxml6.dll powrprof.dll msproof7.dll tquery.dll StructuredQuery.dll powrprof.dll wbemprox.dll wbemcomn.dll user32.dll wbemsvc.dll fastprox.dll ntdsapi.dll msfad.dll apphelp.dll linkinfo.dll mpr.dll davclnt.dll davhlpr.dll cryptsp.dll gdi32full.dll networkexplorer.dll drprov.dll ntlanman.dll ieframe.dll api-ms-win-downlevel-shell32-l1-1-0.dll SearchFolder.dll ieframe.dll api-ms-win-downlevel-shell32-l1-1-0.dll msspell7.dll mscss7en.dll NL7MODELS0009.dll drprov.dll ntlanman.dll davclnt.dll davhlpr.dll NapiNSP.dll pnrpnsp.dll winrnr.dll,normal
 ntdll.dll wow64cpu.dll kernel32.dll kernelbase.dll msvcrt.dll ole32.dll setupapi.dll gdi32.dll ntdll.dll user32.dll lpk.dll usp10.dll rpcrt4.dll imm32.dll ntdll.dll msctf.dll cryptbase.dll clbcatq.dll advapi32.dll imm32.dll rpcrt4.dll sechost.dll presentationframework.dll oleaut32.dll profapi.dll cryptsp.dll oleacc.dll KernelBase.dll rsaenh.dll rpcrtremote.dll shacct.dll mscorlib.ni.dll comctl32.dll shlwapi.dll ws2_32.dll userenv.dll logoncli.dll profapi.dll dmcmnutils.dll kernel32.dll mscoreei.dll ntprint.dll idstore.dll ntdll.dll kernel32.dll actxprxy.dll kernelbase.dll msvcrt.dll msvcrt.dll ole32.dll gdi32.dll user32.dll lpk.dll system.directoryservices.dll ws2_32.dll usp10.dll rpcrt4.dll imm32.dll msctf.dll cryptbase.dll clbcatq.dll advapi32.dll sechost.dll oleaut32.dll cryptsp.dll rsaenh.dll rpcrtremote.dll uxtheme.dll thumbcache.dll shell32.dll shlwapi.dll comctl32.dll psapi.dll propsys.dll,normal
 crypt32.dll ntdll.dll clbcatq.dll kernelbase.dll advapi32.dll msvcrt.dll sechost.dll rpcrt4.dll gdi32.dll ntdll.dll sechost.dll lpk.dll usp10.dll ole32.dll oleaut32.dll tquery.dll imm32.dll shell32.dll shlwapi.dll imm32.dll msftedit.dll system.transactions.dll msctf.dll gdi32.dll kernel32.dll cryptbase.dll user32.dll apphelp.dll msshooks.dll System.Core.ni.dll clbcatq.dll clrjit.dll msidle.dll cryptsp.dll system.transactions.dll normaliz.dll rsaenh.dll rpcrtremote.dll mssprxy.dll ieframe.dll mssprxy.dll api-ms-win-downlevel-advapi32-l1-1-0.dll api-ms-win-downlevel-shlwapi-l1-1-0.dll api-ms-win-downlevel-user32-l1-1-0.dll api-ms-win-downlevel-shell32-l1-1-0.dll shell32.dll api-ms-win-downlevel-version-l1-1-0.dll version.dll api-ms-win-downlevel-normaliz-l1-1-0.dll KernelBase.dll normaliz.dll iertutil.dll kernel32.dll comctl32.dll api-ms-win-downlevel-shlwapi-l2-1-0.dll api-ms-win-downlevel-ole32-l1-1-0.dll secur32.dll sspicli.dll mlang.dll propsys.dll ntdll.dll wininet.dll userenv.dll profapi.dll api-ms-win-downlevel-advapi32-l2-1-0.dll,normal
 ntdll.dll ntdll.dll wow64.dll wow64win.dll wow64cpu.dll atl.dll kernel32.dll rsaenh.dll system.serviceprocess.dll rsaenh.dll kernel32.dll KernelBase.dll kernel32.dll shlwapi.dll user32.dll linkinfo.dll sechost.dll kernel32.dll KernelBase.dll msvcrt.dll winbrand.dll user32.dll gdi32.dll lpk.dll usp10.dll advapi32.dll sechost.dll wldap32.dll shell32.dll rpcrt4.dll sspicli.dll cryptbase.dll imm32.dll msctf.dll apphelp.dll,normal
 ntdll.dll ntdll.dll profapi.dll wow64.dll wow64win.dll wow64cpu.dll mapi32.dll kernel32.dll kernel32.dll kernel32.dll user32.dll kernel32.dll ws2_32.dll KernelBase.dll advapi32.dll profapi.dll shlwapi.dll msvcrt.dll kernel32.dll sechost.dll rpcrt4.dll sspicli.dll msctf.dll cryptbase.dll dnsapi.dll ws2_32.dll nsi.dll winnsi.dll system.xml.ni.dll mscss7en.dll UIAutomationCore.dll dhcpcsvc.dll dhcpcsvc6.dll oleaut32.dll shell32.dll shlwapi.dll gdi32.dll api-ms-win-core-sysinfo-l1-1-0.dll user32.dll netutils.dll lpk.dll usp10.dll ole32.dll imm32.dll msctf.dll clbcatq.dll oleaut32.dll cryptsp.dll clbcatq.dll imm32.dll advapi32.dll rsaenh.dll RpcRtRemote.dll wevtapi.dll msls31.dll ntdll.dll SensApi.dll system.configuration.ni.dll ntdll.dll user32.dll wow64.dll shell32.dll wow64win.dll system.transactions.dll wow64cpu.dll kernel32.dll gdi32.dll ntdll.dll kernel32.dll kernel32.dll user32.dll System.Deployment.ni.dll kernel32.dll KernelBase.dll msvcrt.dll oleaut32.dll ole32.dll rpcrt4.dll gdi32.dll oleaut32.dll user32.dll system.management.automation.ni.dll advapi32.dll sechost.dll rpcrt4.dll sspicli.dll cryptbase.dll oleacc.dll ehshell.ni.dll FirewallAPI.dll lpk.dll usp10.dll bcrypt.dll presentationcore.dll version.dll imm32.dll msctf.dll sxs.dll clbcatq.dll vbscript.dll advapi32.dll mssprxy.dll wintrust.dll wrpint.dll wintrust.dll crypt32.dll msasn1.dll cryptsp.dll rsaenh.dll msisip.dll wshext.dll gdi32.dll comctl32.dll shell32.dll profapi.dll shlwapi.dll imm32.dll dsrole.dll scrobj.dll msi.dll scrrun.dll ntdll.dll kernel32.dll KernelBase.dll imm32.dll gdi32.dll user32.dll lpk.dll usp10.dll msvcrt.dll imm32.dll msctf.dll ole32.dll rpcrt4.dll oleaut32.dll cryptbase.dll clbcatq.dll advapi32.dll eappcfg.dll sechost.dll ntdll.dll user32.dll ntdll.dll spp.dll wow64.dll wow64win.dll wow64cpu.dll kernel32.dll kernel32.dll kernel32.dll user32.dll rsaenh.dll kernel32.dll KernelBase.dll advapi32.dll msvcrt.dll sechost.dll System.Drawing.ni.dll rpcrt4.dll sspicli.dll system.dll cryptbase.dll dnsapi.dll ntdll.dll ws2_32.dll nsi.dll rpcrt4.dll winnsi.dll kernel32.dll dhcpcsvc.dll dhcpcsvc6.dll mscoreei.dll mscoreei.dll advapi32.dll logoncli.dll msvcrt.dll shell32.dll shlwapi.dll gdi32.dll user32.dll ole32.dll gdi32.dll lpk.dll lpk.dll usp10.dll ole32.dll imm32.dll msctf.dll clbcatq.dll secur32.dll oleaut32.dll oleaut32.dll System.Security.dll wevtapi.dll winscard.dll cryptsp.dll rsaenh.dll rsaenh.dll mscorlib.ni.dll RpcRtRemote.dll wevtapi.dll ntdll.dll ntdll.dll sspicli.dll rpcrtremote.dll wow64.dll wow64win.dll wow64cpu.dll kernel32.dll kernel32.dll kernel32.dll user32.dll kernel32.dll System.Web.RegularExpressions.dll KernelBase.dll oleaut32.dll ole32.dll msvcrt.dll gdi32.dll user32.dll sspicli.dll advapi32.dll sechost.dll rpcrt4.dll sspicli.dll AudioSes.dll cryptbase.dll secur32.dll lpk.dll usp10.dll msimg32.dll kernel32.dll version.dll mpr.dll olepro32.dll dnsapi.dll winbrand.dll comctl32.dll windowscodecs.dll shlwapi.dll shell32.dll wsock32.dll ws2_32.dll rsaenh.dll nsi.dll netapi32.dll netutils.dll srvcli.dll sensapi.dll wkscli.dll lpk.dll GdiPlus.dll imm32.dll msctf.dll uxtheme.dll setupapi.dll cfgmgr32.dll devobj.dll profapi.dll clbcatq.dll propsys.dll profapi.dll WindowsCodecs.dll apphelp.dll activeds.dll EhStorShell.dll EhStorShell.dll EhStorShell.dll EhStorShell.dll sechost.dll ntshrui.dll ntshrui.dll ntshrui.dll cryptsp.dll ntshrui.dll cscapi.dll combase.dll slc.dll clbcatq.dll imageres.dll imageres.dll imageres.dll PresentationCore.ni.dll imageres.dll imageres.dll kernel32.dll imageres.dll ws2_32.dll imageres.dll imageres.dll KernelBase.dll bcryptprimitives.dll imm32.dll imageres.dll imageres.dll imageres.dll oleaut32.dll apphelp.dll system.printing.dll imageres.dll user32.dll ntasn1.dll kernel32.dll wtsapi32.dll rpcrtremote.dll winsta.dll ntdll.dll ntdll.dll wow64.dll corperfmonext.dll wow64win.dll wow64cpu.dll kernel32.dll kernel32.dll profapi.dll kernel32.dll user32.dll kernel32.dll avrt.dll KernelBase.dll oleaut32.dll ole32.dll msvcrt.dll gdi32.dll windows.cortana.proxystub.dll WindowsCodecs.dll user32.dll advapi32.dll kernel32.dll usp10.dll sechost.dll rpcrt4.dll sspicli.dll sxs.dll shell32.dll cryptbase.dll lpk.dll kernelbase.dll usp10.dll msimg32.dll version.dll sspicli.dll mscorlib.dll mpr.dll advapi32.dll system.data.sqlxml.dll olepro32.dll comctl32.dll shlwapi.dll msvcr120_clr0400.dll shell32.dll advapi32.dll wsock32.dll ws2_32.dll nsi.dll msvcrt.dll netapi32.dll netutils.dll srvcli.dll scrrun.dll wkscli.dll msctf.dll samcli.dll GdiPlus.dll wow64win.dll oleaut32.dll imm32.dll msctf.dll uxtheme.dll setupapi.dll cfgmgr32.dll devobj.dll clbcatq.dll oleaut32.dll propsys.dll shlwapi.dll Microsoft.VisualStudio.Tools.Applications.AddInAdapter.v9.0.ni.dll profapi.dll WindowsCodecs.dll apphelp.dll combase.dll EhStorShell.dll Microsoft.VisualStudio.Tools.Applications.ServerDocument.v9.0.ni.dll EhStorShell.dll secur32.dll EhStorShell.dll EhStorShell.dll ntshrui.dll kernel32.dll rpcrt4.dll ntshrui.dll ntshrui.dll ntshrui.dll cscapi.dll slc.dll imageres.dll imageres.dll cryptsp.dll imageres.dll user32.dll wow64.dll imageres.dll imageres.dll imageres.dll imageres.dll imageres.dll imageres.dll imageres.dll imageres.dll imageres.dll lpk.dll wtsapi32.dll winsta.dll ntdll.dll kernel32.dll KernelBase.dll gdi32.dll user32.dll lpk.dll usp10.dll msvcrt.dll imm32.dll msctf.dll urlmon.dll ole32.dll imm32.dll rpcrt4.dll oleaut32.dll ntdll.dll kernel32.dll KernelBase.dll advapi32.dll msvcrt.dll sechost.dll rpcrt4.dll gdi32.dll KernelBase.dll user32.dll lpk.dll usp10.dll ole32.dll msimg32.dll kernelbase.dll wtsapi32.dll wininet.dll winmm.dll userenv.dll profapi.dll winsta.dll shlwapi.dll crypt32.dll msasn1.dll msctf.dll usp10.dll imm32.dll msutb.dll comctl32.dll shlwapi.dll secur32.dll sspicli.dll wmsgapi.dll shell32.dll cryptbase.dll wintrust.dll wow64win.dll cryptsp.dll rsaenh.dll Wldap32.dll MsCtfMonitor.dll setupapi.dll system.xml.ni.dll cfgmgr32.dll oleaut32.dll devobj.dll devrtl.dll version.dll clbcatq.dll oleaut32.dll urlmon.dll wininet.dll iertutil.dll imagehlp.dll bcrypt.dll bcryptprimitives.dll ncrypt.dll gpapi.dll cryptnet.dll SensApi.dll cabinet.dll ntdll.dll,normal
 locationframeworkps.dll deviceaccess.dll,normal
 ntdll.dll ntdll.dll kernel32.dll kernelbase.dll kernelbase.dll sechost.dll msvcrt.dll msvcrt.dll version.dll System.XML.dll oleaut32.dll msvcp_win.dll mscorlib.ni.dll shlwapi.dll microsoft.build.framework.ni.dll system.xml.dll msvcp_win.dll ucrtbase.dll ucrtbase.dll combase.dll rpcrt4.dll rpcrt4.dll wer.dll bcryptprimitives.dll bcryptprimitives.dll VaultCredProvider.dll advapi32.dll advapi32.dll uxtheme.dll sechost.dll microsoft.powershell.commands.management.ni.dll sechost.dll imm32.dll user32.dll system.data.sqlxml.dll shell32.dll win32u.dll gdi32.dll gdi32full.dll gdi32.dll kernel.appcore.dll kernel.appcore.dll clbcatq.dll mssprxy.dll mssprxy.dll tquery.dll tquery.dll cryptdll.dll cryptdll.dll,normal
 ntdll.dll kernel32.dll KernelBase.dll user32.dll advapi32.dll msvcrt.dll sechost.dll rpcrt4.dll gdi32.dll user32.dll secur32.dll lpk.dll usp10.dll oleaut32.dll version.dll ole32.dll lpk.dll usp10.dll userenv.dll kernel32.dll profapi.dll KernelBase.dll winsta.dll crypt32.dll gdi32.dll system.directoryservices.protocols.dll msasn1.dll tiptsf.dll msctf.dll imm32.dll cryptbase.dll msutb.dll comctl32.dll shlwapi.dll rpcrt4.dll secur32.dll sspicli.dll windowsbase.dll oleaut32.dll shell32.dll cryptbase.dll clbcatq.dll msctf.dll msimg32.dll wintrust.dll kernel32.dll cryptsp.dll SensApi.dll rsaenh.dll wmsgapi.dll devobj.dll msctf.dll wtsapi32.dll Wldap32.dll setupapi.dll cfgmgr32.dll oleaut32.dll devobj.dll winmm.dll version.dll clbcatq.dll uxtheme.dll usp10.dll oleaut32.dll MsCtfMonitor.dll imagehlp.dll ntdll.dll nlaapi.dll bcrypt.dll bcryptprimitives.dll version.dll ncrypt.dll gpapi.dll msvcrt.dll cryptnet.dll ntdll.dll SensApi.dll cabinet.dll devrtl.dll urlmon.dll winbrand.dll wininet.dll iertutil.dll crypt32.dll ntdll.dll kernel32.dll comctl32.dll KernelBase.dll gdi32.dll user32.dll lpk.dll usp10.dll msvcrt.dll ntdll.dll ole32.dll api-ms-win-core-file-l1-1-0.dll rpcrt4.dll ole32.dll oleaut32.dll profapi.dll gdi32.dll advapi32.dll sechost.dll mfc42u.dll dhcpcsvc.dll gdi32.dll shlwapi.dll uxtheme.dll duser.dll imm32.dll msctf.dll dui70.dll comctl32.dll user32.dll shell32.dll cryptbase.dll odbc32.dll system.windows.forms.dll urlmon.dll wininet.dll iertutil.dll crypt32.dll msasn1.dll clbcatq.dll mmcbase.dll profapi.dll lpk.dll apphelp.dll urlmon.dll atl.dll ws2_32.dll odbcint.dll nsi.dll oleaut32.dll mscorlib.ni.dll windows.storage.dll sechost.dll Wldap32.dll netutils.dll powrprof.dll logoncli.dll srvcli.dll system.data.sqlxml.dll system.xml.linq.dll clbcatq.dll SensApi.dll shlwapi.dll wkscli.dll dsrole.dll system.directoryservices.dll secur32.dll winsta.dll samlib.dll System.Configuration.ni.dll dnsapi.dll version.dll mpr.dll System.dll kernel32.dll cfgmgr32.dll mmcndmgr.dll clbcatq.dll msxml3.dll tsuserex.dll ntdsapi.dll system.enterpriseservices.dll System.DirectoryServices.Protocols.ni.dll activeds.dll adsldpc.dll els.dll riched32.dll riched20.dll elsext.dll wdc.dll wdc.dll pdh.dll sspicli.dll mscorlib.dll wevtapi.dll mycomput.dll system.xml.dll winnsi.dll setupapi.dll devobj.dll netapi32.dll samcli.dll wtsapi32.dll filemgmt.dll filemgmt.dll oleaut32.dll cryptsp.dll wbemcntl.dll wbemcntl.dll shlwapi.dll MMFUtil.dll localsec.dll system.drawing.design.dll localsec.dll devrtl.dll comctl32.dll rasman.dll cryptui.dll rtutils.dll kernel32.dll pdhui.dll riched32.dll riched20.dll system.data.oracleclient.dll elsext.dll oleacc.dll cryptsp.dll rsaenh.dll ntmarta.dll ondemandconnroutehelper.dll mpr.dll RpcRtRemote.dll comdlg32.dll propsys.dll dwmapi.dll ole32.dll credui.dll xmllite.dll kernelbase.dll wevtapi.dll pla.dll Wldap32.dll tdh.dll utildll.dll windows.storage.search.dll browcli.dll dmdskres.dll dmdskres.dll dmdskmgr.dll sxs.dll dmutil.dll dmdskres2.dll sapi.dll system.ni.dll devmgr.dll devmgr.dll kernel32.dll winhttp.dll newdev.dll gpapi.dll rasuser.dll gpapi.dll dsprop.dll user32.dll dsuiext.dll mprsnap.dll cryptsp.dll rtrfiltr.dll mprapi.dll slc.dll GdiPlus.dll windowsbase.dll sechost.dll ServDeps.dll imm32.dll VSSUI.dll mlang.dll mscoree.dll mscorwks.dll msvcr80.dll advapi32.dll ondemandconnroutehelper.dll WindowsCodecs.dll kernel32.dll mscorlib.ni.dll lpk.dll shfolder.dll shell32.dll shell32.dll userenv.dll ws2_32.dll System.ni.dll MMCEx.ni.dll MMCFxCommon.ni.dll System.Configuration.ni.dll System.Xml.ni.dll olepro32.dll System.Drawing.ni.dll System.Windows.Forms.ni.dll Culture.dll system.runtime.serialization.formatters.soap.dll diasymreader.dll Microsoft.ManagementConsole.ni.dll EventViewer.ni.dll MIGUIControls.ni.dll System.ServiceProcess.ni.dll TaskScheduler.ni.dll adsnt.dll imecfm.dll cscapi.dll ntdll.dll ntdll.dll wow64.dll wow64win.dll wow64cpu.dll kernel32.dll kernel32.dll kernel32.dll user32.dll kernel32.dll sspicli.dll KernelBase.dll advapi32.dll msvcrt.dll iertutil.dll kernel32.dll sechost.dll rpcrt4.dll System.dll sspicli.dll cryptbase.dll dnsapi.dll api-ms-win-crt-stdio-l1-1-0.dll wow64win.dll ws2_32.dll nsi.dll winnsi.dll dhcpcsvc.dll dhcpcsvc6.dll shell32.dll shlwapi.dll gdi32.dll user32.dll lpk.dll usp10.dll ole32.dll imm32.dll oleaut32.dll msctf.dll imm32.dll clbcatq.dll oleaut32.dll cryptsp.dll rsaenh.dll RpcRtRemote.dll wevtapi.dll ntdll.dll ntdll.dll wow64.dll wow64win.dll wow64cpu.dll msvcrt.dll kernel32.dll kernel32.dll kernel32.dll user32.dll kernel32.dll KernelBase.dll msvcrt.dll winbrand.dll user32.dll gdi32.dll lpk.dll usp10.dll advapi32.dll sechost.dll rpcrt4.dll sspicli.dll cryptbase.dll imm32.dll msctf.dll apphelp.dll,normal
 ntdll.dll kernel32.dll adtschema.dll msvcrt.dll kernelbase.dll wow64win.dll microsoft-windows-kernel-power-events.dll msvcrt.dll rpcrt4.dll combase.dll ucrtbase.dll bcryptprimitives.dll wow64cpu.dll sxs.dll oleaut32.dll msvcp_win.dll imm32.dll user32.dll win32u.dll gdi32.dll gdi32full.dll kernel32.dll kernel.appcore.dll sechost.dll uxtheme.dll dwmapi.dll clbcatq.dll dxva2.dll shlwapi.dll msvcp110_win.dll policymanager.dll advapi32.dll tempsignedlicenseexchangetask.dll ole32.dll cryptbase.dll wintrust.dll msasn1.dll crypt32.dll userenv.dll profapi.dll sechost.dll sdiagschd.dll shcore.dll ntdll.dll cryptsp.dll clipc.dll sdiageng.dll licensemanager.dll clbcatq.dll rsaenh.dll crypt32.dll oleaut32.dll bcrypt.dll kernel32.dll cryptbase.dll gpapi.dll storageusage.dll ntmarta.dll lpk.dll msxml6.dll kernel32.dll wow64cpu.dll rsaenh.dll sxs.dll sspicli.dll twinapi.appcore.dll wldap32.dll wintypes.dll wtsapi32.dll samlib.dll settingsynccore.dll kernel32.dll settingsyncpolicy.dll tokenbroker.dll tokenbinding.dll idstore.dll comctl32.dll,normal
 oleacc.dll ntdll.dll kernel32.dll kernelbase.dll advapi32.dll msvcrt.dll sechost.dll rpcrt4.dll user32.dll win32u.dll ntdll.dll gdi32.dll Accessibility.dll gdi32full.dll msvcp_win.dll uxtheme.dll shell32.dll ucrtbase.dll shell32.dll cfgmgr32.dll shcore.dll combase.dll bcryptprimitives.dll version.dll wow64.dll windows.storage.dll shlwapi.dll user32.dll ole32.dll kernel.appcore.dll shlwapi.dll powrprof.dll profapi.dll uxtheme.dll imm32.dll,normal
 ntdll.dll netutils.dll imm32.dll msswch.dll kernel32.dll kernelbase.dll apphelp.dll user32.dll ws2_32.dll msvcrt.dll rpcrt4.dll shcore.dll gdi32.dll combase.dll clbcatq.dll rpcrt4.dll sspicli.dll sechost.dll imm32.dll msctf.dll iertutil.dll cryptbase.dll api-ms-win-core-sysinfo-l1-2-1.dll ieframe.dll shlwapi.dll ole32.dll oleaut32.dll shell32.dll comctl32.dll comdlg32.dll kernel32.dll kernel.appcore.dll cryptbase.dll user32.dll bcryptprimitives.dll uxtheme.dll ieshims.dll usp10.dll profapi.dll apphelp.dll advapi32.dll urlmon.dll msctf.dll windows.storage.dll wininet.dll imm32.dll userenv.dll dwmapi.dll sqmapi.dll ws2_32.dll nsi.dll winnsi.dll secur32.dll kernel32.dll cryptsp.dll rsaenh.dll bcrypt.dll ondemandconnroutehelper.dll kernelbase.dll winhttp.dll KernelBase.dll mswsock.dll dnsapi.dll cryptsp.dll wldap32.dll clbcatq.dll MPSSVC.dll ieproxy.dll rasadhlp.dll mscorlib.dll dhcpcsvc6.dll api-ms-win-core-processenvironment-l1-2-0.dll netapi32.dll System.Transactions.dll netutils.dll srvcli.dll sechost.dll sechost.dll rsaenh.dll wkscli.dll dhcpcsvc.dll lpk.dll crypt32.dll msasn1.dll ntdll.dll dpapi.dll slc.dll sppc.dll powrprof.dll gdi32.dll samlib.dll ieui.dll propsys.dll settingsynccore.dll cryptbase.dll sechost.dll kernel32.dll settingsyncpolicy.dll oleaut32.dll idstore.dll mssprxy.dll windowscodecs.dll oleacc.dll explorerframe.dll duser.dll dui70.dll windows.graphics.dll msimg32.dll version.dll ntmarta.dll bcrypt.dll imecfm.dll advapi32.dll wer.dll sxs.dll actxprxy.dll mlang.dll setupapi.dll cfgmgr32.dll mshtml.dll sensapi.dll netprofm.dll npmproxy.dll xmllite.dll webio.dll sensapi.dll sensapi.dll msxml6.dll,normal
 ntdll.dll kernel32.dll kernelbase.dll advapi32.dll msvcrt.dll sechost.dll advapi32.dll rpcrt4.dll shell32.dll shlwapi.dll gdi32.dll user32.dll msvcr120_clr0400.dll lpk.dll usp10.dll ssshim.dll imm32.dll msctf.dll ole32.dll cryptbase.dll wbemcomn.dll system.core.ni.dll uxtheme.dll duser.dll propsys.dll oleaut32.dll mpr.dll comctl32.dll clbcatq.dll system.windows.forms.dll profapi.dll ole32.dll urlmon.dll api-ms-win-downlevel-ole32-l1-1-0.dll api-ms-win-downlevel-shlwapi-l1-1-0.dll api-ms-win-downlevel-advapi32-l1-1-0.dll rpcrt4.dll system.data.dll system.directoryservices.dll api-ms-win-downlevel-user32-l1-1-0.dll api-ms-win-downlevel-version-l1-1-0.dll version.dll api-ms-win-downlevel-normaliz-l1-1-0.dll normaliz.dll iertutil.dll cryptsp.dll wininet.dll ieframe.dll userenv.dll secur32.dll taskbarcpl.dll gdiplus.dll sspicli.dll setupapi.dll cfgmgr32.dll devobj.dll mpr.dll,normal
 ntdll.dll kernel32.dll kernelbase.dll ActionCenter.dll advapi32.dll msvcrt.dll wow64cpu.dll sechost.dll rpcrt4.dll ole32.dll cryptbase.dll gdi32.dll user32.dll lpk.dll usp10.dll kernel32.dll oleaut32.dll shlwapi.dll samlib.dll secur32.dll clbcatq.dll sspicli.dll shell32.dll profapi.dll setupapi.dll cfgmgr32.dll devobj.dll rpcrt4.dll mswstr10.dll winsta.dll wldap32.dll kernel32.dll imm32.dll cryptui.dll msctf.dll cryptbase.dll user32.dll rsaenh.dll crypt32.dll rsaenh.dll wintrust.dll apphelp.dll ntdll.dll msasn1.dll cryptdll.dll netapi32.dll winnsi.dll System.XML.dll ole32.dll netutils.dll srvcli.dll wkscli.dll Microsoft.VisualStudio.Tools.Office.AddInAdapter.v9.0.ni.dll logoncli.dll dot3api.dll userenv.dll version.dll hid.dll winscard.dll vaultcli.dll cryptsp.dll bcrypt.dll bcryptprimitives.dll,mimikatz
 ntdll.dll cfgmgr32.dll kernel32.dll clr.dll KernelBase.dll advapi32.dll msvcrt.dll sechost.dll rpcrt4.dll rpcrt4.dll gdi32.dll windows.storage.applicationdata.dll mscorlib.dll user32.dll ntdll.dll dcomp.dll tiptsf.dll lpk.dll usp10.dll msswch.dll winmm.dll dwmapi.dll GdiPlus.dll System.Drawing.ni.dll combase.dll ole32.dll oleacc.dll uxtheme.dll dhcpcsvc.dll iertutil.dll oleaut32.dll shlwapi.dll wmsgapi.dll duser.dll ole32.dll uxtheme.dll imm32.dll msctf.dll cryptbase.dll dui70.dll comctl32.dll xmllite.dll clbcatq.dll tabskb.dll cryptsp.dll ws2_32.dll rsaenh.dll RpcRtRemote.dll InkObj.dll wow64cpu.dll ntdll.dll fusion.dll atl.dll cfgmgr32.dll oleaut32.dll WindowsCodecs.dll ntdll.dll rpcrtremote.dll api-ms-win-core-registry-l1-1-0.dll kernel32.dll KernelBase.dll advapi32.dll msvcrt.dll sechost.dll rpcrt4.dll gdi32.dll taskschd.dll ole32.dll cryptbase.dll user32.dll catsrvut.dll lpk.dll usp10.dll shlwapi.dll rpcrtremote.dll comctl32.dll cryptbase.dll shell32.dll reachframework.dll comdlg32.dll ole32.dll oleaut32.dll version.dll imm32.dll msctf.dll cryptbase.dll uxtheme.dll usp10.dll dwmapi.dll msswch.dll cryptbase.dll winmm.dll sppuinotify.dll sppuinotify.dll clbcatq.dll ExplorerFrame.dll duser.dll dui70.dll pcwum.dll apphelp.dll WindowsCodecs.dll vcruntime140.dll api-ms-win-crt-runtime-l1-1-0.dll ucrtbase.dll api-ms-win-core-timezone-l1-1-0.dll system.core.dll api-ms-win-core-file-l2-1-0.dll api-ms-win-core-localization-l1-2-0.dll api-ms-win-core-synch-l1-2-0.dll api-ms-win-core-processthreads-l1-1-1.dll api-ms-win-core-file-l1-2-0.dll api-ms-win-crt-string-l1-1-0.dll api-ms-win-crt-heap-l1-1-0.dll api-ms-win-crt-stdio-l1-1-0.dll usp10.dll rpcrt4.dll api-ms-win-crt-convert-l1-1-0.dll msvcp140.dll api-ms-win-crt-locale-l1-1-0.dll shdocvw.dll usp10.dll api-ms-win-crt-math-l1-1-0.dll sxsstore.dll api-ms-win-crt-multibyte-l1-1-0.dll api-ms-win-crt-time-l1-1-0.dll api-ms-win-crt-filesystem-l1-1-0.dll api-ms-win-crt-environment-l1-1-0.dll api-ms-win-crt-utility-l1-1-0.dll msi.dll GrooveIntlResource.dll setupapi.dll cfgmgr32.dll devobj.dll dnsapi.dll propsys.dll EhStorShell.dll System.Xml.dll cscui.dll cscdll.dll cscapi.dll srvcli.dll ntshrui.dll slc.dll imageres.dll advapi32.dll winmm.dll usp10.dll imageres.dll cryptbase.dll wintrust.dll imageres.dll user32.dll clrjit.dll imageres.dll ntdll.dll imageres.dll imageres.dll imm32.dll imageres.dll imageres.dll imageres.dll imageres.dll ntmarta.dll imageres.dll imageres.dll kernel32.dll nlslexicons000c.dll xmllite.dll tiptsf.dll ntmarta.dll Wldap32.dll xmllite.dll shlwapi.dll cryptsp.dll rsaenh.dll RpcRtRemote.dll SearchFolder.dll msftedit.dll profapi.dll msls31.dll oleacc.dll linkinfo.dll UIAutomationCore.dll kernel32.dll psapi.dll ole32.dll imm32.dll sechost.dll secur32.dll sspicli.dll mssprxy.dll cryptbase.dll KernelBase.dll thumbcache.dll ole32.dll StructuredQuery.dll advapi32.dll dhcpcsvc.dll msctf.dll ws2_32.dll shdocvw.dll ieframe.dll microsoft.management.infrastructure.native.dll api-ms-win-downlevel-advapi32-l1-1-0.dll api-ms-win-downlevel-shlwapi-l1-1-0.dll api-ms-win-downlevel-user32-l1-1-0.dll appidapi.dll dhcpcsvc.dll api-ms-win-downlevel-shell32-l1-1-0.dll sechost.dll System.configuration.dll cryptbase.dll api-ms-win-downlevel-version-l1-1-0.dll api-ms-win-downlevel-normaliz-l1-1-0.dllnormaliz.dll imm32.dll crypt32.dll winhttp.dll iertutil.dll lpk.dll api-ms-win-downlevel-shlwapi-l2-1-0.dll mssvp.dll mapi32.dll netutils.dll samcli.dll shlwapi.dll advapi32.dll imageres.dll imageres.dll imageres.dll mscorlib.ni.dll imageres.dll imageres.dll imageres.dll kernel32.dll networkexplorer.dll imageres.dll samlib.dll imageres.dll kernel32.dll imageres.dll api-ms-win-core-file-l2-1-0.dll cfgmgr32.dll imageres.dll imageres.dll mpr.dll drprov.dll winsta.dll ntlanman.dll policymanager.dll user32.dll davclnt.dll fusion.dll system.web.ni.dll davhlpr.dll imageres.dll imageres.dll imageres.dll wkscli.dll imageres.dll imageres.dll imageres.dll imageres.dll srvcli.dll wow64win.dll imageres.dll imageres.dll SensApi.dll shcore.dll staterepository.core.dll wpdshext.dll advapi32.dll GdiPlus.dll imageres.dll wintrust.dll crypt32.dll usp10.dll msasn1.dll kernel32.dll wups2.dll imageres.dll imageres.dll PortableDeviceApi.dll EhStorAPI.dll msvcr120_clr0400.dll urlmon.dll api-ms-win-downlevel-ole32-l1-1-0.dll wininet.dll userenv.dll ntdll.dll logoncli.dll kernel32.dll ntdll.dll kernel32.dll wow64.dll wow64win.dll wow64cpu.dll profapi.dll kernel32.dll sppc.dll kernel32.dll kernel32.dll user32.dll kernel32.dll KernelBase.dll msvcrt.dll winbrand.dll user32.dll gdi32.dll lpk.dll usp10.dll advapi32.dll sechost.dll rpcrt4.dll sspicli.dll crypt32.dll cryptbase.dll imm32.dll uiautomationtypes.ni.dll msctf.dll msvcp_win.dll msctf.dll apphelp.dll ntdll.dll kernel32.dll KernelBase.dll advapi32.dll msvcrt.dll System.Data.dll msvcp110_win.dll sechost.dll rpcrt4.dll msvcr120_clr0400.dll user32.dll mscoree.dll msvcrt.dll ole32.dll gdi32.dll Microsoft.VisualStudio.Tools.Applications.Hosting.ni.dll user32.dll lpk.dll system.data.sqlxml.dll usp10.dll sensapi.dll oleaut32.dll system.deployment.dll ntdll.dll gdi32.dll wow64win.dll cbsapi.dll wintrust.dll imm32.dll tiptsf.dll msctf.dll cryptbase.dll cryptsp.dll rsaenh.dll RpcRtRemote.dll cryptsp.dll clbcatq.dll ntdll.dll sxs.dll api-ms-win-downlevel-shlwapi-l1-1-0.dll mscoreei.dll mscorwks.dll msvcr80.dll shlwapi.dll shell32.dll profapi.dll ntdll.dll mscorlib.ni.dll mscorjit.dll mscorlib.dll mscorlib.dll version.dll mscorlib.dll mscorlib.dll mscorsec.dll wintrust.dll crypt32.dll msasn1.dll comctl32.dll riched20.dll imagehlp.dll ncrypt.dll bcrypt.dll bcryptprimitives.dll userenv.dll gpapi.dll cryptnet.dll Wldap32.dll SensApi.dll System.AddIn.Contract.ni.dll system.dll System.ni.dll System.AddIn.ni.dll Microsoft.VisualStudio.Tools.Applications.Contract.v9.0.ni.dll Microsoft.VisualStudio.Tools.Office.Contract.v9.0.ni.dll System.Core.ni.dll usp10.dll Microsoft.VisualStudio.Tools.Applications.Runtime.v9.0.ni.dll imm32.dll shlwapi.dll Culture.dll Microsoft.VisualStudio.Tools.Office.Excel.HostAdapter.v10.0.dll Microsoft-Windows-HomeGroupDiagnostic.NetListMgr.Interop.dll Microsoft.VisualStudio.Tools.Office.Excel.HostAdapter.v10.0.dll Microsoft.VisualStudio.Tools.Office.Excel.HostAdapter.v10.0.ni.dll Microsoft.VisualStudio.Tools.Office.Excel.HostAdapter.v10.0.ni.dll sechost.dll Microsoft.VisualStudio.Tools.Office.Excel.HostAdapter.v10.0.ni.dll ntdll.dll msi.dll kernel32.dll KernelBase.dll advapi32.dll msvcrt.dll sechost.dll rpcrt4.dll msvcr120_clr0400.dll mscoree.dll ole32.dll apphelp.dll mscorlib.dll gdi32.dll user32.dll lpk.dll kernel32.dll usp10.dll oleaut32.dll msvcrt.dll imm32.dll system.enterpriseservices.dll msctf.dll cryptbase.dll user32.dll cryptsp.dll rsaenh.dll RpcRtRemote.dll clbcatq.dll clbcatq.dll sxs.dll SCardSvr.dll mscoreei.dll mscorwks.dll kernel32.dll msvcr80.dll psapi.dll mmdevapi.dll shlwapi.dll shell32.dll wow64win.dll uxtheme.dll profapi.dll mscorlib.ni.dll mscorjit.dll mscorlib.dll npmproxy.dll mscorlib.dll version.dll mscorlib.dll mscorlib.dll System.ni.dll Microsoft.MediaCenter.Shell.ni.dll Microsoft.MediaCenter.UI.ni.dll system.web.dll sechost.dll Microsoft.MediaCenter.ni.dll sechost.dll Microsoft.MediaCenter.Interop.ni.dll Microsoft.MediaCenter.Interop.dll ntdll.dll Microsoft.MediaCenter.Interop.dll vssapi.dll Microsoft.MediaCenter.Interop.dll propsys.dll GdiPlus.dll winmm.dll windowsbase.ni.dll System.Xml.ni.dll ehiUserXp.ni.dll System.Drawing.ni.dll System.Web.ni.dll System.Web.dll System.Web.dll msdtcVSp1res.dll System.Web.dll advapi32.dll System.Web.dll System.Web.Services.ni.dll System.Configuration.ni.dll System.Security.ni.dll System.Data.SqlXml.ni.dll System.Data.ni.dll System.Data.dll System.Data.dll System.Data.dll System.Data.dll System.Data.dll ws2_32.dll nsi.dll crypt32.dll msasn1.dll System.DirectoryServices.ni.dll System.DirectoryServices.Protocols.ni.dll api-ms-win-core-sysinfo-l1-1-0.dll System.EnterpriseServices.ni.dll System.EnterpriseServices.dll ole32.dll System.EnterpriseServices.dll System.Design.ni.dll System.ServiceProcess.ni.dll System.Windows.Forms.ni.dll shlwapi.dll System.Web.RegularExpressions.ni.dll Microsoft.VisualC.ni.dll System.Transactions.ni.dll mscoree.dll System.Transactions.dll setupapi.dll System.Transactions.dll System.Transactions.dll kernel32.dll System.Transactions.dll System.Transactions.dll System.Runtime.Remoting.ni.dll mscorjit.dll System.Runtime.Serialization.Formatters.Soap.ni.dll System.Drawing.Design.ni.dll kernelbase.dll System.Data.OracleClient.ni.dll ole32.dll System.Data.OracleClient.dll System.Data.OracleClient.dll System.Data.OracleClient.dll System.Data.OracleClient.dll System.Data.OracleClient.dll Accessibility.ni.dll system.security.dll System.Deployment.ni.dll System.Configuration.Install.ni.dll wow64.dll ehRecObj.ni.dll ehiProxy.ni.dll mcepg.ni.dll user32.dll mcstore.ni.dll BDATunePIA.ni.dll BDATunePIA.dll BDATunePIA.dll cfgmgr32.dll BDATunePIA.dll ehiVidCtl.ni.dll mcstoredb.ni.dll mcstoredb.dll mcstoredb.dll mcstoredb.dll rasapi32.dll rasman.dll stdole.ni.dll mscorsec.dll wintrust.dll comctl32.dll riched20.dll imagehlp.dll ncrypt.dll bcrypt.dll bcryptprimitives.dll userenv.dll gpapi.dll cryptnet.dll Wldap32.dll SensApi.dll,normal
 ntdll.dll ntdll.dll kernel32.dll KernelBase.dll winnsi.dll usp10.dll gdi32.dll user32.dll sppcommdlg.dll lpk.dll usp10.dll msvcrt.dll nsi.dll imm32.dll msctf.dll ole32.dll rpcrt4.dll oleaut32.dll,normal
 ntdll.dll kernel32.dll KernelBase.dll gdi32.dll user32.dll lpk.dll usp10.dll sppcomapi.dll msvcrt.dll imm32.dll msctf.dll ole32.dll rpcrt4.dll oleaut32.dll cryptbase.dll kernel32.dll clbcatq.dll advapi32.dll sechost.dll ntdll.dll ntdll.dll wow64.dll ole32.dll wow64win.dll wow64cpu.dll kernel32.dll kernel32.dll kernel32.dll dwmcore.dll bcrypt.dll mscoree.dll bcryptprimitives.dll user32.dll rpcrt4.dll kernel32.dll rpcrt4.dll KernelBase.dll shlwapi.dll system.windows.forms.ni.dll msvcrt.dll winbrand.dll user32.dll gdi32.dll rsaenh.dll shell32.dll kernel32.dll lpk.dll usp10.dll advapi32.dll wow64cpu.dll sechost.dll rpcrt4.dll cscapi.dll sspicli.dll cryptbase.dll imm32.dll msctf.dll apphelp.dll,normal
 mscorlib.dll ntdll.dll msvcp_win.dll advapi32.dll ntdll.dll wow64.dll wow64win.dll wow64cpu.dll kernel32.dll kernel32.dll wow64cpu.dll dhcpcsvc6.dll kernel32.dll user32.dll kernel32.dll kernelbase.dll system.runtime.serialization.formatters.soap.ni.dll msvcrt.dll wbemprox.dll msvcrt.dll oleaut32.dll winbrand.dll user32.dll gdi32.dll lpk.dll usp10.dll System.dll advapi32.dll sechost.dll rpcrt4.dll sspicli.dll cryptbase.dll imm32.dll msctf.dll apphelp.dll,normal
 ntdll.dll pla.dll wow64cpu.dll kernel32.dll KernelBase.dll msvcrt.dll sspicli.dll ole32.dll gdi32.dll user32.dll lpk.dll usp10.dll rpcrt4.dll imm32.dll rsaenh.dll imm32.dll msctf.dll cryptbase.dll clbcatq.dll rpcrt4.dll advapi32.dll sechost.dll sechost.dll userenv.dll oleaut32.dll cryptsp.dll rsaenh.dll clbcatq.dll gdi32.dll mscoree.dll winmm.dll RpcRtRemote.dll uxtheme.dll shlwapi.dll kernel32.dll userenv.dll ktmw32.dll profapi.dll shacct.dll comctl32.dll IDStore.dll ntdll.dll secur32.dll kernel32.dll KernelBase.dll advapi32.dll kernelbase.dll msvcrt.dll sechost.dll rpcrt4.dll gdi32.dll nsi.dll user32.dll imm32.dll lpk.dll usp10.dll wevtapi.dll msswch.dll winmm.dll dwmapi.dll GdiPlus.dll ole32.dll elscore.dll oleacc.dll oleaut32.dll shlwapi.dll wmsgapi.dll duser.dll uxtheme.dll imm32.dll msctf.dll,normal
 msvcrt.dll gdi32.dll api-ms-win-downlevel-version-l1-1-0.dll KernelBase.dll user32.dll ntdll.dll profapi.dll rpcrt4.dll kernel32.dll KernelBase.dll kernel32.dll mscorlib.dll advapi32.dll oleaut32.dll msvcrt.dll sechost.dll rpcrt4.dll gdi32.dll user32.dll lpk.dll usp10.dll msswch.dll winmm.dll dwmapi.dll GdiPlus.dll ole32.dll oleacc.dll ntdll.dll oleaut32.dll shlwapi.dll wmsgapi.dll duser.dll uxtheme.dll cryptnet.dll imm32.dll advapi32.dll msctf.dll ws2_32.dll cryptbase.dll SensApi.dll dui70.dll comctl32.dll xmllite.dll clbcatq.dll tabskb.dll cryptsp.dll rsaenh.dll RpcRtRemote.dll cfgmgr32.dll msvcrt.dll WindowsCodecs.dll MMDevAPI.dll propsys.dll shell32.dll imecfm.dll version.dll ntdll.dll,normal
 avrt.dll mmcss.dll,normal
 kernel32.dll ntdll.dll kernel32.dll kernel32.dll kernelbase.dll msvcrt.dll sechost.dll presentationui.dll rpcrt4.dll cmdext.dll advapi32.dll,normal
 winbrand.dll ntdll.dll ntdll.dll wow64.dll api-ms-win-core-shlwapi-obsolete-l1-1-0.dll ntdll.dll wow64win.dll presentationui.dll wow64cpu.dll kernel32.dll kernel32.dll kernel32.dll ntdll.dll user32.dll imm32.dll kernel32.dll mscorlib.dll samlib.dll KernelBase.dll msvcrt.dll winbrand.dll user32.dll gdi32.dll globinputhost.dll lpk.dll usp10.dll advapi32.dll sechost.dll rpcrt4.dll sspicli.dll cryptbase.dll imm32.dll msctf.dll bcrypt.dll apphelp.dll,normal
