data,tags
 eppmanifest.dll eppmanifest.dll acppage.dll sfc.dll msi.dll user32.dll,normal
 ntdll.dll kernel32.dll kernelbase.dll advapi32.dll mswsock.dll sechost.dll kernelbase.dll,normal
 kernel32.dll powercpl.dll KernelBase.dll wtsapi32.dll user32.dll lpk.dll usp10.dll msvcrt.dll imm32.dll msctf.dll ole32.dll ntdll.dll oleaut32.dll lpk.dll clbcatq.dll advapi32.dll kernel32.dll ntdll.dll ntdll.dll wow64.dll wow64win.dll wow64cpu.dll kernel32.dll secur32.dll kernel32.dll user32.dll kernelbase.dll KernelBase.dll msvcrt.dll wintypes.dll user32.dll gdi32.dll lpk.dll usp10.dll mscoree.dll kernel.appcore.dll rpcrt4.dll sspicli.dll cryptbase.dll imm32.dll msctf.dll apphelp.dll,normal
 ntdll.dll kernel32.dll kernelbase.dll msvcrt.dll oleaut32.dll msvcp_win.dll profapi.dll profapi.dll System.Core.dll usp10.dll advapi32.dll sechost.dll tquery.dll rsaenh.dll imm32.dll user32.dll win32u.dll gdi32.dll gdi32full.dll kernel.appcore.dll clbcatq.dll wow64.dll,normal
 ntdll.dll clbcatq.dll wow64.dll wow64win.dll wow64cpu.dll kernel32.dll kernel32.dll kernel32.dll user32.dll kernel32.dll KernelBase.dll msvcrt.dll winbrand.dll system.web.services.dll gdi32.dll lpk.dll comctl32.dll advapi32.dll sechost.dll rpcrt4.dll sspicli.dll cryptbase.dll System.Data.OracleClient.ni.dll msctf.dll usp10.dll,normal
 mscoree.dll mscoreei.dll clr.dll dwmapi.dll msvcr120_clr0400.dll mscoree.dll mscoreei.dll gdi32.dll clr.dll user32.dll ntdll.dll msctf.dll msctf.dll api-ms-win-downlevel-shell32-l1-1-0.dll ntdll.dll wow64.dll kernel32.dll kernel32.dll KernelBase.dll KernelBase.dll usp10.dll msvcrt.dll advapi32.dll advapi32.dll sechost.dll sechost.dll rpcrt4.dll comctl32.dll shlwapi.dll shlwapi.dll gdi32.dll gdi32.dll imm32.dll setupapi.dll lpk.dll lpk.dll usp10.dll usp10.dll ole32.dll sechost.dll imm32.dll imm32.dll sspicli.dll cryptbase.dll twinapi.appcore.dll fusion.dll fusion.dll cryptsp.dll tquery.dll mscorsvc.dll ntdll.dll shlwapi.dll KernelBase.dll advapi32.dll msvcrt.dll clbcatq.dll rpcrt4.dll msvcr120_clr0400.dll mscoree.dll msidle.dll gdi32.dll user32.dll lpk.dll mapi32.dll oleaut32.dll imm32.dll msctf.dll nsi.dll cryptsp.dll rsaenh.dll RpcRtRemote.dll dnsapi.dll sxs.dll mscoreei.dll ole32.dll shlwapi.dll mscorlib.ni.dll clrjit.dll version.dll mscorlib.dll mscorlib.dll System.ni.dll System.Configuration.Install.ni.dll System.Core.ni.dll rpcrt4.dll Microsoft.Management.Infrastructure.ni.dll bcrypt.dll ws2_32.dll Microsoft.PowerShell.ConsoleHost.ni.dll,normal
 ntdll.dll kernel32.dll KernelBase.dll advapi32.dll msvcrt.dll sechost.dll rpcrt4.dll gdi32.dll cryptbase.dll lpk.dll usp10.dll ole32.dll msimg32.dll secur32.dll setupapi.dll winmm.dll userenv.dll mscorlib.dll advapi32.dll crypt32.dll msasn1.dll MsCtfMonitor.dll msctf.dll imm32.dll gdi32full.dll comctl32.dll rpcrt4.dll sspicli.dll cryptbase.dll uxtheme.dll shlwapi.dll dwmapi.dll wintrust.dll cryptsp.dll rsaenh.dll imagehlp.dll bcrypt.dll bcryptprimitives.dll dhcpcsvc6.dll imm32.dll usp10.dll version.dll credui.dll urlmon.dll authui.dll cryptui.dll GdiPlus.dll gdi32.dll shell32.dll dui70.dll devobj.dll smdiagnostics.dll xmllite.dll api-ms-win-downlevel-shlwapi-l1-1-0.dll api-ms-win-downlevel-advapi32-l1-1-0.dll api-ms-win-downlevel-version-l1-1-0.dll gdi32.dll api-ms-win-downlevel-normaliz-l1-1-0.dllnormaliz.dll iertutil.dll ntdll.dll propsys.dll setupapi.dll cfgmgr32.dll msutb.dll dhcpcsvc6.dll wintypes.dll,normal
 advapi32.dll kernel32.dll kernelbase.dll userenv.dll user32.dll lpk.dll usp10.dll msvcrt.dll imm32.dll msctf.dll Microsoft.VisualStudio.Tools.Applications.AddInAdapter.v9.0.ni.dll rpcrt4.dll oleaut32.dll mmdevapi.dll clbcatq.dll advapi32.dll sechost.dll ntdll.dll sechost.dll wow64.dll wow64win.dll kernel32.dll kernel32.dll kernel32.dll kernel32.dll sxs.dll kernel32.dll kernelbase.dll advapi32.dll winmmbase.dll mscoreei.dll rpcrt4.dll sspicli.dll lpk.dll dnsapi.dll ws2_32.dll nsi.dll winnsi.dll dhcpcsvc.dll dhcpcsvc6.dll twinapi.appcore.dll shlwapi.dll gdi32.dll user32.dll system.runtime.serialization.formatters.soap.ni.dll usp10.dll ole32.dll imm32.dll clrjit.dll ntdll.dll oleaut32.dll cryptsp.dll rsaenh.dll RpcEpMap.dll wevtapi.dll ntdll.dll ntdll.dll wow64.dll ntdll.dll ole32.dll kernel32.dll kernel32.dll kernel32.dll user32.dll kernel32.dll kernel32.dll msvcrt.dll oleaut32.dll winbrand.dll gdi32.dll user32.dll advapi32.dll cbsapi.dll rpcrt4.dll sspicli.dll winnsi.dll system.web.dll System.Web.Services.dll version.dll imm32.dll msctf.dll System.ComponentModel.Composition.Registration.ni.dll clbcatq.dll xmllite.dll clbcatq.dll wintrust.dll crypt32.dll msasn1.dll cryptsp.dll rsaenh.dll msisip.dll wshext.dll comctl32.dll shell32.dll kernel32.dll scrobj.dll msi.dll scrrun.dll ntdll.dll setupapi.dll wow64.dll wow64win.dll wow64cpu.dll kernel32.dll kernel32.dll propsys.dll user32.dll kernel32.dll kernelbase.dll clbcatq.dll msvcrt.dll sechost.dll rpcrt4.dll sspicli.dll advapi32.dll dnsapi.dll mscorlib.dll oleaut32.dll winnsi.dll dhcpcsvc.dll dhcpcsvc6.dll shell32.dll shlwapi.dll gdi32.dll user32.dll msvcrt.dll usp10.dll ole32.dll imm32.dll msctf.dll gdi32.dll oleaut32.dll cryptsp.dll system.configuration.dll rpcrtremote.dll wevtapi.dll ntdll.dll ieui.dll bcrypt.dll gdi32.dll user32.dll lpk.dll usp10.dll msasn1.dll imm32.dll System.Numerics.dll ole32.dll rpcrt4.dll oleaut32.dll cryptbase.dll clbcatq.dll advapi32.dll sechost.dll ntdll.dll kernel32.dll sppuinotify.dll gdi32.dll sechost.dll lpk.dll usp10.dll msvcrt.dll comctl32.dll msctf.dll ole32.dll rpcrt4.dll msvcr120_clr0400.dll ntdll.dll system.addin.contract.dll kernelbase.dll advapi32.dll msvcrt.dll sechost.dll rpcrt4.dll gdi32.dll user32.dll lpk.dll ole32.dll msswch.dll winmm.dll dwmapi.dll gdiplus.dll ole32.dll sspicli.dll mscorlib.dll shlwapi.dll wmsgapi.dll duser.dll uxtheme.dll imm32.dll msctf.dll cryptbase.dll dui70.dll comctl32.dll xmllite.dll clbcatq.dll user32.dll cryptsp.dll twext.dll rpcrtremote.dll imageres.dll windowscodecs.dll wow64win.dll propsys.dll shell32.dll imecfm.dll ucrtbase.dll ntdll.dll ntdll.dll wow64.dll wow64win.dll wow64cpu.dll kernel32.dll kernel32.dll kernel32.dll user32.dll kernel32.dll kernelbase.dll advapi32.dll shell32.dll sechost.dll rpcrt4.dll sspicli.dll ntdll.dll dnsapi.dll ws2_32.dll nsi.dll winnsi.dll dhcpcsvc.dll dhcpcsvc6.dll system.data.oracleclient.ni.dll wtsapi32.dll gdi32.dll user32.dll lpk.dll usp10.dll gdi32.dll rpcrt4.dll msctf.dll kernel32.dll oleaut32.dll lpk.dll api-ms-win-crt-convert-l1-1-0.dll rpcrtremote.dll Microsoft.Transactions.Bridge.ni.dll ntdll.dll kernel32.dll kernelbase.dll secur32.dll user32.dll lpk.dll usp10.dll msvcrt.dll imm32.dll msctf.dll rsaenh.dll rpcrt4.dll oleaut32.dll cryptbase.dll clbcatq.dll advapi32.dll sechost.dll api-ms-win-core-synch-l1-2-0.dll kernel32.dll rpcrt4.dll kernelbase.dll msvcrt.dll sechost.dll rpcrt4.dll ole32.dll msasn1.dll user32.dll lpk.dll usp10.dll imm32.dll msctf.dll setupapi.dll oleaut32.dll shell32.dll shlwapi.dll sechost.dll wuaueng.dll cbscore.dll version.dll crypt32.dll msasn1.dll wintrust.dll userenv.dll profapi.dll advapi32.dll gdi32.dll dpx.dll dpx.dll wcp.dll drupdate.dll setupapi.dll cfgmgr32.dll devobj.dll mpr.dll wrpint.dll sxsstore.dll dnsapi.dll windowsbase.dll webio.dll winhttp.dll cryptsp.dll sensapi.dll cryptsp.dll rsaenh.dll rpcrtremote.dll clbcatq.dll cbsapi.dll smipi.dll smiengine.dll,normal
 wkscli.dll System.Numerics.ni.dll wow64.dll wow64win.dll wow64cpu.dll kernel32.dll lpk.dll advapi32.dll user32.dll system.configuration.dll RpcRtRemote.dll advapi32.dll msvcrt.dll sechost.dll rpcrt4.dll userenv.dll SensApi.dll msvcr120_clr0400.dll mscoree.dll mmdevapi.dll gdi32.dll msxml3.dll msi.dll sxs.dll oleaut32.dll imm32.dll lpk.dll scecli.dll rsaenh.dll RpcRtRemote.dll fastprox.dll apphelp.dll mscoreei.dll mscorwks.dll rpcrt4.dll advapi32.dll shell32.dll profapi.dll mscorlib.ni.dll kernel32.dll mscorlib.dll mscorlib.dll version.dll mscorlib.dll mscorlib.dll Microsoft.VisualStudio.Tools.Office.Excel.AddInProxy.v9.0.dll Microsoft.VisualStudio.Tools.Office.Excel.AddInProxy.v9.0.dll mscorsec.dll wintrust.dll crypt32.dll msasn1.dll spoolss.dll riched20.dll imagehlp.dll ncrypt.dll bcrypt.dll bcryptprimitives.dll userenv.dll ole32.dll cryptnet.dll Wldap32.dll SensApi.dll Microsoft.VisualStudio.Tools.Office.Excel.AddInProxy.v9.0.dll shlwapi.dll System.AddIn.ni.dll kernelbase.dll Microsoft.VisualStudio.Tools.Office.AddInAdapter.v9.0.dll Microsoft.VisualStudio.Tools.Office.AddInAdapter.v9.0.dll System.AddIn.dll System.AddIn.dll mscorlib.dll System.AddIn.dll System.dll System.dll System.dll System.dll Microsoft.VisualStudio.Tools.Office.Contract.v9.0.ni.dll Microsoft.VisualStudio.Tools.Office.Contract.v9.0.dll Microsoft.VisualStudio.Tools.Office.Contract.v9.0.dll Microsoft.Office.Interop.Excel.dll Microsoft.Office.Interop.Excel.dll Microsoft.Office.Interop.Excel.dll Microsoft.Office.Tools.v9.0.ni.dll Microsoft.Office.Tools.v9.0.dll adsnt.dll System.Core.ni.dll Microsoft.VisualStudio.Tools.Applications.Adapter.v9.0.ni.dll Microsoft.VisualStudio.Tools.Applications.Adapter.v9.0.dll Microsoft.VisualStudio.Tools.Applications.Adapter.v9.0.dll Microsoft.VisualStudio.Tools.Applications.Adapter.v9.0.dll Microsoft.VisualStudio.Tools.Applications.Adapter.v9.0.dll System.Core.dll Microsoft.VisualStudio.Tools.Applications.Runtime.v9.0.dll System.Core.dll System.Core.dll System.AddIn.Contract.ni.dll System.AddIn.Contract.dll System.AddIn.Contract.dll System.AddIn.Contract.dll System.AddIn.Contract.dll oleaut32.dll Microsoft.VisualStudio.Tools.Applications.Runtime.v9.0.dll version.dll Microsoft.VisualStudio.Tools.Applications.Runtime.v9.0.dll Microsoft.VisualStudio.Tools.Applications.Runtime.v9.0.dll Microsoft.VisualStudio.Tools.Applications.AddInAdapter.v9.0.ni.dll Microsoft.VisualStudio.Tools.Applications.AddInAdapter.v9.0.dll Microsoft.VisualStudio.Tools.Applications.AddInAdapter.v9.0.dll wow64win.dll Microsoft.VisualStudio.Tools.Applications.AddInAdapter.v9.0.dll Microsoft.VisualStudio.Tools.Applications.Contract.v9.0.ni.dll Microsoft.VisualStudio.Tools.Applications.Contract.v9.0.dll cryptbase.dll Microsoft.VisualStudio.Tools.Applications.Contract.v9.0.dll Microsoft.VisualStudio.Tools.Applications.Contract.v9.0.dll System.Runtime.Remoting.ni.dll System.Runtime.Remoting.dll System.Runtime.Remoting.dll System.Configuration.ni.dll System.configuration.dll api-ms-win-downlevel-ole32-l1-1-0.dll rsaenh.dll System.configuration.dll System.Xml.ni.dll msvcrt.dll System.XML.dll System.XML.dll System.XML.dll System.Security.ni.dll System.Xaml.dll System.Security.dll System.Security.dll System.Security.dll ntdll.dll ntdll.dll wow64.dll wow64win.dll sechost.dll msasn1.dll kernel32.dll dhcpcsvc6.dll wow64.dll kernel32.dll KernelBase.dll advapi32.dll system.data.dll sechost.dll rpcrt4.dll sspicli.dll cryptbase.dll msvcr120_clr0400.dll shlwapi.dll ole32.dll shacct.dll user32.dll lpk.dll sxs.dll msvcr120_clr0400.dll imm32.dll msctf.dll ntdll.dll rsaenh.dll api-ms-win-core-synch-l1-2-0.dll clbcatq.dll sechost.dll mscoreei.dll clr.dll shlwapi.dll mscorlib.ni.dll cryptsp.dll System.ni.dll Accessibility.dll ntdll.dll version.dll system.dll System.ServiceModel.Activation.dll System.ni.dll mscorlib.dll System.dll System.dll System.Core.dll System.Core.dll System.ServiceModel.ni.dll System.ServiceModel.dll System.ServiceModel.dll System.ServiceModel.Internals.ni.dll System.ServiceModel.Internals.dll System.ServiceModel.Internals.dll System.Web.ni.dll System.Web.dll System.Web.dll System.ServiceModel.Activities.ni.dll System.ServiceModel.Activities.dll windows.globalization.dll System.Activities.ni.dll System.Activities.dll System.Activities.dll System.Xaml.ni.dll System.Xaml.dll System.Xaml.dll System.Xml.Linq.ni.dll System.Xml.Linq.dll System.Xml.Linq.dll System.Xaml.Hosting.ni.dll System.Xml.ni.dll System.Xml.dll System.Xml.dll System.Configuration.ni.dll sechost.dll System.Configuration.dll System.Transactions.ni.dll System.Transactions.dll System.Transactions.dll system.data.dll tipskins.dll System.Deployment.ni.dll System.Net.Http.dll SMDiagnostics.ni.dll SMDiagnostics.dll SMDiagnostics.dll RpcRtRemote.dll wintrust.dll System.Runtime.DurableInstancing.dll userenv.dll System.Numerics.ni.dll System.Numerics.dll System.Numerics.dll System.Security.ni.dll System.Security.dll System.Runtime.Remoting.dll,normal
 ntdll.dll kernel32.dll KernelBase.dll gdi32.dll user32.dll lpk.dll usp10.dll System.Configuration.dll sechost.dll msctf.dll ole32.dll rpcrt4.dll oleaut32.dll winbrand.dll clbcatq.dll advapi32.dll cryptbase.dll ntdll.dll kernel32.dll wow64.dll vm3dum64.dll wow64cpu.dll kernel32.dll kernel32.dll wkscli.dll user32.dll kernel32.dll mscorlib.dll msvcrt.dll winbrand.dll user32.dll advapi32.dll lpk.dll KernelBase.dll advapi32.dll sechost.dll rpcrt4.dll sspicli.dll cryptbase.dll imm32.dll msctf.dll apphelp.dll,normal
 ntdll.dll kernel32.dll KernelBase.dll gdi32.dll user32.dll cryptsp.dll dxgi.dll msvcrt.dll imm32.dll msctf.dll ole32.dll rpcrt4.dll oleaut32.dll ntdll.dll schedsvc.dll wow64.dll wow64win.dll wow64cpu.dll kernel32.dll cryptbase.dll kernel32.dll user32.dll portabledeviceapi.dll oleaut32.dll advapi32.dll msvcrt.dll sechost.dll rpcrt4.dll sspicli.dll cryptbase.dll dnsapi.dll ws2_32.dll nsi.dll rpcrt4.dll rpcrt4.dll dhcpcsvc6.dll shell32.dll shlwapi.dll lpk.dll Microsoft.JScript.dll lpk.dll usp10.dll rpcrt4.dll imm32.dll SensApi.dll clbcatq.dll oleaut32.dll cryptsp.dll rsaenh.dll RpcRtRemote.dll wevtapi.dll ntdll.dll kernel32.dll System.Security.ni.dll gdi32.dll msvcrt.dll lpk.dll usp10.dll msvcrt.dll imm32.dll msctf.dll ole32.dll rpcrt4.dll msctf.dll ntdll.dll ntdll.dll msvcrt.dll wow64win.dll kernel.appcore.dll kernel32.dll kernel32.dll kernel32.dll user32.dll kernel32.dll KernelBase.dll advapi32.dll msvcrt.dll comctl32.dll rpcrt4.dll sspicli.dll cryptbase.dll System.Management.Automation.dll ws2_32.dll nsi.dll winnsi.dll dhcpcsvc.dll dhcpcsvc6.dll shell32.dll shlwapi.dll gdi32.dll user32.dll ntdll.dll usp10.dll ole32.dll kernelbase.dll msctf.dll clbcatq.dll shell32.dll cryptsp.dll rsaenh.dll kernel32.dll rsaenh.dll ntdll.dll ntdll.dll wow64.dll wow64win.dll api-ms-win-downlevel-version-l1-1-0.dll wow64win.dll kernel32.dll kernel32.dll kernel32.dll kernel32.dll ktmw32.dll advapi32.dll SensApi.dll sechost.dll devobj.dll sspicli.dll cryptbase.dll dnsapi.dll ws2_32.dll clbcatq.dll msvcrt.dll dhcpcsvc.dll dhcpcsvc6.dll shell32.dll shlwapi.dll wow64win.dll user32.dll lpk.dll usp10.dll ole32.dll windows.storage.dll msctf.dll clbcatq.dll oleaut32.dll cryptsp.dll rsaenh.dll RpcRtRemote.dll wevtapi.dll ntdll.dll ntdll.dll wow64.dll wow64win.dll wow64cpu.dll kernel32.dll kernel32.dll ole32.dll user32.dll kernel32.dll KernelBase.dll msvcrt.dll rpcrt4.dll user32.dll gdi32.dll lpk.dll usp10.dll advapi32.dll sechost.dll rpcrt4.dll sspicli.dll shlwapi.dll kernel32.dll crypt32.dll cryptsp.dll,normal
 ntdll.dll ntdll.dll,normal
 kernelbase.dll kernel32.dll rpcrt4.dll advapi32.dll msvcrt.dll sechost.dll rpcrt4.dll gdi32.dll user32.dll lpk.dll usp10.dll wow64.dll msasn1.dll wmsgapi.dll wtsapi32.dll winmm.dll userenv.dll profapi.dll winsta.dll kernel32.dll msasn1.dll MsCtfMonitor.dll msctf.dll version.dll gdi32.dll comctl32.dll shlwapi.dll secur32.dll sspicli.dll rsaenh.dll cryptbase.dll uxtheme.dll wintrust.dll acropdf.dll rsaenh.dll imagehlp.dll dwmapi.dll bcrypt.dll bcryptprimitives.dll ncrypt.dll gpapi.dll cryptnet.dll Wldap32.dll version.dll clbcatq.dll oleaut32.dll msvcrt.dll api-ms-win-downlevel-ole32-l1-1-0.dll api-ms-win-downlevel-shlwapi-l1-1-0.dll ntdll.dll api-ms-win-downlevel-user32-l1-1-0.dll api-ms-win-downlevel-version-l1-1-0.dll api-ms-win-downlevel-normaliz-l1-1-0.dllnormaliz.dll system.transactions.dll wininet.dll,normal
 ntdll.dll ntdll.dll ws2_32.dll winhttp.dll msvcrt.dll kernel32.dll kernel32.dll kernel32.dll System.Core.ni.dll kernel32.dll KernelBase.dll msvcrt.dll winbrand.dll user32.dll gdi32.dll lpk.dll dhcpcsvc6.dll advapi32.dll vcruntime140.dll rpcrt4.dll sspicli.dll System.Design.ni.dll imm32.dll msctf.dll apphelp.dll,normal
 ntdll.dll kernel32.dll kernelbase.dll gdi32.dll user32.dll lpk.dll System.EnterpriseServices.ni.dll advapi32.dll imm32.dll msctf.dll lpk.dll rpcrt4.dll oleaut32.dll cryptbase.dll clbcatq.dll advapi32.dll userenv.dll ntdll.dll kernel32.dll sechost.dll winbrand.dll msvcrt.dll sechost.dll rpcrt4.dll gdi32.dll user32.dll lpk.dll usp10.dll user32.dll msimg32.dll wmsgapi.dll wtsapi32.dll winmm.dll wow64.dll profapi.dll winsta.dll crypt32.dll msasn1.dll kernel32.dll msctf.dll imm32.dll msutb.dll comctl32.dll shlwapi.dll secur32.dll clbcatq.dll shell32.dll cryptbase.dll uxtheme.dll dpx.dll cryptsp.dll rsaenh.dll imagehlp.dll bcrypt.dll bcryptprimitives.dll msvcrt.dll ntdll.dll gdi32.dll wldap32.dll sensapi.dll version.dll clbcatq.dll oleaut32.dll system.xml.dll api-ms-win-downlevel-ole32-l1-1-0.dll api-ms-win-downlevel-shlwapi-l1-1-0.dll microsoft.visualstudio.tools.office.outlook.hostadapter.v10.0.ni.dll api-ms-win-downlevel-user32-l1-1-0.dll api-ms-win-downlevel-version-l1-1-0.dll sspicli.dll msxml3.dll iertutil.dll wininet.dll,normal
 ntdll.dll kernel32.dll KernelBase.dll gdi32.dll user32.dll lpk.dll usp10.dll msvcrt.dll imm32.dll kernel32.dll ole32.dll rpcrt4.dll oleaut32.dll cryptbase.dll clbcatq.dll advapi32.dll sechost.dll ntdll.dll ntdll.dll wow64.dll wow64win.dll msvcrt.dll kernel32.dll kernel32.dll kernel32.dll user32.dll profapi.dll KernelBase.dll advapi32.dll ntdll.dll sechost.dll rpcrt4.dll sspicli.dll cryptbase.dll dnsapi.dll msctf.dll sspicli.dll winnsi.dll dhcpcsvc.dll dhcpcsvc6.dll shell32.dll shlwapi.dll gdi32.dll user32.dll clbcatq.dll usp10.dll ole32.dll imm32.dll msctf.dll mrmcorer.dll tdh.dll cryptsp.dll wow64cpu.dll RpcRtRemote.dll wevtapi.dll ntdll.dll system.transactions.ni.dll usp10.dll gdi32.dll user32.dll shell32.dll usp10.dll msvcrt.dll imm32.dll user32.dll cryptbase.dll rpcrt4.dll xmllite.dll cryptbase.dll riched20.dll advapi32.dll sechost.dll ntdll.dll kernel32.dll KernelBase.dll gdi32.dll user32.dll lpk.dll usp10.dll msvcrt.dll imm32.dll msctf.dll ole32.dll rpcrt4.dll oleaut32.dll ntdll.dll clbcatq.dll kernel32.dll gdi32.dll user32.dll lpk.dll usp10.dll msctf.dll imm32.dll ntmarta.dll ole32.dll rpcrt4.dll oleaut32.dll ntdll.dll ntdll.dll wow64.dll ntdll.dll wow64cpu.dll kernel32.dll kernel32.dll kernel32.dll user32.dll eappcfg.dll KernelBase.dll msvcrt.dll uxtheme.dll user32.dll gdi32.dll lpk.dll imm32.dll advapi32.dll sppc.dll presentationframework.royale.dll sspicli.dll cryptbase.dll cfgmgr32.dll rsaenh.dll apphelp.dll,normal
 ntdll.dll profapi.dll kernelbase.dll oleaut32.dll System.Drawing.ni.dll gdi32.dll lpk.dll usp10.dll msctf.dll rpcrt4.dll comctl32.dll shlwapi.dll advapi32.dll sechost.dll shell32.dll version.dll comdlg32.dll imagehlp.dll setupapi.dll cfgmgr32.dll oleaut32.dll devobj.dll imageres.dll msctf.dll userenv.dll uxtheme.dll dwmapi.dll cryptbase.dll profapi.dll winsta.dll msftedit.dll netapi32.dll usp10.dll api-ms-win-core-threadpool-l1-2-0.dll ntdll.dll logoncli.dll dsrole.dll netid.dll dnsapi.dll ws2_32.dll nsi.dll netjoin.dll credui.dll mscorlib.ni.dll msasn1.dll wldap32.dll winbrand.dll System.Xml.dll advapi32.dll vssapi.dll atl.dll vsstrace.dll rpcrt4.dll System.Xaml.dll apphelp.dll slc.dll powrprof.dll imageres.dll wow64.dll samcli.dll regapi.dll sspicli.dll,normal
 ntdll.dll ntdll.dll setupapi.dll wow64win.dll wow64cpu.dll kernel32.dll shlwapi.dll localsec.dll user32.dll kernel32.dll KernelBase.dll advapi32.dll msvcrt.dll sechost.dll rpcrt4.dll sspicli.dll cryptbase.dll oleaut32.dll ws2_32.dll system.dll winnsi.dll dhcpcsvc.dll dhcpcsvc6.dll shell32.dll user32.dll gdi32.dll user32.dll ucrtbase.dll usp10.dll ole32.dll ws2_32.dll msctf.dll clbcatq.dll sechost.dll cryptsp.dll rsaenh.dll RpcRtRemote.dll wevtapi.dll ntdll.dll ntdll.dll bcryptprimitives.dll wow64win.dll wow64cpu.dll kernel32.dll kernel32.dll kernel32.dll user32.dll clbcatq.dll KernelBase.dll msvcrt.dll winbrand.dll System.Windows.Forms.ni.dll gdi32.dll lpk.dll rpcrtremote.dll advapi32.dll sechost.dll kernel32.dll sspicli.dll cryptbase.dll urlmon.dll msctf.dll sechost.dll,normal
 ntdll.dll ntdll.dll kernel32.dll kernelbase.dll cryptbase.dll winmm.dll sechost.dll rpcrt4.dll ole32.dll gdi32.dll user32.dll lpk.dll usp10.dll profsvc.dll msctf.dll Microsoft.JScript.dll shell32.dll wdscore.dll shlwapi.dll dbghelp.dll cryptbase.dll wow64.dll version.dll crypt32.dll comctl32.dll netutils.dll userenv.dll system.directoryservices.dll dpx.dll dpx.dll cryptbase.dll wcp.dll ktmw32.dll drupdate.dll setupapi.dll cfgmgr32.dll devobj.dll mpr.dll srclient.dll system.drawing.dll wrpint.dll sxsstore.dll spp.dll winhttp.dll webio.dll winhttp.dll webio.dll sensapi.dll cryptsp.dll cdp.dll wtsapi32.dll msidle.dll vssapi.dll vsstrace.dll sqmapi.dll cbsapi.dll smipi.dll smiengine.dll ntdll.dll oleaut32.dll kernelbase.dll gdi32.dll user32.dll apphelp.dll cfgmgr32.dll msvcrt.dll system.windows.forms.dll msctf.dll ole32.dll rpcrt4.dll oleaut32.dll cryptbase.dll mapi32.dll oleaut32.dll sechost.dll ntdll.dll kernel32.dll KernelBase.dll advapi32.dll msvcrt.dll sechost.dll sensapi.dll msvcr120_clr0400.dll mscoree.dll ole32.dll gdi32.dll profapi.dll lpk.dll usp10.dll perfos.dll rsaenh.dll msctf.dll cryptbase.dll cryptsp.dll sxs.dll msvcr120_clr0400.dll clbcatq.dll sxs.dll System.dll clr.dll shell32.dll mscorlib.ni.dll clrjit.dll gdi32.dll system.servicemodel.internals.ni.dll version.dll mscorlib.dll mscorlib.dll system.xml.ni.dll imm32.dll usp10.dll sechost.dll mscoreei.dll kernelbase.dll System.Xml.ni.dll msvcrt.dll sechost.dll rpcrt4.dll msvcr120_clr0400.dll mscoree.dll ole32.dll kernel32.dll user32.dll lpk.dll usp10.dll oleaut32.dll imm32.dll msctf.dll cryptbase.dll cryptsp.dll rsaenh.dll rpcrtremote.dll clbcatq.dll sxs.dll mscoreei.dll clr.dll shlwapi.dll mscorlib.ni.dll clrjit.dll system.ni.dll sechost.dll api-ms-win-service-management-l1-1-0.dll version.dll kernelbase.dll system.enterpriseservices.ni.dll system.xml.ni.dll system.core.ni.dll system.web.ni.dll system.web.dll system.web.dll system.configuration.ni.dll system.design.ni.dll system.directoryservices.ni.dll slc.dll system.data.dll system.data.dll system.data.dll gdi32.dll ntdll.dll wow64.dll wow64win.dll system.ni.dll msctf.dll kernel32.dll CbsCore.dll user32.dll kernel32.dll kernelbase.dll advapi32.dll msvcrt.dll gdi32.dll msctf.dll wow64win.dll rpcrt4.dll msvcr120_clr0400.dll mscoree.dll ole32.dll gdi32.dll user32.dll lpk.dll usp10.dll oleaut32.dll imm32.dll msctf.dll ktmw32.dll rsaenh.dll rpcrtremote.dll imageres.dll sxs.dll mscoreei.dll mscorwks.dll msvcr80.dll sspicli.dll shell32.dll user32.dll mscorlib.ni.dll mscorjit.dll mscorlib.dll nsi.dll version.dll mscorlib.dll updatehandlers.dll netapi32.dll microsoft.visualstudio.tools.office.appinfodocument.v9.0.dll system.data.dll wintrust.dll crypt32.dll msasn1.dll comctl32.dll riched20.dll imagehlp.dll ole32.dll bcrypt.dll bcryptprimitives.dll ole32.dll gpapi.dll cryptnet.dll wldap32.dll sensapi.dll microsoft.visualstudio.tools.office.appinfodocument.v9.0.dll system.ni.dll system.addin.ni.dll microsoft.visualstudio.tools.applications.runtime.v9.0.ni.dll kernel32.dll msctf.dll microsoft.visualstudio.tools.applications.runtime.v9.0.dll microsoft.visualstudio.tools.applications.runtime.v9.0.dll bcrypt.dll mscorlib.ni.dll system.dll system.dll System.dll wininet.dll rpcrt4.dll windowsbase.dll gdi32.dll windowsbase.dll windowsbase.dll windowsbase.dll system.xml.ni.dll system.xml.dll user32.dll system.xml.dll system.dll clr.dll PresentationFramework.dll system.addin.dll system.addin.dll system.addin.dll gpsvc.dll kernel32.dll microsoft.visualstudio.tools.office.appinfodocument.v9.0.dll rpcrt4.dll microsoft.visualstudio.tools.office.appinfodocument.v9.0.ni.dll microsoft.visualstudio.tools.office.appinfodocument.v9.0.ni.dll ntdll.dll ntdll.dll msvcrt.dll wow64win.dll wow64cpu.dll ntdll.dll kernel32.dll kernel32.dll user32.dll kernel32.dll kernelbase.dll system.dll msvcrt.dll sechost.dll rpcrt4.dll sspicli.dll cryptbase.dll msvcr120_clr0400.dll mscoree.dll ole32.dll PresentationCore.dll imecfm.dll lpk.dll usp10.dll oleaut32.dll imm32.dll msctf.dll kernel32.dll rsaenh.dll rpcrtremote.dll clbcatq.dll sxs.dll sspicli.dll mscorwks.dll msvcr80.dll rpcrt4.dll system.data.oracleclient.ni.dll profapi.dll mscorlib.ni.dll mscorjit.dll mscorlib.dll mscorlib.dll version.dll System.Runtime.Remoting.dll mscorlib.dll system.ni.dll microsoft.windows.diagnosis.commands.updatediagreport.ni.dll TSWorkspace.dll wow64cpu.dll system.dll system.dll system.dll system.dll system.management.automation.ni.dll system.management.automation.dll imm32.dll microsoft.windows.diagnosis.sdhost.ni.dll microsoft.windows.diagnosis.sdhost.dll microsoft.windows.diagnosis.sdhost.dll system.xml.ni.dll system.xml.dll propsys.dll clbcatq.dll system.xml.dll system.configuration.install.ni.dll system.configuration.install.dll system.windows.forms.dll system.transactions.ni.dll system.transactions.dll system.transactions.dll cryptsp.dll system.transactions.dll system.transactions.dll system.management.ni.dll system.management.dll system.management.dll system.directoryservices.ni.dll system.directoryservices.dll system.directoryservices.dll system.directoryservices.dll sspicli.dll apds.dll secur32.dll system.data.dll system.data.dll kernel32.dll oleacc.dll cryptbase.dll nsi.dll crypt32.dll msasn1.dll system.configuration.ni.dll system.configuration.dll system.configuration.dll system.configuration.dll system.configuration.dll system.security.ni.dll system.security.dll system.security.dll system.security.dll system.security.dll system.data.sqlxml.ni.dll system.data.sqlxml.dll ncryptsslp.dll system.data.sqlxml.dll system.data.sqlxml.dll userenv.dll system.runtime.serialization.formatters.soap.dll system.runtime.serialization.formatters.soap.dll mscoree.dll system.windows.forms.ni.dll system.windows.forms.dll wow64cpu.dll system.windows.forms.dll system.windows.forms.dll system.drawing.dll system.drawing.dll system.drawing.dll system.drawing.dll accessibility.ni.dll SMdiagnostics.dll accessibility.dll accessibility.dll accessibility.dll system.deployment.ni.dll oleaut32.dll system.deployment.dll system.deployment.dll clrjit.dll kernel32.dll system.enterpriseservices.dll system.enterpriseservices.dll system.runtime.remoting.ni.dll system.runtime.remoting.dll system.runtime.remoting.dll microsoft.visualc.ni.dll system.web.ni.dll clbcatq.dll accessibility.ni.dll system.web.dll system.web.dll system.web.services.ni.dll system.web.services.dll system.web.services.dll system.web.services.dll system.web.services.dll system.directoryservices.protocols.ni.dll GdiPlus.dll system.directoryservices.protocols.dll system.directoryservices.protocols.dll system.directoryservices.protocols.dll system.design.ni.dll msasn1.dll system.design.dll system.serviceprocess.ni.dll system.serviceprocess.dll bcryptprimitives.dll system.web.regularexpressions.ni.dll system.web.regularexpressions.dll msasn1.dll system.web.regularexpressions.dll system.web.regularexpressions.dll system.drawing.design.ni.dll system.drawing.design.dll user32.dll version.dll system.data.oracleclient.dll system.data.oracleclient.dll dhcpcsvc.dll system.data.oracleclient.dll system.data.oracleclient.dll microsoft.jscript.ni.dll RpcRtRemote.dll microsoft.jscript.dll microsoft.jscript.dll webservices.dll microsoft.vsa.ni.dll rpcrt4.dll microsoft.vsa.dll microsoft.vsa.dll microsoft.vsa.dll dhcpcsvc.dll microsoft.windows.diagnosis.commands.updatediagrootcause.dll microsoft.windows.diagnosis.commands.updatediagrootcause.dll microsoft.windows.diagnosis.commands.getdiaginput.ni.dll microsoft.windows.diagnosis.commands.getdiaginput.dll microsoft.windows.diagnosis.commands.getdiaginput.dll microsoft.windows.diagnosis.commands.writediagprogress.ni.dll microsoft.windows.diagnosis.commands.writediagprogress.dll lpk.dll ntdll.dll ntdll.dll wow64.dll dnsapi.dll system.web.dll kernel32.dll kernel32.dll kernel32.dll user32.dll kernel32.dll kernelbase.dll advapi32.dll msvcrt.dll sechost.dll rpcrt4.dll sspicli.dll cryptbase.dll rpcrtremote.dll mscoree.dll ole32.dll ws2_32.dll user32.dll lpk.dll sechost.dll msvcr120_clr0400.dll imm32.dll msctf.dll cryptsp.dll oleaut32.dll rpcrtremote.dll clbcatq.dll sxs.dll mscoreei.dll mscorwks.dll msvcr80.dll shlwapi.dll wevtapi.dll rsaenh.dll mscorlib.ni.dll mscorjit.dll mscorlib.dll mscorlib.dll version.dll mscorlib.dll mscorlib.dll system.ni.dll wldp.dll comctl32.dll system.web.abstractions.dll system.web.abstractions.dll system.web.abstractions.dll system.web.abstractions.dll system.dll ole32.dll system.dll sspicli.dll system.web.dll system.web.dll system.web.dll system.web.dll kernel32.dll system.configuration.dll System.Data.dll system.configuration.dll system.configuration.dll system.xml.ni.dll system.xml.dll system.xml.dll system.xml.dll gdi32.dll system.security.ni.dll system.security.dll system.security.dll system.security.dll system.security.dll system.data.sqlxml.ni.dll system.data.sqlxml.dll system.data.sqlxml.dll system.data.sqlxml.dll kernel.appcore.dll rpcrtremote.dll system.drawing.dll system.drawing.dll system.drawing.dll setupapi.dll wow64win.dll system.data.dll system.data.dll system.data.dll system.data.dll ole32.dll ws2_32.dll nsi.dll crypt32.dll msasn1.dll system.web.services.ni.dll system.web.services.dll system.web.services.dll system.web.services.dll system.web.services.dll system.directoryservices.ni.dll system.directoryservices.dll system.directoryservices.dll system.directoryservices.dll system.directoryservices.dll dnsapi.dll system.directoryservices.protocols.dll system.directoryservices.protocols.dll rpcrt4.dll system.directoryservices.protocols.dll ci.dll msctf.dll system.enterpriseservices.dll system.design.ni.dll kernel32.dll system.design.dll system.serviceprocess.ni.dll system.serviceprocess.dll api-ms-win-crt-multibyte-l1-1-0.dll msctf.dll ntdll.dll system.windows.forms.dll system.windows.forms.dll system.windows.forms.dll system.web.regularexpressions.ni.dll system.web.regularexpressions.dll system.web.regularexpressions.dll system.web.regularexpressions.dll version.dll microsoft.visualc.ni.dll system.transactions.ni.dll rpcrt4.dll system.transactions.dll system.transactions.dll system.transactions.dll system.transactions.dll system.runtime.remoting.ni.dll system.runtime.remoting.dll system.runtime.remoting.dll system.runtime.serialization.formatters.soap.ni.dll user32.dll system.runtime.serialization.formatters.soap.dll system.drawing.design.ni.dll system.drawing.design.dll psapi.dll system.data.oracleclient.ni.dll system.data.oracleclient.dll api-ms-win-core-timezone-l1-1-0.dll wpdshext.dll nlaapi.dll system.data.oracleclient.dll accessibility.ni.dll accessibility.dll accessibility.dll accessibility.dll accessibility.dll system.deployment.ni.dll system.deployment.dll usp10.dll system.deployment.dll sspicli.dll imm32.dll system.configuration.install.dll system.configuration.install.dll,normal
 certcli.dll wscisvif.dll,normal
 oleaut32.dll wcmapi.dll rmclient.dll gdiplus.dll rpcrt4.dll wlidres.dll authbroker.dll wininet.dll execmodelproxy.dll windows.security.authentication.onlineid.dll windows.networking.connectivity.dll rpcrt4.dll wlanapi.dll wwapi.dll wcmapi.dll rmclient.dll tokenbroker.dll ntdll.dll msasn1.dll idstore.dll samlib.dll,normal
 ntdll.dll mscoree.dll kernel32.dll ntdll.dll advapi32.dll msvcrt.dll wldap32.dll rpcrt4.dll mscoreei.dll shlwapi.dll rsaenh.dll user32.dll lpk.dll usp10.dll imm32.dll msctf.dll sspicli.dll clr.dll policymanager.dll clr.dll clr.dll ntdll.dll msvcr120_clr0400.dll mscorlib.ni.dll ole32.dll cryptbase.dll mscoree.dll api-ms-win-core-xstate-l2-1-0.dll clrjit.dll oleaut32.dll System.Web.ni.dll lpk.dll kernel32.dll system.ni.dll psapi.dll ntmarta.dll user32.dll rpcrtremote.dll system.core.ni.dll system.configuration.ni.dll system.xml.ni.dll ws2_32.dll nsi.dll mswsock.dll System.Core.ni.dll api-ms-win-downlevel-user32-l1-1-0.dll clbcatq.dll pnrpnsp.dll shlwapi.dll winrnr.dll netapi32.dll netutils.dll srvcli.dll wkscli.dll winnsi.dll dhcpcsvc6.dll dhcpcsvc.dll shell32.dll comctl32.dll comctl32.dll gdiplus.dll windowscodecs.dll system.servicemodel.ni.dll profapi.dll smdiagnostics.ni.dll urlmon.dll api-ms-win-downlevel-ole32-l1-1-0.dll rpcrt4.dll api-ms-win-downlevel-advapi32-l1-1-0.dll sspicli.dll api-ms-win-downlevel-version-l1-1-0.dll api-ms-win-downlevel-normaliz-l1-1-0.dll oleaut32.dll iertutil.dll wininet.dll userenv.dll profapi.dll user32.dll api-ms-win-core-debug-l1-1-0.dll ntdll.dll system.servicemodel.internals.ni.dll system.servicemodel.web.ni.dll system.workflowservices.ni.dll KernelBase.dll advapi32.dll system.transactions.dll system.enterpriseservices.ni.dll system.enterpriseservices.wrapper.dll system.enterpriseservices.wrapper.dll system.enterpriseservices.wrapper.dll system.enterpriseservices.wrapper.dll credssp.dll msv1_0.dll mscorwks.dll dwmapi.dll system.data.ni.dll system.data.dll crypt32.dll msasn1.dll usp10.dll oleacc.dll imecfm.dll winmm.dll msswch.dll system.drawing.ni.dll imm32.dll rpcrt4.dll system.xaml.ni.dll diasymreader.dll,normal
 ntdll.dll sechost.dll ntdll.dll wow64.dll wow64win.dll wow64cpu.dll kernel32.dll sechost.dll kernel32.dll user32.dll kernel32.dll kernelbase.dll advapi32.dll msvcrt.dll sechost.dll rpcrt4.dll msctf.dll cryptbase.dll dnsapi.dll ws2_32.dll System.Data.OracleClient.dll winnsi.dll wbemcomn.dll dhcpcsvc6.dll shell32.dll shlwapi.dll gdi32.dll user32.dll lpk.dll KernelBase.dll ole32.dll imm32.dll WindowsBase.dll clbcatq.dll system.core.dll rpcrtremote.dll wevtapi.dll oleaut32.dll bcryptprimitives.dll,normal
 ntdll.dll kernel32.dll propsys.dll advapi32.dll msvcrt.dll sechost.dll rpcrt4.dll user32.dll advapi32.dll lpk.dll api-ms-win-downlevel-user32-l1-1-0.dll wow64cpu.dll comctl32.dll shell32.dll shell32.dll dui70.dll imm32.dll msctf.dll cryptbase.dll propsys.dll ntdll.dll clbcatq.dll profapi.dll crypt32.dll msasn1.dll ntmarta.dll wow64win.dll version.dll sspicli.dll setupapi.dll cfgmgr32.dll devobj.dll mpr.dll ole32.dll wininet.dll mfmediaengine.dll,normal
 ntdll.dll kernel32.dll KernelBase.dll shlwapi.dll user32.dll lpk.dll usp10.dll msvcrt.dll imm32.dll msctf.dll ole32.dll rpcrt4.dll oleaut32.dll uxtheme.dll cryptsp.dll advapi32.dll sechost.dll comctl32.dll dhcpcsvc.dll cryptbase.dll msswch.dll winmm.dll,normal
 sxsstore.dll kernel32.dll kernelbase.dll gdi32.dll user32.dll msvcrt.dll kernelbase.dll oleaut32.dll aaclient.dll msctf.dll rpcrt4.dll sspicli.dll sechost.dll ntdll.dll kernel32.dll bcryptprimitives.dll clbcatq.dll,normal
 ntdll.dll ntdll.dll msctf.dll wow64win.dll wow64cpu.dll kernel32.dll devicecenter.dll kernel32.dll user32.dll kernel32.dll KernelBase.dll advapi32.dll msvcrt.dll sechost.dll rpcrt4.dll rpchttp.dll cryptbase.dll dnsapi.dll ws2_32.dll nsi.dll winnsi.dll dhcpcsvc.dll dhcpcsvc6.dll shell32.dll gpsvc.dll gdi32.dll ole32.dll lpk.dll usp10.dll ole32.dll imm32.dll bcryptprimitives.dll clbcatq.dll imageres.dll cryptsp.dll rsaenh.dll RpcRtRemote.dll wevtapi.dll ntdll.dll kernel32.dll KernelBase.dll gdi32.dll advapi32.dll lpk.dll cscdll.dll msvcrt.dll mscoree.dll wintrust.dll advapi32.dll rpcrt4.dll oleaut32.dll cryptbase.dll clbcatq.dll msswch.dll shell32.dll ntdll.dll ntdll.dll rascfg.dll Microsoft.Office.Tools.v4.0.Framework.ni.dll wow64cpu.dll kernel32.dll kernel32.dll shell32.dll kernel32.dll kernel32.dll shlwapi.dll advapi32.dll mscorlib.dll sechost.dll rpcrt4.dll sspicli.dll cryptbase.dll dnsapi.dll ws2_32.dll nsi.dll winnsi.dll sqmapi.dll dhcpcsvc6.dll shell32.dll shlwapi.dll gdi32.dll mscoreei.dll lpk.dll usp10.dll ole32.dll oleaut32.dll msctf.dll clbcatq.dll oleaut32.dll cryptsp.dll rsaenh.dll RpcRtRemote.dll shlwapi.dll ntdll.dll crypt32.dll ntdll.dll gdi32.dll wow64cpu.dll kernel32.dll kernel32.dll lspwaoie.dll rpcrt4.dll kernel32.dll KernelBase.dll ntdll.dll winbrand.dll user32.dll gdi32.dll lpk.dll usp10.dll advapi32.dll sechost.dll rpcrt4.dll sspicli.dll shell32.dll imm32.dll msctf.dll spoolss.dll,normal
 ntdll.dll kernel32.dll system.dll advapi32.dll msvcrt.dll kernel32.dll user32.dll msasn1.dll shlwapi.dll gdi32.dll user32.dll lpk.dll usp10.dll imm32.dll msctf.dll ole32.dll msutb.dll uxtheme.dll propsys.dll cryptbase.dll comctl32.dll clbcatq.dll ntmarta.dll Wldap32.dll profapi.dll mscoree.dll api-ms-win-downlevel-ole32-l1-1-0.dll api-ms-win-downlevel-shlwapi-l1-1-0.dll sechost.dll api-ms-win-downlevel-user32-l1-1-0.dll advapi32.dll version.dll gdi32.dll iertutil.dll wininet.dll userenv.dll secur32.dll netlogon.dll setupapi.dll cfgmgr32.dll winnsi.dll mscorlib.ni.dll urlmon.dll api-ms-win-downlevel-ole32-l1-1-0.dll api-ms-win-downlevel-user32-l1-1-0.dll rpcrt4.dll version.dll api-ms-win-downlevel-normaliz-l1-1-0.dllnormaliz.dll iertutil.dll wininet.dll userenv.dll RstrtMgr.dll msctf.dll wow64.dll wow64win.dll wow64cpu.dll kernel32.dll winnsi.dll kernel32.dll user32.dll kernel32.dll system.data.ni.dll advapi32.dll System.Security.dll sechost.dll rpcrt4.dll sspicli.dll cryptbase.dll dnsapi.dll ws2_32.dll nsi.dll winnsi.dll kernel32.dll winbrand.dll shell32.dll shlwapi.dll gdi32.dll user32.dll SensApi.dll usp10.dll ole32.dll imm32.dll shell32.dll clbcatq.dll oleaut32.dll cryptsp.dll rsaenh.dll RpcRtRemote.dll wevtapi.dll cryptsp.dll kernel32.dll imm32.dll advapi32.dll system.transactions.ni.dll rpcrt4.dll user32.dll tquery.dll ntasn1.dll ntdll.dll mscoree.dll mscoreei.dll cryptsp.dll rsaenh.dll RpcRtRemote.dll mssprxy.dll mpr.dll lpk.dll usp10.dll ole32.dll oleaut32.dll imm32.dll msctf.dll cryptbase.dll clbcatq.dll sechost.dll sxs.dll ntdll.dll rsaenh.dll ucrtbase.dll kernel.appcore.dll api-ms-win-core-file-l2-1-0.dll api-ms-win-core-localization-l1-2-0.dll advapi32.dll api-ms-win-core-synch-l1-2-0.dll wtsapi32.dll api-ms-win-core-file-l1-2-0.dll api-ms-win-crt-string-l1-1-0.dll msctf.dll api-ms-win-crt-stdio-l1-1-0.dll api-ms-win-crt-convert-l1-1-0.dll winnsi.dll profapi.dll System.Xml.ni.dll api-ms-win-crt-locale-l1-1-0.dll lpk.dll api-ms-win-crt-time-l1-1-0.dll api-ms-win-crt-filesystem-l1-1-0.dll api-ms-win-crt-environment-l1-1-0.dll user32.dll xmllite.dll ole32.dll windowsbase.dll msoshext.dll Query.dll GdiPlus.dll msxml3.dll wucltux.dll ntdll.dll kernel32.dll cfgmgr32.dll advapi32.dll msvcrt.dll kernel32.dll microsoft.visualstudio.tools.office.contract.v9.0.dll msvcr120_clr0400.dll mscoree.dll ole32.dll gdi32.dll user32.dll lpk.dll usp10.dll oleaut32.dll imm32.dll msctf.dll cryptbase.dll cryptsp.dll rsaenh.dll RpcRtRemote.dll mscoreei.dll sxs.dll policymanager.dll msvcr120_clr0400.dll shlwapi.dll mscorlib.ni.dll clrjit.dll System.ni.dll System.Core.ni.dll version.dll mscorlib.dll mscorlib.dll System.Net.Http.ni.dll KernelBase.dll System.Xml.ni.dll System.Numerics.ni.dll System.Security.ni.dll ntdll.dll clbcatq.dll clbcatq.dll wow64win.dll wow64cpu.dll kernel32.dll dhcpcsvc.dll kernel32.dll user32.dll kernel32.dll KernelBase.dll apphelp.dll msvcrt.dll sechost.dll rpcrt4.dll sspicli.dll msctf.dll msvcr120_clr0400.dll advapi32.dll ole32.dll gdi32.dll user32.dll lpk.dll usp10.dll SensApi.dll imm32.dll msctf.dll cryptsp.dll rsaenh.dll RpcRtRemote.dll msctf.dll sxs.dll dwmapi.dll mscorwks.dll lpk.dll msctf.dll rsaenh.dll profapi.dll mscorlib.ni.dll mscorjit.dll mscorlib.dll mscorlib.dll version.dll mscorlib.dll mscorwks.dll System.ni.dll ncrypt.dll Microsoft.Windows.Diagnosis.Commands.WriteDiagProgress.dll Microsoft.Windows.Diagnosis.Commands.WriteDiagProgress.dll System.dll System.dll System.dll workfoldersshell.dll System.Management.Automation.ni.dll System.Management.Automation.dll System.Management.Automation.dll Microsoft.Windows.Diagnosis.SDHost.ni.dll Microsoft.Windows.Diagnosis.SDHost.dll Microsoft.Windows.Diagnosis.SDHost.dll System.Configuration.Install.ni.dll System.Configuration.Install.dll System.Configuration.Install.dll System.Transactions.ni.dll shlwapi.dll System.Transactions.dll kernelbase.dll System.Transactions.dll System.Transactions.dll System.Xml.ni.dll System.Web.Extensions.dll System.XML.dll System.XML.dll System.XML.dll System.Management.ni.dll System.Management.dll System.Management.dll System.DirectoryServices.ni.dll System.DirectoryServices.dll System.DirectoryServices.dll rpcrt4.dll System.DirectoryServices.dll System.Data.ni.dll System.Data.dll System.Data.dll System.Data.dll System.Data.dll System.Data.dll ws2_32.dll nsi.dll crypt32.dll msasn1.dll System.Configuration.ni.dll rpcrt4.dll System.configuration.dll System.configuration.dll System.configuration.dll System.Xml.ni.dll System.Security.dll rpcrt4.dll System.Security.dll System.Security.dll System.Data.SqlXml.ni.dll System.Data.SqlXml.dll System.Data.SqlXml.dll advapi32.dll System.Data.SqlXml.dll System.Runtime.Serialization.Formatters.Soap.ni.dll shlwapi.dll System.Runtime.Serialization.Formatters.Soap.dll System.Drawing.ni.dll System.Windows.Forms.ni.dll System.Windows.Forms.dll System.Windows.Forms.dll windows.internal.ui.logon.proxystub.dll System.Windows.Forms.dll System.Drawing.dll System.Drawing.dll System.Drawing.dll msvcr120_clr0400.dll Accessibility.ni.dll Accessibility.dll Accessibility.dll Accessibility.dll Accessibility.dll System.Deployment.ni.dll nsi.dll msvcrt.dll System.Deployment.dll oleaut32.dll System.EnterpriseServices.ni.dll profapi.dll System.EnterpriseServices.dll System.Runtime.Remoting.ni.dll mscorlib.dll System.Runtime.Remoting.dll Microsoft.VisualC.ni.dll System.Web.ni.dll System.Web.dll System.Web.dll System.Web.dll System.Web.dll System.Web.Services.ni.dll System.Web.Services.dll kernel32.dll System.Web.Services.dll System.Web.Services.dll System.DirectoryServices.Protocols.ni.dll System.DirectoryServices.Protocols.dll System.DirectoryServices.Protocols.dll System.DirectoryServices.Protocols.dll System.DirectoryServices.Protocols.dll user32.dll wow64cpu.dll ntdll.dll System.ServiceProcess.ni.dll System.ServiceProcess.dll System.ServiceProcess.dll imm32.dll System.Web.RegularExpressions.dll msctf.dll dhcpcsvc.dll System.Web.RegularExpressions.dll lpk.dll System.Drawing.Design.dll System.Drawing.Design.dll System.Data.OracleClient.ni.dll System.Data.OracleClient.dll wevtapi.dll System.Data.OracleClient.dll System.Data.OracleClient.dll System.Data.OracleClient.dll Microsoft.JScript.ni.dll Microsoft.JScript.dll Microsoft.JScript.dll Microsoft.JScript.dll Microsoft.JScript.dll userenv.dll System.Windows.Forms.dll Microsoft.Vsa.dll Microsoft.Vsa.dll Microsoft.Vsa.dll Microsoft.Windows.Diagnosis.Commands.UpdateDiagRootcause.ni.dll Microsoft.Windows.Diagnosis.Commands.UpdateDiagRootcause.dll rpcrt4.dll Microsoft.Windows.Diagnosis.Commands.GetDiagInput.ni.dll Microsoft.Windows.Diagnosis.Commands.GetDiagInput.dll Microsoft.Windows.Diagnosis.Commands.GetDiagInput.dll Microsoft.Windows.Diagnosis.Commands.UpdateDiagReport.ni.dll Microsoft.Windows.Diagnosis.Commands.UpdateDiagReport.dll system.web.regularexpressions.dll cryptsp.dll ntdll.dll uiautomationcore.dll wow64win.dll wow64cpu.dll kernel32.dll kernel32.dll dhcpcsvc6.dll user32.dll kernel32.dll KernelBase.dll advapi32.dll msvcrt.dll sechost.dll rpcrt4.dll sspicli.dll cryptbase.dll msvcr120_clr0400.dll user32.dll advapi32.dll advapi32.dll msctf.dll oleaut32.dll rpcrt4.dll oleaut32.dll imm32.dll msctf.dll cryptsp.dll wow64win.dll RpcRtRemote.dll clbcatq.dll sxs.dll mscoreei.dll mscorwks.dll msvcr80.dll samcli.dll shell32.dll rsaenh.dll mscorlib.ni.dll cryptbase.dll mscorlib.dll mssprxy.dll dmdskmgr.dll mscorlib.dll kernel.appcore.dll System.ni.dll System.Data.ni.dll System.Data.dll System.Data.dll System.Data.dll msvcrt.dll System.dll System.dll kernel32.dll System.dll system.windows.forms.dll auditcse.dll winmm.dll crypt32.dll msasn1.dll Microsoft.VisualC.ni.dll System.Xml.ni.dll System.XML.dll System.XML.dll System.XML.dll System.XML.dll System.Transactions.ni.dll System.Transactions.dll System.Transactions.dll imageres.dll System.Transactions.dll System.Transactions.dll shell32.dll gdi32.dll system.transactions.dll System.configuration.dll System.configuration.dll System.EnterpriseServices.ni.dll browcli.dll System.EnterpriseServices.dll kernel32.dll ntdll.dll wow64.dll wow64win.dll wow64cpu.dll advapi32.dll kernel32.dll kernel32.dll user32.dll bcryptprimitives.dll KernelBase.dll advapi32.dll webio.dll sechost.dll wintypes.dll sspicli.dll cryptbase.dll msvcr120_clr0400.dll mscoree.dll gpapi.dll gdi32.dll user32.dll cfgmgr32.dll usp10.dll oleaut32.dll imm32.dll cryptsp.dll cryptsp.dll rsaenh.dll RpcRtRemote.dll clbcatq.dll appinfo.dll mscoreei.dll clr.dll shlwapi.dll mscorlib.ni.dll clrjit.dll System.ni.dll System.Core.ni.dll version.dll System.ComponentModel.Composition.Registration.ni.dll rpcrt4.dll mscorlib.dll system.core.ni.dll System.dll System.Core.dll System.Core.dll System.ComponentModel.Composition.ni.dll System.ComponentModel.Composition.dll System.ComponentModel.Composition.dll System.Configuration.ni.dll System.Reflection.Context.ni.dll System.Configuration.dll version.dll System.Xml.ni.dll System.Xml.dll System.Xml.dll system.transactions.dll System.Numerics.dll System.Numerics.dll xmllite.dll System.Security.dll System.Security.dll,normal
 ntdll.dll ntdll.dll ntdll.dll wow64win.dll netprofm.dll mscorlib.ni.dll kernel32.dll kernel32.dll fastprox.dll kernel32.dll rpcrt4.dll advapi32.dll msvcrt.dll sechost.dll imm32.dll sspicli.dll cryptbase.dll cryptbase.dll ws2_32.dll nsi.dll eqossnap.dll dhcpcsvc.dll dhcpcsvc6.dll shell32.dll shlwapi.dll gdi32.dll user32.dll uxtheme.dll usp10.dll ole32.dll imm32.dll msctf.dll clbcatq.dll oleaut32.dll imecfm.dll dxgi.dll System.Xaml.dll wevtapi.dll ntdll.dll kernel32.dll KernelBase.dll gdi32.dll user32.dll lpk.dll System.Xml.ni.dll msvcrt.dll imm32.dll msctf.dll ole32.dll rpcrt4.dll oleaut32.dll cryptbase.dll clbcatq.dll advapi32.dll sechost.dll ntdll.dll ntdll.dll wow64.dll wow64win.dll wow64cpu.dll clbcatq.dll kernel32.dll kernel32.dll user32.dll kernel32.dll KernelBase.dll advapi32.dll msvcrt.dll sechost.dll rpcrt4.dll sspicli.dll cryptbase.dll clbcatq.dll ws2_32.dll gdi32.dll winnsi.dll dhcpcsvc.dll dhcpcsvc6.dll shell32.dll shlwapi.dll kernel32.dll wow64win.dll lpk.dll usp10.dll powrprof.dll imm32.dll msctf.dll clbcatq.dll api-ms-win-eventlog-legacy-l1-1-0.dll cryptsp.dll rsaenh.dll RpcRtRemote.dll wevtapi.dll ntdll.dll ntdll.dll wow64.dll wow64win.dll wow64cpu.dll system.data.dll kernel32.dll kernel32.dll user32.dll mscorjit.dll KernelBase.dll advapi32.dll kernel32.dll msctf.dll cryptbase.dll sspicli.dll bcp47langs.dll dnsapi.dll ws2_32.dll nsi.dll userenv.dll dhcpcsvc.dll dhcpcsvc6.dll rpcrt4.dll shlwapi.dll gdi32.dll user32.dll usp10.dll shlwapi.dll ole32.dll rpcrt4.dll msi.dll clbcatq.dll oleaut32.dll cryptsp.dll system.windows.forms.ni.dll RpcRtRemote.dll wevtapi.dll ntdll.dll ntdll.dll wow64.dll wow64win.dll wups.dll msctf.dll kernel32.dll kernel32.dll user32.dll kernel32.dll KernelBase.dll netprofm.dll winbrand.dll system.dll gdi32.dll lpk.dll usp10.dll oleaut32.dll biwinrt.dll rpcrt4.dll sspicli.dll cryptbase.dll imm32.dll msctf.dll apphelp.dll,normal
 ntdll.dll ntdll.dll System.Transactions.dll kernelbase.dll ws2_32.dll ws2_32.dll msvcrt.dll msvcrt.dll mpoav.dll rpcrt4.dll version.dll kernel32.dll vcruntime140.dll vcruntime140.dll api-ms-win-crt-runtime-l1-1-0.dll ucrtbase.dll msctf.dll api-ms-win-core-timezone-l1-1-0.dll msctf.dll api-ms-win-core-localization-l1-2-0.dll api-ms-win-core-synch-l1-2-0.dll winbrand.dll user32.dll system.dll sspicli.dll api-ms-win-crt-stdio-l1-1-0.dll api-ms-win-crt-convert-l1-1-0.dll api-ms-win-crt-math-l1-1-0.dll api-ms-win-crt-locale-l1-1-0.dll mswsock.dll mswsock.dll user32.dll gdi32.dll lpk.dll usp10.dll imm32.dll ntdll.dll gdi32full.dll nlaapi.dll nlaapi.dll WindowsCodecs.dll sechost.dll napinsp.dll msvcrt.dll dnsapi.dll fwpuclnt.dll pnrpnsp.dll pnrpnsp.dll rasadhlp.dll rasadhlp.dll winrnr.dll wshbth.dll wshbth.dll,HTran
 ntdll.dll system.xml.ni.dll nsi.dll wow64win.dll wow64cpu.dll kernel32.dll kernel32.dll kernel32.dll user32.dll msimg32.dll wtsapi32.dll advapi32.dll msvcrt.dll sechost.dll rpcrt4.dll sspicli.dll oleaut32.dll rsaenh.dll ws2_32.dll nsi.dll winnsi.dll nsi.dll dhcpcsvc6.dll winmm.dll shlwapi.dll wevtapi.dll user32.dll lpk.dll wow64cpu.dll ole32.dll imm32.dll winnsi.dll clbcatq.dll oleaut32.dll cryptsp.dll rsaenh.dll rpcrtremote.dll wevtapi.dll System.dll kernel32.dll kernelbase.dll sqlcese30.dll user32.dll lpk.dll usp10.dll msvcrt.dll imm32.dll msctf.dll ole32.dll rpcrt4.dll oleaut32.dll ntdll.dll ntdll.dll wow64.dll wow64win.dll wow64cpu.dll kernel32.dll kernel32.dll ole32.dll user32.dll kernel32.dll kernelbase.dll advapi32.dll msvcrt.dll sechost.dll rpcrt4.dll msctf.dll system.core.dll dnsapi.dll ws2_32.dll nsi.dll winnsi.dll dhcpcsvc.dll dhcpcsvc6.dll gdi32.dll system.transactions.dll gdi32.dll user32.dll lpk.dll usp10.dll msvcrt.dll imm32.dll msctf.dll user32.dll uxtheme.dll cryptsp.dll userenv.dll rpcrtremote.dll msi.dll ntdll.dll ntdll.dll wow64.dll wow64win.dll wow64cpu.dll kernel32.dll kernel32.dll kernel32.dll user32.dll kernel32.dll kernelbase.dll advapi32.dll msvcrt.dll sechost.dll rpcrt4.dll kernel32.dll cryptbase.dll cryptsp.dll ws2_32.dll nsi.dll rpcrt4.dll dhcpcsvc.dll lpk.dll shell32.dll shlwapi.dll Microsoft.Management.Infrastructure.ni.dll lspweb.dll tdh.dll usp10.dll ole32.dll imm32.dll imm32.dll clbcatq.dll oleaut32.dll advapi32.dll rsaenh.dll rpcrtremote.dll wevtapi.dll ntdll.dll ntdll.dll wow64.dll wow64win.dll wow64cpu.dll kernel32.dll kernel32.dll kernel32.dll oleaut32.dll kernel32.dll kernelbase.dll msvcrt.dll oleaut32.dll comctl32.dll ntdll.dll user32.dll advapi32.dll sechost.dll rpcrt4.dll sspicli.dll cryptbase.dll lpk.dll gdi32.dll version.dll imm32.dll msctf.dll capabilityaccesshandlers.dll kernel32.dll vbscript.dll gdi32.dll wintrust.dll crypt32.dll advapi32.dll cryptsp.dll rsaenh.dll msisip.dll wshext.dll comctl32.dll shell32.dll shlwapi.dll scrobj.dll msi.dll scrrun.dll clbcatq.dll ntdll.dll wow64.dll usp10.dll wow64cpu.dll kernel32.dll kernel32.dll kernel32.dll wshext.dll api-ms-win-eventing-classicprovider-l1-1-0.dll kernelbase.dll imageres.dll msxml6.dll user32.dll gdi32.dll lpk.dll usp10.dll advapi32.dll user32.dll rpcrt4.dll sspicli.dll cryptbase.dll imm32.dll msctf.dll apphelp.dll,normal
 imageres.dll PlayToDevice.dll MMDevAPI.dll wpdshext.dll EhStorAPI.dll wtsapi32.dll mshtml.dll,normal
 ntdll.dll ntdll.dll wow64.dll wow64win.dll sxs.dll kernel32.dll kernel32.dll kernel32.dll user32.dll kernel32.dll KernelBase.dll msvcrt.dll winbrand.dll ntdll.dll usp10.dll lpk.dll usp10.dll clbcatq.dll wldap32.dll rpcrt4.dll sspicli.dll mcepg.ni.dll imm32.dll msctf.dll apphelp.dll,normal
 ntdll.dll kernel32.dll kernelbase.dll gdi32.dll msctf.dll lpk.dll usp10.dll msvcrt.dll imm32.dll clbcatq.dll ole32.dll wship6.dll oleaut32.dll cryptbase.dll sechost.dll system.web.ni.dll sechost.dll ntdll.dll kernel32.dll system.configuration.dll RpcRtRemote.dll user32.dll lpk.dll usp10.dll msvcrt.dll imm32.dll msctf.dll gdi32.dll rpcrt4.dll oleaut32.dll cryptbase.dll clbcatq.dll advapi32.dll sechost.dll,normal
 EppManifest.dll sendmail.dll mydocs.dll sxs.dll sensapi.dll msi.dll wpdshext.dll,normal
 ntdll.dll ntdll.dll user32.dll kernelbase.dll kernelbase.dll gdi32.dll user32.dll wow64win.dll msvcrt.dll imm32.dll netprofm.dll combase.dll msctf.dll rpcrt4.dll rpcrt4.dll,normal
 ntdll.dll ntdll.dll imm32.dll wow64win.dll rpcrt4.dll kernel32.dll cryptsp.dll kernel32.dll winnsi.dll kernel32.dll kernelbase.dll msvcrt.dll user32.dll gdi32.dll lpk.dll user32.dll advapi32.dll sechost.dll rpcrt4.dll sspicli.dll rpcrtremote.dll imm32.dll msctf.dll mscorwks.dll apphelp.dll,normal
 ntdll.dll cryptbase.dll sfc_os.dll msvcrt.dll advapi32.dll nsi.dll user32.dll lpk.dll usp10.dll rpcrt4.dll imm32.dll msctf.dll shlwapi.dll clbcatq.dll advapi32.dll sechost.dll cryptsp.dll cryptsp.dll rsaenh.dll RpcRtRemote.dll shacct.dll comctl32.dll shlwapi.dll userenv.dll msctf.dll IDStore.dll,normal
 ntdll.dll kernel32.dll system.core.dll msvcrt.dll user32.dll rpchttp.dll lpk.dll usp10.dll ole32.dll rpcrt4.dll oleaut32.dll shlwapi.dll ktmw32.dll System.EnterpriseServices.ni.dll api-ms-win-core-timezone-l1-1-0.dll system.enterpriseservices.wrapper.dll sechost.dll KernelBase.dll advapi32.dll clbcatq.dll taskschd.dll sspicli.dll,normal
 ntdll.dll ntdll.dll wow64.dll wow64win.dll ninput.dll sechost.dll oleacc.dll d3d10warp.dll user32.dll kernel32.dll kernelbase.dll system.web.dll api-ms-win-downlevel-advapi32-l1-1-0.dll advapi32.dll sechost.dll user32.dll sspicli.dll wow64.dll winhttp.dll api-ms-win-downlevel-version-l1-1-0.dll version.dll api-ms-win-downlevel-user32-l1-1-0.dll user32.dll lpk.dll kernel32.dll usp10.dll winnsi.dll normaliz.dll api-ms-win-downlevel-shlwapi-l1-1-0.dll shlwapi.dll oleacc.dll msctf.dll api-ms-win-downlevel-shell32-l1-1-0.dll shell32.dll kernel32.dll ole32.dll oleaut32.dll comctl32.dll kernel32.dll mpr.dll api-ms-win-downlevel-ole32-l1-1-0.dll msctf.dll urlmon.dll wininet.dll system.directoryservices.protocols.ni.dll System.Printing.ni.dll secur32.dll api-ms-win-downlevel-advapi32-l2-1-0.dll system.xml.ni.dll nsi.dll winhttp.dll webio.dll cryptsp.dll rsaenh.dll rpcrtremote.dll mswsock.dll sensapi.dll clbcatq.dll ieproxy.dll api-ms-win-downlevel-shlwapi-l2-1-0.dll winnsi.dll dwmapi.dll sqmapi.dll bcrypt.dll bcryptprimitives.dll ieui.dll mshtml.dll d2d1.dll dwrite.dll dxgi.dll setupapi.dll cfgmgr32.dll devobj.dll apphelp.dll oleaut32.dll mlang.dll msasn1.dll lspwaoie.dll mssprxy.dll ntdll.dll wintrust.dll crypt32.dll msasn1.dll d3d11.dll vm3dum_10.dll winmm.dll dbghelp.dll vm3dum.dll kernel32.dll dnsapi.dll wininet.dll vm3dum64_10.dll lspweb.dll lspweb.dll GdiPlus.dll msimg32.dll comctl32.dll olepro32.dll rasadhlp.dll wshqos.dll wshqos.dll shell32.dll wshqos.dll ole32.dll ole32.dll oleacc.dll msctf.dll msctf.dll imecfm.dll shell32.dll mshtml.dll ieapfltr.dll msimtf.dll sxs.dll tquery.dll msls31.dll msxml3.dll setupapi.dll cryptsp.dll devobj.dll vm3dum_10.dll webio.dll devobj.dll cryptsp.dll d3d10level9.dll setupapi.dll cfgmgr32.dll devobj.dll dwmapi.dll setupapi.dll cfgmgr32.dll devobj.dll ntdll.dll psapi.dll p2pcollab.dll msasn1.dll FDResPub.dll gpapi.dll cryptnet.dll wldap32.dll wuwebv.dll wow64.dll wuwebv.dll wevtapi.dll msjint40.dll wuwebv.dll wuwebv.dll wuwebv.dll wuwebv.dll wuwebv.dll credssp.dll schannel.dll sensapi.dll windowscodecs.dll wuwebv.dll shell32.dll kernelbase.dll ntdll.dll kernel32.dll kernelbase.dll kernelbase.dll msvcrt.dll sechost.dll wups.dll user32.dll psapi.dll ntdll.dll usp10.dll ole32.dll oleaut32.dll kernel32.dll imm32.dll msctf.dll imagehlp.dll lpk.dll shlwapi.dll msshooks.dll msidle.dll cryptsp.dll rsaenh.dll rpcrtremote.dll mssprxy.dll mssvp.dll mapi32.dll shell32.dll cscapi.dll cscobj.dll userenv.dll profapi.dll,normal
 msftedit.dll,normal
 ntdll.dll kernel32.dll wow64cpu.dll ucrtbase.dll combase.dll rpcrt4.dll system.web.services.dll cryptsp.dll msvcrt.dll clbcatq.dll cryptsp.dll win32u.dll ole32.dll gdi32full.dll lpk.dll sechost.dll uxtheme.dll indexeddbserver.dll oleaut32.dll msvcp_win.dll,normal
 ntdll.dll dhcpcsvc.dll kernel32.dll kernelbase.dll kernelbase.dll msvcrt.dll dwmapi.dll fastprox.dll mscorjit.dll ncobjapi.dll msvcrt.dll wbemcomn.dll combase.dll ws2_32.dll oleacc.dll api-ms-win-downlevel-shlwapi-l1-1-0.dll sechost.dll rpcrt4.dll rpcrt4.dll nsi.dll nsi.dll advapi32.dll advapi32.dll user32.dll gdi32.dll kernel.appcore.dll kernel.appcore.dll dpx.dll cryptbase.dll bcryptprimitives.dll bcryptprimitives.dll advapi32.dll wbemprox.dll lpk.dll mtxclu.dll cryptsp.dll cryptsp.dll gdi32.dll rsaenh.dll bcrypt.dll bcrypt.dll wbemsvc.dll wbemsvc.dll wmiutils.dll ntdll.dll cimwin32.dll cimwin32.dll user32.dll framedyn.dll framedynos.dll sensapi.dll urlmon.dll,normal
 sensapi.dll ntdll.dll gdi32.dll kernel32.dll msctf.dll kernel32.dll kernel32.dll kernel32.dll user32.dll kernel32.dll KernelBase.dll advapi32.dll msvcrt.dll imageres.dll rpcrt4.dll sspicli.dll cryptbase.dll dnsapi.dll imm32.dll nsi.dll winnsi.dll system.data.dll dhcpcsvc6.dll rpcrt4.dll shlwapi.dll gdi32.dll system.xml.ni.dll lpk.dll usp10.dll ole32.dll imm32.dll accessibility.ni.dll clbcatq.dll oleaut32.dll cryptsp.dll rsaenh.dll RpcRtRemote.dll cryptsp.dll ntdll.dll ntdll.dll wow64.dll wow64win.dll wow64cpu.dll winbrand.dll kernel32.dll kernel32.dll user32.dll kernel32.dll KernelBase.dll msvcrt.dll winbrand.dll user32.dll nsi.dll comsvcs.dll usp10.dll advapi32.dll wldp.dll rpcrt4.dll sspicli.dll cryptbase.dll KernelBase.dll System.Xml.Linq.ni.dll apphelp.dll,normal
 ntdll.dll ole32.dll imm32.dll kernel32.dll sechost.dll shlwapi.dll msctf.dll Wldap32.dll lpk.dll windowsbase.dll rsaenh.dll advapi32.dll clbcatq.dll advapi32.dll msisip.dll oleaut32.dll user32.dll kernel32.dll usp10.dll cfgmgr32.dll KernelBase.dll userenv.dll profapi.dll RpcRtRemote.dll nsi.dll sspicli.dll secur32.dll authz.dll bcrypt.dll cryptsp.dll cryptsp.dll mswsock.dll mscoreei.dll netlogon.dll System.Web.Extensions.dll rsaenh.dll credssp.dll kernel32.dll ntmarta.dll version.dll msvcrt.dll nlaapi.dll msctf.dll user32.dll dhcpcsvc.dll wtsapi32.dll FirewallAPI.dll taskschd.dll slc.dll user32.dll lmhsvc.dll lmhsvc.dll shlwapi.dll system.deployment.ni.dll dhcpcore.dll userenv.dll dhcpcore.dll dhcpcore.dll dhcpcore.dll dhcpcore.dll dhcpcore.dll dhcpcore.dll dhcpcore.dll MPSSVC.dll wfapigp.dll dps.dll mscms.dll perfos.dll pcasvc.dll pcasvc.dll pcasvc.dll pcasvc.dll ServiceModelEvents.dll ServiceModelEvents.dll PeerDistSh.dll userenv.dll rpcrtremote.dll PeerDistSh.dll PeerDistSh.dll PeerDistSh.dll PeerDistSh.dll PeerDistSh.dll policymanager.dll PeerDistSh.dll PeerDistSh.dll shlwapi.dll PeerDistSh.dll crypt32.dll sstpsvc.dll sstpsvc.dll gdi32.dll provsvc.dll provsvc.dll vbajet32.dll msvcrt.dll provsvc.dll provsvc.dll provsvc.dll netprofm.dll wdi.dll gdi32.dll diagperf.dll pnpts.dll wdiasqmmodule.dll radardt.dll tquery.dll,normal
 ntdll.dll ntdll.dll wsock32.dll advapi32.dll msvcrt.dll system.data.ni.dll rpcrt4.dll msvcr120_clr0400.dll mscoree.dll ole32.dll gdi32.dll sechost.dll lpk.dll usp10.dll oleaut32.dll imm32.dll msctf.dll cryptbase.dll shell32.dll rsaenh.dll rpcrtremote.dll clbcatq.dll sxs.dll mscoreei.dll usp10.dll shlwapi.dll mscorlib.ni.dll clrjit.dll version.dll mscorlib.dll mscorlib.dll system.ni.dll system.core.ni.dll system.activities.ni.dll version.dll sspicli.dll microsoft.management.infrastructure.ni.dll user32.dll system.transactions.dll system.transactions.dll system.transactions.dll kernel32.dll system.transactions.dll system.transactions.dll devicecenter.dll system.servicemodel.internals.ni.dll system.xml.linq.ni.dll system.xaml.ni.dll system.xml.ni.dll system.runtime.serialization.ni.dll system.security.ni.dll structuredquery.dll microsoft.management.infrastructure.cimcmdlets.ni.dll api-ms-win-core-xstate-l2-1-0.dll sensapi.dll microsoft.management.infrastructure.native.ni.dll System.ServiceModel.Activation.ni.dll microsoft.management.infrastructure.native.dll bcrypt.dll bcryptprimitives.dll microsoft.powershell.workflow.servicecore.ni.dll ntdll.dll kernel32.dll rsaenh.dll msvcrt.dll rpcrt4.dll gdi32.dll user32.dll lpk.dll usp10.dll duser.dll dui70.dll imm32.dll sspicli.dll kernel32.dll imm32.dll setupapi.dll shlwapi.dll dwmapi.dll slc.dll gdiplus.dll actxprxy.dll sspicli.dll propsys.dll advapi32.dll winsta.dll sechost.dll shlwapi.dll cryptbase.dll comctl32.dll windowscodecs.dll profapi.dll rpcrt4.dll apphelp.dll ole32.dll lpk.dll oleaut32.dll iertutil.dll msvcrt.dll clbcatq.dll vcruntime140.dll api-ms-win-crt-runtime-l1-1-0.dll msasn1.dll advapi32.dll api-ms-win-core-file-l2-1-0.dll api-ms-win-core-localization-l1-2-0.dll srvcli.dll imageres.dll imageres.dll sensapi.dll imageres.dll comctl32.dll msvcrt.dll crypt32.dll api-ms-win-core-synch-l1-2-0.dll api-ms-win-core-processthreads-l1-1-1.dll api-ms-win-core-file-l1-2-0.dll api-ms-win-crt-string-l1-1-0.dll api-ms-win-crt-heap-l1-1-0.dll api-ms-win-crt-stdio-l1-1-0.dll api-ms-win-crt-convert-l1-1-0.dll msvcp140.dll api-ms-win-crt-locale-l1-1-0.dll api-ms-win-crt-math-l1-1-0.dll kernel32.dll api-ms-win-crt-time-l1-1-0.dll api-ms-win-crt-filesystem-l1-1-0.dll urlmon.dll api-ms-win-crt-utility-l1-1-0.dll grooveintlresource.dll ehstorshell.dll oleacc.dll imecfm.dll version.dll wow64.dll kernelbase.dll msvcrt.dll propsys.dll shacct.dll samlib.dll netsetupengine.dll xmllite.dll lpk.dll urlmon.dll api-ms-win-downlevel-ole32-l1-1-0.dll api-ms-win-downlevel-shlwapi-l1-1-0.dll ntdll.dll api-ms-win-downlevel-user32-l1-1-0.dll api-ms-win-service-winsvc-l1-1-0.dll mswsock.dll rpcrt4.dll kernel.appcore.dll mscorlib.ni.dll api-ms-win-service-management-l1-1-0.dll msvcrt.dll imageres.dll imageres.dll imageres.dll imageres.dll imageres.dll imageres.dll imageres.dll mpr.dll cscui.dll clbcatq.dll cscapi.dll ntshrui.dll version.dll iconcodecservice.dll themeui.dll sxs.dll wtsapi32.dll cryptsp.dll rsaenh.dll rpcrtremote.dll sndvolsso.dll hid.dll user32.dll imageres.dll imageres.dll imageres.dll user32.dll crypt32.dll lpk.dll kernel32.dll shdocvw.dll gdiplus.dll userenv.dll msutb.dll samcli.dll netutils.dll presentationframework.dll msls31.dll gameux.dll wer.dll msctf.dll authui.dll msiltcfg.dll thumbcache.dll psapi.dll user32.dll devicecenter.dll uianimation.dll stobject.dll lpk.dll nsi.dll winnsi.dll nlaapi.dll winhttp.dll webio.dll ntdll.dll devobj.dll npmproxy.dll System.DirectoryServices.dll es.dll dhcpcsvc.dll prnfldr.dll dxp.dll syncreg.dll ehsso.dll netshell.dll alttab.dll wpdshserviceobj.dll portabledevicetypes.dll portabledeviceapi.dll pnidui.dll wevtapi.dll ncsi.dll msvcrt.dll credssp.dll taskschd.dll mssprxy.dll actioncenter.dll srchadmin.dll fxsst.dll fxsapi.dll fxsresm.dll api-ms-win-core-processtopology-obsolete-l1-1-0.dll wlanutil.dll wwanapi.dll lpk.dll msctf.dll rpcrt4.dll webcheck.dll synccenter.dll wkscli.dll imapi2.dll hgcpl.dll provsvc.dll netprofm.dll searchfolder.dll structuredquery.dll clbcatq.dll nlsdata0011.dll mscorlib.dll gdi32.dll uiautomationcore.dll devicecenter.dll duser.dll ntdll.dll api-ms-win-downlevel-shlwapi-l2-1-0.dll tquery.dll mapi32.dll mssvp.dll bcrypt.dll kernel32.dll wpdshext.dll sfc.dll clbcatq.dll wscinterop.dll wscapi.dll werconcpl.dll framedynos.dll wercplsupport.dll hcproviders.dll ieproxy.dll devicecenter.dll mssvp.dll mapi32.dll sfc.dll ws2_32.dll sfc.dll sfc_os.dll msvcrt.dll api-ms-win-core-synch-l1-2-0.dll msctf.dll comdlg32.dll pwrshsip.dll imm32.dll synceng.dll cryptext.dll rshx32.dll authz.dll dsrole.dll aclui.dll ntdsapi.dll netprofm.dll twext.dll twext.dll lspdnd64.dll msimg32.dll syncui.dll kernel32.dll acppage.dll sfc.dll sfc_os.dll wsock32.dll msswch.dll imageres.dll ole32.dll api-ms-win-downlevel-version-l1-1-0.dll devicecenter.dll sppuinotify.dll sppuinotify.dll twext.dll syncui.dll synceng.dll oleaut32.dll sfc.dll sfc_os.dll van.dll wwanmm.dll rasmm.dll rasapi32.dll rasman.dll wlanmm.dll wlanhlp.dll rasmm.dll rasapi32.dll rasman.dll onex.dll eappprxy.dll eappcfg.dll SensApi.dll rsaenh.dll wlanhlp.dll onex.dll eappprxy.dll advapi32.dll sfc.dll usp10.dll imageres.dll drprov.dll ntlanman.dll davclnt.dll bcryptprimitives.dll wpdshext.dll System.Web.Routing.ni.dll imageres.dll imageres.dll imageres.dll imageres.dll imageres.dll twext.dll syncui.dll synceng.dll acppage.dll sfc.dll winnsi.dll devrtl.dll sendmail.dll system.web.datavisualization.ni.dll system.data.dll imageres.dll imageres.dll actxprxy.dll imageres.dll sendmail.dll mydocs.dll zipfldr.dll msvcrt.dll peerdistsh.dll bcrypt.dll msxml3.dll lpk.dll system.transactions.dll wucltux.dll wucltux.dll wucltux.dll wucltux.dll ntdll.dll rsaenh.dll lpk.dll oleaut32.dll wucltux.dll wucltux.dll wucltux.dll cabinet.dll imageres.dll wups2.dll wups2.dll wups2.dll imageres.dll wups2.dll gdi32.dll sppuinotify.dll devicecenter.dll usp10.dll wups2.dll wups2.dll sppuinotify.dll api-ms-win-crt-math-l1-1-0.dll imageres.dll wups2.dll wups2.dll kernel.appcore.dll sppuinotify.dll sppuinotify.dll oleaut32.dll shlwapi.dll ole32.dll cscsvc.dll mscoreei.dll mapi32.dll mssvp.dll mapi32.dll mssvp.dll mapi32.dll mssvp.dll ntdll.dll mssvp.dll mapi32.dll imageres.dll wups2.dll wups2.dll imageres.dll wups2.dll imm32.dll,normal
 ntdll.dll kernel32.dll rascfg.dll advapi32.dll msvcrt.dll sechost.dll rpcrt4.dll msvcr120_clr0400.dll mscoree.dll ole32.dll shell32.dll user32.dll lpk.dll usp10.dll oleaut32.dll imm32.dll msctf.dll cryptbase.dll cryptsp.dll kernelbase.dll rpcrtremote.dll clbcatq.dll sxs.dll mscoreei.dll lpk.dll shlwapi.dll mscorlib.ni.dll clrjit.dll system.ni.dll system.core.ni.dll version.dll uxtheme.dll msvcr120_clr0400.dll system.componentmodel.composition.ni.dll system.componentmodel.composition.registration.ni.dll vsstrace.dll sechost.dll system.xml.ni.dll system.numerics.ni.dll netprofm.dll,normal
 ntdll.dll ntdll.dll api-ms-win-core-kernel32-private-l1-1-0.dll wow64win.dll wow64cpu.dll kernel32.dll kernel32.dll cryptbase.dll user32.dll kernel32.dll wpc.dll advapi32.dll msvcrt.dll sechost.dll rpcrt4.dll sspicli.dll cryptbase.dll dnsapi.dll ws2_32.dll System.Xml.dll winnsi.dll dhcpcsvc.dll dhcpcsvc6.dll shell32.dll shlwapi.dll gdi32.dll user32.dll lpk.dll apphelp.dll ole32.dll imm32.dll msctf.dll lpk.dll oleaut32.dll cryptsp.dll rsaenh.dll rpcrtremote.dll wevtapi.dll ntdll.dll kernel32.dll rsaenh.dll advapi32.dll msvcrt.dll sechost.dll rpcrt4.dll msvcr120_clr0400.dll msftedit.dll ole32.dll PresentationCore.dll user32.dll lpk.dll clrjit.dll lpk.dll imm32.dll msctf.dll cryptbase.dll bcrypt.dll rsaenh.dll rpcrtremote.dll clbcatq.dll sxs.dll mscoreei.dll mscorwks.dll msvcr80.dll vm3dum64_10.dll shell32.dll profapi.dll mscorlib.ni.dll mscorjit.dll els.dll mscorlib.ni.dll version.dll mscorlib.dll mscorlib.dll system.ni.dll microsoft.ink.ni.dll system.drawing.ni.dll system.windows.forms.ni.dll system.configuration.ni.dll system.xml.ni.dll mscorwks.dll system.data.sqlxml.ni.dll rsaenh.dll system.runtime.serialization.formatters.soap.ni.dll system.deployment.ni.dll microsoft.ink.dll microsoft.ink.dll microsoft.ink.dll system.security.dll ntdll.dll ntdll.dll cscapi.dll system.security.dll wow64cpu.dll kernel32.dll kernel32.dll kernel32.dll user32.dll combase.dll kernelbase.dll advapi32.dll crypt32.dll sechost.dll coremessaging.dll cryptbase.dll cryptbase.dll msvcr120_clr0400.dll lpk.dll ole32.dll gdi32.dll user32.dll lpk.dll usp10.dll oleaut32.dll imm32.dll wmiutils.dll cryptsp.dll wininet.dll rpcrtremote.dll clbcatq.dll rpcrt4.dll mscoreei.dll dpx.dll shlwapi.dll mscorlib.ni.dll clrjit.dll system.ni.dll system.core.ni.dll system.web.ni.dll system.web.extensions.ni.dll version.dll system.web.extensions.dll system.web.extensions.dll mscorlib.dll mscorlib.dll system.web.dll system.web.dll system.dll system.dll mscoree.dll system.core.dll api-ms-win-core-timezone-l1-1-0.dll system.drawing.dll usp10.dll shcore.dll system.web.services.dll system.web.services.dll psapi.dll system.data.services.design.dll system.data.services.design.dll wuwebv.dll system.configuration.dll system.configuration.dll authui.dll ws2_32.dll system.servicemodel.dll imm32.dll api-ms-win-service-private-l1-1-0.dll system.xml.dll system.runtime.serialization.ni.dll imm32.dll system.runtime.serialization.dll system.design.ni.dll ntdll.dll system.data.linq.dll system.data.linq.dll advapi32.dll kernel32.dll system.web.applicationservices.dll system.data.ni.dll system.data.dll system.data.dll api-ms-win-core-memory-l1-1-2.dll system.servicemodel.activation.ni.dll system.servicemodel.activation.dll system.servicemodel.activation.dll system.data.services.client.ni.dll msjetoledb40.dll system.data.services.client.dll system.data.entity.ni.dll system.data.entity.dll system.data.entity.dll system.windows.forms.ni.dll SensApi.dll system.directoryservices.dll wow64.dll ole32.dll system.directoryservices.dll dnsapi.dll system.web.regularexpressions.ni.dll system.componentmodel.dataannotations.ni.dll system.componentmodel.dataannotations.dll system.componentmodel.dataannotations.dll system.directoryservices.protocols.ni.dll system.directoryservices.protocols.dll system.directoryservices.protocols.dll system.security.ni.dll system.security.dll System.Security.ni.dll kernel32.dll system.runtime.caching.dll system.runtime.caching.dll system.serviceprocess.ni.dll microsoft.build.utilities.v4.0.ni.dll microsoft.build.framework.ni.dll microsoft.build.tasks.v4.0.ni.dll SensApi.dll system.numerics.dll oleaut32.dll,normal
 System.Web.RegularExpressions.dll ntdll.dll ntdll.dll KernelBase.dll msvcrt.dll rpcrt4.dll gdi32.dll imm32.dll lpk.dll usp10.dll oleaut32.dll oleaut32.dll rpcrtremote.dll ntdll.dll kernel32.dll KernelBase.dll advapi32.dll msvcrt.dll userenv.dll ehstorshell.dll msvcr120_clr0400.dll mscoree.dll ole32.dll gdi32.dll devobj.dll lpk.dll usp10.dll oleaut32.dll imm32.dll msctf.dll cryptbase.dll cryptsp.dll rsaenh.dll kernel32.dll clbcatq.dll System.Transactions.dll mscoreei.dll clr.dll shlwapi.dll mscorlib.ni.dll rpcrt4.dll System.ni.dll System.Core.ni.dll wow64cpu.dll version.dll mscorlib.dll mscorlib.dll System.Configuration.ni.dll System.Xml.ni.dll,normal
 ntdll.dll kernel32.dll profapi.dll user32.dll msvcrt.dll lpk.dll imm32.dll msctf.dll shlwapi.dll rpcrt4.dll kernel.appcore.dll cryptbase.dll bcryptprimitives.dll sechost.dll uxtheme.dll cryptsp.dll rsaenh.dll bcrypt.dll clbcatq.dll ole32.dll tipskins.dll bcp47langs.dll System.Data.dll sechost.dll oleaut32.dll shcore.dll dwmapi.dll twinapi.dll shell32.dll clbcatq.dll userenv.dll profapi.dll gpapi.dll tipres.dll wbemprox.dll duser.dll system.configuration.dll windows.ui.dll ninput.dll tiptsf.dll oleacc.dll,normal
 ntdll.dll kernel32.dll kernelbase.dll gdi32.dll user32.dll rpcrt4.dll usp10.dll dps.dll msvcrt.dll msctf.dll ole32.dll rpcrt4.dll oleaut32.dll ntdll.dll ntdll.dll mscorwks.dll wow64win.dll wow64cpu.dll kernel32.dll kernel32.dll sechost.dll wow64.dll kernel32.dll kernelbase.dll msvcrt.dll oleaut32.dll ole32.dll msvcrt.dll user32.dll advapi32.dll sechost.dll System.Security.ni.dll bcrypt.dll cryptbase.dll lpk.dll usp10.dll version.dll imm32.dll msctf.dll ProtectionManagement.dll clbcatq.dll api-ms-win-core-sysinfo-l1-2-1.dll advapi32.dll wintrust.dll crypt32.dll msasn1.dll kernel32.dll rsaenh.dll msisip.dll wshext.dll comctl32.dll kernel.appcore.dll vcruntime140.dll scrobj.dll sspicli.dll gdi32.dll ntdll.dll kernel32.dll kernelbase.dll windows.applicationmodel.background.systemeventsbroker.dll version.dll user32.dll rpcrt4.dll gdi32.dll microsoft.vsa.dll fastprox.dll usp10.dll ole32.dll msimg32.dll wmsgapi.dll wtsapi32.dll winmm.dll userenv.dll profapi.dll winsta.dll crypt32.dll msasn1.dll msctfmonitor.dll msctf.dll user32.dll msutb.dll comctl32.dll shlwapi.dll secur32.dll sspicli.dll shell32.dll cryptbase.dll wintrust.dll cryptsp.dll rsaenh.dll oleaut32.dll bcrypt.dll imm32.dll ncrypt.dll dhcpcsvc.dll user32.dll mpr.dll sensapi.dll ole32.dll cfgmgr32.dll gdi32.dll bcrypt.dll cabinet.dll devrtl.dll version.dll oleaut32.dll oleaut32.dll urlmon.dll advapi32.dll iertutil.dll ole32.dll kernel32.dll miguicontrols.ni.dll gdi32.dll user32.dll lpk.dll usp10.dll msvcrt.dll imm32.dll msctf.dll ole32.dll microsoft.mediacenter.tv.tuners.interop.dll oleaut32.dll ntdll.dll kernel32.dll kernelbase.dll gdi32.dll user32.dll System.Core.ni.dll usp10.dll dhcpcsvc6.dll Microsoft.VisualC.ni.dll msctf.dll ole32.dll rpcrt4.dll oleaut32.dll cryptbase.dll clbcatq.dll advapi32.dll sechost.dll,normal
 ntdll.dll kernel32.dll kernelbase.dll msvcrt.dll ole32.dll sechost.dll user32.dll kernel32.dll usp10.dll rpcrt4.dll imm32.dll clbcatq.dll cryptbase.dll clbcatq.dll gdi32.dll sechost.dll oleaut32.dll cryptsp.dll rsaenh.dll rpcrtremote.dll shacct.dll comctl32.dll shlwapi.dll lpk.dll profapi.dll idstore.dll ntdll.dll mscorwks.dll rpcrtremote.dll advapi32.dll msctf.dll crypt32.dll rpcrt4.dll netprofm.dll gdi32.dll lpk.dll usp10.dll comctl32.dll sppcommdlg.dll shlwapi.dll imm32.dll ntdll.dll ole32.dll setupapi.dll shell32.dll winbrand.dll slc.dll sppc.dll cryptbase.dll clbcatq.dll system.xml.ni.dll SensApi.dll sspicli.dll sppcomapi.dll winscard.dll winhttp.dll webio.dll sppcext.dll rasapi32.dll rasman.dll srvcli.dll nsi.dll setupapi.dll Microsoft.Powershell.Workflow.ServiceCore.dll devobj.dll msi.dll wtsapi32.dll sechost.dll msasn1.dll cryptui.dll sxs.dll tapi32.dll slwga.dll ntdll.dll ntdll.dll secur32.dll wow64win.dll wow64cpu.dll kernel32.dll kernel32.dll kernel32.dll user32.dll bcryptprimitives.dll kernelbase.dll advapi32.dll cbsapi.dll sechost.dll rpcrt4.dll sspicli.dll cryptbase.dll dnsapi.dll ws2_32.dll nsi.dll winnsi.dll dhcpcsvc.dll sspicli.dll shell32.dll shlwapi.dll gdi32.dll user32.dll ncrypt.dll ntmarta.dll linkinfo.dll kernel32.dll msctf.dll imm32.dll oleaut32.dll cryptsp.dll rsaenh.dll msvcr80.dll wevtapi.dll ntdll.dll kernel32.dll kernelbase.dll advapi32.dll msvcrt.dll sechost.dll rpcrt4.dll msvcr120_clr0400.dll mscoree.dll ole32.dll rasman.dll user32.dll query.dll usp10.dll imm32.dll rpcrt4.dll msctf.dll cryptbase.dll cryptsp.dll rsaenh.dll rpcrtremote.dll clbcatq.dll sxs.dll ws2_32.dll mscorwks.dll msvcr80.dll shlwapi.dll shell32.dll profapi.dll mscorlib.ni.dll mscorjit.dll advapi32.dll api-ms-win-downlevel-advapi32-l1-1-0.dll version.dll mscorlib.dll api-ms-win-service-core-l1-1-1.dll osbaseln.dll system.core.ni.dll rpcrtremote.dll system.xml.ni.dll system.configuration.ni.dll system.drawing.dll normaliz.dll kernel32.dll kernelbase.dll advapi32.dll msvcrt.dll sechost.dll kernel32.dll msvcr120_clr0400.dll mscoree.dll ole32.dll shell32.dll user32.dll lpk.dll version.dll oleaut32.dll imm32.dll setupapi.dll cryptbase.dll cryptsp.dll rsaenh.dll rpcrtremote.dll clbcatq.dll sxs.dll mscoreei.dll mscorwks.dll msvcr80.dll shlwapi.dll shell32.dll profapi.dll mscorlib.ni.dll mscorjit.dll mscorlib.dll gdi32.dll version.dll mscorlib.dll sechost.dll clbcatq.dll system.core.ni.dll fusion.dll system.drawing.ni.dll system.windows.forms.ni.dll system.design.ni.dll system.web.ni.dll system.web.dll lpk.dll kernel32.dll system.web.dll system.web.entity.ni.dll system.data.entity.ni.dll system.data.ni.dll msvcp140.dll user32.dll system.data.dll system.data.dll system.data.dll ws2_32.dll nsi.dll crypt32.dll msasn1.dll system.configuration.ni.dll duser.dll system.security.ni.dll system.data.sqlxml.ni.dll kernelbase.dll system.runtime.serialization.formatters.soap.ni.dll system.deployment.ni.dll system.drawing.design.ni.dll system.ni.dll system.data.oracleclient.dll system.data.oracleclient.dll system.data.oracleclient.dll kernel32.dll system.data.oracleclient.dll system.web.regularexpressions.ni.dll advapi32.dll system.transactions.ni.dll system.transactions.dll system.transactions.dll msvcrt.dll ntdll.dll system.transactions.dll system.enterpriseservices.ni.dll RacEngn.dll system.enterpriseservices.dll system.directoryservices.ni.dll system.runtime.remoting.ni.dll cryptnet.dll system.directoryservices.protocols.ni.dll system.configuration.dll system.configuration.install.ni.dll ole32.dll imageres.dll system.servicemodel.ni.dll gpapi.dll system.runtime.serialization.ni.dll system.servicemodel.web.ni.dll system.data.services.client.ni.dll system.data.services.design.ni.dll smdiagnostics.ni.dll system.identitymodel.ni.dll system.messaging.ni.dll system.identitymodel.selectors.ni.dll microsoft.transactions.bridge.ni.dll system.xml.linq.ni.dll windowsbase.ni.dll,normal
 ntdll.dll kernel32.dll msvcrt.dll advapi32.dll msctf.dll sechost.dll uiautomationprovider.dll msvcr120_clr0400.dll mscoree.dll win32u.dll gdi32.dll System.Web.Abstractions.ni.dll winbrand.dll sechost.dll oleaut32.dll imm32.dll msctf.dll cryptbase.dll cryptsp.dll rsaenh.dll gdi32.dll xmllite.dll mscorlib.ni.dll mscoreei.dll clr.dll shlwapi.dll rpcrt4.dll clrjit.dll System.ni.dll version.dll mscorlib.dll mscorlib.dll System.Core.ni.dll PresentationFramework.Classic.ni.dll WindowsBase.ni.dll PresentationCore.ni.dll PresentationFramework.ni.dll PresentationCore.dll PresentationCore.dll wminet_utils.dll ntdll.dll System.Xml.ni.dll ntdll.dll ntdll.dll userenv.dll msutb.dll wow64cpu.dll kernel32.dll kernel32.dll kernel32.dll user32.dll kernel32.dll gdi32.dll ws2_32.dll msvcrt.dll mscorwks.dll rpcrt4.dll wow64win.dll cryptbase.dll msvcr120_clr0400.dll mscoree.dll ole32.dll gdi32.dll netapi32.dll lpk.dll usp10.dll oleaut32.dll imm32.dll msctf.dll cryptsp.dll msasn1.dll RpcRtRemote.dll shell32.dll sxs.dll mscoreei.dll mscorwks.dll msvcr80.dll shlwapi.dll shell32.dll gdi32.dll mscorlib.ni.dll mscorjit.dll sechost.dll ntdll.dll ieproxy.dll mscorlib.dll mscorlib.dll wow64.dll System.dll System.dll System.dll System.dll System.Configuration.ni.dll System.configuration.dll System.configuration.dll srvcli.dll SMDiagnostics.ni.dll user32.dll System.Xml.ni.dll System.XML.dll System.XML.dll System.XML.dll System.XML.dll System.Security.ni.dll System.Security.dll gpapi.dll System.Security.dll System.Security.dll System.Data.SqlXml.ni.dll System.Data.SqlXml.dll System.Data.SqlXml.dll SMdiagnostics.dll system.configuration.dll spoolss.dll SMdiagnostics.dll System.Data.SqlXml.dll System.Data.SqlXml.dll,normal
 ntdll.dll ntdll.dll vcruntime140.dll kernelbase.dll system.core.ni.dll version.dll sechost.dll rpcrt4.dll winhttp.dll ucrtbase.dll ucrtbase.dll combase.dll bcryptprimitives.dll profapi.dll kernel.appcore.dll kernel.appcore.dll msvcrt.dll crypt32.dll user32.dll aelupsvc.dll twinapi.appcore.dll gdi32full.dll msvcp_win.dll msvcp_win.dll wldp.dll imm32.dll crypt32.dll msasn1.dll msasn1.dll wintrust.dll advapi32.dll msswch.dll clbcatq.dll capabilityaccessmanager.dll capabilityaccessmanager.dll ucrtbase.dll capabilityaccessmanagerclient.dll policymanager.dll ntdll.dll authz.dll msvcp110_win.dll oleaut32.dll capabilityaccesshandlers.dll capabilityaccesshandlers.dll,normal
 ntdll.dll kernel32.dll kernelbase.dll msvcrt.dll conhostv2.dll combase.dll ucrtbase.dll rpcrt4.dll bcryptprimitives.dll netprofm.dll system.transactions.dll user32.dll win32u.dll imm32.dll oleaut32.dll msvcp_win.dll propsys.dll sechost.dll shcore.dll kernel32.dll wow64.dll sechost.dll cfgmgr32.dll windows.storage.dll cryptbase.dll shlwapi.dll clbcatq.dll winhttp.dll shell32.dll,normal
 ntdll.dll sensapi.dll ktmw32.dll advapi32.dll user32.dll sechost.dll rpcrt4.dll user32.dll win32u.dll gdi32.dll gdi32full.dll iertutil.dll ucrtbase.dll msvcp110_win.dll bcryptprimitives.dll shell32.dll cfgmgr32.dll ntdll.dll powrprof.dll imm32.dll kernel.appcore.dll shcore.dll profapi.dll ole32.dll imm32.dll uxtheme.dll msctf.dll wow64win.dll oleaut32.dll dwmapi.dll,normal
 ntdll.dll kernel32.dll oleaut32.dll advapi32.dll msvcrt.dll sechost.dll rpcrt4.dll version.dll bcryptprimitives.dll msasn1.dll oleaut32.dll shlwapi.dll rpcrt4.dll combase.dll ole32.dll msvcp140_app.dll gdi32full.dll user32.dll ntdll.dll crypt32.dll msasn1.dll userenv.dll profapi.dll msvcrt.dll cabinet.dll secur32.dll kernel.appcore.dll,normal
 dwmapi.dll cfgmgr32.dll wow64.dll wow64win.dll wow64cpu.dll kernel32.dll kernel32.dll ntdll.dll user32.dll cryptbase.dll KernelBase.dll msvcrt.dll user32.dll user32.dll gdi32.dll lpk.dll usp10.dll oleacc.dll sechost.dll rpcrt4.dll sspicli.dll mscorlib.dll imm32.dll msctf.dll apphelp.dll,normal
 explorerframe.dll msftedit.dll profapi.dll windows.globalization.dll bcp47langs.dll globinputhost.dll linkinfo.dll ntshrui.dll cscapi.dll searchfolder.dll uiautomationcore.dll structuredquery.dll actxprxy.dll mswsock.dll ntdll.dll gdi32.dll networkexplorer.dll SHCore.dll ntlanman.dll winsta.dll twinapi.dll twinapi.appcore.dll,normal
 ntdll.dll oleaut32.dll kernel32.dll kernelbase.dll kernelbase.dll advapi32.dll advapi32.dll comres.dll kernelbase.dll oleaut32.dll ole32.dll user32.dll rpcrt4.dll system.transactions.dll secur32.dll userenv.dll userenv.dll mpclient.dll kernel32.dll cabinet.dll cabinet.dll wtsapi32.dll sechost.dll combase.dll gdi32.dll user32.dll imm32.dll wintrust.dll version.dll sechost.dll oleaut32.dll msasn1.dll sspicli.dll sspicli.dll ws2_32.dll spp.dll nsi.dll nsi.dll winhttp.dll winhttp.dll shlwapi.dll mpcommu.dll mpcommu.dll kernel.appcore.dll kernel.appcore.dll cryptbase.dll cryptbase.dll bcryptprimitives.dll bcryptprimitives.dll clbcatq.dll wuapi.dll wuapi.dll wups.dll Wldap32.dll uxtheme.dll cryptsp.dll rsaenh.dll rsaenh.dll bcrypt.dll bcrypt.dll wups.dll wups.dll,normal
 ntdll.dll kernel32.dll api-ms-win-downlevel-normaliz-l1-1-0.dllnormaliz.dll advapi32.dll msvcrt.dll sechost.dll rpcrt4.dll oleaut32.dll wow64cpu.dll ole32.dll gdi32.dll Microsoft.Powershell.ISECommon.dll dsrole.dll userenv.dll profapi.dll oleaut32.dll wintrust.dll msasn1.dll msvcrt.dll version.dll cabinet.dll sspicli.dll system.configuration.install.dll ws2_32.dll nsi.dll shlwapi.dll winhttp.dll mpcommu.dll KernelBase.dll user32.dll clbcatq.dll wuapi.dll shcore.dll wups.dll updatepolicy.dll msvcrt.dll bcrypt.dll rsaenh.dll cryptbase.dll msctf.dll windows.storage.dll cfgmgr32.dll policymanager.dll msvcp110_win.dll xmllite.dll,normal
 ntdll.dll system.transactions.dll kernelbase.dll gdi32.dll gdi32full.dll cryptbase.dll sechost.dll user32.dll win32u.dll msvcrt.dll combase.dll rpcrt4.dll bcryptprimitives.dll crypt32.dll system.transactions.dll sechost.dll sspicli.dll gdi32full.dll System.Xaml.dll version.dll amsi.dll comctl32.dll msctfmonitor.dll msctf.dll oleaut32.dll imm32.dll nsi.dll winsta.dll wtsapi32.dll msutb.dll shell32.dll cfgmgr32.dll shcore.dll windows.storage.dll advapi32.dll shlwapi.dll kernel32.dll powrprof.dll uxtheme.dll imagehlp.dll wintrust.dll cryptsp.dll rsaenh.dll bcrypt.dll cryptbase.dll clbcatq.dll gpapi.dll sechost.dll windowsbase.dll microsoft.management.infrastructure.ni.dll msswch.dll cryptsp.dll ole32.dll msvcrt.dll kbd106.dll kbdnec.dll System.AddIn.Contract.dll inputswitch.dll clipc.dll dui70.dll duser.dll xmllite.dll dwrite.dll uianimation.dll ws2_32.dll dxgi.dll d3d10warp.dll resourcepolicyclient.dll bcp47langs.dll credui.dll wincredui.dll gdiplus.dll dnsapi.dll audioses.dll mmdevapi.dll msctf.dll wow64cpu.dll windows.ui.cred.dll wincorlib.dll mrmcorer.dll windows.ui.dll windowscodecs.dll coreuicomponents.dll coremessaging.dll ntmarta.dll usermgrcli.dll windows.ui.xaml.dll windows.ui.immersive.dll CbsApi.dll wintypes.dll windows.globalization.fontgroups.dll fontgroupsoverride.dll fontglyphanimator.dll windows.internal.ui.logon.proxystub.dll windows.globalization.dll dcomp.dll advapi32.dll directmanipulation.dll imm32.dll oleacc.dll ncrypt.dll ntdll.dll policymanager.dll shlwapi.dll imecfm.dll wer.dll imm32.dll uiautomationcore.dll,normal
 rsaenh.dll kernel32.dll KernelBase.dll advapi32.dll msvcrt.dll windows.storage.dll rpcrt4.dll msvcr120_clr0400.dll mscoree.dll RpcRtRemote.dll gdi32.dll user32.dll lpk.dll usp10.dll oleaut32.dll api-ms-win-core-threadpool-private-l1-1-0.dll msctf.dll updatenotificationhelpers.dll cryptsp.dll sechost.dll RpcRtRemote.dll clbcatq.dll sxs.dll mscoreei.dll clr.dll shlwapi.dll mscorlib.ni.dll clrjit.dll sspicli.dll mscorlib.dll gdi32.dll ntdll.dll kernel32.dll KernelBase.dll advapi32.dll msvcrt.dll sechost.dll rpcrt4.dll msvcr120_clr0400.dll mscoree.dll bcrypt.dll sechost.dll user32.dll lpk.dll usp10.dll oleaut32.dll imm32.dll mscorlib.dll cryptbase.dll cryptsp.dll rsaenh.dll RpcRtRemote.dll kernelbase.dll sxs.dll mscoreei.dll system.runtime.serialization.formatters.soap.dll shlwapi.dll rpcrt4.dll clrjit.dll version.dll System.Runtime.Serialization.Formatters.Soap.ni.dll mscorlib.dll Microsoft.Office.Tools.ni.dll System.ni.dll setupetw.dll lpk.dll msvcrt.dll System.Windows.Forms.ni.dll Microsoft.VisualStudio.Tools.Applications.Hosting.ni.dll System.Configuration.ni.dll Microsoft.VisualStudio.Tools.Office.Runtime.v10.0.dll ntdll.dll ntdll.dll wow64.dll wow64win.dll kernel32.dll kernel32.dll kernel32.dll kernel32.dll user32.dll System.XML.dll KernelBase.dll advapi32.dll msvcrt.dll ntmarta.dll rpcrt4.dll sspicli.dll advapi32.dll kernelbase.dll mscoree.dll msvcp140.dll rsaenh.dll user32.dll lpk.dll usp10.dll oleaut32.dll kernel32.dll msctf.dll cryptsp.dll rsaenh.dll kernel32.dll clbcatq.dll shlwapi.dll kernel32.dll clr.dll shlwapi.dll wow64win.dll clrjit.dll Microsoft.Office.Tools.Word.Implementation.dll Microsoft.Office.Tools.Word.Implementation.dll System.ni.dll System.Core.ni.dll rsaenh.dll version.dll mscorlib.dll clbcatq.dll System.dll System.dll System.Core.dll System.Core.dll Microsoft.Office.Tools.Word.ni.dll Microsoft.Office.Tools.Common.ni.dll system.ni.dll shlwapi.dll System.Windows.Forms.dll System.Windows.Forms.dll System.Drawing.dll System.Drawing.dll Microsoft.Office.Tools.ni.dll System.Xml.ni.dll System.Xml.dll System.Xml.dll Microsoft.VisualStudio.Tools.Applications.Runtime.dll crypt32.dll rpcrtremote.dll System.Configuration.ni.dll System.Configuration.dll System.Configuration.dll sppuinotify.dll shell32.dll System.Numerics.dll System.Security.ni.dll System.Security.dll System.Security.dll,normal
 ntdll.dll kernel32.dll KernelBase.dll gdi32.dll user32.dll msvcrt.dll imm32.dll oleaut32.dll mscoree.dll msctf.dll rpcrt4.dll bcryptprimitives.dll sechost.dll uxtheme.dll dwmapi.dll wbemcomn.dll msvcr80.dll ntshrui.dll cryptbase.dll bcryptprimitives.dll clbcatq.dll advapi32.dll ntdll.dll version.dll oleacc.dll shlwapi.dll propsys.dll rpcrtremote.dll ntmarta.dll dui70.dll imecfm.dll wer.dll,normal
 cryptbase.dll kernel32.dll KernelBase.dll gdi32.dll user32.dll lpk.dll kernel.appcore.dll msvcrt.dll imm32.dll oleaut32.dll ole32.dll comctl32.dll oleaut32.dll cryptbase.dll clbcatq.dll advapi32.dll api-ms-win-service-private-l1-1-0.dll wow64cpu.dll shlwapi.dll comctl32.dll tabskb.dll presentationcore.dll version.dll uxtheme.dll dnsapi.dll winmm.dll msswch.dll winmm.dll dwmapi.dll winmm.dll ntdll.dll ntdll.dll msctf.dll ehividctl.ni.dll wow64cpu.dll kernel32.dll kernel32.dll kernel32.dll mscorlib.dll presentationframework.dll KernelBase.dll advapi32.dll msvcrt.dll user32.dll rpcrt4.dll sspicli.dll cryptbase.dll system.xml.dll ws2_32.dll nsi.dll winnsi.dll dhcpcsvc.dll dhcpcsvc6.dll system.web.services.ni.dll shlwapi.dll gdi32.dll user32.dll lpk.dll usp10.dll ole32.dll imm32.dll msctf.dll clbcatq.dll oleaut32.dll cryptsp.dll rsaenh.dll RpcRtRemote.dll wevtapi.dll,normal
 msvcr80.dll rmclient.dll profapi.dll wevtapi.dll kernelbase.dll advapi32.dll advapi32.dll kernel.appcore.dll msvcrt.dll combase.dll oleaut32.dll user32.dll tquery.dll tquery.dll ntdll.dll msshooks.dll kernel32.dll shlwapi.dll sechost.dll sechost.dll wintrust.dll rpcrt4.dll gdi32.dll msctf.dll kernel.appcore.dll kernel.appcore.dll cryptbase.dll cryptbase.dll usp10.dll lpk.dll clbcatq.dll cryptsp.dll shlwapi.dll rsaenh.dll tcpipcfg.dll bcrypt.dll bcrypt.dll mssprxy.dll mssprxy.dll shcore.dll shcore.dll,normal
 msvcrt.dll ntdll.dll wow64.dll gdi32.dll wow64cpu.dll kernel32.dll kernel32.dll kernel32.dll api-ms-win-downlevel-shlwapi-l1-1-0.dll kernel32.dll KernelBase.dll msvcrt.dll kbdnec.dll ole32.dll gdi32.dll user32.dll advapi32.dll sechost.dll rpcrt4.dll sspicli.dll cryptbase.dll lpk.dll usp10.dll version.dll imm32.dll system.core.dll shell32.dll clbcatq.dll vbscript.dll advapi32.dll user32.dll msctf.dll msasn1.dll gdi32.dll rsaenh.dll system.configuration.ni.dll wshext.dll comctl32.dll shell32.dll System.Data.SqlXml.ni.dll scrobj.dll msi.dll scrrun.dll ntdll.dll ntdll.dll wow64.dll bcrypt.dll setupapi.dll kernel32.dll msvcrt.dll kernel32.dll user32.dll kernel32.dll dwmapi.dll msvcrt.dll oleaut32.dll gdi32.dll gdi32.dll user32.dll advapi32.dll sechost.dll rpcrt4.dll sspicli.dll cryptbase.dll lpk.dll usp10.dll version.dll imm32.dll ole32.dll sxs.dll clbcatq.dll vbscript.dll advapi32.dll wintrust.dll kernelbase.dll msasn1.dll cryptsp.dll rsaenh.dll msisip.dll kernelbase.dll comctl32.dll rpcrt4.dll shlwapi.dll System.Web.Services.dll msvcrt.dll scrrun.dll user32.dll ntdll.dll wow64.dll wow64win.dll dsrole.dll kernel32.dll kernel32.dll kernel32.dll user32.dll kernel32.dll KernelBase.dll profapi.dll msvcrt.dll user32.dll rpcrt4.dll sspicli.dll cryptbase.dll dnsapi.dll ws2_32.dll nsi.dll combase.dll usp10.dll dhcpcsvc6.dll shell32.dll shlwapi.dll gdi32.dll user32.dll lpk.dll mfc42u.dll apphelp.dll imm32.dll msctf.dll clbcatq.dll oleaut32.dll cryptsp.dll rsaenh.dll RpcRtRemote.dll lpk.dll gdi32.dll devobj.dll wow64.dll wow64win.dll wow64cpu.dll kernel32.dll kernel32.dll cryptsp.dll user32.dll kernel32.dll KernelBase.dll msvcrt.dll winbrand.dll user32.dll sechost.dll lpk.dll profapi.dll advapi32.dll sechost.dll rpcrt4.dll sspicli.dll cryptbase.dll imm32.dll ole32.dll apphelp.dll,normal
 ntdll.dll ntdll.dll wow64.dll webio.dll wow64cpu.dll kernel32.dll kernel32.dll kernel32.dll SensApi.dll kernel32.dll KernelBase.dll msvcrt.dll winbrand.dll user32.dll gdi32.dll lpk.dll wow64cpu.dll advapi32.dll onecorecommonproxystub.dll rpcrt4.dll sspicli.dll cryptbase.dll imm32.dll msctf.dll apphelp.dll,normal
 ntdll.dll kernel32.dll kernelbase.dll msvcrt.dll conhostv2.dll netapi32.dll ucrtbase.dll combase.dll advapi32.dll bcryptprimitives.dll gdi32.dll gdi32full.dll ntdll.dll win32u.dll oleaut32.dll advapi32.dll sechost.dll imm32.dll propsys.dll shcore.dll shell32.dll cfgmgr32.dll windows.storage.dll shlwapi.dll provsvc.dll advapi32.dll profapi.dll uxtheme.dll msvcp110_win.dll sechost.dll shlwapi.dll textinputframework.dll coreuicomponents.dll kernel32.dll Microsoft.VisualStudio.Tools.Applications.AddInAdapter.v9.0.ni.dll wintypes.dll usermgrcli.dll clbcatq.dll ole32.dll version.dll iertutil.dll oleacc.dll rpcrt4.dll msasn1.dll wow64cpu.dll rpcrt4.dll ntasn1.dll policymanager.dll msvcp110_win.dll dui70.dll imecfm.dll wer.dll,normal
 ntdll.dll kernel32.dll kernelbase.dll msvcrt.dll ole32.dll gdi32.dll user32.dll sechost.dll KernelBase.dll sechost.dll clbcatq.dll msctf.dll cryptbase.dll profext.dll advapi32.dll sechost.dll oleaut32.dll ncrypt.dll rsaenh.dll rpcrtremote.dll crypt32.dll thumbcache.dll shell32.dll shlwapi.dll System.Data.dll psapi.dll propsys.dll,normal
 ondemandconnroutehelper.dll configurationclient.dll,normal
 ntdll.dll System.Core.dll wow64.dll wow64win.dll wow64cpu.dll kernel32.dll vcruntime140.dll kernel32.dll user32.dll kernel32.dll mscoreei.dll msvcrt.dll winbrand.dll user32.dll gdi32.dll lpk.dll usp10.dll gdi32.dll sechost.dll rpcrt4.dll sspicli.dll cryptbase.dll rpcrt4.dll pnrpnsp.dll RpcRtRemote.dll,normal
 ntdll.dll kernel32.dll kernelbase.dll advapi32.dll kernel32.dll sechost.dll mscoreei.dll ole32.dll gdi32.dll msctf.dll system.data.oracleclient.ni.dll oleaut32.dll imm32.dll user32.dll wdscore.dll eventlogmessages.dll shell32.dll cryptbase.dll shlwapi.dll ntdll.dll ktmw32.dll dbghelp.dll cbscore.dll crypt32.dll msasn1.dll lpk.dll userenv.dll profapi.dll dpx.dll dpx.dll dpx.dll wcp.dll gdi32.dll cfgmgr32.dll devobj.dll mpr.dll drupdate.dll spp.dll sechost.dll vsstrace.dll srclient.dll rpcrt4.dll sqmapi.dll winhttp.dll webio.dll winhttp.dll api-ms-win-core-interlocked-l1-1-0.dll wrpint.dll msvcr120_clr0400.dll cbsapi.dll sxsstore.dll sensapi.dll cryptsp.dll rsaenh.dll rpcrtremote.dll kernel32.dll kernel32.dll,normal
 ntdll.dll ole32.dll clbcatq.dll advapi32.dll msvcrt.dll sechost.dll rpcrt4.dll msvcr120_clr0400.dll mscoree.dll mscorjit.dll gdi32.dll user32.dll system.web.mobile.dll usp10.dll oleaut32.dll imm32.dll msctf.dll cryptbase.dll advapi32.dll ole32.dll rpcrtremote.dll powrprof.dll sxs.dll mscoreei.dll mscorwks.dll msvcr80.dll shlwapi.dll shell32.dll profapi.dll mscorlib.ni.dll lpk.dll mscorlib.dll kernel32.dll version.dll mscorlib.dll cryptbase.dll microsoft.vsa.dll shlwapi.dll kernel32.dll kernelbase.dll advapi32.dll msvcrt.dll sechost.dll rpcrt4.dll msvcr120_clr0400.dll mscoree.dll duser.dll gdi32.dll user32.dll kernel32.dll usp10.dll oleaut32.dll imm32.dll msctf.dll cryptbase.dll cryptsp.dll kernel.appcore.dll rpcrtremote.dll clbcatq.dll sxs.dll mscoreei.dll mscorwks.dll msvcr80.dll oleaut32.dll shell32.dll winsta.dll Microsoft.PowerShell.Utility.Activities.dll mscorjit.dll mscorlib.dll mscorlib.dll version.dll mscorlib.dll mscorlib.dll KernelBase.dll mscorsec.dll wintrust.dll crypt32.dll msasn1.dll kernel32.dll riched20.dll apphelp.dll ncrypt.dll microsoft-windows-homegroupdiagnostic.netlistmgr.interop.dll microsoft-windows-homegroupdiagnostic.netlistmgr.interop.dll microsoft-windows-homegroupdiagnostic.netlistmgr.interop.dll bcrypt.dll comctl32.dll api-ms-win-downlevel-version-l1-1-0.dll gpapi.dll uiautomationprovider.dll user32.dll sensapi.dll ntdll.dll kernel32.dll kernelbase.dll advapi32.dll System.Xml.dll sechost.dll rpcrt4.dll msvcr120_clr0400.dll mscoree.dll ole32.dll gdi32.dll user32.dll lpk.dll usp10.dll oleaut32.dll imm32.dll msctf.dll tquery.dll cryptsp.dll rsaenh.dll rpcrtremote.dll clbcatq.dll sxs.dll winnsi.dll advapi32.dll msvcr80.dll shlwapi.dll shell32.dll profapi.dll mscorlib.ni.dll cryptbase.dll apphelp.dll kernelbase.dll api-ms-win-core-kernel32-private-l1-1-0.dll mscorlib.dll mscorlib.dll wintrust.dll system.configuration.install.ni.dll system.runtime.serialization.formatters.soap.ni.dll kernel32.dll system.windows.forms.ni.dll system.configuration.ni.dll system.xml.ni.dll spoolss.dll system.data.sqlxml.ni.dll accessibility.ni.dll system.deployment.ni.dll ntdll.dll kernel32.dll kernelbase.dll usp10.dll msvcrt.dll sechost.dll rpcrt4.dll msvcr120_clr0400.dll mscoree.dll ole32.dll imageres.dll user32.dll lpk.dll setupapi.dll oleaut32.dll imm32.dll netprofm.dll cryptbase.dll cryptsp.dll rsaenh.dll sechost.dll clbcatq.dll sxs.dll mscoreei.dll clr.dll system.data.sqlxml.dll mscorlib.ni.dll clrjit.dll system.ni.dll microsoft.transactions.bridge.ni.dll version.dll microsoft.visualstudio.tools.applications.hosting.v10.0.dll mscorlib.dll system.core.ni.dll system.servicemodel.ni.dll nsi.dll smdiagnostics.ni.dll system.xml.ni.dll system.servicemodel.internals.ni.dll wldp.dll system.transactions.dll system.transactions.dll system.transactions.dll system.identitymodel.ni.dll system.configuration.ni.dll ntdll.dll kernel32.dll kernelbase.dll advapi32.dll msvcrt.dll sechost.dll rpcrt4.dll msvcr120_clr0400.dll mscoree.dll wevtapi.dll gdi32.dll user32.dll lpk.dll usp10.dll oleaut32.dll imm32.dll msctf.dll cryptbase.dll cryptsp.dll rsaenh.dll rpcrtremote.dll clbcatq.dll sxs.dll mscoreei.dll clr.dll shlwapi.dll mscorlib.ni.dll clrjit.dll system.dll version.dll mscorlib.dll mscorlib.dll system.net.ni.dll system.core.ni.dll api-ms-win-core-com-l1-1-0.dll system.xml.ni.dll ntdll.dll ntdll.dll wow64.dll oleaut32.dll wow64cpu.dll kernel32.dll rsaenh.dll dhcpcsvc.dll user32.dll kernel32.dll kernelbase.dll advapi32.dll msvcrt.dll user32.dll rpcrt4.dll sspicli.dll cryptbase.dll msvcr120_clr0400.dll mscoree.dll lpk.dll gdi32.dll user32.dll lpk.dll usp10.dll sqmapi.dll imm32.dll msctf.dll cryptsp.dll rsaenh.dll rpcrtremote.dll clbcatq.dll sxs.dll mscoreei.dll clr.dll shlwapi.dll advapi32.dll clrjit.dll system.ni.dll system.core.ni.dll nsi.dll system.activities.durableinstancing.ni.dll system.activities.durableinstancing.dll system.activities.durableinstancing.dll nsi.dll mscorlib.dll system.dll msvcrt.dll wow64.dll system.core.dll dhcpcsvc6.dll system.servicemodel.internals.dll system.servicemodel.internals.dll system.runtime.durableinstancing.ni.dll cryptbase.dll api-ms-win-downlevel-version-l1-1-0.dll system.transactions.ni.dll system.transactions.dll sxsstore.dll system.transactions.dll system.data.ni.dll system.data.dll system.data.dll system.data.dll clbcatq.dll api-ms-win-crt-math-l1-1-0.dll system.xml.linq.dll slc.dll system.activities.dll system.activities.dll msvcrt.dll system.runtime.serialization.dll ntdll.dll system.xml.ni.dll system.xml.dll system.xml.dll system.numerics.ni.dll system.numerics.dll shell32.dll system.security.ni.dll system.security.dll system.security.dll shlwapi.dll system.configuration.dll advapi32.dll imageres.dll ntdll.dll imm32.dll urlmon.dll rpcrt4.dll Microsoft.Management.Infrastructure.ni.dll kernel32.dll kernel32.dll dhcpcsvc6.dll kernel32.dll kernelbase.dll advapi32.dll msvcrt.dll sechost.dll rpcrt4.dll sspicli.dll kernel32.dll profapi.dll mscoree.dll ole32.dll gdi32.dll rpcrt4.dll lpk.dll eappprxy.dll oleaut32.dll shell32.dll sfc_os.dll cryptsp.dll rsaenh.dll rpcrtremote.dll clbcatq.dll sxs.dll user32.dll clr.dll shlwapi.dll mscorlib.ni.dll user32.dll sechost.dll sensapi.dll version.dll mscorlib.dll rsaenh.dll system.dll system.dll kernel32.dll system.drawing.dll system.drawing.dll profapi.dll system.windows.forms.dll ole32.dll system.core.ni.dll msointl30.dll clbcatq.dll system.configuration.dll cbsapi.dll system.core.dll system.xml.ni.dll system.xml.dll system.xml.dll ntdll.dll ntdll.dll wow64.dll wow64win.dll wow64cpu.dll kernel32.dll system.numerics.ni.dll kernel32.dll user32.dll kernel32.dll kernelbase.dll advapi32.dll msvcrt.dll sechost.dll rpcrt4.dll sspicli.dll cryptbase.dll cryptbase.dll mscoree.dll ole32.dll cryptbase.dll user32.dll lpk.dll usp10.dll oleaut32.dll imm32.dll msctf.dll cryptsp.dll rsaenh.dll rpcrtremote.dll clbcatq.dll sxs.dll mscoreei.dll profapi.dll shlwapi.dll mscorlib.ni.dll clrjit.dll uiautomationtypes.ni.dll version.dll uiautomationtypes.dll uiautomationtypes.dll mscorlib.dll mscorlib.dll,normal
 aelupsvc.dll ntdll.dll wups.dll rasapi32.dll rasman.dll,normal
 ntdll.dll ole32.dll imm32.dll kernel32.dll sechost.dll shlwapi.dll msctf.dll lpk.dll ws2_32.dll oleaut32.dll uianimation.dll clbcatq.dll rpcrt4.dll nsi.dll ws2_32.dll msvcrt.dll gdi32.dll usp10.dll ntdll.dll userenv.dll advapi32.dll cryptsp.dll mswsock.dll wship6.dll rsaenh.dll netutils.dll System.EnterpriseServices.dll user32.dll wkscli.dll winnsi.dll dhcpcsvc6.dll dhcpcsvc.dll secur32.dll sspicli.dll credssp.dll RpcRtRemote.dll winhttp.dll webio.dll atl.dll wshqos.dll wshqos.dll wshqos.dll wshqos.dll FirewallAPI.dll xmllite.dll mscorlib.dll sechost.dll webservices.dll rsaenh.dll httpapi.dll msxml6.dll ssdpsrv.dll,normal
 sendmail.dll acppage.dll sfc.dll mydocs.dll logoncli.dll,normal
 sendmail.dll mydocs.dll,normal
 ntdll.dll kernel32.dll kernelbase.dll advapi32.dll msvcrt.dll lspwaoie.dll rpcrt4.dll oleaut32.dll msvcp_win.dll gdi32.dll combase.dll bcryptprimitives.dll ntmarta.dll gdi32.dll gdi32full.dll rpcrt4.dll win32u.dll crypt32.dll msasn1.dll wintrust.dll sspicli.dll mpclient.dll msvcrt.dll profapi.dll gpapi.dll version.dll version.dll kernel.appcore.dll gdi32.dll msxml6.dll netprofm.dll,normal
 user32.dll cfgmgr32.dll kernelbase.dll advapi32.dll user32.dll api-ms-win-crt-utility-l1-1-0.dll rpcrt4.dll gdi32.dll user32.dll lpk.dll usp10.dll msswch.dll winmm.dll dwmapi.dll gdiplus.dll ole32.dll oleacc.dll oleaut32.dll shlwapi.dll propsys.dll duser.dll imm32.dll msctf.dll cryptbase.dll wow64cpu.dll xmllite.dll clbcatq.dll api-ms-win-downlevel-advapi32-l2-1-0.dll cryptsp.dll rsaenh.dll rpcrtremote.dll dui70.dll uxtheme.dll windowscodecs.dll comctl32.dll,normal
 ntdll.dll kernel32.dll shell32.dll user32.dll user32.dll lpk.dll usp10.dll msvcrt.dll imm32.dll msctf.dll ole32.dll rpcrt4.dll webio.dll,normal
 ntdll.dll sechost.dll wow64.dll wow64win.dll wow64cpu.dll kernel32.dll kernel32.dll kernel32.dll user32.dll kernel32.dll kernelbase.dll system.configuration.dll msvcrt.dll sechost.dll rpcrt4.dll sspicli.dll cryptbase.dll dnsapi.dll wdscore.dll ole32.dll ieframe.dll user32.dll lpk.dll imm32.dll oleaut32.dll imm32.dll msctf.dll peerdistsh.dll rsaenh.dll rpcrtremote.dll lspweb.dll System.Data.dll mscoreei.dll sxs.dll shlwapi.dll mscorlib.ni.dll clrjit.dll system.ni.dll system.core.ni.dll user32.dll user32.dll version.dll presentationcore.dll psapi.dll sechost.dll mscorlib.dll windowsbase.dll windowsbase.dll system.core.dll system.core.dll system.dll system.dll profapi.dll system.xaml.dll system.xaml.dll uiautomationtypes.ni.dll uiautomationtypes.dll lpk.dll apphelp.dll system.configuration.dll system.configuration.dll uiautomationprovider.ni.dll uiautomationprovider.dll uiautomationprovider.dll setupapi.dll system.xml.ni.dll system.xml.dll wow64cpu.dll system.deployment.ni.dll system.deployment.dll system.deployment.dll accessibility.ni.dll accessibility.dll wow64cpu.dll system.security.ni.dll KernelBase.dll system.security.dll secur32.dll system.numerics.dll system.numerics.dll,normal
 ntdll.dll wintrust.dll KernelBase.dll gdi32.dll user32.dll lpk.dll usp10.dll ws2_32.dll clbcatq.dll msctf.dll ole32.dll tquery.dll mscorlib.dll kernel32.dll clbcatq.dll advapi32.dll api-ms-win-core-synch-l1-2-0.dll ntdll.dll samlib.dll KernelBase.dll gdi32.dll user32.dll lpk.dll usp10.dll msvcrt.dll imm32.dll msctf.dll ole32.dll rpcrt4.dll oleaut32.dll cryptbase.dll clbcatq.dll advapi32.dll sechost.dll ntdll.dll ntdll.dll wow64.dll gdi32.dll vccorlib140_app.dll kernel32.dll kernel32.dll kernel32.dll user32.dll kernel32.dll KernelBase.dll advapi32.dll msvcrt.dll imm32.dll rpcrt4.dll sspicli.dll combase.dll dnsapi.dll ws2_32.dll nsi.dll winnsi.dll dhcpcsvc.dll dhcpcsvc6.dll sxs.dll shlwapi.dll gdi32.dll user32.dll lpk.dll usp10.dll ole32.dll system.data.oracleclient.dll msctf.dll clbcatq.dll sxs.dll cryptsp.dll rsaenh.dll RpcRtRemote.dll wevtapi.dll perfos.dll kernel32.dll KernelBase.dll gdi32.dll usp10.dll lpk.dll usp10.dll msvcrt.dll ntmarta.dll combase.dll ole32.dll rpcrt4.dll oleaut32.dll sechost.dll wow64cpu.dll KernelBase.dll rpcrt4.dll ntdll.dll kernel32.dll KernelBase.dll msvcrt.dll user32.dll gdi32.dll lpk.dll SensApi.dll onecoreuapcommonproxystub.dll rpcrt4.dll rsaenh.dll shlwapi.dll System.Configuration.Install.ni.dll sechost.dll shell32.dll mscoree.dll profapi.dll version.dll setupapi.dll cfgmgr32.dll oleaut32.dll shlwapi.dll imm32.dll msctf.dll shell32.dll comdlg32.dll wkscli.dll oleaut32.dll ws2_32.dll nsi.dll imm32.dll msasn1.dll apphelp.dll shell32.dll imagehlp.dll msctf.dll powrprof.dll winsta.dll kerberos.dll oleacc.dll imecfm.dll nsi.dll mswsock.dll sspicli.dll cryptsp.dll wship6.dll winnsi.dll imageres.dll msvcr120_clr0400.dll netapi32.dll netutils.dll srvcli.dll logoncli.dll auditcse.dll netjoin.dll efssvc.dll Wldap32.dll winbrand.dll mscorlib.dll slc.dll regapi.dll secur32.dll credssp.dll System.Windows.Forms.dll rasadhlp.dll kernel32.dll ntdll.dll wow64.dll dmdskres2.dll wow64cpu.dll kernel32.dll kernel32.dll kernel32.dll ws2_32.dll kernelbase.dll KernelBase.dll advapi32.dll msvcrt.dll sechost.dll gdi32.dll wpdshext.dll ole32.dll dnsapi.dll ws2_32.dll nsi.dll uxtheme.dll dhcpcsvc.dll dhcpcsvc6.dll shell32.dll shlwapi.dll msoert2.dll user32.dll lpk.dll Microsoft.VisualStudio.Tools.Applications.AddInAdapter.v9.0.dll ole32.dll imm32.dll msctf.dll clbcatq.dll oleaut32.dll cryptsp.dll rsaenh.dll profapi.dll wevtapi.dll,normal
 ntdll.dll ntdll.dll wow64.dll wow64win.dll wow64cpu.dll kernel32.dll kernel32.dll lpk.dll user32.dll kernel32.dll KernelBase.dll lpk.dll winbrand.dll lpk.dll ntdll.dll lpk.dll psapi.dll advapi32.dll sechost.dll rpcrt4.dll microsoft-windows-kernel-power-events.dll cryptbase.dll imm32.dll msctf.dll apphelp.dll,normal
 ntdll.dll kernel32.dll uiautomationtypes.dll msctf.dll msvcrt.dll sechost.dll rpcrt4.dll gdi32.dll user32.dll lpk.dll usp10.dll user32.dll oleaut32.dll dhcpcsvc.dll msvcrt.dll dpx.dll wtsapi32.dll comctl32.dll imm32.dll msctf.dll cryptbase.dll system.drawing.design.dll cryptsp.dll rsaenh.dll gdi32.dll wow64.dll wdscore.dll dbghelp.dll clbcatq.dll crypt32.dll msasn1.dll wintrust.dll wow64win.dll wbemsvc.dll wow64cpu.dll wuapi.dll wups.dll wups.dll wu.upgrade.ps.dll wuapi.dll winsta.dll,normal
 ntdll.dll kernel32.dll kernelbase.dll gdi32.dll user32.dll msvcrt.dll usp10.dll ole32.dll imm32.dll System.Drawing.Design.dll System.Core.dll rpcrt4.dll oleaut32.dll cryptbase.dll clbcatq.dll advapi32.dll sechost.dll ntdll.dll kernel32.dll kernelbase.dll wminet_utils.dll user32.dll lpk.dll usp10.dll msvcrt.dll imm32.dll msctf.dll ole32.dll rpcrt4.dll oleaut32.dll system.windows.forms.dll clbcatq.dll advapi32.dll apphelp.dll ntdll.dll ntdll.dll wow64.dll wow64win.dll sensapi.dll kernel32.dll kernel32.dll kernel32.dll user32.dll ucrtbase.dll kernelbase.dll usp10.dll msvcrt.dll sechost.dll KernelBase.dll sspicli.dll cryptbase.dll dnsapi.dll ws2_32.dll nsi.dll clbcatq.dll netprofm.dll dhcpcsvc6.dll shell32.dll shlwapi.dll gdi32.dll user32.dll kernel32.dll usp10.dll sensapi.dll imm32.dll msctf.dll clbcatq.dll oleaut32.dll cryptsp.dll rsaenh.dll rpcrtremote.dll gdi32.dll gdi32.dll ntdll.dll wow64.dll wow64win.dll wow64cpu.dll kernel32.dll kernel32.dll kernel32.dll user32.dll msshooks.dll kernelbase.dll advapi32.dll mmcfxcommon.ni.dll sechost.dll rpcrt4.dll System.Data.dll cryptbase.dll advapi32.dll ws2_32.dll nsi.dll winnsi.dll dhcpcsvc.dll dhcpcsvc6.dll shell32.dll shlwapi.dll gdi32.dll user32.dll lpk.dll usp10.dll comctl32.dll imm32.dll rpcrt4.dll rpcrtremote.dll usp10.dll mscoreei.dll rsaenh.dll rpcrtremote.dll comctl32.dll user32.dll ntdll.dll wow64.dll wow64win.dll ncrypt.dll kernel32.dll kernel32.dll kernel32.dll ntdll.dll accessibility.ni.dll system.core.dll advapi32.dll msvcrt.dll sechost.dll rpcrt4.dll imageres.dll cryptbase.dll shell32.dll ws2_32.dll nsi.dll winnsi.dll dhcpcsvc.dll dhcpcsvc6.dll shell32.dll shlwapi.dll gdi32.dll user32.dll lpk.dll usp10.dll ole32.dll imm32.dll msctf.dll nsi.dll oleaut32.dll cryptsp.dll rsaenh.dll System.ServiceModel.Activation.dll wevtapi.dll lpk.dll ntdll.dll wow64.dll lpk.dll wow64cpu.dll kernel32.dll cfgmgr32.dll kernel32.dll usp10.dll kernel32.dll kernelbase.dll system.web.dll oleaut32.dll ole32.dll gdi32.dll user32.dll advapi32.dll sechost.dll rpcrt4.dll sspicli.dll mscorlib.dll lpk.dll system.web.dll ntdll.dll imm32.dll setupapi.dll msvcrt.dll uxtheme.dll vbscript.dll advapi32.dll wintrust.dll crypt32.dll msasn1.dll wow64cpu.dll rsaenh.dll crypt32.dll wshext.dll comctl32.dll shell32.dll shlwapi.dll ole32.dll msi.dll System.Data.dll ntdll.dll system.web.regularexpressions.dll cryptsp.dll mscoree.dll user32.dll lpk.dll usp10.dll msvcrt.dll imm32.dll imageres.dll ole32.dll cryptbase.dll oleaut32.dll ntdll.dll system.data.sqlxml.ni.dll wow64.dll wow64win.dll cryptbase.dll kernel32.dll kernel32.dll kernel32.dll wow64cpu.dll kernel32.dll kernelbase.dll msvcrt.dll ole32.dll gdi32.dll user32.dll advapi32.dll sechost.dll rpcrt4.dll sspicli.dll sechost.dll lpk.dll usp10.dll imm32.dll sppobjs.dll clbcatq.dll oleaut32.dll cryptsp.dll rsaenh.dll rpcrtremote.dll System.Core.ni.dll shlwapi.dll actxprxy.dll comctl32.dll advapi32.dll ntdll.dll wow64.dll wow64win.dll wow64cpu.dll kernel32.dll System.Data.SqlXml.dll gdi32.dll user32.dll kernel32.dll kernelbase.dll advapi32.dll kernel32.dll sechost.dll rpcrt4.dll sspicli.dll cryptbase.dll imm32.dll ole32.dll ntdll.dll imageres.dll lpk.dll usp10.dll wevtapi.dll kernel32.dll sechost.dll comctl32.dll shlwapi.dll credui.dll ntdll.dll kernel32.dll kernelbase.dll gdi32.dll user32.dll lpk.dll usp10.dll user32.dll imm32.dll msctf.dll ole32.dll rpcrt4.dll oleaut32.dll lpk.dll clbcatq.dll advapi32.dll sechost.dll ntdll.dll kernel32.dll kernelbase.dll advapi32.dll msvcrt.dll sechost.dll rpcrt4.dll fastprox.dll user32.dll gdi32.dll usp10.dll msswch.dll winmm.dll dwmapi.dll advapi32.dll ole32.dll oleacc.dll oleaut32.dll shlwapi.dll wmsgapi.dll clbcatq.dll uxtheme.dll imm32.dll cryptsp.dll,normal
 ntdll.dll ntdll.dll wow64.dll wow64win.dll shell32.dll kernel32.dll kernel32.dll kernel32.dll user32.dll kernel32.dll user32.dll user32.dll msvcrt.dll webio.dll user32.dll gdi32.dll lpk.dll usp10.dll advapi32.dll sechost.dll rpcrt4.dll advapi32.dll cryptbase.dll shell32.dll shlwapi.dll ole32.dll oleaut32.dll kernel32.dll PresentationFramework.dll api-ms-win-core-synch-l1-2-0.dll ntdll.dll kernel32.dll kernelbase.dll advapi32.dll msvcrt.dll cryptbase.dll rpcrt4.dll user32.dll user32.dll lpk.dll usp10.dll ole32.dll PresentationCFFRasterizer.dll tquery.dll IEShims.dll shlwapi.dll imm32.dll msctf.dll imm32.dll mscoreei.dll mscoree.dll mscoreei.dll ole32.dll clbcatq.dll netutils.dll rsaenh.dll rpcrtremote.dll mssprxy.dll,normal
 wow64win.dll wtsapi32.dll SensApi.dll gdi32.dll user32.dll lpk.dll usp10.dll msvcrt.dll imm32.dll msctf.dll tdh.dll rpcrt4.dll oleaut32.dll uxtheme.dll credssp.dll msswch.dll advapi32.dll sechost.dll winmm.dll bcryptprimitives.dll shlwapi.dll cryptbase.dll,normal
 dnsapi.dll msxml6.dll imageres.dll imageres.dll imageres.dll imageres.dll imageres.dll imageres.dll ehstorshell.dll clbcatq.dll imageres.dll imageres.dll wpdshext.dll explorerframe.dll ehstorshell.dll cscui.dll System.ServiceModel.Internals.dll ntshrui.dll msftedit.dll msls31.dll tiptsf.dll linkinfo.dll searchfolder.dll structuredquery.dll thumbcache.dll psapi.dll ieframe.dll samlib.dll shdocvw.dll mssprxy.dll mssvp.dll mapi32.dll ntdll.dll imageres.dll System.Xml.ni.dll imageres.dll imageres.dll lpk.dll imageres.dll imageres.dll davclnt.dll imageres.dll scrobj.dll mlang.dll wpdshext.dll winmm.dll ntlanman.dll davhlpr.dll portabledeviceapi.dll wintrust.dll audiodev.dll shell32.dll ieproxy.dll imageres.dll imageres.dll imageres.dll mswsock.dll imageres.dll imageres.dll imageres.dll imageres.dll imageres.dll wow64cpu.dll cryptbase.dll imageres.dll user32.dll imageres.dll ntmarta.dll profapi.dll mssvp.dll user32.dll,normal
 ntdll.dll ntdll.dll clbcatq.dll wow64win.dll wow64cpu.dll ntdll.dll mscorlib.dll kernel32.dll user32.dll efscore.dll kernelbase.dll msvcrt.dll ntdll.dll user32.dll gdi32.dll lpk.dll usp10.dll advapi32.dll sechost.dll rpcrt4.dll sspicli.dll ole32.dll imm32.dll msctf.dll apphelp.dll,normal
 ntdll.dll user32.dll kernel32.dll kernelbase.dll ws2_32.dll ws2_32.dll msvcrt.dll msvcrt.dll System.Data.Entity.dll rpcrt4.dll nsi.dll nsi.dll vcruntime140.dll vcruntime140.dll api-ms-win-crt-runtime-l1-1-0.dll dcntel.dll api-ms-win-downlevel-normaliz-l1-1-0.dllnormaliz.dll api-ms-win-core-timezone-l1-1-0.dll api-ms-win-core-file-l2-1-0.dll api-ms-win-core-localization-l1-2-0.dll api-ms-win-core-synch-l1-2-0.dll api-ms-win-core-processthreads-l1-1-1.dll api-ms-win-core-file-l1-2-0.dll mscorwks.dll System.Data.dll api-ms-win-crt-stdio-l1-1-0.dll api-ms-win-crt-convert-l1-1-0.dll api-ms-win-crt-math-l1-1-0.dll api-ms-win-crt-locale-l1-1-0.dll ntdll.dll mswsock.dll ntdll.dll gdi32.dll lpk.dll usp10.dll imm32.dll msctf.dll wshtcpip.dll,HTran
 ntdll.dll ntdll.dll ntdll.dll kernelbase.dll kernelbase.dll system.data.dll advapi32.dll msvcrt.dll msvcrt.dll user32.dll lpk.dll oleaut32.dll tquery.dll tquery.dll shcore.dll psapi.dll msshooks.dll msshooks.dll imm32.dll sechost.dll sechost.dll rpcrt4.dll rpcrt4.dll gdi32.dll combase.dll msjter40.dll msctf.dll kernel.appcore.dll sysntfy.dll ncrypt.dll cryptbase.dll bcryptprimitives.dll bcryptprimitives.dll msidle.dll clbcatq.dll cryptsp.dll cryptsp.dll gdi32.dll rsaenh.dll bcrypt.dll bcrypt.dll System.Windows.Forms.dll ntdll.dll ieframe.dll shell32.dll iertutil.dll iertutil.dll ucrtbase.dll secur32.dll System.ni.dll user32.dll sspicli.dll mlang.dll propsys.dll api-ms-win-core-synch-l1-2-0.dll mscorlib.dll wininet.dll userenv.dll userenv.dll lpk.dll,normal
 ntdll.dll ntdll.dll wow64.dll wow64win.dll sechost.dll kernel32.dll kernel32.dll kernel32.dll user32.dll ws2_32.dll wow64.dll msvcrt.dll winbrand.dll user32.dll gdi32.dll rpcrt4.dll usp10.dll advapi32.dll sechost.dll rpcrt4.dll ntshrui.dll cryptbase.dll imm32.dll msctf.dll mswsock.dll,normal
 ntdll.dll wow64.dll wow64win.dll wow64cpu.dll shlwapi.dll kernel32.dll sechost.dll oleaut32.dll ole32.dll msvcrt.dll gdi32.dll user32.dll advapi32.dll iertutil.dll rpcrt4.dll urlmon.dll cryptbase.dll lpk.dll usp10.dll imm32.dll msctf.dll cryptsp.dll version.dll clbcatq.dll mscoree.dll mscoreei.dll wsecedit.dll clr.dll clr.dll usp10.dll ntdll.dll kernel32.dll rpcrt4.dll user32.dll msctf.dll taskschd.dll ntdll.dll kernel32.dll KernelBase.dll sensapi.dll msvcrt.dll wcp.dll rpcrt4.dll msvcr120_clr0400.dll kernel32.dll npmproxy.dll gdi32.dll user32.dll lpk.dll usp10.dll oleaut32.dll imm32.dll msctf.dll cryptbase.dll cryptsp.dll rsaenh.dll RpcRtRemote.dll wssync.dll sxs.dll System.Activities.DurableInstancing.dll clr.dll rpcrt4.dll mscorlib.ni.dll clrjit.dll version.dll mscorlib.dll mscorlib.dll System.ni.dll shell32.dll System.Activities.ni.dll System.Management.ni.dll crypt32.dll System.Transactions.ni.dll dpx.dll System.Transactions.dll System.Transactions.dll netprofm.dll System.Transactions.dll System.Transactions.dll System.Transactions.dll Microsoft.PowerShell.Security.Activities.ni.dll,normal
 imm32.dll setupapi.dll cfgmgr32.dll devobj.dll,normal
 mssvp.dll kernel32.dll sensapi.dll sensapi.dll sensapi.dll sensapi.dll sensapi.dll sensapi.dll sensapi.dll sensapi.dll sensapi.dll shell32.dll sensapi.dll profapi.dll sensapi.dll sensapi.dll user32.dll msasn1.dll sensapi.dll sensapi.dll System.AddIn.dll sensapi.dll sensapi.dll sensapi.dll sensapi.dll sensapi.dll System.Xml.ni.dll sensapi.dll sensapi.dll sensapi.dll sensapi.dll sensapi.dll sensapi.dll sxs.dll advapi32.dll sensapi.dll sensapi.dll wow64cpu.dll sensapi.dll sensapi.dll sensapi.dll user32.dll sensapi.dll sensapi.dll setupapi.dll cryptsp.dll sensapi.dll sensapi.dll sensapi.dll sensapi.dll sensapi.dll sensapi.dll sensapi.dll sensapi.dll sensapi.dll shell32.dll rpcrt4.dll sensapi.dll msvcr80.dll sensapi.dll sensapi.dll sensapi.dll sensapi.dll sensapi.dll sensapi.dll sensapi.dll sensapi.dll sensapi.dll kernel32.dll cryptnet.dll sensapi.dll kernel32.dll sensapi.dll rsaenh.dll sensapi.dll sensapi.dll sensapi.dll sensapi.dll sensapi.dll sensapi.dll cryptbase.dll sensapi.dll sensapi.dll sensapi.dll sensapi.dll sensapi.dll sensapi.dll sensapi.dll sensapi.dll msshooks.dll sensapi.dll sechost.dll sensapi.dll sensapi.dll sensapi.dll sensapi.dll sensapi.dll sensapi.dll sensapi.dll usp10.dll sensapi.dll sensapi.dll sensapi.dll oleaut32.dll msctf.dll kernel32.dll sensapi.dll sensapi.dll sensapi.dll System.Transactions.dll advapi32.dll sensapi.dll sensapi.dll sensapi.dll sensapi.dll sensapi.dll sensapi.dll user32.dll sensapi.dll sensapi.dll sensapi.dll ntdll.dll sensapi.dll imm32.dll sensapi.dll sensapi.dll sensapi.dll sensapi.dll sensapi.dll sensapi.dll msctf.dll sensapi.dll sensapi.dll sensapi.dll rpcrt4.dll sensapi.dll werui.dll sensapi.dll sensapi.dll sensapi.dll sensapi.dll sensapi.dll sensapi.dll sensapi.dll sensapi.dll sensapi.dll sensapi.dll sensapi.dll sensapi.dll cryptsp.dll sensapi.dll sensapi.dll sensapi.dll sensapi.dll sensapi.dll sensapi.dll sensapi.dll twinapi.dll sensapi.dll kernel32.dll sensapi.dll sensapi.dll sensapi.dll sensapi.dll sensapi.dll System.Data.OracleClient.dll sensapi.dll sensapi.dll msctf.dll sensapi.dll sensapi.dll sensapi.dll sensapi.dll sensapi.dll sensapi.dll sensapi.dll userenv.dll sensapi.dll sensapi.dll sensapi.dll ntdll.dll oleaut32.dll oleaut32.dll kernel.appcore.dll imageres.dll sensapi.dll sensapi.dll appxdeploymentclient.dll ncrypt.dll sensapi.dll sensapi.dll sensapi.dll sensapi.dll sensapi.dll sensapi.dll sensapi.dll sensapi.dll sensapi.dll sensapi.dll sensapi.dll winnsi.dll sensapi.dll sensapi.dll sensapi.dll sensapi.dll sensapi.dll sensapi.dll sensapi.dll sensapi.dll system.core.ni.dll sensapi.dll sensapi.dll sensapi.dll sensapi.dll sensapi.dll sensapi.dll sensapi.dll sensapi.dll msasn1.dll sensapi.dll sensapi.dll ReachFramework.dll sensapi.dll system.configuration.dll sensapi.dll sensapi.dll sensapi.dll sensapi.dll sensapi.dll sensapi.dll sensapi.dll PresentationFramework.Classic.dll msswch.dll cfgmgr32.dll kernel32.dll sensapi.dll sensapi.dll sensapi.dll sensapi.dll sensapi.dll sensapi.dll sensapi.dll sensapi.dll sensapi.dll sensapi.dll sensapi.dll sensapi.dll kernel32.dll sensapi.dll sensapi.dll sensapi.dll sensapi.dll sensapi.dll sensapi.dll rpcrt4.dll sensapi.dll sensapi.dll sensapi.dll sensapi.dll sensapi.dll sensapi.dll crypt32.dll sensapi.dll oleaut32.dll sensapi.dll sensapi.dll user32.dll kernel32.dll system.security.dll sensapi.dll sensapi.dll msctf.dll sensapi.dll sensapi.dll sensapi.dll sensapi.dll sensapi.dll version.dll comctl32.dll lpk.dll sensapi.dll sensapi.dll sensapi.dll sensapi.dll sensapi.dll sensapi.dll sensapi.dll sensapi.dll sensapi.dll devobj.dll sensapi.dll sensapi.dll sensapi.dll sensapi.dll sensapi.dll gdi32.dll sensapi.dll sensapi.dll imm32.dll kernel.appcore.dll shlwapi.dll cryptbase.dll sensapi.dll sensapi.dll sensapi.dll sensapi.dll sensapi.dll sensapi.dll sensapi.dll sensapi.dll sensapi.dll sensapi.dll api-ms-win-downlevel-shlwapi-l1-1-0.dll sensapi.dll sensapi.dll sensapi.dll sensapi.dll sensapi.dll imageres.dll sensapi.dll msctf.dll sensapi.dll sensapi.dll sensapi.dll sensapi.dll sensapi.dll sensapi.dll sensapi.dll sensapi.dll sensapi.dll sensapi.dll msvcrt.dll sensapi.dll sensapi.dll sensapi.dll sensapi.dll sensapi.dll sensapi.dll kernel32.dll sensapi.dll sensapi.dll sensapi.dll sensapi.dll sensapi.dll sensapi.dll kernel32.dll sensapi.dll sensapi.dll sensapi.dll sensapi.dll kernel32.dll sensapi.dll sensapi.dll sensapi.dll imm32.dll sensapi.dll crypt32.dll user32.dll sensapi.dll sensapi.dll sensapi.dll System.Web.Routing.dll sensapi.dll sensapi.dll sensapi.dll sensapi.dll cryptbase.dll shlwapi.dll sensapi.dll msvcrt.dll sensapi.dll sensapi.dll sensapi.dll sensapi.dll sensapi.dll sensapi.dll sensapi.dll system.directoryservices.dll sensapi.dll sensapi.dll sensapi.dll imm32.dll sensapi.dll kernelbase.dll sensapi.dll ole32.dll ole32.dll ole32.dll msctf.dll msctf.dll imecfm.dll uxtheme.dll,normal
 ntdll.dll idstore.dll kernelbase.dll advapi32.dll msvcrt.dll sechost.dll rpcrt4.dll gdi32.dll user32.dll sxs.dll KernelBase.dll msswch.dll winmm.dll eventlogmessages.dll comctl32.dll ole32.dll oleacc.dll oleaut32.dll shlwapi.dll wmsgapi.dll duser.dll ws2_32.dll imm32.dll devobj.dll cryptbase.dll dui70.dll cryptsp.dll xmllite.dll bcryptprimitives.dll tabskb.dll cryptsp.dll rsaenh.dll rpcrtremote.dll cfgmgr32.dll wow64win.dll mmdevapi.dll clbcatq.dll shell32.dll spoolss.dll version.dll ntdll.dll,normal
 ntdll.dll kernel.appcore.dll wow64.dll wow64win.dll system.enterpriseservices.ni.dll kernel32.dll imm32.dll kernel32.dll user32.dll KernelBase.dll shlwapi.dll advapi32.dll usp10.dll sechost.dll rpcrt4.dll sspicli.dll cryptbase.dll dnsapi.dll ws2_32.dll nsi.dll winnsi.dll dhcpcsvc.dll dhcpcsvc6.dll shell32.dll ws2_32.dll wow64cpu.dll gdi32.dll lpk.dll usp10.dll ole32.dll kernelbase.dll wow64win.dll clbcatq.dll oleaut32.dll cryptsp.dll rsaenh.dll rpcrtremote.dll KernelBase.dll ntdll.dll ntdll.dll smdiagnostics.dll wow64win.dll usp10.dll kernel32.dll kernel32.dll kernel32.dll user32.dll kernel32.dll kernelbase.dll advapi32.dll msvcrt.dll sechost.dll usp10.dll sechost.dll ntasn1.dll msvcr120_clr0400.dll advapi32.dll ole32.dll gdi32.dll user32.dll lpk.dll usp10.dll oleaut32.dll imm32.dll msctf.dll cryptsp.dll rsaenh.dll rpcrtremote.dll clbcatq.dll sxs.dll sechost.dll mscorwks.dll msvcr80.dll shlwapi.dll kernel32.dll profapi.dll mscorlib.ni.dll mscorjit.dll KernelBase.dll mscorlib.dll version.dll mscorlib.dll mscorlib.dll system.ni.dll mscorlib.dll system.addin.ni.dll mscorsec.dll wintrust.dll crypt32.dll system.deployment.dll system.enterpriseservices.ni.dll riched20.dll microsoft.visualstudio.tools.office.excel.hostadapter.v10.0.ni.dll imagehlp.dll ncrypt.dll bcrypt.dll bcryptprimitives.dll userenv.dll gpapi.dll cryptnet.dll wldap32.dll sensapi.dll system.addin.dll system.addin.dll ntdll.dll system.addin.dll microsoft.visualstudio.tools.office.excel.hostadapter.v10.0.dll user32.dll system.dll system.dll propsys.dll npmproxy.dll system.core.dll system.core.dll system.core.dll system.core.dll microsoft.visualstudio.tools.office.hostadapter.v10.0.ni.dll microsoft.visualstudio.tools.office.hostadapter.v10.0.dll microsoft.visualstudio.tools.office.hostadapter.v10.0.dll microsoft.visualstudio.tools.office.runtime.v10.0.dll ntdll.dll microsoft.visualstudio.tools.office.runtime.v10.0.dll system.addin.contract.ni.dll system.addin.contract.dll ucrtbase.dll system.addin.contract.dll system.addin.contract.dll microsoft.visualstudio.tools.applications.adapter.v9.0.ni.dll microsoft.visualstudio.tools.applications.adapter.v9.0.dll microsoft.visualstudio.tools.applications.adapter.v9.0.dll microsoft.visualstudio.tools.applications.adapter.v9.0.dll microsoft.visualstudio.tools.applications.adapter.v9.0.dll microsoft.visualstudio.tools.office.contract.v9.0.ni.dll microsoft.visualstudio.tools.office.contract.v9.0.dll microsoft.visualstudio.tools.office.contract.v9.0.dll microsoft.visualstudio.tools.applications.contract.v9.0.ni.dll microsoft.visualstudio.tools.applications.contract.v9.0.dll microsoft.visualstudio.tools.applications.contract.v9.0.dll cryptbase.dll microsoft.visualstudio.tools.applications.contract.v9.0.dll microsoft.visualstudio.tools.applications.runtime.v9.0.ni.dll microsoft.visualstudio.tools.applications.runtime.v9.0.dll clbcatq.dll microsoft.visualstudio.tools.applications.runtime.v9.0.dll microsoft.visualstudio.tools.applications.runtime.v9.0.dll wow64cpu.dll system.runtime.remoting.dll system.runtime.remoting.dll system.configuration.ni.dll gpapi.dll system.configuration.dll gdi32full.dll system.configuration.dll system.xml.ni.dll system.xml.dll msctf.dll mscorjit.dll system.xml.dll system.security.ni.dll system.security.dll system.security.dll system.security.dll rpcrt4.dll,normal
 wow64.dll ntdll.dll kernel32.dll kernelbase.dll kernelbase.dll gdi32.dll user32.dll profapi.dll msvcrt.dll imm32.dll oleaut32.dll combase.dll msctf.dll cryptsp.dll rpcrt4.dll PresentationCore.dll ntdll.dll bcrypt.dll kernelbase.dll kernelbase.dll advapi32.dll advapi32.dll uxtheme.dll mssph.dll auditcse.dll mscoreei.dll wevtapi.dll shell32.dll mscorlib.dll sechost.dll sechost.dll rpcrt4.dll rpcrt4.dll gdi32.dll combase.dll msvcrt.dll imm32.dll taskschd.dll winrnr.dll wow64cpu.dll dwmapi.dll dwmapi.dll cryptbase.dll shcore.dll kernel.appcore.dll kernel.appcore.dll cryptbase.dll cryptbase.dll bcryptprimitives.dll bcryptprimitives.dll,normal
 ntdll.dll kernel32.dll kernelbase.dll msvcrt.dll winbrand.dll user32.dll gdi32.dll lpk.dll usp10.dll imm32.dll msctf.dll advapi32.dll wow64.dll ntshrui.dll user32.dll,normal
 ntdll.dll ntdll.dll api-ms-win-downlevel-shlwapi-l1-1-0.dll api-ms-win-core-io-l1-1-0.dll wow64cpu.dll kernel32.dll kernel32.dll kernel32.dll msadcer.dll nsi.dll user32.dll advapi32.dll netapi32.dll msxml6.dll rpcrt4.dll sspicli.dll cryptbase.dll gdi32.dll ws2_32.dll nsi.dll winnsi.dll dhcpcsvc.dll dhcpcsvc6.dll advapi32.dll shlwapi.dll gdi32.dll user32.dll lpk.dll usp10.dll KernelBase.dll imm32.dll msctf.dll clbcatq.dll oleaut32.dll windowsbase.dll rsaenh.dll RpcRtRemote.dll wevtapi.dll ntdll.dll kernel32.dll KernelBase.dll CbsCore.dll user32.dll user32.dll mapi32.dll msvcrt.dll imm32.dll msctf.dll ole32.dll rpcrt4.dll oleaut32.dll cryptbase.dll clbcatq.dll advapi32.dll KernelBase.dll ntdll.dll ntdll.dll oleaut32.dll wow64win.dll wow64cpu.dll kernel32.dll system.configuration.dll kernel32.dll user32.dll kernel32.dll KernelBase.dll advapi32.dll sechost.dll sechost.dll rpcrt4.dll sspicli.dll cryptbase.dll mscorlib.dll rpcrt4.dll nsi.dll winnsi.dll wldap32.dll dhcpcsvc6.dll shell32.dll msvcrt.dll kernel32.dll user32.dll system.transactions.dll usp10.dll ole32.dll imm32.dll msctf.dll msctf.dll oleaut32.dll cryptsp.dll nsi.dll RpcRtRemote.dll wevtapi.dll ntdll.dll ntdll.dll wow64.dll wow64win.dll gdi32.dll wtsapi32.dll shell32.dll kernel32.dll user32.dll kernel32.dll mscorlib.resources.dll msvcrt.dll lpk.dll user32.dll gdi32.dll lpk.dll usp10.dll System.Core.dll sechost.dll rpcrt4.dll sspicli.dll cryptbase.dll imm32.dll msctf.dll apphelp.dll,normal
 normaliz.dll sspicli.dll sensapi.dll webio.dll wintrust.dll cryptdlg.dll cryptnet.dll cryptui.dll duser.dll osfui.dll osfproxy.dll igd10iumd64.dll igd10iumd64.dll msctf.dll igc64.dll mssprxy.dll mssprxy.dll igd10iumd64.dll igd10iumd64.dll d3d10level9.dll igc64.dll edputil.dll igd10iumd64.dll ntdll.dll igc64.dll igc64.dll mssprxy.dll mssprxy.dll igd10iumd64.dll igd10iumd64.dll igc64.dll igc64.dll wdscore.dll mssprxy.dll msctf.dll igd10iumd64.dll msvcrt.dll igc64.dll igd10iumd64.dll igd10iumd64.dll usp10.dll igc64.dll,normal
 ntdll.dll ntdll.dll clbcatq.dll wow64win.dll wow64cpu.dll kernel32.dll kernel32.dll kernel32.dll user32.dll kernel32.dll clbcatq.dll msvcrt.dll winbrand.dll user32.dll advapi32.dll lpk.dll usp10.dll advapi32.dll kernel32.dll rpcrt4.dll sspicli.dll lpk.dll kernel32.dll msctf.dll apphelp.dll,normal
 ntdll.dll winmmbase.dll wow64.dll wow64win.dll wow64cpu.dll kernel32.dll kernel32.dll kernel32.dll user32.dll kernel32.dll KernelBase.dll advapi32.dll msvcrt.dll sechost.dll system.identitymodel.dll sspicli.dll cryptbase.dll dnsapi.dll ws2_32.dll gdiplus.dll winnsi.dll dhcpcsvc.dll dhcpcsvc6.dll shell32.dll gdi32.dll gdi32.dll user32.dll lpk.dll usp10.dll ole32.dll lpk.dll system.windows.forms.dll clbcatq.dll oleaut32.dll cryptsp.dll kernel32.dll RpcRtRemote.dll ieframe.dll ntdll.dll kernel32.dll KernelBase.dll gdi32.dll user32.dll kernel32.dll ActionCenterCPL.dll msvcrt.dll dhcpcsvc6.dll msctf.dll ole32.dll crypt32.dll oleaut32.dll clr.dll cscui.dll msswch.dll sechost.dll ntdll.dll ntdll.dll wow64.dll wow64win.dll advapi32.dll kernel32.dll kernel32.dll kernel32.dll user32.dll kernel32.dll msctf.dll advapi32.dll kernel32.dll sechost.dll win32u.dll sspicli.dll cryptbase.dll dnsapi.dll profapi.dll nsi.dll cryptbase.dll dwmapi.dll cryptsp.dll shell32.dll microsoft.security.applicationid.policymanagement.policymodel.ni.dll gdi32.dll ole32.dll lpk.dll usp10.dll ole32.dll imm32.dll gdi32.dll clbcatq.dll oleaut32.dll vm3dum64.dll rsaenh.dll RpcRtRemote.dll wevtapi.dll ntdll.dll ntdll.dll wow64.dll wow64win.dll wow64cpu.dll kernel32.dll kernel32.dll cryptbase.dll user32.dll kernel32.dll KernelBase.dll windowsbase.dll gdi32.dll user32.dll gdi32.dll lpk.dll usp10.dll advapi32.dll sechost.dll rpcrt4.dll sspicli.dll lpk.dll imm32.dll msctf.dll apphelp.dll,normal
 nlaapi.dll kernel32.dll kernelbase.dll msvcrt.dll rpcrt4.dll gdi32.dll mmdevapi.dll devobj.dll sechost.dll api-ms-win-core-stringloader-l1-1-1.dll kernel.appcore.dll cryptbase.dll bcryptprimitives.dll omadmapi.dll advapi32.dll clbcatq.dll cryptsp.dll rsaenh.dll nlaapi.dll audioses.dll smiengine.dll powrprof.dll avrt.dll audioeng.dll winsta.dll rdpendp.dll advapi32.dll winmm.dll CbsCore.dll wtsapi32.dll propsys.dll winmmbase.dll mf.dll ksuser.dll dpx.dll mfplat.dll rtworkq.dll sensapi.dll,normal
 ntdll.dll kernel32.dll KernelBase.dll advapi32.dll webio.dll rpcrt4.dll kernel.appcore.dll cryptbase.dll wevtapi.dll clbcatq.dll user32.dll gdi32.dll Microsoft.Vsa.dll msctf.dll sechost.dll cryptsp.dll rsaenh.dll bcrypt.dll lpk.dll stdole.ni.dll profapi.dll IDStore.dll,normal
 ntdll.dll kernel32.dll kernelbase.dll advapi32.dll msvcrt.dll sechost.dll clbcatq.dll user32.dll smipi.dll lpk.dll usp10.dll ole32.dll oleaut32.dll imageres.dll spoolss.dll shlwapi.dll imm32.dll msctf.dll msshooks.dll msvcrt.dll mscoree.dll mscoreei.dll cryptbase.dll system.deployment.dll wow64win.dll rsaenh.dll rpcrtremote.dll mssprxy.dll sxs.dll,normal
 ntdll.dll kernel32.dll KernelBase.dll gdi32.dll user32.dll lpk.dll usp10.dll msvcrt.dll imm32.dll msctf.dll ole32.dll bcryptprimitives.dll oleaut32.dll cryptbase.dll clbcatq.dll sxs.dll sechost.dll rpcrt4.dll uxtheme.dll wow64.dll wow64win.dll nsi.dll kernel32.dll kernel32.dll kernel32.dll user32.dll kernel32.dll KernelBase.dll win32u.dll msvcrt.dll sechost.dll msvcp_win.dll sspicli.dll imageres.dll dnsapi.dll ws2_32.dll nsi.dll winnsi.dll dhcpcsvc.dll kernel32.dll RpcRtRemote.dll shlwapi.dll wow64cpu.dll winsta.dll lpk.dll sechost.dll ole32.dll oleaut32.dll msctf.dll sspicli.dll oleaut32.dll advapi32.dll rsaenh.dll msctf.dll wevtapi.dll wow64.dll kernel32.dll api-ms-win-downlevel-user32-l1-1-0.dll rmclient.dll msvcrt.dll sechost.dll rpcrt4.dll gdi32.dll user32.dll lpk.dll usp10.dll ole32.dll shlwapi.dll wmsgapi.dll wmsgapi.dll winmm.dll userenv.dll System.Data.Entity.ni.dll winsta.dll crypt32.dll msasn1.dll MsCtfMonitor.dll msctf.dll imm32.dll imm32.dll comctl32.dll shlwapi.dll wow64.dll sspicli.dll shell32.dll cryptbase.dll advapi32.dll cryptsp.dll rsaenh.dll imagehlp.dll bcrypt.dll bcryptprimitives.dll ncrypt.dll msasn1.dll cryptnet.dll Wldap32.dll SensApi.dll wkscli.dll cfgmgr32.dll oleaut32.dll devobj.dll cabinet.dll devrtl.dll KernelBase.dll clbcatq.dll oleaut32.dll urlmon.dll wininet.dll iertutil.dll wdi.dll system.web.services.dll wow64.dll system.web.services.dll wow64cpu.dll kernel32.dll kernel32.dll kernel32.dll user32.dll kernel32.dll mssprxy.dll wininet.dll winbrand.dll user32.dll gdi32.dll wups2.dll user32.dll advapi32.dll sechost.dll winmm.dll sspicli.dll cryptbase.dll imm32.dll setupapi.dll apphelp.dll,normal
 ntdll.dll kernel32.dll cryptsp.dll advapi32.dll ws2_32.dll lpk.dll netapi32.dll ole32.dll oleaut32.dll rpcrt4.dll shlwapi.dll samlib.dll secur32.dll shell32.dll user32.dll userenv.dll version.dll hid.dll setupapi.dll winscard.dll winsta.dll wldap32.dll msasn1.dll msvcrt.dll wow64cpu.dll netutils.dll fwpuclnt.dll wkscli.dll combase.dll ntdll.dll sspicli.dll profapi.dll cfgmgr32.dll devobj.dll rsaenh.dll cryptbase.dll kernelbase.dll logoncli.dll srvcli.dll msctf.dll kernel.appcore.dll rsaenh.dll comctl32.dll cryptsp.dll vaultcli.dll shcore.dll,mimikatz
 ntdll.dll kernel32.dll KernelBase.dll dwmapi.dll user32.dll lpk.dll ole32.dll msvcrt.dll imm32.dll ws2_32.dll ole32.dll rpcrt4.dll oleaut32.dll lpk.dll cfgmgr32.dll advapi32.dll sechost.dll,normal
 shell32.dll ntdll.dll wow64.dll wow64win.dll wow64cpu.dll system.xml.ni.dll kernel32.dll kernel32.dll user32.dll kernel32.dll KernelBase.dll msvcrt.dll winbrand.dll user32.dll gdi32.dll lpk.dll rpcrt4.dll advapi32.dll sechost.dll lpk.dll sspicli.dll cryptbase.dll imm32.dll rpcrt4.dll rsaenh.dll,normal
 rpcrt4.dll mscoreei.dll clr.dll uxtheme.dll ntdll.dll wow64.dll wow64win.dll wow64cpu.dll kernel32.dll kernel32.dll kernelbase.dll oleaut32.dll system.security.ni.dll msvcrt.dll gdi32.dll user32.dll imm32.dll sechost.dll rpcrt4.dll ntdll.dll cryptbase.dll lpk.dll sechost.dll imm32.dll version.dll mapi32.dll pwrshmsg.dll clbcatq.dll msctf.dll mscoree.dll mscoreei.dll fusion.dll clr.dll clr.dll msvcr120_clr0400.dll ntdll.dll ntdll.dll kernel32.dll kernel32.dll kernel32.dll kernelbase.dll msvcrt.dll advapi32.dll sechost.dll rpcrt4.dll System.Xml.ni.dll gdi32.dll user32.dll user32.dll bcryptprimitives.dll rsaenh.dll imm32.dll mscorlib.dll cryptbase.dll cryptsp.dll rsaenh.dll iertutil.dll taskschd.dll,normal
 user32.dll ntdll.dll wow64.dll msctf.dll wow64cpu.dll kernel32.dll kernel32.dll kernel32.dll user32.dll lpk.dll KernelBase.dll msvcrt.dll shsvcs.dll user32.dll gdi32.dll usp10.dll usp10.dll advapi32.dll sechost.dll rpcrt4.dll usp10.dll cryptbase.dll imm32.dll msctf.dll profapi.dll,normal
 wlidsvc.dll taskschd.dll,normal
 sppcommdlg.dll kernel32.dll KernelBase.dll msvcrt.dll ole32.dll gdi32.dll user32.dll mscorlib.dll usp10.dll rpcrt4.dll imm32.dll msctf.dll cryptbase.dll vdswmi.dll advapi32.dll sechost.dll kbd106.dll cryptsp.dll rsaenh.dll RpcRtRemote.dll uxtheme.dll shacct.dll comctl32.dll shlwapi.dll cryptnet.dll profapi.dll msctf.dll dinput8.dll winsta.dll ntdll.dll wow64.dll wow64win.dll wow64cpu.dll kernel32.dll kernel32.dll kernel32.dll user32.dll kernel32.dll oleaut32.dll advapi32.dll msvcrt.dll sechost.dll system.ni.dll sspicli.dll ntdll.dll dnsapi.dll ws2_32.dll msctf.dll winnsi.dll dhcpcsvc.dll dhcpcsvc6.dll shell32.dll shlwapi.dll msctf.dll windows.globalization.dll cryptsp.dll usp10.dll ole32.dll ole32.dll kernel32.dll api-ms-win-core-file-l1-2-0.dll oleaut32.dll cryptsp.dll rsaenh.dll RpcRtRemote.dll shlwapi.dll ntdll.dll ntdll.dll wow64.dll wow64win.dll wow64cpu.dll kernel32.dll uiautomationtypes.ni.dll kernel32.dll user32.dll kernel32.dll KernelBase.dll advapi32.dll msvcrt.dll sechost.dll rpcrt4.dll sspicli.dll cryptbase.dll dnsapi.dll ws2_32.dll wdc.dll winnsi.dll dhcpcsvc.dll dhcpcsvc6.dll shell32.dll imm32.dll SensApi.dll user32.dll lpk.dll comctl32.dll ole32.dll imm32.dll msctf.dll clbcatq.dll mscoreei.dll cryptsp.dll rsaenh.dll usp10.dll wevtapi.dll,normal
 ntdll.dll kernel32.dll KernelBase.dll gdi32.dll audioses.dll lpk.dll system.core.ni.dll msvcrt.dll imm32.dll msctf.dll ole32.dll rpcrt4.dll profapi.dll cryptbase.dll kernel32.dll idstore.dll sechost.dll ntdll.dll cfgmgr32.dll wow64.dll wow64win.dll wow64cpu.dll rpcrt4.dll kernel32.dll kernel32.dll user32.dll kernel32.dll KernelBase.dll msvcrt.dll winbrand.dll sensapi.dll gdi32.dll msctf.dll usp10.dll advapi32.dll dbghelp.dll rpcrt4.dll sspicli.dll cryptbase.dll imm32.dll msctf.dll apphelp.dll,normal
 ntdll.dll kernel32.dll kernelbase.dll advapi32.dll msvcrt.dll sechost.dll rpcrt4.dll ole32.dll gdi32.dll user32.dll lpk.dll usp10.dll cdp.dll msctf.dll wdscore.dll oleaut32.dll clrjit.dll shlwapi.dll dbghelp.dll cryptbase.dll cbscore.dll version.dll msctf.dll msasn1.dll usp10.dll userenv.dll profapi.dll ktmw32.dll dpx.dll dpx.dll kernelbase.dll wcp.dll drupdate.dll setupapi.dll rpcrtremote.dll devobj.dll mpr.dll system.web.dll sxsstore.dll sqmapi.dll winhttp.dll comctl32.dll winhttp.dll webio.dll sensapi.dll microsoft.jscript.ni.dll msvcrt.dll rpcrtremote.dll user32.dll cbsapi.dll System.Numerics.ni.dll smiengine.dll ntdll.dll ntdll.dll wow64.dll RpcEpMap.dll wow64cpu.dll kernel32.dll kernel32.dll kernel32.dll user32.dll kernel32.dll custommarshalers.dll ncrypt.dll bcrypt.dll sechost.dll rpcrt4.dll sspicli.dll cryptbase.dll dnsapi.dll ws2_32.dll nsi.dll winnsi.dll iertutil.dll dhcpcsvc6.dll shell32.dll shlwapi.dll gdi32.dll user32.dll mscorwks.dll usp10.dll ole32.dll imm32.dll userenv.dll uiautomationprovider.dll user32.dll sxs.dll rsaenh.dll rpcrtremote.dll wevtapi.dll ntdll.dll ntdll.dll wow64.dll wow64win.dll ws2_32.dll kernel32.dll kernel32.dll kernel32.dll tdltotilestoremigrator.dll kernel32.dll kernelbase.dll msvcrt.dll msctf.dll user32.dll gdi32.dll oleaut32.dll kernel32.dll advapi32.dll sechost.dll rpcrt4.dll sspicli.dll smipi.dll system.transactions.dll msctf.dll apphelp.dll,normal
 coremessaging.dll wow64win.dll wininet.dll onecorecommonproxystub.dll execmodelproxy.dll policymanager.dll msvcp110_win.dll windows.staterepositoryps.dll capauthz.dll profapi.dll lpk.dll crypt32.dll ntmarta.dll capabilityaccessmanagerclient.dll mssvp.dll execmodelclient.dll RpcRtRemote.dll twinapi.appcore.dll onecorecommonproxystub.dll oleacc.dll policymanager.dll System.XML.dll windows.staterepositoryps.dll capauthz.dll msasn1.dll crypt32.dll ntmarta.dll wintrust.dll capabilityaccessmanagerclient.dll kernelbase.dll execmodelclient.dll coremessaging.dll msctf.dll advapi32.dll wucltux.dll policymanager.dll msvcp110_win.dll windows.staterepositoryps.dll capauthz.dll wintrust.dll twinui.dll crypt32.dll ntmarta.dll capabilityaccessmanagerclient.dll mssvp.dll,normal
 ntdll.dll kernel32.dll KernelBase.dll advapi32.dll msvcrt.dll System.Web.Services.dll rpcrt4.dll ole32.dll gdi32.dll user32.dll lpk.dll usp10.dll imm32.dll msctf.dll cryptbase.dll RpcRtRemote.dll cryptsp.dll rsaenh.dll DeviceUxRes.dll msvcrt.dll nsi.dll dnsapi.dll rpcrt4.dll sspicli.dll uxtheme.dll sppwinob.dll sppwinob.dll System.ComponentModel.DataAnnotations.dll system.web.dll,normal
 pautoenr.dll comctl32.dll atl.dll certcli.dll CertEnroll.dll,normal
 ntdll.dll oleaut32.dll nsi.dll advapi32.dll rpcrt4.dll sechost.dll rpcrt4.dll system.servicemodel.ni.dll gdi32.dll user32.dll lpk.dll user32.dll imm32.dll mscoree.dll gdi32.dll oleaut32.dll shell32.dll shlwapi.dll dbghelp.dll msvcrt.dll cbscore.dll version.dll winnsi.dll msctf.dll wintrust.dll userenv.dll winnsi.dll ktmw32.dll user32.dll dpx.dll dpx.dll msvcr80.dll bcrypt.dll setupapi.dll cfgmgr32.dll devobj.dll mpr.dll wrpint.dll sxsstore.dll sqmapi.dll msvcr120_clr0400.dll webio.dll winhttp.dll webio.dll sensapi.dll cryptsp.dll rsaenh.dll rpcrtremote.dll clbcatq.dll cbsapi.dll smipi.dll smiengine.dll,normal
 ntdll.dll ntdll.dll urlmon.dll wow64win.dll wow64cpu.dll kernel32.dll msvcp_win.dll kernel32.dll user32.dll kernel32.dll KernelBase.dll advapi32.dll msvcrt.dll System.configuration.dll rpcrt4.dll sspicli.dll cryptbase.dll dnsapi.dll sspicli.dll msctf.dll mssprxy.dll msctf.dll dhcpcsvc6.dll shell32.dll shlwapi.dll gdi32.dll twinapi.appcore.dll lpk.dll usp10.dll ole32.dll imm32.dll msctf.dll clbcatq.dll oleaut32.dll cryptsp.dll authui.dll wow64win.dll wevtapi.dll ntdll.dll ntdll.dll msctf.dll wow64win.dll wow64cpu.dll kernel32.dll kernel32.dll kernel32.dll user32.dll kernel32.dll KernelBase.dll msvcrt.dll ole32.dll msctf.dll user32.dll advapi32.dll rpcrt4.dll rpcrt4.dll rsaenh.dll cryptbase.dll lpk.dll usp10.dll imm32.dll rsaenh.dll clbcatq.dll oleaut32.dll spoolss.dll rsaenh.dll RpcRtRemote.dll shell32.dll shlwapi.dll actxprxy.dll mscorjit.dll ntdll.dll kernel32.dll KernelBase.dll gdi32.dll user32.dll lpk.dll usp10.dll msvcrt.dll imm32.dll msctf.dll ole32.dll rpcrt4.dll System.Data.OracleClient.dll cryptbase.dll clbcatq.dll advapi32.dll sechost.dll ntdll.dll kernel32.dll KernelBase.dll msvcrt.dll ole32.dll crypt32.dll user32.dll duser.dll usp10.dll rpcrt4.dll imm32.dll msctf.dll cryptbase.dll PresentationFramework.ni.dll advapi32.dll api-ms-win-downlevel-ole32-l1-1-0.dll oleaut32.dll clbcatq.dll msctf.dll msasn1.dll shlwapi.dll uxtheme.dll ntdsapi.dll SndVolSSO.dll hid.dll xmllite.dll setupapi.dll wow64cpu.dll devobj.dll authui.dll comctl32.dll dui70.dll duser.dll winbrand.dll RpcRtRemote.dll wtsapi32.dll VaultCredProvider.dll System.Drawing.Design.dll certCredProvider.dll rasplap.dll activeds.dll rasman.dll comctl32.dll UIAutomationCore.dll oleacc.dll kernelbase.dll thumbcache.dll cryptsp.dll clbcatq.dll System.Data.dll dwmapi.dll xmllite.dll powrprof.dll WindowsCodecs.dll winsta.dll ws2_32.dll nsi.dll oleaccrc.dll msimg32.dll version.dll imecfm.dll clbcatq.dll KernelBase.dll bcrypt.dll powrprof.dll wmidcprv.dll crypt32.dll msasn1.dll,normal
 ntdll.dll kernel32.dll KernelBase.dll rpcrt4.dll dnsapi.dll lpk.dll cscdll.dll msvcrt.dll imm32.dll msctf.dll ole32.dll nsi.dll oleaut32.dll cryptbase.dll clbcatq.dll advapi32.dll kernel32.dll ntdll.dll ntdll.dll wow64.dll usp10.dll advapi32.dll imageres.dll kernel32.dll resampledmo.dll user32.dll kernel32.dll acppage.dll system.configuration.ni.dll shlwapi.dll sechost.dll rpcrt4.dll sspicli.dll cryptbase.dll dnsapi.dll ws2_32.dll nsi.dll System.Configuration.dll imm32.dll dhcpcsvc6.dll shell32.dll shlwapi.dll lpk.dll user32.dll lpk.dll usp10.dll ole32.dll imm32.dll msctf.dll clbcatq.dll oleaut32.dll cryptsp.dll rsaenh.dll RpcRtRemote.dll wevtapi.dll ntdll.dll ntdll.dll wow64.dll wow64win.dll wow64cpu.dll kernel32.dll kernel32.dll kernel32.dll user32.dll kernel32.dll KernelBase.dll msvcrt.dll mswsock.dll olepro32.dll system.drawing.ni.dll lpk.dll usp10.dll advapi32.dll sechost.dll rpcrt4.dll api-ms-win-crt-runtime-l1-1-0.dll cryptbase.dll imm32.dll msctf.dll apphelp.dll,normal
 gdi32.dll spoolss.dll kernelbase.dll msvcrt.dll conhostv2.dll usp10.dll ucrtbase.dll ws2_32.dll bcryptprimitives.dll gdi32.dll bcp47mrm.dll user32.dll win32u.dll imm32.dll oleaut32.dll msvcp_win.dll propsys.dll sechost.dll shcore.dll shell32.dll bcryptprimitives.dll windows.storage.dll mscorlib.ni.dll advapi32.dll shlwapi.dll kernel.appcore.dll profapi.dll kernelbase.dll msctf.dll,normal
 mscorjit.dll kernel32.dll kernelbase.dll advapi32.dll msvcrt.dll sechost.dll rpcrt4.dll msvcr120_clr0400.dll mscoree.dll ole32.dll gdi32.dll user32.dll dmxmlhelputils.dll wdscore.dll oleaut32.dll imm32.dll msctf.dll cryptbase.dll cryptsp.dll rsaenh.dll SensApi.dll mscorlib.dll sxs.dll mscoreei.dll mscorwks.dll msvcr80.dll system.configuration.dll shell32.dll profapi.dll mscorlib.ni.dll mscorjit.dll sxs.dll mscorlib.dll version.dll mscorlib.dll rsaenh.dll microsoft.visualstudio.tools.applications.contract.v9.0.ni.dll mscorsec.dll wintrust.dll crypt32.dll msasn1.dll comctl32.dll windows.staterepositoryps.dll imagehlp.dll sechost.dll bcrypt.dll bcryptprimitives.dll userenv.dll gdi32.dll sppc.dll wldap32.dll wintrust.dll system.addin.contract.ni.dll ntdll.dll kernel32.dll kernelbase.dll advapi32.dll msvcrt.dll version.dll rpcrt4.dll msadcer.dll mscoree.dll ole32.dll gdi32.dll user32.dll sspicli.dll usp10.dll filterlib.dll oleaut32.dll clbcatq.dll cryptbase.dll cryptsp.dll rsaenh.dll rpcrtremote.dll clbcatq.dll sxs.dll shell32.dll system.transactions.dll shlwapi.dll kernel32.dll clrjit.dll dwmapi.dll system.core.ni.dll clrjit.dll microsoft.internal.tasks.dataflow.ni.dll mscorlib.dll ole32.dll sspicli.dll imm32.dll system.security.ni.dll system.configuration.ni.dll usp10.dll mscorlib.dll kernelbase.dll advapi32.dll msvcrt.dll sechost.dll rpcrt4.dll msvcr120_clr0400.dll mscoree.dll api-ms-win-security-lsalookup-l2-1-1.dll gdi32.dll user32.dll lpk.dll usp10.dll oleaut32.dll imm32.dll msctf.dll wow64win.dll cryptsp.dll rsaenh.dll clr.dll imm32.dll sxs.dll mscoreei.dll System.dll shlwapi.dll mscorlib.ni.dll clrjit.dll system.ni.dll smdiagnostics.ni.dll version.dll mscorlib.dll mscorlib.dll system.core.ni.dll system.configuration.ni.dll sechost.dll system.xml.ni.dll ntdll.dll cryptbase.dll kernelbase.dll dpx.dll msvcrt.dll sechost.dll rpcrt4.dll imm32.dll mscoree.dll ole32.dll gdi32.dll user32.dll lpk.dll usp10.dll oleaut32.dll imm32.dll msctf.dll cryptbase.dll cryptsp.dll rsaenh.dll rpcrtremote.dll clbcatq.dll sxs.dll mscoreei.dll clr.dll shlwapi.dll mscorlib.ni.dll clrjit.dll system.ni.dll system.core.ni.dll user32.dll version.dll KernelBase.dll mscorlib.dll imm32.dll oleaut32.dll rasadhlp.dll wow64cpu.dll user32.dll system.numerics.ni.dll ntdll.dll ntdll.dll wow64.dll wow64win.dll wow64cpu.dll kernel32.dll lpk.dll kernel32.dll user32.dll kernel32.dll kernelbase.dll advapi32.dll msvcrt.dll sechost.dll clrjit.dll wow64cpu.dll cryptbase.dll msvcr120_clr0400.dll mscoree.dll ole32.dll gdi32.dll user32.dll dhcpcsvc.dll usp10.dll oleaut32.dll imm32.dll msctf.dll cryptsp.dll rsaenh.dll rpcrtremote.dll clbcatq.dll sxs.dll user32.dll mscorwks.dll msvcr80.dll shlwapi.dll shell32.dll profapi.dll mscoree.dll mscorjit.dll mscorlib.dll mscorlib.dll version.dll mscorlib.dll mscorlib.dll system.ni.dll system.addin.ni.dll PeerDistSh.dll system.addin.dll system.addin.dll system.addin.dll system.dll setupapi.dll system.dll system.dll KernelBase.dll system.runtime.remoting.dll user32.dll profapi.dll ntdll.dll system.addin.contract.dll system.addin.contract.dll system.addin.contract.dll system.web.ni.dll system.web.dll system.web.dll system.web.dll system.web.dll system.runtime.serialization.formatters.soap.ni.dll windows.security.authentication.onlineid.dll system.runtime.serialization.formatters.soap.dll system.xml.ni.dll system.xml.dll system.xml.dll system.xml.dll system.xml.dll system.directoryservices.ni.dll oleaut32.dll version.dll system.directoryservices.dll system.directoryservices.dll apphelp.dll mscoreei.dll system.configuration.dll system.configuration.dll netutils.dll msv1_0.dll system.security.dll system.security.dll cryptsp.dll system.security.dll ws2_32.dll system.data.sqlxml.dll system.data.sqlxml.dll system.data.sqlxml.dll system.data.sqlxml.dll framedynos.dll system.drawing.dll system.drawing.dll system.drawing.dll system.drawing.dll system.data.ni.dll system.data.dll system.data.dll System.Web.RegularExpressions.ni.dll system.data.dll system.data.dll dhcpcsvc.dll nsi.dll crypt32.dll msasn1.dll system.web.services.ni.dll user32.dll system.web.services.dll user32.dll sspicli.dll system.directoryservices.protocols.ni.dll rsaenh.dll system.directoryservices.protocols.dll system.directoryservices.protocols.dll system.directoryservices.protocols.dll api-ms-win-core-xstate-l2-1-0.dll profapi.dll system.enterpriseservices.dll system.design.ni.dll system.design.dll system.design.dll system.serviceprocess.ni.dll system.serviceprocess.dll system.serviceprocess.dll system.windows.forms.ni.dll RpcRtRemote.dll imageres.dll system.windows.forms.dll System.Runtime.Serialization.Formatters.Soap.ni.dll system.web.regularexpressions.ni.dll system.serviceprocess.dll system.web.regularexpressions.dll system.web.regularexpressions.dll sechost.dll mssrch.dll cryptbase.dll system.transactions.dll system.transactions.dll system.transactions.dll kernelbase.dll system.transactions.dll netprofm.dll system.drawing.design.dll system.drawing.design.dll system.data.oracleclient.ni.dll system.data.oracleclient.dll system.data.oracleclient.dll wow64.dll system.data.oracleclient.dll system.data.oracleclient.dll accessibility.ni.dll accessibility.dll nsi.dll powrprof.dll accessibility.dll system.deployment.ni.dll imm32.dll system.deployment.dll system.deployment.dll rsaenh.dll system.configuration.install.ni.dll system.configuration.install.dll system.configuration.install.dll ntdll.dll ntdll.dll nsi.dll wow64win.dll usp10.dll kernel32.dll kernel32.dll nlsdata000c.dll user32.dll kernel32.dll kernelbase.dll advapi32.dll msvcrt.dll nsi.dll rpcrt4.dll sspicli.dll cryptbase.dll msvcr120_clr0400.dll mscoree.dll ole32.dll gdi32.dll eventlogmessages.dll lpk.dll usp10.dll oleaut32.dll imm32.dll msctf.dll cryptsp.dll rsaenh.dll rpcrtremote.dll clbcatq.dll sxs.dll mscoreei.dll clr.dll shlwapi.dll ntprint.dll clrjit.dll system.ni.dll smdiagnostics.ni.dll version.dll smdiagnostics.dll smdiagnostics.dll mscorlib.dll sechost.dll urlmon.dll system.dll system.core.ni.dll wow64win.dll system.configuration.dll system.configuration.dll system.core.dll system.core.dll system.servicemodel.internals.ni.dll system.servicemodel.internals.dll presentationcore.dll system.xml.ni.dll rsaenh.dll system.xml.dll ntdll.dll System.Configuration.Install.ni.dll wow64.dll wow64win.dll wow64cpu.dll kernel32.dll kernel32.dll kernel32.dll user32.dll kernel32.dll kernelbase.dll advapi32.dll msvcrt.dll sechost.dll rpcrt4.dll sechost.dll cryptbase.dll advapi32.dll mscoree.dll clbcatq.dll rsaenh.dll msctfmonitor.dll lpk.dll usp10.dll user32.dll api-ms-win-devices-config-l1-1-0.dll msctf.dll cryptsp.dll rsaenh.dll rpcrtremote.dll ieframe.dll gdi32.dll mscoreei.dll clr.dll imm32.dll mscorlib.ni.dll clrjit.dll system.ni.dll version.dll oleaut32.dll mscorlib.dll system.dll oleaut32.dll auxiliarydisplayclassinstaller.dll system.web.datavisualization.ni.dll system.web.datavisualization.dll system.web.datavisualization.dll rsaenh.dll system.drawing.dll system.drawing.dll system.windows.forms.ni.dll system.windows.forms.dll system.windows.forms.dll system.core.ni.dll system.design.ni.dll system.core.dll userenv.dll system.drawing.design.ni.dll system.configuration.ni.dll system.configuration.dll system.configuration.dll system.web.ni.dll system.web.dll accessibility.dll sechost.dll system.dll system.xml.dll,normal
 sensapi.dll,normal
 ntdll.dll kernel32.dll kernelbase.dll clbcatq.dll,normal
 ntdll.dll kernel32.dll kernelbase.dll System.EnterpriseServices.Wrapper.dll msvcrt.dll sechost.dll rpcrt4.dll usp10.dll gdi32.dll lpk.dll usp10.dll ole32.dll sensapi.dll tquery.dll shlwapi.dll imm32.dll winshfhc.dll msshooks.dll mscoree.dll mscoreei.dll cryptbase.dll clbcatq.dll user32.dll rsaenh.dll rpcrtremote.dll mssprxy.dll ntdll.dll kernel32.dll kernelbase.dll advapi32.dll msvcrt.dll sechost.dll cryptsp.dll rsaenh.dll windows.globalization.dll ole32.dll gdi32.dll dwmredir.dll lpk.dll usp10.dll oleaut32.dll imm32.dll msctf.dll cryptbase.dll cryptsp.dll rsaenh.dll rpcrtremote.dll shell32.dll sxs.dll mscoreei.dll wow64win.dll System.Web.Services.ni.dll shlwapi.dll spoolss.dll profapi.dll mscorlib.ni.dll kernelbase.dll sxs.dll mscorlib.dll wups.dll mscorlib.dll mscorlib.dll ehiwuapi.ni.dll,normal
 ntdll.dll ntdll.dll wow64.dll wow64win.dll wow64cpu.dll kernel32.dll kernel32.dll fusion.dll System.DirectoryServices.dll usp10.dll KernelBase.dll mscoreei.dll kernel32.dll sechost.dll rpcrt4.dll sspicli.dll cryptbase.dll dnsapi.dll ws2_32.dll user32.dll nsi.dll mscorlib.dll dhcpcsvc6.dll shell32.dll shlwapi.dll gdi32.dll user32.dll apphelp.dll usp10.dll cfgmgr32.dll imm32.dll msctf.dll clbcatq.dll mscorlib.dll cryptsp.dll rsaenh.dll RpcRtRemote.dll wevtapi.dll ntdll.dll ntdll.dll wow64.dll wow64win.dll gpapi.dll kernel32.dll kernel32.dll kernel32.dll user32.dll kernel32.dll KernelBase.dll advapi32.dll msvcrt.dll Microsoft.Management.Infrastructure.CimCmdlets.dll rpcrt4.dll sspicli.dll cryptbase.dll dnsapi.dll ws2_32.dll nsi.dll clbcatq.dll dhcpcsvc.dll advapi32.dll shell32.dll shlwapi.dll diagperf.dll user32.dll sechost.dll usp10.dll ole32.dll imm32.dll msctf.dll clbcatq.dll oleaut32.dll cryptsp.dll propsys.dll ws2_32.dll wevtapi.dll ntdll.dll kernel32.dll KernelBase.dll gdi32.dll user32.dll lpk.dll usp10.dll msvcrt.dll version.dll crypt32.dll ole32.dll rpcrt4.dll oleaut32.dll ntdll.dll kernel32.dll KernelBase.dll gdi32.dll user32.dll lpk.dll bcrypt.dll msvcrt.dll api-ms-win-downlevel-advapi32-l2-1-0.dll rpcrt4.dll ole32.dll rpcrt4.dll msvcrt.dll cryptbase.dll System.Data.OracleClient.dll advapi32.dll sechost.dll ntdll.dll kernel32.dll KernelBase.dll advapi32.dll KernelBase.dll usp10.dll rpcrt4.dll wow64win.dll msasn1.dll shell32.dll shlwapi.dll gdi32.dll user32.dll lpk.dll usp10.dll efsadu.dll mfc42u.dll msctf.dll oleaut32.dll odbc32.dll credui.dll cryptui.dll userenv.dll bcrypt.dll Wldap32.dll netapi32.dll netutils.dll srvcli.dll wkscli.dll dsrole.dll ntdll.dll imm32.dll efsutil.dll srvcli.dll usp10.dll comctl32.dll sechost.dll ws2_32.dll nsi.dll rsaenh.dll secur32.dll sspicli.dll cryptsp.dll msv1_0.dll clbcatq.dll shell32.dll wow64win.dll mpr.dll dssec.dll authz.dll samcli.dll setupapi.dll wtsapi32.dll slc.dll sxs.dll system.web.dll credssp.dll PwdSSP.dll dnsapi.dll dnsapi.dll winnsi.dll cryptbase.dll gpedit.dll activeds.dll adsldpc.dll atl.dll user32.dll framedynos.dll rasadhlp.dll,normal
 msctf.dll ntdll.dll kernel32.dll kernelbase.dll system.drawing.dll sechost.dll clbcatq.dll user32.dll System.AddIn.Contract.dll usp10.dll ole32.dll kernel32.dll System.Xml.ni.dll mscorlib.dll wow64.dll wow64win.dll usp10.dll kernel32.dll kernel32.dll kernel32.dll user32.dll kernel32.dll kernelbase.dll advapi32.dll msvcrt.dll ole32.dll rpcrt4.dll msvcr120_clr0400.dll cryptbase.dll msvcr120_clr0400.dll mscoree.dll ole32.dll davhlpr.dll user32.dll lpk.dll usp10.dll oleaut32.dll secur32.dll msctf.dll ntdll.dll auditcse.dll rsaenh.dll rpcrtremote.dll clbcatq.dll sxs.dll mscoreei.dll mscorwks.dll sxsstore.dll shlwapi.dll shell32.dll profapi.dll mscorlib.ni.dll cryptbase.dll wininet.dll mscorlib.dll version.dll mscorlib.dll mscorlib.dll presentationframework.royale.ni.dll system.deployment.dll presentationframework.royale.dll presentationframework.royale.dll presentationframework.royale.dll system.ni.dll windowsbase.ni.dll presentationcore.ni.dll presentationframework.ni.dll presentationframework.dll wow64win.dll System.DirectoryServices.dll presentationui.dll msctf.dll windowsbase.dll windowsbase.dll windowsbase.dll windows.globalization.dll msvcr120_clr0400.dll system.dll browcli.dll presentationcore.dll presentationcore.dll presentationcore.dll twinapi.dll system.xml.ni.dll system.xml.dll system.xml.dll system.xml.dll system.xml.dll uiautomationprovider.ni.dll uiautomationprovider.dll uiautomationprovider.dll mscorlib.dll uiautomationprovider.dll winnsi.dll system.drawing.dll system.drawing.dll system.drawing.dll winbrand.dll system.deployment.ni.dll system.deployment.dll d3d10_1core.dll system.deployment.dll system.deployment.dll presentationui.ni.dll api-ms-win-downlevel-normaliz-l1-1-0.dll presentationui.dll system.printing.ni.dll system.printing.dll oleaut32.dll system.printing.dll winbrand.dll reachframework.ni.dll reachframework.dll reachframework.dll windows.storage.dll ole32.dll uiautomationtypes.dll uiautomationtypes.dll uiautomationtypes.dll system.data.ni.dll system.data.dll system.data.dll system.data.dll system.data.dll system.data.dll ws2_32.dll nsi.dll msi.dll clr.dll ole32.dll windows.globalization.fontgroups.dll accessibility.dll accessibility.dll accessibility.dll system.configuration.ni.dll msvcrt.dll system.configuration.dll system.configuration.dll system.configuration.dll msvcrt.dll system.security.dll system.security.dll system.security.dll system.security.dll ntdll.dll system.data.sqlxml.dll system.data.sqlxml.dll system.data.sqlxml.dll gdi32.dll microsoft.visualc.ni.dll mscoree.dll oleaut32.dll presentationcffrasterizer.dll system.windows.forms.ni.dll system.xml.dll system.windows.forms.dll system.windows.forms.dll system.windows.forms.dll system.runtime.serialization.formatters.soap.ni.dll system.runtime.serialization.formatters.soap.dll system.runtime.serialization.formatters.soap.dll system.directoryservices.ni.dll gdi32.dll system.directoryservices.dll system.directoryservices.dll system.directoryservices.dll system.transactions.ni.dll system.transactions.dll system.transactions.dll system.transactions.dll system.transactions.dll system.transactions.dll system.enterpriseservices.ni.dll system.enterpriseservices.dll system.enterpriseservices.dll iertutil.dll system.runtime.remoting.dll system.runtime.remoting.dll imageres.dll system.web.dll system.web.dll system.web.dll system.web.dll tbssvc.dll system.web.services.dll system.web.services.dll system.web.services.dll msftedit.dll system.directoryservices.protocols.ni.dll system.directoryservices.protocols.dll system.directoryservices.protocols.dll kernelbase.dll system.directoryservices.protocols.dll system.design.ni.dll mscoreei.dll system.design.dll system.serviceprocess.ni.dll system.serviceprocess.dll system.serviceprocess.dll system.web.regularexpressions.ni.dll system.web.regularexpressions.dll KernelBase.dll user32.dll system.web.regularexpressions.dll system.drawing.design.ni.dll system.drawing.design.dll system.drawing.design.dll system.data.oracleclient.ni.dll system.data.oracleclient.dll system.data.oracleclient.dll system.data.oracleclient.dll system.data.oracleclient.dll system.data.oracleclient.dll system.configuration.install.ni.dll system.configuration.install.dll shlwapi.dll,normal
 ntdll.dll kernel32.dll kernelbase.dll advapi32.dll msvcrt.dll sechost.dll rpcrt4.dll user32.dll mscoree.dll msctf.dll gdi32.dll user32.dll system.core.dll usp10.dll oleaut32.dll KernelBase.dll msctf.dll cryptbase.dll cryptsp.dll rsaenh.dll rpcrtremote.dll clbcatq.dll sxs.dll user32.dll mscorwks.dll cryptbase.dll shlwapi.dll drprov.dll profapi.dll mscorlib.ni.dll mscorjit.dll mscorlib.dll mscorlib.dll dnsapi.dll mscorlib.dll mscorlib.dll mscorsec.dll wintrust.dll RpcRtRemote.dll rpcrt4.dll comctl32.dll riched20.dll imagehlp.dll ncrypt.dll bcrypt.dll bcryptprimitives.dll userenv.dll gpapi.dll cryptnet.dll System.Management.Automation.dll sechost.dll system.addin.contract.ni.dll wbemsvc.dll microsoft.visualstudio.tools.applications.contract.v9.0.ni.dll gdi32.dll microsoft.visualstudio.tools.applications.contract.v9.0.ni.dll ws2_32.dll uxtheme.dll kernel32.dll kernelbase.dll cbscore.dll msvcrt.dll sechost.dll Microsoft.VisualStudio.Tools.Office.Word.AddInProxy.v9.0.dll powrprof.dll msctf.dll ole32.dll gdi32.dll rpcrt4.dll lpk.dll usp10.dll oleaut32.dll imm32.dll msctf.dll cryptbase.dll cryptsp.dll rsaenh.dll rpcrtremote.dll clbcatq.dll shlwapi.dll mscoreei.dll kernel32.dll msvcr80.dll shlwapi.dll shell32.dll profapi.dll mscorlib.ni.dll mscorjit.dll ole32.dll mscorlib.dll version.dll rpcrt4.dll mscorlib.dll system.ni.dll microsoft.mediacenter.bml.ni.dll system.xml.ni.dll gdi32.dll ehibmldatacarousel.ni.dll microsoft.mediacenter.ni.dll system.drawing.ni.dll system.windows.forms.ni.dll ehiactivscp.ni.dll microsoft.mediacenter.ui.ni.dll microsoft.mediacenter.itv.hosting.ni.dll system.web.ni.dll system.web.dll system.web.dll system.web.dll shcore.dll system.configuration.ni.dll system.data.sqlxml.ni.dll system.security.ni.dll bdatunepia.ni.dll bdatunepia.dll bdatunepia.dll bdatunepia.dll microsoft.visualc.ni.dll system.runtime.remoting.ni.dll ehrecobj.ni.dll ehiuserxp.ni.dll system.web.services.ni.dll system.data.ni.dll system.data.dll system.data.dll system.data.dll lpk.dll api-ms-win-devices-config-l1-1-0.dll ws2_32.dll mssprxy.dll kernel32.dll msasn1.dll sspicli.dll system.directoryservices.protocols.ni.dll system.enterpriseservices.ni.dll oleaut32.dll system.enterpriseservices.dll system.design.ni.dll msswch.dll msvcrt.dll system.transactions.ni.dll EhStorShell.dll system.transactions.dll system.transactions.dll system.transactions.dll system.transactions.dll system.runtime.serialization.formatters.soap.ni.dll system.drawing.design.ni.dll presentationframework.royale.dll system.data.oracleclient.dll lpk.dll version.dll system.data.oracleclient.dll system.data.oracleclient.dll accessibility.ni.dll system.deployment.ni.dll system.configuration.install.ni.dll msvcrt.dll mcepg.ni.dll mcstore.ni.dll wtsapi32.dll mcstoredb.ni.dll mcstoredb.dll mcstoredb.dll mcstoredb.dll msasn1.dll rasman.dll stdole.ni.dll mscorsec.dll wintrust.dll comctl32.dll setupapi.dll imagehlp.dll ncrypt.dll bcrypt.dll rpcrtremote.dll userenv.dll gpapi.dll cryptnet.dll user32.dll imageres.dll ntdll.dll ntdll.dll wow64.dll cdp.dll wow64cpu.dll oleaut32.dll kernel32.dll ntdll.dll user32.dll kernel32.dll kernelbase.dll advapi32.dll msvcrt.dll sechost.dll rpcrt4.dll sspicli.dll cryptbase.dll msvcr120_clr0400.dll mscoree.dll ole32.dll rpcrt4.dll user32.dll combase.dll System.Numerics.dll oleaut32.dll imm32.dll msctf.dll cryptsp.dll clbcatq.dll cryptsp.dll clbcatq.dll rpcrt4.dll mscoreei.dll cryptsp.dll msvcr80.dll shlwapi.dll shcore.dll profapi.dll mscorlib.ni.dll mscorjit.dll mscorlib.dll mscorlib.dll version.dll mscorlib.dll mscorlib.dll system.ni.dll windowscodecs.dll lpk.dll presentationcore.dll presentationcore.dll presentationcore.dll clbcatq.dll windowsbase.dll oleaut32.dll windowsbase.dll windowsbase.dll tbs.dll system.dll system.dll system.dll microsoft.visualc.ni.dll uiautomationprovider.ni.dll uiautomationprovider.dll uiautomationprovider.dll apphelp.dll uiautomationprovider.dll uiautomationtypes.ni.dll uiautomationtypes.dll uiautomationtypes.dll uiautomationtypes.dll uiautomationtypes.dll system.xml.ni.dll imm32.dll system.xml.dll system.xml.dll system.xml.dll system.deployment.ni.dll system.deployment.dll system.deployment.dll system.deployment.dll system.deployment.dll presentationcffrasterizer.ni.dll netprofm.dll cryptsp.dll system.drawing.ni.dll system.drawing.dll system.drawing.dll system.drawing.dll system.drawing.dll xmllite.dll system.configuration.dll mscorlib.dll system.configuration.dll system.configuration.dll usp10.dll oleaut32.dll resampledmo.dll system.security.dll system.security.dll system.data.sqlxml.ni.dll mpr.dll cryptsp.dll dwmapi.dll system.data.sqlxml.dll accessibility.ni.dll accessibility.dll accessibility.dll accessibility.dll accessibility.dll system.windows.forms.ni.dll system.windows.forms.dll system.windows.forms.dll system.windows.forms.dll system.windows.forms.dll system.runtime.serialization.formatters.soap.ni.dll system.directoryservices.dll msvcrt.dll,normal
 system.activities.presentation.ni.dll bcryptprimitives.dll wow64.dll wow64win.dll wow64cpu.dll kernel32.dll apphelp.dll kernel32.dll user32.dll kernel32.dll KernelBase.dll msvcrt.dll lpk.dll user32.dll umrdp.dll lpk.dll usp10.dll advapi32.dll sechost.dll rpcrt4.dll kernelbase.dll kernel32.dll imm32.dll msctf.dll apphelp.dll,normal
 ntdll.dll kernel32.dll kernelbase.dll,normal
 ntdll.dll kernel32.dll kernelbase.dll msvcrt.dll winbrand.dll user32.dll sensapi.dll lpk.dll usp10.dll imm32.dll wtsapi32.dll advapi32.dll sechost.dll imm32.dll System.Xml.dll,normal
 ntdll.dll windows.applicationmodel.background.timebroker.dll user32.dll advapi32.dll msvcrt.dll sechost.dll rpcrt4.dll user32.dll gdi32.dll lpk.dll usp10.dll comctl32.dll shlwapi.dll imm32.dll LspWaoIe.dll wow64cpu.dll oleaut32.dll shell32.dll winbrand.dll contentdeliverymanager.background.dll msvcrt.dll clbcatq.dll cryptsp.dll rsaenh.dll RpcRtRemote.dll sppcommdlg.dll vaultcli.dll sppcomapi.dll crypt32.dll msctf.dll WinSCard.dll winhttp.dll webio.dll rasapi32.dll rasman.dll msvcrt.dll nsi.dll setupapi.dll cryptbase.dll devobj.dll sppcext.dll vssapi.dll wtsapi32.dll cryptui.dll msi.dll sxs.dll lpk.dll,normal
 msftedit.dll cryptbase.dll cscapi.dll ImeBrokerps.dll MTF.dll CoreMessaging.dll,normal
 ntdll.dll ntdll.dll wow64.dll ws2_32.dll wow64cpu.dll kernel32.dll system.xml.ni.dll kernel32.dll user32.dll kernel32.dll KernelBase.dll msvcrt.dll wow64cpu.dll user32.dll gdi32.dll dssvc.dll usp10.dll advapi32.dll sechost.dll rpcrt4.dll sspicli.dll drvstore.dll imm32.dll msctf.dll apphelp.dll,normal
 ntdll.dll sechost.dll kernelbase.dll advapi32.dll msvcrt.dll ntdll.dll system.windows.forms.dll gdi32.dll user32.dll lpk.dll advapi32.dll dpx.dll winnsi.dll comctl32.dll user32.dll kernel32.dll shell32.dll secur32.dll sspicli.dll uxtheme.dll wevtapi.dll advapi32.dll vdmdbg.dll clbcatq.dll msctf.dll slc.dll dwmapi.dll ole32.dll cryptbase.dll clbcatq.dll oleaut32.dll oleacc.dll imecfm.dll version.dll winsta.dll utildll.dll setupapi.dll cfgmgr32.dll devobj.dll netapi32.dll netutils.dll srvcli.dll wow64win.dll logoncli.dll portabledevicetypes.dll api-ms-win-crt-runtime-l1-1-0.dll propsys.dll dhcpcsvc6.dll api-ms-win-downlevel-shell32-l1-1-0.dll dhcpcsvc.dll wtsapi32.dll,normal
 comctl32.dll oleaut32.dll clbcatq.dll system.numerics.dll ntmarta.dll wldap32.dll crypt32.dll kernel32.dll cfgmgr32.dll devobj.dll dwrite.dll,normal
 ntdll.dll kernel32.dll KernelBase.dll gdi32.dll user32.dll lpk.dll usp10.dll msvcrt.dll ntshrui.dll npmproxy.dll ole32.dll rpcrt4.dll oleaut32.dll cryptbase.dll ole32.dll advapi32.dll sechost.dll ntdll.dll ntdll.dll wow64.dll wow64win.dll wow64cpu.dll kernel32.dll KernelBase.dll kernel32.dll user32.dll kernel32.dll SensApi.dll advapi32.dll msvcrt.dll sechost.dll system.deployment.dll shcore.dll cryptbase.dll msvcr120_clr0400.dll shlwapi.dll ole32.dll reachframework.ni.dll dwmapi.dll lpk.dll usp10.dll oleaut32.dll imm32.dll msctf.dll cryptsp.dll rsaenh.dll RpcRtRemote.dll clbcatq.dll sxs.dll mscoreei.dll system.directoryservices.dll shlwapi.dll mscorlib.ni.dll sppc.dll System.ni.dll System.Web.Services.dll version.dll version.dll System.Security.dll mscorlib.dll mscorlib.dll System.dll System.dll System.Xml.ni.dll ntdll.dll System.Xml.dll System.Core.ni.dll sppwinob.dll System.Configuration.dll System.Configuration.dll System.Core.dll ole32.dll,normal
 ntdll.dll kernel32.dll KernelBase.dll netapi32.dll user32.dll lpk.dll usp10.dll msvcrt.dll imm32.dll msctf.dll ole32.dll netprofm.dll lpk.dll,normal
 ntdll.dll ntdll.dll ntdll.dll wow64win.dll wow64cpu.dll kernel32.dll kernel32.dll msvcrt.dll user32.dll kernel32.dll imm32.dll msvcrt.dll winbrand.dll user32.dll gdi32.dll rsaenh.dll usp10.dll mscorlib.dll sechost.dll rpcrt4.dll sspicli.dll kernelbase.dll imm32.dll msctf.dll apphelp.dll,normal
 crypt32.dll kernel32.dll kernelbase.dll duser.dll msvcrt.dll sechost.dll rpcrt4.dll ole32.dll gdi32.dll clr.dll lpk.dll usp10.dll imm32.dll netcfgx.dll samlib.dll secur32.dll sspicli.dll shell32.dll profapi.dll setupapi.dll cfgmgr32.dll bcryptprimitives.dll comdlg32.dll wldap32.dll imm32.dll msctf.dll cryptbase.dll rsaenh.dll crypt32.dll wintrust.dll msasn1.dll cryptdll.dll SensApi.dll netutils.dll srvcli.dll clbcatq.dll logoncli.dll wow64cpu.dll version.dll hid.dll winscard.dll vaultcli.dll msvcrt.dll user32.dll bcryptprimitives.dll,mimikatz
 ntdll.dll imm32.dll wow64.dll wow64win.dll wow64cpu.dll kernel32.dll kernel32.dll kernel32.dll advapi32.dll kernel32.dll kernelbase.dll msvcrt.dll oleaut32.dll ole32.dll gdi32.dll msctf.dll advapi32.dll wow64win.dll rpcrt4.dll sspicli.dll cryptbase.dll ntasn1.dll usp10.dll rpcrt4.dll imm32.dll msctf.dll sxs.dll clbcatq.dll vbscript.dll advapi32.dll msftedit.dll crypt32.dll KernelBase.dll cryptsp.dll rsaenh.dll msisip.dll kernel32.dll comctl32.dll shell32.dll nsi.dll scrobj.dll msi.dll scrrun.dll vbscript.dll msjet40.dll kernelbase.dll gdi32.dll user32.dll lpk.dll usp10.dll msvcrt.dll msimg32.dll msctf.dll ole32.dll rpcrt4.dll oleaut32.dll cryptbase.dll clbcatq.dll advapi32.dll sechost.dll ntdll.dll crypt32.dll lpk.dll advapi32.dll msasn1.dll sechost.dll cimwin32.dll msvcr120_clr0400.dll mscoree.dll ole32.dll KernelBase.dll winhttp.dll api-ms-win-core-timezone-l1-1-0.dll usp10.dll oleaut32.dll imm32.dll msctf.dll microsoft.vsa.ni.dll ntdll.dll rsaenh.dll rpcrtremote.dll clbcatq.dll fastprox.dll mscoreei.dll msctf.dll msvcr80.dll shlwapi.dll advapi32.dll rmclient.dll mscorlib.ni.dll rpcrtremote.dll msvcrt.dll profapi.dll version.dll mscorlib.dll System.ni.dll custommarshalers.ni.dll custommarshalers.dll custommarshalers.dll custommarshalers.dll microsoft.visualc.ni.dll ntdll.dll kernel32.dll system.dll imm32.dll msvcrt.dll sechost.dll rpcrt4.dll msvcr120_clr0400.dll mscoree.dll ole32.dll gdi32.dll user32.dll lpk.dll usp10.dll system.directoryservices.ni.dll imm32.dll lpk.dll Microsoft.VisualC.ni.dll cryptsp.dll rsaenh.dll rpcrtremote.dll clbcatq.dll sxs.dll mscoreei.dll mscorwks.dll msvcr80.dll system.data.dll shell32.dll mscms.dll mscorlib.ni.dll mscorjit.dll mscorlib.dll mscorlib.dll version.dll oleaut32.dll mscorlib.dll mscorsec.dll wintrust.dll crypt32.dll msasn1.dll comctl32.dll riched20.dll imagehlp.dll imm32.dll lpk.dll napinsp.dll userenv.dll gpapi.dll cryptnet.dll wldap32.dll system.security.ni.dll system.ni.dll system.addin.ni.dll kernelbase.dll system.xml.ni.dll system.data.ni.dll system.data.dll system.data.dll clrjit.dll system.data.dll system.data.dll ws2_32.dll nsi.dll System.Core.ni.dll system.configuration.ni.dll ntdll.dll kernel32.dll ntdll.dll kernel32.dll msvcrt.dll sechost.dll rpcrt4.dll msvcr120_clr0400.dll mscoree.dll ole32.dll gdi32.dll user32.dll lpk.dll usp10.dll oleaut32.dll Microsoft.Powershell.GPowerShell.dll nlaapi.dll cryptbase.dll cryptsp.dll rsaenh.dll cryptbase.dll clbcatq.dll system.web.dll mscoreei.dll ole32.dll shlwapi.dll mscorlib.ni.dll sensapi.dll shlwapi.dll system.core.ni.dll kernel32.dll wkscli.dll mscorlib.dll system.configuration.ni.dll system.componentmodel.dataannotations.ni.dll mscoree.dll system.numerics.ni.dll system.security.ni.dll ntdll.dll ntdll.dll wow64.dll wow64win.dll rpcrtremote.dll kernel32.dll kernel32.dll taskflowdataengine.dll user32.dll cryptbase.dll kernelbase.dll lpk.dll msvcrt.dll imecfm.dll rpcrt4.dll sspicli.dll cryptbase.dll msvcr120_clr0400.dll user32.dll ole32.dll gdi32.dll user32.dll lpk.dll usp10.dll oleaut32.dll lpk.dll msctf.dll cryptsp.dll rsaenh.dll rpcrtremote.dll clbcatq.dll sxs.dll mscoreei.dll clr.dll shlwapi.dll apphelp.dll clrjit.dll system.addin.contract.ni.dll version.dll system.addin.contract.dll system.addin.contract.dll mscorlib.dll mscorlib.dll,normal
 ntdll.dll ntdll.dll wow64.dll usp10.dll wow64cpu.dll ole32.dll kernel32.dll kernel32.dll user32.dll kernel32.dll slc.dll gdi32.dll ws2_32.dll nsi.dll winnsi.dll dhcpcsvc.dll dhcpcsvc6.dll shlwapi.dll rpcrtremote.dll wevtapi.dll msvcrt.dll user32.dll gdi32.dll lpk.dll dhcpcsvc.dll advapi32.dll sechost.dll dhcpcsvc.dll sspicli.dll cryptbase.dll lpk.dll imagehlp.dll shell32.dll ole32.dll clbcatq.dll oleaut32.dll cryptsp.dll rsaenh.dll,normal
 ntdll.dll twinapi.dll KernelBase.dll gdi32.dll lpk.dll kernel32.dll ktmw32.dll msvcrt.dll gpapi.dll msctf.dll wow64.dll sechost.dll usp10.dll ntdll.dll kernel32.dll profapi.dll advapi32.dll msvcrt.dll sechost.dll rpcrt4.dll wow64cpu.dll cryptbase.dll user32.dll lpk.dll usp10.dll imm32.dll msctf.dll wdscore.dll oleaut32.dll shell32.dll shlwapi.dll dbghelp.dll cryptbase.dll CbsCore.dll mswsock.dll crypt32.dll msasn1.dll wintrust.dll userenv.dll profapi.dll msvcrt.dll system.runtime.serialization.formatters.soap.ni.dll dpx.dll dpx.dll wcp.dll DrUpdate.dll setupapi.dll cfgmgr32.dll devobj.dll System.Xml.ni.dll wrpint.dll sxsstore.dll sqmapi.dll winhttp.dll webio.dll winhttp.dll userenv.dll SensApi.dll cryptsp.dll rsaenh.dll RpcRtRemote.dll rtutils.dll CbsApi.dll kernel32.dll smiengine.dll ntdll.dll ntdll.dll wow64.dll wow64win.dll wow64cpu.dll kernel32.dll kernel32.dll kernel32.dll user32.dll kernel32.dll KernelBase.dll msvcrt.dll cryptbase.dll user32.dll gdi32.dll lpk.dll usp10.dll microsoft.powershell.security.ni.dll sechost.dll rpcrt4.dll sspicli.dll kernel32.dll imm32.dll msctf.dll apphelp.dll,normal
 ntdll.dll kernel32.dll KernelBase.dll advapi32.dll msvcrt.dll sechost.dll system.web.extensions.ni.dll davhlpr.dll win32u.dll gdi32.dll gdi32full.dll msvcp_win.dll ucrtbase.dll shell32.dll urlmon.dll SHCore.dll combase.dll bcryptprimitives.dll windows.storage.dll shlwapi.dll kernel32.dll powrprof.dll kernel32.dll uxtheme.dll imm32.dll,normal
 ntdll.dll kernel32.dll kernelbase.dll gdi32.dll shlwapi.dll lpk.dll usp10.dll msvcrt.dll imm32.dll comctl32.dll ole32.dll rpcrt4.dll lpk.dll cryptbase.dll lpk.dll advapi32.dll sechost.dll,normal
 kernel32.dll ntdll.dll wow64.dll wow64win.dll wow64cpu.dll kernel32.dll mscorwks.dll kernel32.dll user32.dll kernel32.dll kernelbase.dll msvcrt.dll Microsoft.VisualStudio.Tools.Applications.Adapter.v9.0.dll sechost.dll rpcrt4.dll sspicli.dll cryptbase.dll dnsapi.dll ws2_32.dll nsi.dll winnsi.dll dhcpcsvc.dll dhcpcsvc6.dll sechost.dll user32.dll gdi32.dll user32.dll lpk.dll usp10.dll sspicli.dll imm32.dll msctf.dll clbcatq.dll oleaut32.dll cryptsp.dll ole32.dll rpcrtremote.dll wevtapi.dll ntdll.dll msvcrt.dll wow64.dll wow64win.dll wow64cpu.dll kernel32.dll kernel32.dll ntdll.dll user32.dll usp10.dll kernelbase.dll msvcrt.dll userenv.dll user32.dll gdi32.dll lpk.dll usp10.dll kernel32.dll sechost.dll rpcrt4.dll msctf.dll cryptbase.dll imm32.dll msctf.dll apphelp.dll,normal
 imm32.dll kernel32.dll KernelBase.dll gdi32.dll user32.dll lpk.dll usp10.dll msvcrt.dll clrjit.dll msctf.dll ntdll.dll rpcrt4.dll oleaut32.dll,normal
 ntdll.dll ntdll.dll adsldpc.dll wow64win.dll cryptbase.dll kernel32.dll kernel32.dll kernel32.dll user32.dll policymanager.dll KernelBase.dll msvcrt.dll winbrand.dll lpk.dll gdi32.dll lpk.dll usp10.dll advapi32.dll advapi32.dll rpcrt4.dll sspicli.dll cryptbase.dll nsi.dll msctf.dll System.ServiceModel.ni.dll ntdll.dll ntdll.dll wow64.dll wow64win.dll wow64cpu.dll kernel32.dll ntdll.dll System.Web.Extensions.ni.dll imageres.dll kernel32.dll kernel32.dll advapi32.dll msvcrt.dll sechost.dll clbcatq.dll lpk.dll cryptbase.dll dnsapi.dll ws2_32.dll nsi.dll system.xml.dll wmsgapi.dll sechost.dll shell32.dll shlwapi.dll gdi32.dll user32.dll lpk.dll usp10.dll ole32.dll imm32.dll msctf.dll clbcatq.dll vssapi.dll cryptsp.dll rsaenh.dll RpcRtRemote.dll kernel32.dll,normal
 ntdll.dll kernel32.dll kernelbase.dll advapi32.dll msvcrt.dll mscoree.dll rpcrt4.dll msvcr120_clr0400.dll mscoree.dll ole32.dll docprop.dll user32.dll lpk.dll usp10.dll oleaut32.dll imm32.dll msctf.dll cryptbase.dll cryptsp.dll rsaenh.dll rpcrtremote.dll winnsi.dll sxs.dll mscoreei.dll mscorwks.dll msvcr80.dll gpapi.dll rasadhlp.dll profapi.dll mscorlib.ni.dll mscorjit.dll presentationframework.ni.dll mscorlib.dll version.dll ntdll.dll sensapi.dll mscorsec.dll wintrust.dll crypt32.dll ole32.dll mscorlib.dll shell32.dll imagehlp.dll ncrypt.dll ntdll.dll rtm.dll userenv.dll gpapi.dll cryptnet.dll wldap32.dll sensapi.dll kernel32.dll ntdll.dll kernel32.dll comctl32.dll advapi32.dll msvcrt.dll sechost.dll auditcse.dll wldap32.dll mscoree.dll api-ms-win-core-heap-l1-1-0.dll KernelBase.dll user32.dll lpk.dll imm32.dll oleaut32.dll imm32.dll msctf.dll cryptbase.dll cryptsp.dll rsaenh.dll rpcrtremote.dll clbcatq.dll sxs.dll mscoreei.dll mscorwks.dll sensapi.dll shlwapi.dll shell32.dll bcryptprimitives.dll mscorlib.ni.dll lpk.dll mscorlib.dll mscorlib.dll version.dll mscorlib.dll mscorlib.dll system.ni.dll system.core.ni.dll system.addin.ni.dll microsoft.visualstudio.tools.office.excel.hostadapter.v10.0.ni.dll mscorsec.dll wintrust.dll crypt32.dll msasn1.dll comctl32.dll riched20.dll imagehlp.dll ncrypt.dll bcrypt.dll msvcp_win.dll userenv.dll gpapi.dll kernel32.dll wldap32.dll sensapi.dll system.deployment.dll system.addin.contract.ni.dll microsoft.visualstudio.tools.applications.adapter.v9.0.ni.dll microsoft.visualstudio.tools.office.contract.v9.0.ni.dll microsoft.visualstudio.tools.applications.contract.v9.0.ni.dll microsoft.visualstudio.tools.applications.runtime.v9.0.ni.dll msctf.dll system.configuration.ni.dll urlmon.dll playsndsrv.dll wow64cpu.dll kernel32.dll kernelbase.dll kernel32.dll msvcrt.dll sechost.dll rpcrt4.dll msvcr120_clr0400.dll mscoree.dll windows.networking.connectivity.dll gdi32.dll cofiredm.dll lpk.dll usp10.dll oleaut32.dll advapi32.dll msctf.dll cryptbase.dll cryptsp.dll rsaenh.dll rpcrtremote.dll clbcatq.dll sxs.dll wow64.dll mscorwks.dll msvcr80.dll user32.dll shell32.dll profapi.dll mscorlib.ni.dll mscorjit.dll system.servicemodel.channels.dll System.Drawing.ni.dll version.dll mscorlib.dll mscorlib.dll system.ni.dll system.management.automation.ni.dll system.configuration.install.ni.dll system.transactions.ni.dll system.transactions.dll system.transactions.dll gdi32.dll system.transactions.dll imageres.dll system.xml.ni.dll system.management.ni.dll usp10.dll system.data.ni.dll system.data.dll system.data.dll system.data.dll system.data.dll system.data.dll cryptbase.dll nsi.dll System.Core.ni.dll msasn1.dll system.configuration.ni.dll system.security.ni.dll system.data.sqlxml.ni.dll system.runtime.serialization.formatters.soap.ni.dll system.drawing.ni.dll cryptbase.dll psapi.dll rasman.dll onecoreuapcommonproxystub.dll gdi32.dll system.enterpriseservices.dll system.runtime.remoting.ni.dll microsoft.visualc.ni.dll ntdll.dll system.web.dll system.web.dll system.web.dll system.web.dll system.web.services.ni.dll cryptbase.dll system.design.ni.dll system.serviceprocess.ni.dll system.web.regularexpressions.ni.dll system.deployment.dll cbsapi.dll system.data.oracleclient.dll system.data.oracleclient.dll system.data.oracleclient.dll system.data.oracleclient.dll system.data.oracleclient.dll microsoft.jscript.ni.dll microsoft.vsa.ni.dll ntdll.dll kernel32.dll kernelbase.dll advapi32.dll msvcrt.dll sechost.dll iertutil.dll msvcr120_clr0400.dll mscoree.dll ole32.dll gdi32.dll user32.dll lpk.dll kernel32.dll wrpint.dll imm32.dll msctf.dll cryptbase.dll cryptsp.dll rsaenh.dll rpcrtremote.dll clbcatq.dll fusion.dll mscoreei.dll msvcp_win.dll user32.dll mscorlib.ni.dll clrjit.dll version.dll setupapi.dll mscorlib.dll cryptsp.dll system.drawing.ni.dll KernelBase.dll System.Design.ni.dll microsoft.office.tools.ni.dll system.xml.ni.dll system.core.ni.dll ntdll.dll presentationcore.ni.dll presentationframework.ni.dll imm32.dll presentationcore.dll system.configuration.ni.dll clbcatq.dll shlwapi.dll ntdll.dll ntdll.dll wow64.dll wow64win.dll wow64cpu.dll kernel32.dll kernel32.dll kernel32.dll advapi32.dll kernel32.dll System.Xml.dll KernelBase.dll msvcrt.dll sechost.dll rpcrt4.dll sspicli.dll comctl32.dll secur32.dll mscoree.dll vm3dum64.dll gdi32.dll user32.dll lpk.dll usp10.dll oleaut32.dll imm32.dll msctf.dll cryptsp.dll rsaenh.dll sechost.dll clbcatq.dll system.data.entity.dll mscoreei.dll user32.dll msvcr80.dll shlwapi.dll shell32.dll rsaenh.dll mscorlib.ni.dll onecorecommonproxystub.dll msctf.dll mscorlib.dll version.dll mscorlib.dll mscorlib.dll system.ni.dll system.configuration.install.ni.dll system.configuration.install.dll system.configuration.install.dll system.dll system.dll system.dll system.dll system.runtime.serialization.formatters.soap.ni.dll system.runtime.serialization.formatters.soap.dll system.runtime.serialization.formatters.soap.dll system.drawing.ni.dll system.windows.forms.ni.dll winnsi.dll system.windows.forms.dll system.windows.forms.dll system.windows.forms.dll wwapi.dll system.drawing.dll system.drawing.dll system.drawing.dll system.configuration.ni.dll system.configuration.dll system.configuration.dll presentationcore.ni.dll system.configuration.dll system.xml.ni.dll system.xml.dll system.xml.dll msvcrt.dll system.xml.dll lpk.dll comctl32.dll system.security.dll system.security.dll system.security.dll system.data.sqlxml.ni.dll system.data.sqlxml.dll system.data.sqlxml.dll system.data.sqlxml.dll kernel32.dll system.transactions.dll kernel32.dll accessibility.dll accessibility.dll accessibility.dll system.deployment.ni.dll system.deployment.dll system.deployment.dll dui70.dll system.deployment.dll,normal
 ntdll.dll kernel32.dll kernelbase.dll advapi32.dll msvcrt.dll uiautomationprovider.dll VaultCredProvider.dll gdi32.dll user32.dll lpk.dll usp10.dll user32.dll msimg32.dll ntdll.dll ntdll.dll winmm.dll user32.dll profapi.dll system.web.dll crypt32.dll system.transactions.dll user32.dll lpk.dll imm32.dll msutb.dll comctl32.dll shlwapi.dll secur32.dll sspicli.dll shell32.dll cryptbase.dll wintrust.dll cryptsp.dll rsaenh.dll imagehlp.dll bcrypt.dll microsoft.office.tools.common.ni.dll ncrypt.dll ntdll.dll Accessibility.dll wldap32.dll sensapi.dll sspicli.dll cfgmgr32.dll oleaut32.dll devobj.dll cabinet.dll devrtl.dll version.dll clbcatq.dll oleaut32.dll urlmon.dll wininet.dll user32.dll ntdll.dll kernel32.dll kernelbase.dll msvcrt.dll gdi32.dll windows.networking.hostname.dll usp10.dll msvcrt.dll rpcrt4.dll imm32.dll msctf.dll comctl32.dll dsrole.dll samcli.dll samlib.dll netutils.dll oleaut32.dll shlwapi.dll imecfm.dll netplwiz.dll shell32.dll ntdll.dll mpr.dll advapi32.dll sechost.dll cryptbase.dll advapi32.dll advapi32.dll oleacc.dll version.dll,normal
 ntdll.dll ntdll.dll wow64.dll kernel32.dll wow64cpu.dll kernel32.dll kernel32.dll kernel32.dll userenv.dll Microsoft.VisualStudio.Tools.Applications.Contract.v9.0.dll KernelBase.dll advapi32.dll msvcrt.dll sechost.dll rpcrt4.dll sspicli.dll cryptbase.dll dnsapi.dll ws2_32.dll kernelbase.dll adtschema.dll dhcpcsvc.dll dhcpcsvc6.dll kernel32.dll shlwapi.dll gdi32.dll user32.dll lpk.dll usp10.dll advapi32.dll imm32.dll msctf.dll clbcatq.dll oleaut32.dll cryptsp.dll rsaenh.dll RpcRtRemote.dll rsaenh.dll,normal
 ntdll.dll ntdll.dll wow64.dll wow64win.dll wow64cpu.dll kernel32.dll kernel32.dll System.Data.SqlXml.dll user32.dll kernel32.dll kernelbase.dll advapi32.dll msvcrt.dll sechost.dll rpcrt4.dll sspicli.dll cryptbase.dll dnsapi.dll ws2_32.dll nsi.dll winnsi.dll dhcpcsvc.dll msvcrt.dll shell32.dll shlwapi.dll gdi32.dll user32.dll lpk.dll usp10.dll gdi32full.dll imm32.dll msctf.dll clbcatq.dll oleaut32.dll cryptsp.dll rsaenh.dll rpcrtremote.dll wevtapi.dll ntdll.dll ntdll.dll wow64.dll wow64win.dll imageres.dll profapi.dll advapi32.dll kernel32.dll user32.dll cryptbase.dll cryptbase.dll advapi32.dll msvcrt.dll ole32.dll cryptsp.dll sspicli.dll RpcRtRemote.dll cryptsp.dll ws2_32.dll nsi.dll winnsi.dll dhcpcsvc.dll dhcpcsvc6.dll shell32.dll shlwapi.dll gdi32.dll user32.dll lpk.dll usp10.dll ole32.dll imm32.dll msctf.dll clbcatq.dll cryptbase.dll cryptsp.dll rsaenh.dll rpcrtremote.dll kernelbase.dll ntdll.dll kernel32.dll kernelbase.dll userenv.dll user32.dll lpk.dll lpk.dll rpcrt4.dll imm32.dll msctf.dll ole32.dll rpcrt4.dll oleaut32.dll msasn1.dll ntdll.dll wow64.dll wow64win.dll uxtheme.dll kernel32.dll kernel32.dll kernel32.dll user32.dll kernel32.dll kernelbase.dll msvcrt.dll dwmapi.dll ole32.dll mscoreei.dll user32.dll ncrypt.dll sechost.dll rpcrt4.dll sspicli.dll sspicli.dll lpk.dll usp10.dll dui70.dll imm32.dll msctf.dll api-ms-win-downlevel-ole32-l1-1-0.dll advapi32.dll vbscript.dll sspicli.dll mssprxy.dll crypt32.dll gdi32full.dll cryptsp.dll rsaenh.dll System.Xml.dll wshext.dll comctl32.dll shell32.dll version.dll scrobj.dll hotstartuseragent.dll gdi32.dll ntdll.dll system.windows.forms.ni.dll wow64.dll wow64win.dll wow64cpu.dll kernel32.dll ncrypt.dll kernel32.dll System.XML.dll uxtheme.dll kernelbase.dll msvcrt.dll winbrand.dll user32.dll gdi32.dll PresentationCore.ni.dll usp10.dll sechost.dll sechost.dll ntdll.dll sspicli.dll oleaut32.dll System.Transactions.ni.dll msctf.dll apphelp.dll,normal
 rpcrt4.dll windows.globalization.dll wow64.dll wow64win.dll kernel32.dll System.ComponentModel.Composition.ni.dll kernel32.dll user32.dll api-ms-win-core-kernel32-legacy-l1-1-0.dll msctf.dll kernelbase.dll advapi32.dll msvcrt.dll sechost.dll rpcrt4.dll sspicli.dll gdi32full.dll bcryptprimitives.dll shlwapi.dll combase.dll adsldpc.dll nsi.dll gdi32full.dll user32.dll win32u.dll ntdll.dll mscoree.dll mscoreei.dll version.dll ole32.dll oleaut32.dll msvcp_win.dll clr.dll msvcr120_clr0400.dll mscorlib.ni.dll bcrypt.dll system.ni.dll sechost.dll fusion.dll system.core.ni.dll system.management.ni.dll,normal
 kernel32.dll mscoree.dll System.Core.ni.dll rpcrt4.dll ucrtbase.dll combase.dll bcryptprimitives.dll kernel.appcore.dll msvcrt.dll user32.dll win32u.dll bcrypt.dll gdi32full.dll msvcp_win.dll ntdll.dll RpcRtRemote.dll wldp.dll kernel32.dll msasn1.dll wintrust.dll advapi32.dll clbcatq.dll capabilityaccessmanagerclient.dll policymanager.dll msvcp110_win.dll clbcatq.dll kernel32.dll bcrypt.dll advapi32.dll capabilityaccesshandlers.dll,normal
 ntdll.dll kernel32.dll kernelbase.dll msvcrt.dll System.Deployment.dll sechost.dll winnsi.dll gdi32.dll smiengine.dll usp10.dll propsys.dll ole32.dll ntdll.dll imm32.dll msctf.dll advapi32.dll cryptbase.dll rpcrtremote.dll mscorsvc.dll wldap32.dll clbcatq.dll comsvcs.dll kernelbase.dll api-ms-win-downlevel-version-l1-1-0.dll audioeng.dll setupapi.dll cfgmgr32.dll usp10.dll audiokse.dll shlwapi.dll wmalfxgfxdsp.dll mfplat.dll ws2_32.dll nsi.dll audioses.dll avrt.dll winbrand.dll System.Data.Services.Client.dll wintrust.dll ksuser.dll,normal
 aepic.dll ntdll.dll bcd.dll onecorecommonproxystub.dll,normal
 ntdll.dll ntdll.dll wow64.dll wow64win.dll wow64cpu.dll kernel32.dll kernel32.dll kernel32.dll WindowsBase.dll kernel32.dll kernelbase.dll advapi32.dll msvcrt.dll sechost.dll devicecenter.dll sspicli.dll system.management.automation.ni.dll dnsapi.dll ws2_32.dll nsi.dll winnsi.dll dhcpcsvc.dll dhcpcsvc6.dll windows.ui.dll System.Web.Services.dll gdi32.dll wow64win.dll lpk.dll tquery.dll ole32.dll imm32.dll msctf.dll clbcatq.dll oleaut32.dll cryptsp.dll rsaenh.dll rpcrtremote.dll wevtapi.dll System.Web.RegularExpressions.dll shlwapi.dll wow64.dll wow64win.dll imm32.dll usp10.dll kernel32.dll kernel32.dll user32.dll kernel32.dll kernelbase.dll netutils.dll msvcrt.dll iertutil.dll rpcrt4.dll sspicli.dll cryptbase.dll dnsapi.dll msctf.dll nsi.dll winnsi.dll user32.dll dhcpcsvc6.dll shell32.dll shlwapi.dll gdi32.dll user32.dll lpk.dll usp10.dll ole32.dll rpcrtremote.dll msctf.dll clbcatq.dll powrprof.dll cryptsp.dll imm32.dll rpcrtremote.dll msasn1.dll ntdll.dll ntdll.dll wow64.dll wow64win.dll wow64cpu.dll kernel32.dll system.data.oracleclient.dll kernel32.dll user32.dll kernel32.dll kernelbase.dll msvcrt.dll winbrand.dll user32.dll gdi32.dll lpk.dll usp10.dll advapi32.dll advapi32.dll msasn1.dll sspicli.dll winnsi.dll imm32.dll ws2_32.dll api-ms-win-downlevel-version-l1-1-0.dll,normal
 system.web.dll wow64.dll wow64win.dll wow64cpu.dll kernel32.dll kernel32.dll KernelBase.dll oleaut32.dll sechost.dll msvcrt.dll gdi32.dll user32.dll comctl32.dll sechost.dll rpcrt4.dll sspicli.dll cryptbase.dll lpk.dll usp10.dll imm32.dll msctf.dll shlwapi.dll System.Configuration.ni.dll clbcatq.dll mscoree.dll mscoreei.dll fusion.dll clr.dll lpk.dll msvcr120_clr0400.dll ntdll.dll kernel32.dll kernel32.dll ntdll.dll system.xml.ni.dll taskschd.dll user32.dll kernel32.dll KernelBase.dll gdi32.dll user32.dll advapi32.dll usp10.dll msvcrt.dll uxtheme.dll imm32.dll kernel32.dll ntdll.dll sechost.dll rpcrt4.dll WindowsCodecs.dll wow64.dll version.dll kernel32.dll powrprof.dll bdatunepia.dll cfgmgr32.dll oleaut32.dll devobj.dll powrprof.dll eqossnap.dll cfgmgr32.dll userenv.dll System.Data.SqlXml.dll setupapi.dll cfgmgr32.dll kernel32.dll devobj.dll cryptbase.dll crypt32.dll msadox.dll winmm.dll dbghelp.dll dbghelp.dll dwmcore.dll msimg32.dll dwmredir.dll dwmcore.dll d3d10_1.dll kernel32.dll dxgi.dll dhcpcsvc6.dll vm3dum64_10.dll vm3dum64_10.dll vm3dum64_10.dll vm3dum64.dll vm3dum64.dll vm3dum64.dll d3d10level9.dll d3d10level9.dll d3d10level9.dll,normal
 ntdll.dll cryptbase.dll kernelbase.dll user32.dll msvcrt.dll gdi32.dll imm32.dll msctf.dll System.Data.dll rpcrt4.dll kernel.appcore.dll cryptbase.dll bcryptprimitives.dll sechost.dll uxtheme.dll gdiplus.dll rsaenh.dll bcrypt.dll RpcRtRemote.dll ole32.dll imm32.dll winsta.dll dui70.dll wow64cpu.dll shcore.dll sendmail.dll shell32.dll ws2_32.dll indexeddbserver.dll profapi.dll comctl32.dll duser.dll oleacc.dll tipskins.dll twinapi.dll gpapi.dll tipres.dll kernel32.dll windows.ui.dll ninput.dll tiptsf.dll,normal
 cryptbase.dll wbemsvc.dll kernelbase.dll msvcrt.dll rpcrt4.dll combase.dll ucrtbase.dll bcryptprimitives.dll oleaut32.dll msvcp_win.dll imm32.dll user32.dll win32u.dll gdi32.dll gdi32full.dll kernel.appcore.dll sechost.dll dwmapi.dll duser.dll uxtheme.dll wuautoappupdate.dll cryptsp.dll RpcRtRemote.dll usp10.dll bcrypt.dll cryptsp.dll shcore.dll,normal
 ntdll.dll kernel32.dll oleaut32.dll lpk.dll imm32.dll ole32.dll ws2_32.dll sechost.dll clbcatq.dll nsi.dll user32.dll setupapi.dll msvcrt.dll mscorlib.ni.dll msctf.dll ntasn1.dll usp10.dll wldap32.dll System.Xml.ni.dll devobj.dll cfgmgr32.dll userenv.dll kernelbase.dll usp10.dll wintrust.dll profapi.dll imageres.dll rpcrtremote.dll winsta.dll cryptbase.dll apphelp.dll ntdll.dll bcrypt.dll imm32.dll cryptsp.dll rsaenh.dll mscorjit.dll system.drawing.ni.dll umpnpmgr.dll umpo.dll spinf.dll devrtl.dll pcwum.dll oleaut32.dll powrprof.dll crypt32.dll powrprof.dll powrprof.dll powrprof.dll powrprof.dll powrprof.dll powrprof.dll powrprof.dll rpcrt4.dll ntmarta.dll sensapi.dll gdi32full.dll system.web.ni.dll wbemcomn2.dll wmidcprv.dll bingconfigurationclient.dll wbemsvc.dll wmiutils.dll wtsapi32.dll,normal
 msctf.dll ntdll.dll cryptsp.dll kernelbase.dll msvcrt.dll rpcrt4.dll gdi32.dll user32.dll lpk.dll ntdll.dll ole32.dll oleaut32.dll imm32.dll,normal
 msftedit.dll,normal
 ntdll.dll ole32.dll kernelbase.dll msvcrt.dll wow64cpu.dll gdi32.dll user32.dll lpk.dll usp10.dll rpcrt4.dll imm32.dll msvcrt.dll mscoree.dll clbcatq.dll advapi32.dll sechost.dll oleaut32.dll cryptsp.dll rsaenh.dll System.Configuration.ni.dll shacct.dll comctl32.dll shlwapi.dll userenv.dll imm32.dll idstore.dll,normal
 imageres.dll imageres.dll imageres.dll imageres.dll imageres.dll imageres.dll imageres.dll msftedit.dll kernel.appcore.dll atl.dll imageres.dll imageres.dll kernel32.dll imageres.dll imageres.dll kernel32.dll imageres.dll imageres.dll DeviceCenter.dll wsecedit.dll,normal
 ssdpsrv.dll ws2_32.dll nsi.dll portabledevicetypes.dll version.dll winnsi.dll dhcpcsvc6.dll cryptsp.dll rsaenh.dll dhcpcsvc.dll mswsock.dll shlwapi.dll ntdll.dll rpcrtremote.dll sspicli.dll twext.dll httpapi.dll ole32.dll shlwapi.dll winhttp.dll webio.dll dnsapi.dll,normal
 msftedit.dll mssvp.dll mapi32.dll riched32.dll mapi32.dll,normal
 ntdll.dll ntdll.dll wow64.dll wow64win.dll wow64cpu.dll kernel32.dll kernel32.dll wow64cpu.dll user32.dll system.enterpriseservices.ni.dll kernelbase.dll msvcrt.dll winbrand.dll user32.dll gdi32.dll win32u.dll usp10.dll combase.dll sechost.dll rpcrt4.dll system.security.ni.dll cryptbase.dll imm32.dll msctf.dll apphelp.dll,normal
 ntdll.dll shell32.dll KernelBase.dll wow64cpu.dll user32.dll lpk.dll KernelBase.dll msvcrt.dll imm32.dll ole32.dll ole32.dll rpcrt4.dll oleaut32.dll imm32.dll ntdll.dll shlwapi.dll wow64win.dll wow64cpu.dll profapi.dll kernel32.dll kernel32.dll user32.dll kernel32.dll KernelBase.dll msvcrt.dll winbrand.dll user32.dll gdi32.dll nsi.dll usp10.dll advapi32.dll sechost.dll rpcrt4.dll wow64win.dll cryptbase.dll imm32.dll msctf.dll apphelp.dll,normal
 cryptsp.dll kernel32.dll KernelBase.dll gdi32.dll ole32.dll lpk.dll usp10.dll msvcrt.dll imm32.dll msctf.dll system.runtime.serialization.formatters.soap.ni.dll cryptbase.dll oleaut32.dll ntdll.dll mscoree.dll microsoft.office.tools.word.dll gdi32.dll user32.dll lpk.dll usp10.dll System.Xml.dll imm32.dll msctf.dll ole32.dll rpcrt4.dll oleaut32.dll api-ms-win-crt-stdio-l1-1-0.dll oleaut32.dll winbrand.dll version.dll ntdll.dll kernel32.dll user32.dll winsta.dll RpcRtRemote.dll kbd101.dll kbd106.dll kbdnec.dll kbd106.dll gdi32.dll KernelBase.dll lpk.dll kbd101.dll playtodevice.dll kbdnec.dll imm32.dll apphelp.dll usp10.dll wow64win.dll dfsrress.dll imm32.dll msctf.dll profapi.dll sechost.dll cryptbase.dll UXInit.dll kernel32.dll,normal
 cfgmgr32.dll kernel32.dll KernelBase.dll gdi32.dll user32.dll lpk.dll usp10.dll bcrypt.dll imm32.dll profapi.dll ole32.dll rpcrt4.dll oleaut32.dll cryptbase.dll clbcatq.dll advapi32.dll activeds.dll ntdll.dll kernel32.dll mscorlib.dll advapi32.dll msvcrt.dll sensapi.dll rpcrt4.dll user32.dll gdi32.dll lpk.dll kernel.appcore.dll kernel32.dll comctl32.dll kernel32.dll shell32.dll dui70.dll imm32.dll msctf.dll cryptbase.dll propsys.dll oleaut32.dll shlwapi.dll profapi.dll gdi32.dll wininet.dll gdiplus.dll crypt32.dll msasn1.dll ntmarta.dll Wldap32.dll version.dll sspicli.dll mscorlib.dll cfgmgr32.dll devobj.dll gdi32.dll,normal
 ntdll.dll ntdll.dll KernelBase.dll advapi32.dll msvcrt.dll sechost.dll rpcrt4.dll gdi32.dll clbcatq.dll wow64.dll usp10.dll ole32.dll gdi32.dll wmsgapi.dll cscapi.dll directmanipulation.dll profapi.dll winsta.dll mso30win32client.dll msasn1.dll MsCtfMonitor.dll secur32.dll imm32.dll msutb.dll comctl32.dll shlwapi.dll kernel32.dll sspicli.dll shell32.dll system.transactions.dll cryptsp.dll rsaenh.dll imagehlp.dll userenv.dll bcrypt.dll advapi32.dll ncrypt.dll gpapi.dll imm32.dll cryptnet.dll Wldap32.dll accessibility.dll setupapi.dll cfgmgr32.dll oleaut32.dll msctf.dll lpk.dll kernelbase.dll version.dll bcrypt.dll oleaut32.dll urlmon.dll wininet.dll iertutil.dll ntdll.dll ntdll.dll wow64.dll sxs.dll wow64cpu.dll kernel32.dll kernel32.dll kernel32.dll usp10.dll kernel32.dll KernelBase.dll advapi32.dll msvcrt.dll ntdll.dll rpcrt4.dll sspicli.dll cryptbase.dll dnsapi.dll ws2_32.dll xmllite.dll winnsi.dll dhcpcsvc.dll dhcpcsvc6.dll shell32.dll shlwapi.dll ole32.dll user32.dll lpk.dll usp10.dll ole32.dll imm32.dll windowsbase.dll clbcatq.dll oleaut32.dll wow64.dll rsaenh.dll RpcRtRemote.dll wevtapi.dll,normal
 ntdll.dll kernel32.dll bcryptprimitives.dll advapi32.dll msvcrt.dll windowsbase.dll shell32.dll msvcr120_clr0400.dll mscoree.dll imagehlp.dll system.core.dll kernel32.dll lpk.dll ntdll.dll sensapi.dll ole32.dll msctf.dll wow64win.dll cryptsp.dll msvcrt.dll RpcRtRemote.dll Microsoft.Office.Tools.v9.0.dll sxs.dll mscoreei.dll rpcrt4.dll msvcr80.dll shlwapi.dll shell32.dll profapi.dll mscorlib.ni.dll mscorjit.dll cfgmgr32.dll mscorlib.dll version.dll mscorlib.dll mscorlib.dll System.ni.dll adtschema.dll System.ComponentModel.DataAnnotations.ni.dll System.Web.ni.dll System.Web.Abstractions.ni.dll System.Web.Extensions.ni.dll System.Web.Routing.ni.dll System.Web.DynamicData.ni.dll System.Web.dll System.Web.dll System.Web.dll System.Web.dll System.Data.Linq.ni.dll tquery.dll System.Data.ni.dll lpk.dll System.Data.dll System.Data.dll System.Data.dll System.Data.dll ws2_32.dll nsi.dll crypt32.dll msasn1.dll System.ni.dll kernel32.dll System.Xml.ni.dll System.Configuration.ni.dll System.Security.ni.dll System.Data.SqlXml.ni.dll System.Web.Services.ni.dll System.DirectoryServices.ni.dll System.DirectoryServices.Protocols.ni.dll System.EnterpriseServices.ni.dll System.Transactions.ni.dll System.EnterpriseServices.dll System.Design.ni.dll gdi32.dll System.Windows.Forms.ni.dll System.Web.RegularExpressions.ni.dll Microsoft.VisualC.ni.dll System.Transactions.ni.dll api-ms-win-downlevel-shlwapi-l1-1-0.dll System.Transactions.dll System.Transactions.dll msvcrt.dll microsoft.visualbasic.compatibility.dll system.data.ni.dll System.Runtime.Serialization.Formatters.Soap.ni.dll System.Drawing.Design.ni.dll System.Data.OracleClient.ni.dll System.Data.OracleClient.dll System.Data.OracleClient.dll System.Data.OracleClient.dll System.Data.OracleClient.dll System.Data.OracleClient.dll Accessibility.ni.dll System.Deployment.ni.dll System.Configuration.Install.ni.dll System.ServiceModel.ni.dll System.Runtime.Serialization.ni.dll System.ServiceModel.Web.ni.dll System.Data.Services.Client.ni.dll System.Data.Services.Design.ni.dll shlwapi.dll System.IdentityModel.ni.dll System.Messaging.ni.dll System.IdentityModel.Selectors.ni.dll Microsoft.Transactions.Bridge.ni.dll WindowsBase.ni.dll,normal
 eventlogmessages.dll eventlogmessages.dll kernelbase.dll adtschema.dll msobjs.dll eventlogmessages.dll system.runtime.durableinstancing.dll msobjs.dll wow64win.dll PresentationFramework.dll ole32.dll cabinet.dll dmapisetextimpldesktop.dll eventlogmessages.dll adtschema.dll msobjs.dll netevent.dll schedsvc.dll adtschema.dll adtschema.dll msobjs.dll adtschema.dll msobjs.dll gpsvc.dll adtschema.dll msobjs.dll es.dll vm3dum64_10.dll msvcrt.dll adtschema.dll usp10.dll eventlogmessages.dll adtschema.dll adtschema.dll msobjs.dll gpsvc.dll adtschema.dll msobjs.dll,normal
 cryptsp.dll ntdll.dll wow64.dll wow64win.dll wow64cpu.dll kernel32.dll kernel32.dll kernel32.dll user32.dll kernel32.dll wow64.dll advapi32.dll advapi32.dll msvcrt.dll odbc32.dll sspicli.dll cryptbase.dll dnsapi.dll System.Runtime.Remoting.dll msvcrt.dll winnsi.dll dhcpcsvc.dll dhcpcsvc6.dll qmgr.dll shlwapi.dll gdi32.dll user32.dll lpk.dll usp10.dll ole32.dll imm32.dll msctf.dll sechost.dll oleaut32.dll cryptsp.dll rsaenh.dll RpcRtRemote.dll wevtapi.dll ntdll.dll ntdll.dll wow64.dll wow64win.dll shlwapi.dll kernel32.dll wmsgapi.dll usp10.dll user32.dll kernel32.dll KernelBase.dll ole32.dll ole32.dll msvcrt.dll gdi32.dll user32.dll advapi32.dll system.design.ni.dll cryptsp.dll sspicli.dll msctf.dll vm3dum64.dll usp10.dll msimg32.dll version.dll mpr.dll olepro32.dll comctl32.dll shlwapi.dll oleaut32.dll wsock32.dll kernelbase.dll cryptbase.dll netapi32.dll kernel32.dll srvcli.dll wkscli.dll GdiPlus.dll imm32.dll msctf.dll apphelp.dll setupapi.dll cfgmgr32.dll devobj.dll clbcatq.dll advapi32.dll profapi.dll WindowsCodecs.dll apphelp.dll EhStorShell.dll EhStorShell.dll EhStorShell.dll EhStorShell.dll advapi32.dll ntshrui.dll ntshrui.dll ntshrui.dll cscapi.dll api-ms-win-core-file-l2-1-1.dll imageres.dll kernel32.dll imageres.dll imageres.dll imageres.dll sspicli.dll imageres.dll imageres.dll imageres.dll imageres.dll imageres.dll imageres.dll wtsapi32.dll mscorlib.dll msvcrt.dll kernel32.dll KernelBase.dll gdi32.dll user32.dll lpk.dll usp10.dll msvcrt.dll imm32.dll lpk.dll ole32.dll rpcrt4.dll oleaut32.dll System.Drawing.ni.dll clbcatq.dll dsrole.dll sechost.dll shlwapi.dll iertutil.dll wow64.dll wow64win.dll wow64cpu.dll kernel32.dll kernel32.dll kernel32.dll user32.dll kernel32.dll KernelBase.dll advapi32.dll msvcrt.dll cryptbase.dll rpcrt4.dll lpk.dll cryptbase.dll dnsapi.dll ws2_32.dll nsi.dll winnsi.dll dhcpcsvc.dll usp10.dll profapi.dll shlwapi.dll gdi32.dll user32.dll lpk.dll usp10.dll ole32.dll imm32.dll msctf.dll clbcatq.dll KernelBase.dll shdocvw.dll mscoree.dll RpcRtRemote.dll wevtapi.dll SensApi.dll kernel32.dll gdi32.dll kernel32.dll msvcrt.dll sechost.dll rpcrt4.dll presentationui.ni.dll gdi32.dll user32.dll lpk.dll usp10.dll setupapi.dll msctf.dll wow64.dll oleaut32.dll clr.dll cryptsp.dll dbghelp.dll cryptbase.dll CbsCore.dll amsi.dll crypt32.dll msasn1.dll wintrust.dll clbcatq.dll profapi.dll ktmw32.dll dpx.dll dpx.dll dpx.dll imagehlp.dll DrUpdate.dll setupapi.dll cfgmgr32.dll devobj.dll mpr.dll wrpint.dll sxsstore.dll sqmapi.dll cryptsp.dll ism32k.dll RpcRtRemote.dll clbcatq.dll winhttp.dll cryptbase.dll shlwapi.dll webio.dll webio.dll SensApi.dll smipi.dll smiengine.dll PortableDeviceSyncProvider.dll kernel32.dll api-ms-win-crt-environment-l1-1-0.dll advapi32.dll msvcrt.dll sechost.dll rpcrt4.dll user32.dll gdi32.dll lpk.dll usp10.dll user32.dll ws2_32.dll ole32.dll ws2_32.dll nsi.dll fastprox.dll ntdsapi.dll msvcrt.dll msctf.dll cryptbase.dll ntmarta.dll Wldap32.dll clbcatq.dll imageres.dll cryptsp.dll rsaenh.dll RpcRtRemote.dll wbemsvc.dll ncobjapi.dll wmiutils.dll sspicli.dll rpcrt4.dll stdprov.dll lpk.dll ntdll.dll sechost.dll KernelBase.dll kernel32.dll msvcrt.dll sechost.dll rpcrt4.dll rasadhlp.dll user32.dll lpk.dll api-ms-win-downlevel-version-l1-1-0.dll msswch.dll winmm.dll dwmapi.dll devobj.dll ole32.dll oleacc.dll oleaut32.dll shlwapi.dll usp10.dll duser.dll uxtheme.dll powrprof.dll msi.dll cryptbase.dll msvcrt.dll comctl32.dll xmllite.dll locationframeworkps.dll advapi32.dll cryptsp.dll rsaenh.dll RpcRtRemote.dll shell32.dll WindowsCodecs.dll usp10.dll propsys.dll,normal
 ntdll.dll kernel32.dll KernelBase.dll advapi32.dll msvcrt.dll sechost.dll rpcrt4.dll user32.dll gdi32.dll lpk.dll usp10.dll sechost.dll mscorlib.dll ole32.dll oleaut32.dll windows.shell.servicehostbuilder.dll cryptbase.dll comctl32.dll System.Web.ni.dll shlwapi.dll shell32.dll api-ms-win-downlevel-ole32-l1-1-0.dll slc.dll sppc.dll cryptsp.dll rsaenh.dll actxprxy.dll msswch.dll sppcomapi.dll sppcext.dll crypt32.dll msasn1.dll kernel32.dll winhttp.dll webio.dll rasapi32.dll rasman.dll ws2_32.dll nsi.dll setupapi.dll cfgmgr32.dll devobj.dll tapi32.dll kernel32.dll slwga.dll msvcr80.dll secur32.dll sxs.dll uxtheme.dll user32.dll winmm.dll duser.dll xmllite.dll user32.dll user32.dll imecfm.dll,normal
 ntdll.dll kernel32.dll kernelbase.dll gdi32.dll user32.dll oleaut32.dll usp10.dll crypt32.dll imm32.dll msctf.dll ole32.dll rpcrt4.dll oleaut32.dll system.security.ni.dll kernel32.dll kernelbase.dll advapi32.dll msvcrt.dll kernel32.dll system.design.dll ole32.dll gdi32.dll user32.dll imm32.dll usp10.dll imm32.dll msctf.dll wdscore.dll cryptbase.dll shell32.dll shlwapi.dll dbghelp.dll windows.storage.applicationdata.dll cbscore.dll version.dll crypt32.dll msasn1.dll wintrust.dll userenv.dll profapi.dll ktmw32.dll msvcp_win.dll dpx.dll dpx.dll wcp.dll drupdate.dll ole32.dll coreuicomponents.dll devobj.dll kernel32.dll oleaut32.dll sxsstore.dll sqmapi.dll winhttp.dll webio.dll winhttp.dll webio.dll sensapi.dll cryptsp.dll wow64cpu.dll rpcrtremote.dll clbcatq.dll cbsapi.dll profapi.dll smiengine.dll System.Drawing.dll ntdll.dll wow64.dll wow64win.dll wow64cpu.dll kernel32.dll kernel32.dll kernel32.dll user32.dll kernel32.dll imm32.dll msvcrt.dll gdi32.dll user32.dll lpk.dll system.drawing.design.dll advapi32.dll sechost.dll comctl32.dll system.data.dll sspicli.dll cryptbase.dll usp10.dll imm32.dll msctf.dll clbcatq.dll ntdll.dll winhttp.dll mscorlib.ni.dll rpcrtremote.dll RpcRtRemote.dll shlwapi.dll actxprxy.dll,normal
 ntdll.dll msvcrt.dll kernelbase.dll advapi32.dll mscorwks.dll sechost.dll rpcrt4.dll ole32.dll gdi32.dll user32.dll lpk.dll usp10.dll netutils.dll oleaut32.dll slc.dll pdh.dll dsrole.dll user32.dll imm32.dll msctf.dll cryptbase.dll nsi.dll ucrtbase.dll cryptbase.dll xmllite.dll ceiprole.dll api-ms-win-downlevel-normaliz-l1-1-0.dll srvcli.dll wkscli.dll wevtapi.dll,normal
 ntdll.dll kernel32.dll kernelbase.dll System.Core.dll msvcrt.dll sechost.dll rpcrt4.dll msvcr120_clr0400.dll mscoree.dll ole32.dll gdi32.dll user32.dll lpk.dll mscms.dll oleaut32.dll imm32.dll msctf.dll bcrypt.dll cryptsp.dll api-ms-win-service-private-l1-1-1.dll version.dll clbcatq.dll sxs.dll mscoreei.dll mscorwks.dll advapi32.dll shlwapi.dll shell32.dll profapi.dll mscorlib.ni.dll ntdll.dll advapi32.dll mscorlib.dll version.dll napinsp.dll psapi.dll advapi32.dll system.core.ni.dll system.management.automation.ni.dll microsoft.security.applicationid.policymanagement.cmdlets.ni.dll microsoft.security.applicationid.policymanagement.policymanager.ni.dll cryptsp.dll system.xml.ni.dll kernelbase.dll logoncli.dll system.transactions.dll system.transactions.dll system.transactions.dll system.transactions.dll System.dll system.management.ni.dll system.directoryservices.ni.dll system.data.ni.dll system.data.dll system.data.dll system.data.dll system.data.dll system.data.dll ws2_32.dll system.transactions.dll crypt32.dll msasn1.dll system.configuration.ni.dll netdiagfx.dll system.data.sqlxml.ni.dll system.runtime.serialization.formatters.soap.ni.dll user32.dll system.windows.forms.ni.dll accessibility.ni.dll rpcrt4.dll system.enterpriseservices.ni.dll system.enterpriseservices.dll system.enterpriseservices.dll system.runtime.remoting.ni.dll microsoft.visualc.ni.dll system.web.ni.dll user32.dll system.web.dll d3d11.dll system.web.dll System.IdentityModel.dll system.directoryservices.protocols.ni.dll kernel32.dll system.serviceprocess.ni.dll usp10.dll system.drawing.design.ni.dll user32.dll system.data.oracleclient.dll system.data.oracleclient.dll system.data.oracleclient.dll system.data.oracleclient.dll system.data.oracleclient.dll microsoft.jscript.ni.dll microsoft.vsa.ni.dll microsoft.security.applicationid.policymanagement.policyengineapi.interop.ni.dll microsoft.security.applicationid.policymanagement.policyengineapi.interop.dll microsoft.security.applicationid.policymanagement.policyengineapi.interop.dll mscoree.dll ntdll.dll ntdll.dll msvcp110_win.dll advapi32.dll msvcrt.dll sechost.dll KernelBase.dll msvcr120_clr0400.dll webservices.dll ole32.dll gdi32.dll user32.dll kernel32.dll usp10.dll oleaut32.dll imm32.dll msctf.dll rpcrt4.dll webio.dll rsaenh.dll rpcrtremote.dll RpcRtRemote.dll sxs.dll mscoreei.dll mscorwks.dll msvcr80.dll api-ms-win-core-file-l2-1-0.dll shell32.dll profapi.dll mscorlib.ni.dll mscorjit.dll mscorlib.dll mscorlib.dll version.dll mscorlib.dll mscorlib.dll microsoft.visualstudio.tools.office.contract.v9.0.ni.dll mscorsec.dll dnsapi.dll crypt32.dll msasn1.dll System.Runtime.Serialization.ni.dll riched20.dll ntdll.dll ncrypt.dll bcrypt.dll bcryptprimitives.dll userenv.dll gpapi.dll cryptnet.dll wldap32.dll sensapi.dll api-ms-win-crt-convert-l1-1-0.dll microsoft.visualstudio.tools.applications.contract.v9.0.ni.dll,normal
 kernel32.dll system.deployment.dll kernelbase.dll advapi32.dll msvcrt.dll sechost.dll kernel32.dll ieui.dll gdi32.dll user32.dll lpk.dll usp10.dll imm32.dll msctf.dll wdscore.dll oleaut32.dll shell32.dll shlwapi.dll dbghelp.dll cryptbase.dll cbscore.dll version.dll crypt32.dll ntdll.dll wintrust.dll profapi.dll profapi.dll ktmw32.dll api-ms-win-downlevel-ole32-l1-1-0.dll dpx.dll dpx.dll wcp.dll drupdate.dll setupapi.dll cfgmgr32.dll devobj.dll mpr.dll wrpint.dll sxsstore.dll gdi32.dll winhttp.dll webio.dll winhttp.dll webio.dll wow64win.dll msctf.dll rsaenh.dll rpcrtremote.dll clbcatq.dll profapi.dll smipi.dll normaliz.dll ntdll.dll ntdll.dll wow64.dll wow64win.dll dnsapi.dll kernel32.dll kernel32.dll kernel32.dll user32.dll windowsbase.ni.dll kernelbase.dll custommarshalers.dll winbrand.dll user32.dll gdi32.dll cryptbase.dll oleaut32.dll advapi32.dll sechost.dll rpcrt4.dll sspicli.dll cryptbase.dll imm32.dll msctf.dll apphelp.dll,normal
 ntdll.dll ntdll.dll kernel32.dll kernelbase.dll kernelbase.dll msvcrt.dll msvcrt.dll nsi.dll shcore.dll rpcrt4.dll cryptsp.dll combase.dll mscoreei.dll ucrtbase.dll msvcp110_win.dll msvcp110_win.dll bcryptprimitives.dll duser.dll oleaut32.dll rpcrt4.dll sspicli.dll powrprof.dll sechost.dll sechost.dll advapi32.dll advapi32.dll crypt32.dll SensApi.dll msasn1.dll settingsyncpolicy.dll bcrypt.dll dmcmnutils.dll dmcmnutils.dll slc.dll usocore.dll wintrust.dll winhttp.dll winhttp.dll xmllite.dll xmllite.dll mscoree.dll updatepolicy.dll xmllite.dll xmllite.dll rpcrt4.dll dpapi.dll windows.storage.dll msvcrt.dll shlwapi.dll gdi32.dll gdi32full.dll user32.dll kernelbase.dll kernel.appcore.dll kernel.appcore.dll profapi.dll filterlib.dll fltlib.dll imm32.dll mscorlib.dll wow64win.dll clbcatq.dll propsys.dll onecoreuapcommonproxystub.dll System.dll cryptbase.dll onecorecommonproxystub.dll onecorecommonproxystub.dll cryptsp.dll cryptsp.dll rsaenh.dll rsaenh.dll imagehlp.dll user32.dll gpapi.dll shell32.dll winsta.dll uiribbon.dll netapi32.dll mscorwks.dll rpcrt4.dll ole32.dll wkscli.dll KernelBase.dll userenv.dll System.Data.SqlXml.ni.dll unpshared.dll unpshared.dll wintypes.dll dsreg.dll policymanager.dll policymanager.dll,normal
 structuredquery.dll mscoreei.dll clr.dll System.Drawing.ni.dll msctf.dll ntdll.dll kernel32.dll kernelbase.dll system.xml.ni.dll advapi32.dll sechost.dll user32.dll shlwapi.dll gdi32.dll System.dll lpk.dll System.Transactions.dll imm32.dll cryptbase.dll fusion.dll cryptsp.dll rsaenh.dll,normal
 ntdll.dll ntdll.dll ntasn1.dll wow64win.dll wow64cpu.dll kernel32.dll msvcrt.dll kernel32.dll wow64cpu.dll kernel32.dll crypt32.dll WindowsBase.ni.dll msvcrt.dll sechost.dll rpcrt4.dll kernel32.dll cryptbase.dll dnsapi.dll ws2_32.dll nsi.dll winnsi.dll dhcpcsvc.dll dhcpcsvc6.dll windows.storage.search.dll shlwapi.dll gdi32.dll user32.dll cryptsp.dll usp10.dll ole32.dll imm32.dll uiautomationprovider.dll clbcatq.dll imm32.dll cryptsp.dll shlwapi.dll rpcrtremote.dll wevtapi.dll ntdll.dll kernel32.dll kernelbase.dll gdi32.dll user32.dll lpk.dll oleaut32.dll msvcrt.dll imm32.dll msctf.dll ole32.dll rpcrt4.dll usp10.dll lpk.dll system.configuration.ni.dll advapi32.dll sechost.dll ntdll.dll kernel32.dll wow64.dll wow64win.dll wow64cpu.dll kernel32.dll system.deployment.ni.dll rpcrt4.dll Microsoft.Windows.Diagnosis.Commands.GetDiagInput.ni.dll kernel32.dll kernelbase.dll msvcrt.dll oleaut32.dll ole32.dll gdi32.dll user32.dll advapi32.dll sechost.dll rpcrt4.dll sspicli.dll cryptbase.dll lpk.dll usp10.dll version.dll msvcrt.dll cryptbase.dll sxs.dll VAN.dll user32.dll advapi32.dll wintrust.dll crypt32.dll msasn1.dll cryptsp.dll usp10.dll msctf.dll wshext.dll dmxmlhelputils.dll shell32.dll shlwapi.dll scrobj.dll msi.dll scrrun.dll ntdll.dll ehiproxy.ni.dll user32.dll advapi32.dll msvcrt.dll sechost.dll rpcrt4.dll ole32.dll gdi32.dll shell32.dll lpk.dll presentationcore.dll imm32.dll msctf.dll wdscore.dll oleaut32.dll shell32.dll shlwapi.dll System.Web.Services.dll rsaenh.dll cbscore.dll version.dll crypt32.dll msasn1.dll wintrust.dll userenv.dll dnsapi.dll ktmw32.dll dpx.dll tquery.dll dpx.dll wcp.dll msvcrt.dll setupapi.dll msxml6.dll sechost.dll mpr.dll wrpint.dll sxsstore.dll shlwapi.dll winhttp.dll webio.dll lpk.dll webio.dll sensapi.dll cryptsp.dll rsaenh.dll rpcrtremote.dll clbcatq.dll System.Deployment.dll clbcatq.dll gdi32.dll gdi32.dll windowsbase.dll kernelbase.dll gdi32.dll user32.dll lpk.dll ntdll.dll msvcrt.dll shell32.dll msctf.dll ole32.dll wow64.dll oleaut32.dll cryptbase.dll clbcatq.dll advapi32.dll rpcrtremote.dll wbemcomn2.dll ntdll.dll wow64.dll wow64win.dll wow64cpu.dll kernel32.dll kernel32.dll kernel32.dll clbcatq.dll kernel32.dll kernelbase.dll msvcrt.dll winbrand.dll user32.dll gdi32.dll api-ms-win-core-localization-l1-2-0.dll system.windows.forms.dll advapi32.dll sechost.dll rpcrt4.dll oleaut32.dll cryptbase.dll imm32.dll msctf.dll apphelp.dll,normal
 mscoree.dll msi.dll clr.dll shlwapi.dll ntdll.dll wow64.dll microsoft.visualbasic.compatibility.data.ni.dll wow64cpu.dll kernel32.dll system.numerics.dll kernelbase.dll sechost.dll ole32.dll msvcrt.dll gdi32.dll user32.dll advapi32.dll sechost.dll rpcrt4.dll sspicli.dll cryptbase.dll lpk.dll secur32.dll imm32.dll msctf.dll shlwapi.dll version.dll clbcatq.dll msctf.dll mscoree.dll mscoreei.dll gdi32.dll KernelBase.dll clr.dll cryptbase.dll ntdll.dll ntdll.dll microsoft.mediacenter.itv.media.dll kernel32.dll kernel32.dll kernelbase.dll msvcrt.dll advapi32.dll sechost.dll rpcrt4.dll shlwapi.dll gdi32.dll wow64.dll user32.dll lpk.dll kernelbase.dll actxprxy.dll cryptbase.dll lpk.dll cryptsp.dll winmm.dll mscorsvc.dll taskschd.dll ntdll.dll kernel32.dll msctf.dll advapi32.dll msvcrt.dll clbcatq.dll rpcrt4.dll msvcr120_clr0400.dll dxgi.dll ole32.dll gdi32.dll user32.dll lpk.dll usp10.dll oleaut32.dll imm32.dll msctf.dll cryptbase.dll cryptsp.dll rsaenh.dll rpcrtremote.dll clbcatq.dll sxs.dll mscoreei.dll clr.dll shlwapi.dll mscorlib.ni.dll clrjit.dll version.dll mscorlib.dll kernel32.dll spoolss.dll system.core.ni.dll system.web.ni.dll system.web.extensions.ni.dll system.configuration.install.ni.dll tabskb.dll wow64cpu.dll oleaut32.dll system.numerics.ni.dll system.web.dll gdi32.dll system.web.dll system.web.dll mprmsg.dll cryptbase.dll System.Design.ni.dll microsoft.management.infrastructure.ni.dll api-ms-win-core-xstate-l2-1-0.dll bcrypt.dll ntdll.dll microsoft.powershell.commands.utility.ni.dll ntdll.dll kernel32.dll kernelbase.dll msvcrt.dll api-ms-win-crt-environment-l1-1-0.dll gdi32.dll user32.dll lpk.dll usp10.dll rpcrt4.dll oleaut32.dll imm32.dll msctf.dll ntasn1.dll sechost.dll advapi32.dll uxtheme.dll msctf.dll clbcatq.dll winsta.dll bcrypt.dll wininet.dll api-ms-win-downlevel-user32-l1-1-0.dll setupapi.dll shlwapi.dll api-ms-win-downlevel-version-l1-1-0.dll version.dll userenv.dll normaliz.dll iertutil.dll api-ms-win-downlevel-advapi32-l1-1-0.dll userenv.dll user32.dll api-ms-win-downlevel-ole32-l1-1-0.dll kernel32.dll taskschd.dll sspicli.dll msctfmonitor.dll msutb.dll hotstartuseragent.dll slc.dll kernel32.dll shell32.dll cryptsp.dll spoolss.dll cryptsp.dll api-ms-win-downlevel-advapi32-l2-1-0.dll ntdll.dll dimsjob.dll esent.dll wldap32.dll crypt32.dll msasn1.dll wbemcntl.dll rpcrt4.dll winmm.dll certenroll.dll npmproxy.dll pautoenr.dll certcli.dll atl.dll dsrole.dll mswsock.dll mmdevapi.dll propsys.dll kernelbase.dll wldap32.dll atl.dll pautoenr.dll certcli.dll certenroll.dll comctl32.dll oleacc.dll imecfm.dll ntdll.dll kernel32.dll kernel32.dll user32.dll System.Transactions.dll wow64.dll lpk.dll kernelbase.dll kernel32.dll kernel32.dll kernelbase.dll msvcrt.dll gdi32.dll user32.dll advapi32.dll kernel32.dll rpcrt4.dll sspicli.dll cryptbase.dll ntshrui.dll usp10.dll imm32.dll system.data.oracleclient.dll kernel32.dll winbrand.dll,normal
 ntdll.dll ntdll.dll wow64.dll wow64win.dll ninput.dll kernel32.dll ntdll.dll shell32.dll user32.dll kernel32.dll shlwapi.dll advapi32.dll msvcrt.dll sechost.dll rpcrt4.dll sspicli.dll cryptbase.dll dnsapi.dll ws2_32.dll nsi.dll winnsi.dll msimg32.dll msctf.dll shell32.dll shlwapi.dll gdi32.dll user32.dll lpk.dll usp10.dll ole32.dll imm32.dll msctf.dll apphelp.dll oleaut32.dll sspicli.dll rsaenh.dll RpcRtRemote.dll SensApi.dll ntdll.dll cryptsp.dll wow64.dll wow64win.dll wow64cpu.dll kernel32.dll sspicli.dll kernel32.dll samlib.dll kernel32.dll KernelBase.dll msvcrt.dll winbrand.dll user32.dll gdi32.dll lpk.dll usp10.dll advapi32.dll sechost.dll propsys.dll sspicli.dll cryptbase.dll imm32.dll msctf.dll apphelp.dll,normal
 ntdll.dll kernel32.dll kernelbase.dll clbcatq.dll advapi32.dll sechost.dll rpcrt4.dll kernelbase.dll,normal
 ntdll.dll kernel32.dll kernelbase.dll advapi32.dll gdi32.dll user32.dll bcrypt.dll sspicli.dll combase.dll kernel.appcore.dll userenv.dll msimg32.dll wmsgapi.dll wtsapi32.dll winmm.dll cryptnet.dll msctfmonitor.dll comctl32.dll kernelbase.dll rpcrt4.dll msasn1.dll profapi.dll system.data.dll msctf.dll msutb.dll imm32.dll user32.dll devobj.dll shell32.dll shlwapi.dll shcore.dll kernel.appcore.dll cryptbase.dll bcryptprimitives.dll uxtheme.dll wintrust.dll wmiutils.dll rsaenh.dll bcrypt.dll imagehlp.dll clbcatq.dll urlmon.dll ole32.dll iertutil.dll wininet.dll dwmapi.dll kbd101.dll ntdll.dll authui.dll dui70.dll ole32.dll duser.dll mmdevapi.dll System.ni.dll msacm32.dll advapi32.dll oleaut32.dll ksuser.dll gdi32.dll sspicli.dll msvcrt.dll version.dll clr.dll ntmarta.dll ole32.dll wer.dll inputswitch.dll wmp.dll WindowsBase.dll user32.dll uianimation.dll d3d11.dll dxgi.dll d3d10warp.dll wmsgapi.dll imecfm.dll winbrand.dll msimg32.dll,normal
 shell32.dll kernel32.dll KernelBase.dll gdi32.dll dpx.dll ntdll.dll usp10.dll msvcrt.dll rsaenh.dll kernel32.dll ole32.dll rpcrt4.dll oleaut32.dll cryptbase.dll clbcatq.dll advapi32.dll sechost.dll,normal
 ntdll.dll,normal
 kernel32.dll kernel32.dll kernelbase.dll advapi32.dll system.servicemodel.ni.dll sechost.dll rpcrt4.dll gdi32.dll user32.dll comctl32.dll usp10.dll dnsapi.dll msimg32.dll api-ms-win-downlevel-ole32-l1-1-0.dll wtsapi32.dll winmm.dll userenv.dll profapi.dll winsta.dll crypt32.dll msasn1.dll msctfmonitor.dll msctf.dll mscorwks.dll msutb.dll shell32.dll shlwapi.dll secur32.dll sspicli.dll shell32.dll shlwapi.dll uxtheme.dll wintrust.dll dmutil.dll ole32.dll imagehlp.dll bcrypt.dll bcryptprimitives.dll ncrypt.dll gpapi.dll cryptnet.dll wldap32.dll sensapi.dll version.dll clbcatq.dll oleaut32.dll urlmon.dll api-ms-win-downlevel-ole32-l1-1-0.dll api-ms-win-downlevel-shlwapi-l1-1-0.dll api-ms-win-downlevel-advapi32-l1-1-0.dll apphelp.dll api-ms-win-downlevel-version-l1-1-0.dll api-ms-win-downlevel-normaliz-l1-1-0.dll system.ni.dll ole32.dll wininet.dll winhttp.dll ntdll.dll wow64.dll ws2_32.dll wow64cpu.dll kernel32.dll kernel32.dll kernel32.dll clbcatq.dll kernel32.dll devobj.dll mscorjit.dll winbrand.dll user32.dll gdi32.dll lpk.dll usp10.dll advapi32.dll sechost.dll windowsbase.dll sspicli.dll msctf.dll imm32.dll msctf.dll apphelp.dll,normal
 ntdll.dll kernel32.dll kernelbase.dll msvcrt.dll combase.dll microsoft.managementconsole.ni.dll kernel.appcore.dll bcryptprimitives.dll cryptsp.dll bcrypt.dll rsaenh.dll twinapi.appcore.dll rpcrt4.dll userenv.dll profapi.dll cryptbase.dll wintypes.dll user32.dll gdi32.dll clr.dll msctf.dll shcore.dll kernel32.dll windows.ui.dll ninput.dll oleaut32.dll actxprxy.dll bcp47langs.dll uxtheme.dll shsvcs.dll cortana.backgroundtask.dll wincorlib.dll threadpoolwinrt.dll cortana.core.dll aistokenmanager.dll bingconfigurationclient.dll urlmon.dll windows.applicationmodel.background.systemeventsbroker.dll rpcrt4.dll system.design.dll iertutil.dll gdi32full.dll System.Drawing.dll systemeventsbrokerclient.dll logoncli.dll windows.cortana.pal.desktop.dll netapi32.dll lpk.dll windows.storage.dll powrprof.dll windows.staterepository.dll staterepository.core.dll windows.cortana.proxystub.dll,normal
 ntdll.dll kernel32.dll kernelbase.dll onecoreuapcommonproxystub.dll cryptsp.dll sechost.dll rpcrt4.dll user32.dll gdi32.dll lpk.dll RpcRtRemote.dll ole32.dll oleaut32.dll shlwapi.dll mssrch.dll mssrch.dll esent.dll gdi32.dll msctf.dll shell32.dll usp10.dll cryptbase.dll tquery.dll tquery.dll vm3dum64_10.dll bcryptprimitives.dll secur32.dll sspicli.dll credssp.dll clbcatq.dll setupapi.dll cfgmgr32.dll devobj.dll cryptsp.dll wininet.dll rpcrtremote.dll advapi32.dll rsaenh.dll propsys.dll shell32.dll mssprxy.dll ntmarta.dll wldap32.dll msctf.dll vssapi.dll atl.dll vsstrace.dll samcli.dll samlib.dll netutils.dll es.dll wtsapi32.dll winsta.dll userenv.dll sxs.dll apphelp.dll crypt32.dll user32.dll naturallanguage6.dll kernel32.dll setupapi.dll devobj.dll wininet.dll bcryptprimitives.dll elscore.dll elstrans.dll RpcRtRemote.dll nlsdata0009.dll nlslexicons0009.dll nlsdata000c.dll ntdll.dll nlsdata0009.dll nlslexicons0009.dll rasapi32.dll nlslexicons0009.dll nlsdata000c.dll nlslexicons000c.dll nlsdata0009.dll nlslexicons0009.dll nlsdata000c.dll secur32.dll,normal
 ntdll.dll ntdll.dll kernel32.dll imm32.dll advapi32.dll msvcrt.dll sechost.dll rpcrt4.dll dhcpcsvc.dll user32.dll lpk.dll usp10.dll msswch.dll winmm.dll dwmapi.dll GdiPlus.dll ole32.dll userenv.dll oleaut32.dll shlwapi.dll wmsgapi.dll duser.dll uxtheme.dll kernel32.dll msctf.dll system.data.dll dui70.dll comctl32.dll system.windows.forms.dll kernel32.dll tabskb.dll system.data.linq.ni.dll rsaenh.dll mintdh.dll InkObj.dll atl.dll shlwapi.dll WindowsCodecs.dll,normal
 msvcrt.dll ntdll.dll rpcrtremote.dll wow64win.dll wow64cpu.dll advapi32.dll kernel32.dll KernelBase.dll user32.dll kernel32.dll KernelBase.dll KernelBase.dll rpcrt4.dll cryptbase.dll rpcrtremote.dll sspicli.dll cryptbase.dll dnsapi.dll ws2_32.dll nsi.dll winnsi.dll ntdll.dll dhcpcsvc6.dll oleacc.dll shlwapi.dll gdi32.dll user32.dll lpk.dll usp10.dll ole32.dll imm32.dll msctf.dll clbcatq.dll oleaut32.dll cryptsp.dll rsaenh.dll RpcRtRemote.dll wevtapi.dll ntdll.dll kernel32.dll sensapi.dll gdi32.dll ntmarta.dll devobj.dll usp10.dll msvcrt.dll rsaenh.dll msctf.dll ole32.dll ole32.dll lpk.dll cryptbase.dll clbcatq.dll advapi32.dll imm32.dll ntdll.dll ntdll.dll cryptbase.dll kernel32.dll kernel32.dll kernel32.dll kernel32.dll kernel32.dll user32.dll rsaenh.dll KernelBase.dll advapi32.dll msvcrt.dll sechost.dll rpcrt4.dll sspicli.dll cryptbase.dll System.EnterpriseServices.dll ws2_32.dll wow64cpu.dll rpcrt4.dll dhcpcsvc.dll dhcpcsvc6.dll sspicli.dll shlwapi.dll gdi32.dll user32.dll lpk.dll imm32.dll rpcrt4.dll imm32.dll msctf.dll clbcatq.dll oleaut32.dll cryptsp.dll msvcrt.dll RpcRtRemote.dll shlwapi.dll ntdll.dll dhcpcsvc.dll KernelBase.dll advapi32.dll msvcrt.dll sechost.dll rpcrt4.dll ole32.dll gdi32.dll user32.dll kernel32.dll lpk.dll imm32.dll msctf.dll wdscore.dll kernel32.dll shell32.dll shlwapi.dll usp10.dll cryptbase.dll CbsCore.dll version.dll crypt32.dll msasn1.dll kernel32.dll ws2_32.dll profapi.dll System.Core.ni.dll dpx.dll dpx.dll dpx.dll wcp.dll ntdll.dll System.Drawing.Design.dll cfgmgr32.dll devobj.dll ole32.dll wrpint.dll sxsstore.dll sqmapi.dll winhttp.dll webio.dll winhttp.dll webio.dll shlwapi.dll cryptsp.dll wecsvc.dll clr.dll clbcatq.dll CbsApi.dll smipi.dll microsoft.powershell.editor.dll ntdll.dll kernel32.dll KernelBase.dll gdi32.dll user32.dll lpk.dll usp10.dll msvcrt.dll imm32.dll msctf.dll ole32.dll rpcrt4.dll oleaut32.dll cryptbase.dll clbcatq.dll advapi32.dll sechost.dll,normal
 ntdll.dll ntdll.dll wow64.dll rpcrt4.dll wow64.dll kernel32.dll kernel32.dll imagehlp.dll winnsi.dll kernel32.dll kernelbase.dll advapi32.dll msvcrt.dll sechost.dll system.data.oracleclient.dll sspicli.dll apphelp.dll dnsapi.dll wtsapi32.dll nsi.dll winnsi.dll dhcpcsvc.dll dhcpcsvc6.dll shell32.dll shlwapi.dll gdi32.dll user32.dll lpk.dll oleaut32.dll ole32.dll imm32.dll msctf.dll clbcatq.dll oleaut32.dll api-ms-win-core-debug-l1-1-1.dll user32.dll rpcrtremote.dll sechost.dll,normal
 usp10.dll kernel32.dll kernelbase.dll system.numerics.ni.dll rpcrt4.dll combase.dll oleaut32.dll kernel.appcore.dll bcryptprimitives.dll sechost.dll user32.dll gdi32.dll imm32.dll wship6.dll uxtheme.dll dwmapi.dll clbcatq.dll bcp47langs.dll languagecomponentsinstaller.dll gdi32.dll clbcatq.dll PresentationCore.dll cryptbase.dll kernel32.dll taskschd.dll sspicli.dll,normal
 sfc_os.dll gdi32.dll wow64.dll version.dll wow64cpu.dll kernel32.dll kernel32.dll kernel32.dll user32.dll kernel32.dll kernelbase.dll clbcatq.dll msvcrt.dll sechost.dll rpcrt4.dll sspicli.dll cryptbase.dll dnsapi.dll ws2_32.dll nsi.dll winnsi.dll dhcpcsvc.dll dhcpcsvc6.dll shell32.dll shlwapi.dll duser.dll user32.dll lpk.dll usp10.dll ole32.dll imm32.dll msctf.dll secur32.dll oleaut32.dll cryptsp.dll rsaenh.dll rpcrtremote.dll wevtapi.dll ole32.dll sspicli.dll wow64.dll wow64win.dll wow64cpu.dll kernel32.dll kernel32.dll kernel32.dll user32.dll dhcpcsvc6.dll kernelbase.dll advapi32.dll dhcpcsvc.dll user32.dll gdi32.dll lpk.dll usp10.dll oleaut32.dll KernelBase.dll system.addin.dll sspicli.dll cryptbase.dll msctf.dll apphelp.dll winhttp.dll,normal
 ole32.dll kernel32.dll kernelbase.dll gdi32.dll user32.dll lpk.dll usp10.dll msvcrt.dll ole32.dll msctf.dll ole32.dll rsaenh.dll oleaut32.dll wtsapi32.dll nsi.dll advapi32.dll sechost.dll nsi.dll ntdll.dll wow64.dll system.data.ni.dll clrjit.dll kernel32.dll kernel32.dll wow64.dll kernelbase.dll kernel32.dll kernelbase.dll kernel32.dll msvcrt.dll sechost.dll rpcrt4.dll sspicli.dll dpx.dll dnsapi.dll ws2_32.dll nsi.dll winnsi.dll dhcpcsvc.dll dhcpcsvc6.dll shell32.dll shlwapi.dll gdi32.dll uxtheme.dll spoolss.dll usp10.dll bcrypt.dll imm32.dll msctf.dll clbcatq.dll oleaut32.dll cryptsp.dll rsaenh.dll rpcrtremote.dll System.AddIn.Contract.dll ntdll.dll ole32.dll wow64.dll kernel32.dll wow64cpu.dll shell32.dll msvcrt.dll kernel32.dll user32.dll kernel32.dll mscoree.dll system.configuration.install.ni.dll msvcrt.dll sechost.dll wow64win.dll sspicli.dll dwmapi.dll kernel32.dll shlwapi.dll nsi.dll winnsi.dll dhcpcsvc.dll dhcpcsvc6.dll shell32.dll shlwapi.dll gdi32.dll user32.dll ntdll.dll usp10.dll ole32.dll imm32.dll msctf.dll clbcatq.dll oleaut32.dll oleaut32.dll rsaenh.dll rpcrtremote.dll wevtapi.dll ntdll.dll kernel32.dll textinputframework.dll advapi32.dll msvcrt.dll sechost.dll sechost.dll ucrtbase.dll gdi32.dll user32.dll lpk.dll usp10.dll imm32.dll gdi32full.dll wdscore.dll version.dll shell32.dll msasn1.dll dbghelp.dll cryptbase.dll cbscore.dll version.dll crypt32.dll lpk.dll wintrust.dll userenv.dll profapi.dll ktmw32.dll dpx.dll dpx.dll comctl32.dll wcp.dll drupdate.dll api-ms-win-core-interlocked-l1-1-0.dll rpcrt4.dll devobj.dll mpr.dll wrpint.dll microsoft.visualstudio.tools.office.excel.hostadapter.v10.0.dll advapi32.dll winhttp.dll webio.dll winhttp.dll mmcss.dll sensapi.dll cryptsp.dll rsaenh.dll system.servicemodel.internals.ni.dll clbcatq.dll version.dll smipi.dll smiengine.dll ntdll.dll ntdll.dll wow64.dll wow64win.dll wow64cpu.dll version.dll kernel32.dll lpk.dll wecsvc.dll kernel32.dll kernelbase.dll msvcrt.dll winbrand.dll user32.dll gdi32.dll kernelbase.dll usp10.dll advapi32.dll sechost.dll rpcrt4.dll sspicli.dll cryptbase.dll imm32.dll msctf.dll apphelp.dll,normal
 gdi32.dll kernel32.dll KernelBase.dll System.DirectoryServices.dll msctf.dll rpcrt4.dll bcryptprimitives.dll kernel.appcore.dll wldap32.dll clbcatq.dll user32.dll win32u.dll gdi32.dll gdi32full.dll msvcp_win.dll sechost.dll IDStore.dll mscorwks.dll kernel32.dll profapi.dll,normal
 ntdll.dll wow64cpu.dll kernel32.dll kernelbase.dll kernelbase.dll msvcrt.dll msvcrt.dll sspicli.dll tquery.dll tquery.dll msvcp_win.dll user32.dll combase.dll ucrtbase.dll kernel32.dll msasn1.dll imm32.dll kernelbase.dll rpcrt4.dll advapi32.dll vm3dum.dll bcryptprimitives.dll advapi32.dll sechost.dll sechost.dll windows.storage.dll kernel32.dll gdi32.dll cryptdll.dll mscorwks.dll gdi32.dll gdi32full.dll user32.dll lpk.dll kernel.appcore.dll kernel.appcore.dll shcore.dll shcore.dll profapi.dll powrprof.dll filterlib.dll fltlib.dll imm32.dll msidle.dll clbcatq.dll ole32.dll mssprxy.dll mssprxy.dll ntmarta.dll system.data.oracleclient.dll msctf.dll propsys.dll imm32.dll mssph.dll windows.staterepositoryps.dll windows.staterepositoryps.dll authz.dll authz.dll shell32.dll api-ms-win-core-localization-l1-2-0.dll cldapi.dll clbcatq.dll edputil.dll ntdll.dll ntdll.dll kernel32.dll kernelbase.dll kernelbase.dll msvcrt.dll connect.dll oleaut32.dll msvcp_win.dll msvcp_win.dll nsi.dll ucrtbase.dll combase.dll rpcrt4.dll oleaut32.dll bcryptprimitives.dll bcryptprimitives.dll advapi32.dll dsrole.dll nsi.dll sechost.dll CbsCore.dll tquery.dll cryptdll.dll usp10.dll imm32.dll sensapi.dll win32u.dll gdi32.dll kernelbase.dll kernel.appcore.dll kernel.appcore.dll sensapi.dll mssprxy.dll mssprxy.dll,normal
 ntdll.dll ntdll.dll wow64.dll wow64win.dll wow64cpu.dll system.serviceprocess.ni.dll kernel32.dll kernel32.dll user32.dll kernel32.dll kernelbase.dll msvcrt.dll winbrand.dll user32.dll gdi32.dll lpk.dll usp10.dll advapi32.dll sechost.dll rpcrt4.dll sspicli.dll ole32.dll imm32.dll msctf.dll apphelp.dll ntdll.dll ntdll.dll wow64.dll dhcpcsvc.dll wow64cpu.dll kernel32.dll kernel32.dll kernel32.dll user32.dll system.core.ni.dll kernelbase.dll cscapi.dll lpk.dll sechost.dll rpcrt4.dll gdi32.dll wow64.dll dnsapi.dll ws2_32.dll nsi.dll winnsi.dll dhcpcsvc.dll dhcpcsvc6.dll shell32.dll profapi.dll gdi32.dll tsuserex.dll kernel32.dll sspicli.dll ole32.dll imm32.dll System.Web.Entity.ni.dll clbcatq.dll sensapi.dll ntdll.dll rsaenh.dll rpcrtremote.dll wevtapi.dll,normal
 shlwapi.dll System.Data.dll kernelbase.dll advapi32.dll mscorlib.dll usp10.dll RpcRtRemote.dll oleaut32.dll msvcp_win.dll ucrtbase.dll combase.dll kernelbase.dll rsaenh.dll gdi32.dll gdi32full.dll user32.dll win32u.dll crypt32.dll msasn1.dll wintrust.dll secur32.dll bcrypt.dll msvcrt.dll version.dll mpclient.dll slc.dll sppc.dll userenv.dll profapi.dll gpapi.dll,normal
 bcrypt.dll ntdll.dll wow64.dll prnfldr.dll wow64cpu.dll msvcrt.dll kernel32.dll kernel32.dll user32.dll kernel32.dll kernelbase.dll imageres.dll winbrand.dll user32.dll gdi32.dll lpk.dll kernel32.dll advapi32.dll sechost.dll ntdll.dll sspicli.dll cryptbase.dll imm32.dll msctf.dll apphelp.dll,normal
 ntdll.dll ntdll.dll wow64.dll wow64win.dll kernel32.dll kernel32.dll kernel32.dll gpapi.dll ntdll.dll kernel32.dll kernelbase.dll advapi32.dll msvcrt.dll sechost.dll rpcrt4.dll IDStore.dll System.Data.dll bcryptprimitives.dll crypt32.dll user32.dll ole32.dll combase.dll oleaut32.dll shell32.dll windows.storage.dll shlwapi.dll kernel.appcore.dll system.data.dll powrprof.dll KernelBase.dll ws2_32.dll nsi.dll comctl32.dll System.Drawing.ni.dll wininet.dll wininet.dll odbc32.dll ieframe.dll cfgmgr32.dll dpapi.dll devobj.dll imm32.dll msctf.dll,caidao
 ntdll.dll kernel32.dll KernelBase.dll gdi32.dll user32.dll oleaut32.dll system.security.dll msvcrt.dll System.XML.dll msctf.dll ole32.dll rpcrt4.dll oleaut32.dll cryptbase.dll clbcatq.dll advapi32.dll sechost.dll ntdll.dll ieshims.dll wow64.dll wow64win.dll wow64cpu.dll kernel32.dll api-ms-win-downlevel-advapi32-l1-1-0.dll kernel32.dll user32.dll Microsoft.VisualStudio.Tools.Applications.Runtime.v9.0.dll KernelBase.dll advapi32.dll msvcrt.dll sechost.dll rpcrt4.dll sspicli.dll setupapi.dll dnsapi.dll ws2_32.dll nsi.dll winnsi.dll rsaenh.dll clbcatq.dll shell32.dll shlwapi.dll winrnr.dll ole32.dll usp10.dll usp10.dll ole32.dll imm32.dll KernelBase.dll system.runtime.remoting.dll oleaut32.dll cryptsp.dll rsaenh.dll RpcRtRemote.dll wevtapi.dll,normal
 locationframeworkps.dll wlanapi.dll taskschd.dll advapi32.dll wups.dll netsetupengine.dll implatsetup.dll netsetupengine.dll implatsetup.dll netsetupengine.dll implatsetup.dll,normal
 ntdll.dll system.core.dll System.Data.Entity.dll wow64win.dll wow64cpu.dll kernel32.dll imm32.dll kernel32.dll user32.dll kernel32.dll kernelbase.dll advapi32.dll msvcrt.dll ole32.dll rpcrt4.dll sspicli.dll cryptbase.dll dnsapi.dll ws2_32.dll nsi.dll winnsi.dll dhcpcsvc.dll dhcpcsvc6.dll shell32.dll shlwapi.dll usp10.dll user32.dll lpk.dll usp10.dll ole32.dll imm32.dll comctl32.dll clbcatq.dll oleaut32.dll cryptsp.dll imecfm.dll rpcrtremote.dll wevtapi.dll onecoreuapcommonproxystub.dll ntdll.dll wow64.dll wow64win.dll wow64cpu.dll ReachFramework.dll ntdll.dll kernel32.dll user32.dll kernel32.dll kernelbase.dll advapi32.dll msctf.dll sechost.dll rpcrt4.dll sspicli.dll ExplorerFrame.dll dnsapi.dll ws2_32.dll nsi.dll rpcrt4.dll dhcpcsvc.dll dhcpcsvc6.dll shell32.dll shlwapi.dll gdi32.dll user32.dll lpk.dll usp10.dll cdp.dll apphelp.dll msctf.dll clbcatq.dll oleaut32.dll gdi32full.dll rsaenh.dll rpcrtremote.dll msctf.dll ntdll.dll kernel32.dll kernelbase.dll netapi32.dll user32.dll mssvp.dll usp10.dll msvcrt.dll mfc42u.dll ole32.dll rpcrt4.dll oleaut32.dll odbc32.dll advapi32.dll sechost.dll mmcbase.dll ole32.dll uxtheme.dll duser.dll imm32.dll msctf.dll odbcint.dll dui70.dll system.transactions.dll tquery.dll cryptbase.dll urlmon.dll wininet.dll rpcrt4.dll crypt32.dll gdi32.dll clbcatq.dll mmcndmgr.dll msasn1.dll profapi.dll apphelp.dll tsuserex.dll ole32.dll ntdsapi.dll dui70.dll nsi.dll activeds.dll winmm.dll wldap32.dll netutils.dll logoncli.dll srvcli.dll wkscli.dll dsrole.dll secur32.dll winsta.dll version.dll dnsapi.dll els.dll cryptsp.dll mpr.dll riched32.dll riched20.dll elsext.dll mycomput.dll filemgmt.dll cfgmgr32.dll system.drawing.design.dll mmfutil.dll SensApi.dll kernel32.dll wow64cpu.dll pdhui.dll mscorlib.dll sspicli.dll credui.dll user32.dll pla.dll tdh.dll winnsi.dll utildll.dll setupapi.dll devobj.dll netapi32.dll samcli.dll browcli.dll wtsapi32.dll dhcpcsvc6.dll dmutil.dll dmdskres.dll dmdskres2.dll devmgr.dll devrtl.dll newdev.dll rasuser.dll user32.dll dsprop.dll devobj.dll wevtapi.dll rtrfiltr.dll mprapi.dll rasman.dll kbdnec.dll slc.dll msadrh15.dll servdeps.dll riched32.dll riched20.dll elsext.dll oleacc.dll cryptbase.dll rsaenh.dll System.Runtime.Serialization.ni.dll propsys.dll mlang.dll dwmapi.dll xmllite.dll webio.dll mscorwks.dll msvcr80.dll mscorlib.ni.dll sxs.dll system.ni.dll mmcex.ni.dll mmcfxcommon.ni.dll system.configuration.ni.dll system.xml.ni.dll rpcrt4.dll system.windows.forms.ni.dll rsaenh.dll diasymreader.dll gdiplus.dll microsoft.managementconsole.ni.dll eventviewer.ni.dll miguicontrols.ni.dll windowscodecs.dll shfolder.dll userenv.dll system.serviceprocess.ni.dll taskscheduler.ni.dll adsnt.dll cscapi.dll imecfm.dll dmdlgs.dll PresentationFramework.Royale.dll vds_ps.dll dmvdsitf.dll kernel32.dll sechost.dll imageres.dll imageres.dll imageres.dll imageres.dll ole32.dll imageres.dll imageres.dll imageres.dll mcxdriv.dll System.Configuration.Install.dll ole32.dll netcfgx.dll sti_ci.dll system.xml.ni.dll wow64win.dll auxiliarydisplayclassinstaller.dll kernel32.dll system.servicemodel.internals.ni.dll clbcatq.dll imageres.dll imageres.dll advapi32.dll imageres.dll psapi.dll ntmarta.dll ieframe.dll mshtml.dll msi.dll msls31.dll mscorlib.dll oleaut32.dll vbscript.dll advapi32.dll rasctrs.dll tapiperf.dll Wldap32.dll kernel32.dll perfos.dll perfdisk.dll wow64.dll dxtrans.dll advapi32.dll ddraw.dll dciman32.dll dxtmsft.dll KernelBase.dll wvc.dll system.xml.ni.dll ntdll.dll wow64.dll wow64win.dll wow64cpu.dll kernel32.dll kernel32.dll kernel32.dll microsoft.visualstudio.tools.applications.adapter.v9.0.dll kernel32.dll kernelbase.dll advapi32.dll msvcrt.dll sechost.dll rpcrt4.dll msctf.dll webio.dll dnsapi.dll ws2_32.dll nsi.dll winnsi.dll imm32.dll msvcrt.dll shell32.dll shlwapi.dll usp10.dll user32.dll lpk.dll usp10.dll ole32.dll System.Data.Entity.ni.dll msctf.dll clbcatq.dll oleaut32.dll cryptsp.dll rsaenh.dll rpcrtremote.dll SensApi.dll ntdll.dll basesrv.dll user32.dll gdi32.dll userenv.dll kernelbase.dll lpk.dll utildll.dll msvcrt.dll sxssrv.dll csrsrv.dll kernel32.dll sxs.dll rpcrt4.dll mscoreei.dll ntdll.dll rsaenh.dll kernelbase.dll gdi32.dll user32.dll lpk.dll usp10.dll normaliz.dll rpcrt4.dll msctf.dll ole32.dll rpcrt4.dll oleaut32.dll cryptbase.dll clbcatq.dll advapi32.dll sechost.dll ntdll.dll ntdll.dll wow64.dll wow64win.dll wow64cpu.dll msvcrt.dll kernel32.dll kernel32.dll user32.dll kernel32.dll kernelbase.dll advapi32.dll rpcrt4.dll sechost.dll rpcrt4.dll system.directoryservices.protocols.dll urlmon.dll dnsapi.dll ws2_32.dll nsi.dll winnsi.dll dhcpcsvc.dll dhcpcsvc6.dll shell32.dll winsta.dll gdi32.dll rpcrt4.dll user32.dll usp10.dll combase.dll imm32.dll msctf.dll setupapi.dll wevtapi.dll cryptsp.dll rsaenh.dll advapi32.dll system.data.oracleclient.ni.dll ntdll.dll kernel32.dll kernel32.dll gdi32.dll user32.dll lpk.dll ksuser.dll imm32.dll kernel32.dll culture.dll ole32.dll rpcrt4.dll mscss7en.dll system.enterpriseservices.dll clbcatq.dll advapi32.dll duser.dll,normal
 ntdll.dll bcryptprimitives.dll kernelbase.dll advapi32.dll msvcrt.dll sechost.dll rpcrt4.dll comctl32.dll msimg32.dll gdi32.dll msvcrt.dll msvcp_win.dll ucrtbase.dll ole32.dll combase.dll bcryptprimitives.dll oleaut32.dll shell32.dll version.dll rpcrt4.dll windows.storage.dll shlwapi.dll kernel.appcore.dll clbcatq.dll profapi.dll playsndsrv.dll oleacc.dll uxtheme.dll dui70.dll imm32.dll,normal
 ntdll.dll msctfmonitor.dll KernelBase.dll nsi.dll ntdll.dll sechost.dll rpcrt4.dll gdi32.dll user32.dll lpk.dll gdi32.dll msswch.dll winmm.dll dwmapi.dll GdiPlus.dll ole32.dll oleacc.dll oleaut32.dll shlwapi.dll mssprxy.dll duser.dll system.drawing.ni.dll imm32.dll msctf.dll,normal
 ntdll.dll ntdll.dll shlwapi.dll wow64win.dll kernel32.dll kernel32.dll kernel32.dll kernel32.dll user32.dll msswch.dll kernelbase.dll advapi32.dll msvcrt.dll sechost.dll rpcrt4.dll sspicli.dll cryptbase.dll efscore.dll user32.dll kernelbase.dll winnsi.dll sechost.dll dhcpcsvc6.dll ntdll.dll shlwapi.dll gdi32.dll user32.dll lpk.dll usp10.dll ole32.dll imm32.dll msctf.dll clbcatq.dll oleaut32.dll cryptsp.dll rsaenh.dll rpcrtremote.dll winsta.dll,normal
 wups.dll iertutil.dll cryptbase.dll dmoleaututils.dll enterpriseresourcemanager.dll dmenrollengine.dll dmcsps.dll dmcfgutils.dll CbsCore.dll dmxmlhelputils.dll iri.dll dmapisetextimpl.dll msauserext.dll wlidsvc.dll kernel32.dll msxml6.dll wow64.dll msvcp_win.dll system.directoryservices.protocols.ni.dll,normal
 System.Security.ni.dll ntdll.dll wow64.dll wow64win.dll kernel32.dll wow64cpu.dll kernel32.dll user32.dll kernel32.dll kernel32.dll KernelBase.dll mscms.dll ole32.dll gdi32.dll user32.dll advapi32.dll sechost.dll rpcrt4.dll advapi32.dll cryptbase.dll lpk.dll advapi32.dll imm32.dll msctf.dll rsaenh.dll oleaut32.dll cryptsp.dll ntdll.dll oleaut32.dll sspicli.dll shell32.dll shlwapi.dll gpapi.dll comctl32.dll,normal
 ntdll.dll shell32.dll kernelbase.dll ntdll.dll fastprox.dll winhttp.dll combase.dll ucrtbase.dll wininet.dllnormaliz.dll rpcrt4.dll ws2_32.dll bcryptprimitives.dll sechost.dll bcrypt.dll ntdll.dll user32.dll ntdll.dll combase.dll gdi32full.dll kernel.appcore.dll clbcatq.dll wbemprox.dll oleaut32.dll msvcp_win.dll usp10.dll wmiutils.dll powrprof.dll KernelBase.dll RpcRtRemote.dll framedynos.dll profapi.dll bcryptprimitives.dll perfos.dll wtsapi32.dll rasman.dll devobj.dll cfgmgr32.dll netapi32.dll ondemandconnroutehelper.dll srvcli.dll kernel32.dll logoncli.dll schedcli.dll wkscli.dll dsrole.dll shell32.dll dinput8.dll shlwapi.dll shcore.dll profapi.dll secur32.dll dskquota.dll netsetupapi.dll mi.dll miutils.dll wmitomi.dll ndisimplatcim.dll,normal
 ntdll.dll kernel32.dll kernelbase.dll rpcrt4.dll msvcrt.dll sechost.dll rpcrt4.dll user32.dll gdi32.dll lpk.dll usp10.dll windowsbase.dll cryptbase.dll advapi32.dll shlwapi.dll imm32.dll msctf.dll msshooks.dll ntdll.dll nsi.dll cryptbase.dll clbcatq.dll cryptsp.dll rsaenh.dll rpcrtremote.dll advapi32.dll ntdll.dll kernel32.dll user32.dll advapi32.dll msvcrt.dll sechost.dll rpcrt4.dll msvcr120_clr0400.dll mscoree.dll RpcRtRemote.dll gdi32.dll advapi32.dll kernel32.dll usp10.dll oleaut32.dll imm32.dll msctf.dll cryptbase.dll ole32.dll rsaenh.dll mscorlib.dll msctf.dll sxs.dll MMDevAPI.dll clr.dll shlwapi.dll normaliz.dll kernelbase.dll amsi.dll version.dll mscorlib.dll fastprox.dll bcryptprimitives.dll mswsock.dll user32.dll apphelp.dll cryptsp.dll sechost.dll rpcrt4.dll msvcr120_clr0400.dll mscoree.dll imm32.dll gdi32.dll user32.dll lpk.dll usp10.dll api-ms-win-core-sysinfo-l1-1-0.dll api-ms-win-crt-convert-l1-1-0.dll msctf.dll cryptbase.dll cryptsp.dll system.ni.dll rpcrtremote.dll clbcatq.dll sxs.dll wow64.dll clr.dll perfnet.dll ntdll.dll ntdll.dll wow64.dll wow64win.dll wow64cpu.dll kernel32.dll kernel32.dll kernel32.dll user32.dll kernel32.dll kernelbase.dll advapi32.dll msvcrt.dll sechost.dll rpcrt4.dll ole32.dll cryptbase.dll clbcatq.dll mscoree.dll ole32.dll gdi32.dll user32.dll lpk.dll usp10.dll windows.ui.creddialogcontroller.dll imm32.dll msctf.dll cryptsp.dll rsaenh.dll rpcrtremote.dll clbcatq.dll sxs.dll ntdll.dll winhttp.dll imm32.dll PresentationCore.ni.dll shell32.dll profapi.dll system.transactions.dll mscorjit.dll shell32.dll mscorlib.dll version.dll ntshrui.dll mscorlib.dll system.ni.dll microsoft.windows.diagnosis.troubleshootingpack.ni.dll connect.dll system.dll system.dll ntdll.dll microsoft.windows.diagnosis.sdengine.ni.dll microsoft.windows.diagnosis.sdengine.dll microsoft.windows.diagnosis.sdengine.dll microsoft.windows.diagnosis.troubleshootingpack.dll microsoft.windows.diagnosis.troubleshootingpack.dll system.management.automation.ni.dll setupapi.dll rpcrt4.dll system.xml.ni.dll hid.dll system.xml.dll system.xml.dll system.xml.dll rpcrt4.dll system.configuration.install.dll system.configuration.install.dll version.dll system.transactions.dll igd10iumd64.dll system.transactions.dll system.transactions.dll system.transactions.dll system.management.ni.dll system.management.dll rsaenh.dll system.directoryservices.ni.dll system.directoryservices.dll system.directoryservices.dll system.directoryservices.dll system.directoryservices.dll system.data.ni.dll system.data.dll system.data.dll system.data.dll system.dll PresentationCore.dll cryptbase.dll nsi.dll crypt32.dll msctf.dll system.configuration.ni.dll system.configuration.dll system.configuration.dll system.configuration.dll user32.dll system.security.ni.dll system.security.dll windowsbase.dll system.security.dll system.security.dll system.data.sqlxml.ni.dll system.data.sqlxml.dll system.data.sqlxml.dll system.data.sqlxml.dll system.data.sqlxml.dll sxs.dll system.runtime.serialization.formatters.soap.dll system.runtime.serialization.formatters.soap.dll system.drawing.ni.dll system.windows.forms.ni.dll system.windows.forms.dll system.windows.forms.dll system.windows.forms.dll system.windows.forms.dll system.drawing.dll wwapi.dll system.drawing.dll system.drawing.dll accessibility.ni.dll accessibility.dll accessibility.dll oleacc.dll accessibility.dll system.deployment.ni.dll system.deployment.dll msctf.dll sechost.dll system.drawing.dll system.enterpriseservices.ni.dll advapi32.dll system.enterpriseservices.dll contentdeliverymanager.background.dll lpk.dll system.runtime.remoting.dll winhttp.dll system.web.ni.dll system.web.dll system.web.dll system.web.dll system.web.dll system.web.services.ni.dll system.web.services.dll System.Xml.ni.dll system.web.services.dll system.web.services.dll system.directoryservices.protocols.ni.dll system.directoryservices.protocols.dll system.directoryservices.protocols.dll system.directoryservices.protocols.dll system.directoryservices.protocols.dll system.design.ni.dll system.design.dll system.design.dll elslad.dll system.serviceprocess.dll system.serviceprocess.dll system.web.regularexpressions.ni.dll system.web.regularexpressions.dll gdi32.dll windows.applicationmodel.background.timebroker.dll mapi32.dll system.drawing.design.ni.dll termsrv.dll msvcr120_clr0400.dll system.data.oracleclient.ni.dll system.data.oracleclient.dll system.data.oracleclient.dll system.data.oracleclient.dll system.data.oracleclient.dll system.data.oracleclient.dll microsoft.jscript.ni.dll microsoft.jscript.dll microsoft.jscript.dll microsoft.jscript.dll microsoft.jscript.dll microsoft.vsa.ni.dll microsoft.vsa.dll microsoft.vsa.dll microsoft.vsa.dll microsoft.vsa.dll ntdll.dll ntdll.dll wow64.dll wow64win.dll wow64cpu.dll wevtapi.dll kernel32.dll kernel32.dll clbcatq.dll kernel32.dll kernelbase.dll advapi32.dll msvcrt.dll sechost.dll wow64cpu.dll sspicli.dll WinSCard.dll msvcr120_clr0400.dll sechost.dll ole32.dll kernel32.dll rpcrt4.dll lpk.dll usp10.dll oleaut32.dll imm32.dll ole32.dll cryptsp.dll rsaenh.dll rpcrtremote.dll clbcatq.dll sxs.dll mscoreei.dll mscorwks.dll msvcr80.dll shlwapi.dll shell32.dll profapi.dll mscorlib.ni.dll mscorjit.dll mscorlib.dll mscorlib.dll version.dll mscorlib.dll mscorlib.dll sechost.dll presentationframework.aero.dll presentationframework.aero.dll presentationframework.aero.dll presentationframework.aero.dll system.ni.dll windowsbase.ni.dll presentationcore.ni.dll presentationframework.ni.dll presentationframework.dll gdi32.dll presentationframework.dll microsoft.visualstudio.tools.office.appinfodocument.v9.0.dll windowsbase.dll windowsbase.dll windowsbase.dll windowsbase.dll system.dll system.dll lpk.dll system.dll shwebsvc.dll presentationcore.dll presentationcore.dll presentationcore.dll system.xml.ni.dll system.xml.dll system.xml.dll shell32.dll system.xml.dll uiautomationprovider.ni.dll uiautomationprovider.dll uiautomationprovider.dll uiautomationprovider.dll uiautomationprovider.dll rpcrtremote.dll system.drawing.dll system.drawing.dll system.drawing.dll system.drawing.dll system.deployment.ni.dll system.deployment.dll system.deployment.dll system.deployment.dll srvcli.dll presentationui.ni.dll sspicli.dll presentationui.dll bitsperf.dll system.printing.dll system.printing.dll cryptbase.dll rsaenh.dll mscorlib.dll reachframework.dll reachframework.dll uiautomationtypes.ni.dll PresentationFramework.dll uiautomationtypes.dll mscorlib.dll kernel32.dll system.data.ni.dll system.data.dll rsaenh.dll system.data.dll system.data.dll system.data.dll ws2_32.dll sdiagprv.dll crypt32.dll msasn1.dll accessibility.ni.dll accessibility.dll sxs.dll accessibility.dll accessibility.dll system.configuration.ni.dll system.configuration.dll system.configuration.dll ntdll.dll system.configuration.dll system.security.ni.dll system.security.dll system.security.dll system.security.dll system.security.dll oleaut32.dll system.data.sqlxml.dll system.data.sqlxml.dll profapi.dll system.data.sqlxml.dll kernel32.dll presentationcffrasterizer.ni.dll presentationcffrasterizer.dll wbemdisp.dll KernelBase.dll system.windows.forms.dll oleaut32.dll system.windows.forms.dll usp10.dll dhcpcsvc6.dll system.runtime.serialization.formatters.soap.dll system.runtime.serialization.formatters.soap.dll system.directoryservices.ni.dll system.directoryservices.dll system.directoryservices.dll winbrand.dll system.directoryservices.dll system.transactions.ni.dll ole32.dll cfgmgr32.dll system.transactions.dll system.transactions.dll system.transactions.dll system.enterpriseservices.ni.dll system.enterpriseservices.dll system.serviceprocess.ni.dll system.runtime.remoting.ni.dll system.runtime.remoting.dll system.runtime.remoting.dll system.web.ni.dll system.web.dll system.web.dll system.web.dll system.web.dll system.web.services.ni.dll system.web.services.dll ole32.dll system.web.services.dll system.web.services.dll msvcrt.dll system.directoryservices.protocols.dll system.directoryservices.protocols.dll system.directoryservices.protocols.dll msctf.dll system.design.ni.dll system.design.dll system.design.dll api-ms-win-security-lsalookup-l2-1-1.dll msctf.dll system.serviceprocess.dll system.web.regularexpressions.ni.dll system.web.regularexpressions.dll system.web.regularexpressions.dll system.web.regularexpressions.dll system.web.regularexpressions.dll system.drawing.design.ni.dll system.drawing.design.dll system.drawing.design.dll cscapi.dll system.data.oracleclient.dll system.data.oracleclient.dll system.data.oracleclient.dll system.data.oracleclient.dll system.data.oracleclient.dll wevtapi.dll sensapi.dll system.configuration.install.dll ntdll.dll ntdll.dll wow64.dll rpcrt4.dll imm32.dll kernel32.dll kernel32.dll kernel32.dll cryptnet.dll kernel32.dll kernelbase.dll advapi32.dll mscorlib.ni.dll sechost.dll rpcrt4.dll sspicli.dll wkscli.dll system.xml.dll mscoree.dll ole32.dll mscorjit.dll user32.dll lpk.dll usp10.dll oleaut32.dll gdi32.dll msctf.dll cryptsp.dll shfolder.dll rpcrtremote.dll clbcatq.dll sxs.dll mscoreei.dll mscorwks.dll msvcr80.dll shlwapi.dll System.Runtime.Remoting.dll advapi32.dll mscorlib.ni.dll mscorjit.dll mscorlib.dll mscorlib.dll version.dll cryptsp.dll mscorlib.dll system.ni.dll system.web.extensions.design.ni.dll system.dll system.dll system.dll system.dll system.design.ni.dll system.design.dll system.design.dll system.core.ni.dll msasn1.dll system.web.abstractions.ni.dll system.web.extensions.ni.dll wdscore.dll system.web.extensions.dll system.web.extensions.design.dll system.web.extensions.design.dll system.web.extensions.dll system.web.extensions.dll system.web.abstractions.dll system.web.abstractions.dll system.web.abstractions.dll system.web.abstractions.dll ntdll.dll system.web.dll system.web.dll system.web.dll system.core.dll system.core.dll system.core.dll System.Numerics.ni.dll system.drawing.ni.dll system.windows.forms.ni.dll PresentationCFFRasterizer.ni.dll system.windows.forms.dll system.windows.forms.dll system.windows.forms.dll imebrokerps.dll system.drawing.dll system.drawing.dll system.drawing.dll system.data.ni.dll system.data.dll system.data.dll clbcatq.dll system.data.dll system.data.dll user32.dll nsi.dll system.xml.linq.dll msasn1.dll system.data.linq.ni.dll system.data.linq.dll system.data.linq.dll system.data.linq.dll SensApi.dll system.configuration.ni.dll system.configuration.dll system.configuration.dll system.configuration.dll system.configuration.dll system.xml.ni.dll system.xml.dll system.xml.dll system.xml.dll advapi32.dll system.security.ni.dll system.security.dll system.security.dll system.security.dll system.security.dll dhcpcsvc6.dll system.data.sqlxml.dll cryptnet.dll system.data.sqlxml.dll wow64win.dll system.drawing.design.ni.dll user32.dll comctl32.dll system.data.oracleclient.ni.dll system.data.oracleclient.dll kernelbase.dll system.data.oracleclient.dll wow64cpu.dll msvcrt.dll system.runtime.serialization.formatters.soap.ni.dll system.runtime.serialization.formatters.soap.dll system.runtime.serialization.formatters.soap.dll wintrust.dll accessibility.dll accessibility.dll accessibility.dll accessibility.dll system.web.regularexpressions.ni.dll system.web.regularexpressions.dll system.web.regularexpressions.dll system.web.regularexpressions.dll system.web.regularexpressions.dll microsoft.visualc.ni.dll system.transactions.ni.dll system.transactions.dll system.transactions.dll system.transactions.dll system.transactions.dll msvcrt.dll system.enterpriseservices.ni.dll system.enterpriseservices.dll system.enterpriseservices.dll system.directoryservices.ni.dll system.directoryservices.dll system.directoryservices.dll system.directoryservices.dll system.directoryservices.dll system.runtime.remoting.ni.dll system.runtime.remoting.dll system.runtime.remoting.dll system.web.services.ni.dll system.web.services.dll kernelbase.dll ole32.dll adwsres.dll system.directoryservices.protocols.ni.dll msctf.dll system.directoryservices.protocols.dll system.directoryservices.protocols.dll system.directoryservices.protocols.dll msvcp_win.dll tipresx.dll system.serviceprocess.dll system.configuration.install.ni.dll system.configuration.install.dll system.configuration.install.dll System.IdentityModel.ni.dll system.deployment.dll system.deployment.dll system.deployment.dll system.deployment.dll secur32.dll sechost.dll system.servicemodel.dll system.servicemodel.dll user32.dll system.runtime.serialization.ni.dll system.runtime.serialization.dll shell32.dll system.runtime.serialization.dll system.runtime.serialization.dll lpk.dll system.servicemodel.web.dll psapi.dll combase.dll system.servicemodel.web.dll system.data.services.client.ni.dll system.data.services.client.dll system.data.services.client.dll system.data.services.client.dll system.data.services.client.dll system.data.services.design.ni.dll system.data.services.design.dll system.data.services.design.dll system.data.entity.ni.dll system.data.entity.dll system.data.entity.dll system.data.entity.dll mscorlib.ni.dll imm32.dll smdiagnostics.dll smdiagnostics.dll smdiagnostics.dll smdiagnostics.dll system.identitymodel.ni.dll rpcrt4.dll cryptbase.dll clbcatq.dll cryptbase.dll oleaut32.dll system.messaging.dll gdi32.dll wevtapi.dll cryptbase.dll system.identitymodel.selectors.dll microsoft.transactions.bridge.ni.dll microsoft.transactions.bridge.dll microsoft.transactions.bridge.dll wtsapi32.dll system.xml.linq.dll system.drawing.dll system.xml.linq.dll system.xml.linq.dll windowsbase.ni.dll gdi32.dll windowsbase.dll windowsbase.dll kernel32.dll,normal
 msvcr120_clr0400.dll system.xml.ni.dll mscoreei.dll version.dll clr.dll clr.dll taskschd.dll imageres.dll msctf.dll clbcatq.dll ntdll.dll ntdll.dll System.dll kernel32.dll kernelbase.dll kernelbase.dll msvcrt.dll ws2_32.dll advapi32.dll sechost.dll System.Xml.Linq.ni.dll rpcrt4.dll shlwapi.dll gdi32.dll gdi32.dll user32.dll user32.dll lpk.dll mscoree.dll wkscli.dll usp10.dll ole32.dll ole32.dll oleaut32.dll oleaut32.dll imm32.dll imm32.dll sspicli.dll cryptbase.dll fusion.dll mscorsvc.dll ntdll.dll kernel32.dll kernelbase.dll kernel.appcore.dll msvcrt.dll msctf.dll rpcrt4.dll msvcr120_clr0400.dll mscoree.dll sechost.dll rpcrt4.dll user32.dll srvcli.dll usp10.dll oleaut32.dll winbrand.dll msctf.dll cryptbase.dll cryptsp.dll rsaenh.dll shell32.dll clbcatq.dll sxs.dll mscoreei.dll clr.dll system.security.dll msasn1.dll clrjit.dll kernel32.dll system.core.ni.dll kernelbase.dll version.dll mscorlib.dll mscorlib.dll lpk.dll system.configuration.ni.dll system.xml.ni.dll ntdll.dll ntdll.dll wow64.dll api-ms-win-downlevel-shell32-l1-1-0.dll wow64cpu.dll kernel32.dll kernel32.dll kernel32.dll user32.dll kernel32.dll kernelbase.dll rpcrt4.dll ole32.dll msvcrt.dll gdi32.dll user32.dll srvcli.dll sechost.dll rpcrt4.dll sspicli.dll accessibility.ni.dll lpk.dll usp10.dll msimg32.dll setupapi.dll winnsi.dll shlwapi.dll wsock32.dll ws2_32.dll nsi.dll netapi32.dll netutils.dll srvcli.dll wkscli.dll cryptbase.dll cryptbase.dll wow64win.dll comctl32.dll msisip.dll olepro32.dll comctl32.dll wtsapi32.dll ntdll.dll usp10.dll msisip.dll cryptsp.dll rsaenh.dll rpcrtremote.dll propsys.dll setupapi.dll kernelbase.dll devobj.dll ntmarta.dll wldap32.dll mssprxy.dll ole32.dll oleacc.dll oleacc.dll gdi32.dll msctf.dll system.reflection.context.ni.dll,normal
 ntdll.dll gdi32.dll KernelBase.dll gdi32.dll wow64.dll lpk.dll usp10.dll msvcrt.dll imm32.dll msctf.dll mswstr10.dll rpcrt4.dll oleaut32.dll user32.dll clbcatq.dll mscorlib.dll sechost.dll ntdll.dll ntdll.dll wow64.dll wow64win.dll wow64cpu.dll kernel32.dll kernel32.dll msctf.dll user32.dll kernel32.dll KernelBase.dll msvcrt.dll winbrand.dll gdi32.dll gdi32.dll lpk.dll usp10.dll advapi32.dll normaliz.dll rpcrt4.dll sspicli.dll oleaut32.dll msctf.dll msctf.dll apphelp.dll,normal
 ntdll.dll TextInputFramework.dll kernel32.dll kernelbase.dll kernelbase.dll msvcrt.dll msvcrt.dll oleaut32.dll cryptsp.dll msvcp_win.dll ucrtbase.dll ucrtbase.dll combase.dll rpcrt4.dll rpcrt4.dll gdi32.dll bcryptprimitives.dll advapi32.dll advapi32.dll sechost.dll kernel32.dll tquery.dll tquery.dll cryptdll.dll ntdll.dll apphelp.dll d3d10warp.dll ws2_32.dll gdi32.dll clbcatq.dll kernel.appcore.dll kernel.appcore.dll clbcatq.dll mssprxy.dll mssprxy.dll,normal
 system.runtime.serialization.ni.dll kernel32.dll KernelBase.dll msvcrt.dll combase.dll system.core.dll kernel.appcore.dll cryptbase.dll bcryptprimitives.dll shell32.dll user32.dll gdi32.dll version.dll msctf.dll sechost.dll cryptsp.dll rsaenh.dll bcrypt.dll uxtheme.dll IDStore.dll userenv.dll profapi.dll,normal
 lpk.dll shellcommoncommonproxystub.dll windows.globalization.dll SensApi.dll ntmarta.dll csgsuggestlib.dll logoncli.dll ole32.dll mswb7.dll,normal
 ntdll.dll tquery.dll System.Xml.ni.dll wow64cpu.dll propsys.dll kernel32.dll kernelbase.dll oleaut32.dll ole32.dll msvcrt.dll gdi32.dll user32.dll advapi32.dll bcryptprimitives.dll rpcrt4.dll sspicli.dll cryptbase.dll sxs.dll usp10.dll imm32.dll urlmon.dll shlwapi.dll version.dll clbcatq.dll mscoree.dll mscoreei.dll credssp.dll filterlib.dll clr.dll msvcr120_clr0400.dll ntdll.dll sspicli.dll kernel32.dll user32.dll mscorsvc.dll taskschd.dll ntdll.dll kernel32.dll ole32.dll advapi32.dll msvcrt.dll cryptbase.dll rpcrt4.dll msvcr120_clr0400.dll mscoree.dll ole32.dll imageres.dll msvcrt.dll lpk.dll usp10.dll oleaut32.dll imm32.dll spoolss.dll cryptbase.dll cryptsp.dll setupapi.dll rpcrtremote.dll clbcatq.dll sxs.dll mscoreei.dll clr.dll shlwapi.dll mscorlib.ni.dll clrjit.dll version.dll system.transactions.dll mscorlib.dll sechost.dll shcore.dll system.activities.ni.dll d2d1.dll system.servicemodel.internals.ni.dll system.transactions.ni.dll lpk.dll system.transactions.dll system.transactions.dll system.transactions.dll system.transactions.dll system.transactions.dll system.transactions.dll mssrch.dll,normal
 System.Runtime.Remoting.dll ntdll.dll wow64.dll wow64win.dll wow64cpu.dll winbrand.dll kernel32.dll advapi32.dll advapi32.dll kernel32.dll kernelbase.dll msvcrt.dll winbrand.dll user32.dll kernelbase.dll lpk.dll usp10.dll advapi32.dll sechost.dll rpcrt4.dll sspicli.dll cryptbase.dll imm32.dll msctf.dll oleaut32.dll,normal
 onecorecommonproxystub.dll onecorecommonproxystub.dll execmodelclient.dll execmodelclient.dll wintrust.dll msasn1.dll msasn1.dll ole32.dll execmodelproxy.dll execmodelproxy.dll capauthz.dll capauthz.dll xmllite.dll wship6.dll sensapi.dll windows.cortana.proxystub.dll cryptbase.dll cryptbase.dll windows.cortana.onecore.dll windows.cortana.onecore.dll windows.security.authentication.onlineid.dll windows.security.authentication.onlineid.dll dpapi.dll ntdll.dll Accessibility.dll cdp.dll ncrypt.dll ncrypt.dll ntasn1.dll ntasn1.dll bcryptprimitives.dll taskflowdataengine.dll windows.cloudstore.dll windows.cloudstore.dll windows.staterepositoryps.dll windows.staterepositoryps.dll windows.cloudstore.schema.shell.dll windows.cloudstore.schema.shell.dll apphelp.dll tiledatarepository.dll staterepository.core.dll staterepository.core.dll windows.staterepository.dll windows.staterepository.dll windows.staterepositorybroker.dll windows.staterepositoryclient.dll windows.applicationmodel.dll windows.applicationmodel.dll appxdeploymentclient.dll wkscli.dll windows.ui.dll KernelBase.dll textinputframework.dll biwinrt.dll biwinrt.dll windows.devices.sensors.dll windows.devices.sensors.dll sensorsnativeapi.dll sensorsnativeapi.dll sxsstore.dll sensorsapi.dll sensorsutilsv2.dll sensorsutilsv2.dll lpk.dll sensorsnativeapi.v2.dll sspicli.dll sensapi.dll deviceaccess.dll System.Security.ni.dll nsi.dll system.windows.forms.dll setupapi.dll version.dll capabilityaccessmanagerclient.dll deviceassociation.dll deviceassociation.dll PresentationCore.dll windows.devices.enumeration.dll,normal
 ntdll.dll ntdll.dll wow64.dll rsaenh.dll wow64cpu.dll msasn1.dll kernel32.dll kernel32.dll sechost.dll kernel32.dll KernelBase.dll msvcrt.dll winbrand.dll user32.dll gdi32.dll crypt32.dll usp10.dll advapi32.dll sechost.dll rpcrt4.dll sspicli.dll RpcRtRemote.dll imm32.dll msctf.dll apphelp.dll,normal
 ntdll.dll ntdll.dll wow64.dll wow64win.dll wow64cpu.dll kernel32.dll kernel32.dll ntdll.dll user32.dll rpcrt4.dll KernelBase.dll msvcrt.dll system.drawing.ni.dll user32.dll dui70.dll lpk.dll cryptsp.dll advapi32.dll sechost.dll rpcrt4.dll sspicli.dll lpk.dll imm32.dll msctf.dll apphelp.dll,normal
 ntdll.dll,normal
 ntdll.dll kernel32.dll kernelbase.dll advapi32.dll msvcrt.dll sechost.dll rpcrt4.dll user32.dll user32.dll lpk.dll usp10.dll ole32.dll oleaut32.dll lpk.dll wtsapi32.dll msctf.dll msshooks.dll System.Data.ni.dll mscoreei.dll cryptbase.dll clbcatq.dll mssprxy.dll api-ms-win-downlevel-ole32-l1-1-0.dll wdscore.dll rsaenh.dll rpcrtremote.dll sxs.dll sensapi.dll wow64cpu.dll wow64.dll wow64win.dll wow64cpu.dll winhttp.dll kernel32.dll kernel32.dll user32.dll kernel32.dll dhcpcore.dll msctf.dll winbrand.dll user32.dll gdi32.dll system.configuration.ni.dll usp10.dll lpk.dll sechost.dll rpcrt4.dll sspicli.dll cryptbase.dll wrpint.dll msctf.dll apphelp.dll,normal
 rpcrt4.dll ntdll.dll wow64.dll wow64win.dll wow64cpu.dll nsi.dll kernel32.dll kernel32.dll user32.dll spoolss.dll sspicli.dll msvcrt.dll winbrand.dll user32.dll gdi32.dll lpk.dll usp10.dll advapi32.dll sechost.dll rpcrt4.dll winbrand.dll ehstorshell.dll imm32.dll advapi32.dll apphelp.dll,normal
 ntdll.dll kernel32.dll kernelbase.dll system.enterpriseservices.dll msvcrt.dll imm32.dll rpcrt4.dll gdi32.dll user32.dll lpk.dll usp10.dll lpk.dll winmm.dll dwmapi.dll nettrace.dll ole32.dll oleacc.dll oleaut32.dll shlwapi.dll wmsgapi.dll usp10.dll uxtheme.dll imm32.dll msctf.dll ntdll.dll kernel32.dll kernel32.dll ncsi.dll user32.dll lpk.dll usp10.dll msvcrt.dll imm32.dll msctf.dll ole32.dll imageres.dll version.dll cryptbase.dll clbcatq.dll advapi32.dll sechost.dll ntdll.dll ntdll.dll dpx.dll wow64win.dll wow64cpu.dll kernel32.dll kernel32.dll api-ms-win-security-base-l1-1-0.dll user32.dll kernel32.dll kernelbase.dll wow64cpu.dll loadperf.dll sechost.dll rpcrt4.dll sspicli.dll cryptbase.dll dnsapi.dll ws2_32.dll nsi.dll winnsi.dll sechost.dll dhcpcsvc6.dll shell32.dll shlwapi.dll gdi32.dll user32.dll lpk.dll usp10.dll user32.dll setupapi.dll msctf.dll clbcatq.dll oleaut32.dll cryptsp.dll usp10.dll rpcrtremote.dll system.transactions.dll,normal
 ntdll.dll ktmw32.dll kernelbase.dll advapi32.dll mscorlib.dll sechost.dll rpcrt4.dll gdi32.dll user32.dll lpk.dll usp10.dll ole32.dll msimg32.dll wmsgapi.dll wtsapi32.dll ntdll.dll userenv.dll profapi.dll winsta.dll crypt32.dll wow64.dll msctfmonitor.dll msasn1.dll imm32.dll msutb.dll comctl32.dll shlwapi.dll ole32.dll sspicli.dll shell32.dll cryptbase.dll api-ms-win-core-processthreads-l1-1-0.dll dwmapi.dll wow64win.dll system.deployment.dll rsaenh.dll imagehlp.dll bcrypt.dll kernel32.dll cryptnet.dll gpapi.dll cryptnet.dll wldap32.dll version.dll clbcatq.dll oleaut32.dll urlmon.dll userenv.dll imageres.dll api-ms-win-downlevel-advapi32-l1-1-0.dll api-ms-win-downlevel-user32-l1-1-0.dll wow64.dll api-ms-win-downlevel-normaliz-l1-1-0.dll normaliz.dll iertutil.dll wininet.dll ntdll.dll kernel32.dll kernelbase.dll advapi32.dll msvcrt.dll sechost.dll rpcrt4.dll msvcr120_clr0400.dll msjter40.dll ole32.dll gdi32.dll user32.dll lpk.dll usp10.dll oleaut32.dll imm32.dll msctf.dll cryptbase.dll cryptsp.dll rsaenh.dll rpcrtremote.dll clbcatq.dll sxs.dll mscoreei.dll sspicli.dll kernel32.dll ntdll.dll mscorlib.dll profapi.dll mscorlib.ni.dll mscorjit.dll mscorlib.dll ntdll.dll version.dll sechost.dll mscorlib.dll microsoft.visualstudio.tools.applications.contract.v10.0.ni.dll mscorsec.dll imm32.dll crypt32.dll msasn1.dll comctl32.dll riched20.dll imagehlp.dll ncrypt.dll bcrypt.dll bcryptprimitives.dll cscui.dll gpapi.dll cryptnet.dll wldap32.dll sensapi.dll system.windows.forms.ni.dll msctfp.dll kernel32.dll kernelbase.dll advapi32.dll sspicli.dll oleaut32.dll rpcrt4.dll msvcr120_clr0400.dll mscoree.dll ole32.dll gdi32.dll user32.dll lpk.dll usp10.dll oleaut32.dll imm32.dll msctf.dll cryptbase.dll cryptsp.dll d3d10level9.dll rpcrtremote.dll clbcatq.dll rpcrt4.dll system.xml.ni.dll mscorwks.dll rsaenh.dll msvcrt.dll credssp.dll profapi.dll mscorlib.ni.dll bcryptprimitives.dll mscorlib.dll mscorlib.dll SensApi.dll KernelBase.dll rpcrt4.dll system.ni.dll system.directoryservices.accountmanagement.ni.dll system.directoryservices.protocols.ni.dll system.directoryservices.ni.dll system.xml.ni.dll system.configuration.ni.dll shell32.dll system.data.sqlxml.ni.dll ntdll.dll kernel32.dll imm32.dll advapi32.dll lpk.dll sechost.dll kernel32.dll msvcr120_clr0400.dll mscoree.dll ole32.dll gdi32.dll user32.dll lpk.dll usp10.dll svrmgrnc.dll imm32.dll msctf.dll cryptbase.dll cryptsp.dll rsaenh.dll wow64.dll clbcatq.dll sxs.dll mscoreei.dll mscorwks.dll msvcr80.dll shell32.dll shell32.dll profapi.dll profapi.dll mscorjit.dll mscorlib.dll cryptbase.dll version.dll mscorlib.dll mscorlib.dll system.ni.dll system.transactions.ni.dll system.transactions.dll system.transactions.dll system.transactions.dll system.transactions.dll system.transactions.dll ole32.dll system.xml.ni.dll system.enterpriseservices.ni.dll system.enterpriseservices.dll system.enterpriseservices.dll ntdll.dll kernel32.dll kernelbase.dll advapi32.dll msvcrt.dll mscms.dll ntdll.dll msvcr120_clr0400.dll mscoree.dll tbssvc.dll gdi32.dll rpcrt4.dll lpk.dll usp10.dll oleaut32.dll imm32.dll cryptsp.dll cryptbase.dll cryptsp.dll samcli.dll rpcrtremote.dll clbcatq.dll sxs.dll mscoreei.dll clr.dll imm32.dll mscorlib.ni.dll clrjit.dll webio.dll version.dll mscorlib.dll mscorlib.dll system.ni.dll sechost.dll ntdll.dll mscorlib.dll kernelbase.dll advapi32.dll msvcrt.dll sechost.dll rpcrt4.dll msvcr120_clr0400.dll mscoree.dll ole32.dll kernel32.dll user32.dll lpk.dll usp10.dll msctf.dll imm32.dll msctf.dll advapi32.dll cryptsp.dll shcore.dll rpcrtremote.dll clbcatq.dll sxs.dll bcryptprimitives.dll clr.dll system.web.ni.dll mscorlib.ni.dll UIAutomationCore.dll system.ni.dll system.xaml.hosting.ni.dll version.dll mscorlib.dll PortableDeviceApi.dll system.core.ni.dll system.web.ni.dll system.web.dll imm32.dll mssvp.dll imm32.dll system.servicemodel.internals.ni.dll system.xml.ni.dll usp10.dll imm32.dll System.dll wow64win.dll wow64cpu.dll kernel32.dll cryptsp.dll kernel32.dll user32.dll kernel32.dll kernelbase.dll advapi32.dll gdi32.dll sechost.dll rpcrt4.dll sspicli.dll cryptbase.dll msvcr120_clr0400.dll mscoree.dll ole32.dll gdi32.dll sechost.dll lpk.dll usp10.dll oleaut32.dll imm32.dll wow64cpu.dll cryptsp.dll rsaenh.dll gdi32.dll clbcatq.dll sxs.dll mscoreei.dll mscorwks.dll msvcr80.dll shlwapi.dll shell32.dll wow64win.dll mscorlib.ni.dll mscorjit.dll mscorlib.dll mscorlib.dll gpapi.dll mscorlib.dll mscorlib.dll system.ni.dll System.Configuration.ni.dll userenv.dll system.data.oracleclient.dll system.data.oracleclient.dll system.data.oracleclient.dll system.data.oracleclient.dll system.dll System.Web.Abstractions.dll kernelbase.dll system.dll system.data.dll system.data.dll system.data.dll setupapi.dll system.data.oracleclient.dll system.data.dll ws2_32.dll nsi.dll user32.dll msasn1.dll kernel32.dll system.transactions.dll system.transactions.dll propsys.dll system.transactions.dll system.transactions.dll system.enterpriseservices.ni.dll system.enterpriseservices.dll ntdsapi.dll msvcrt.dll ole32.dll api-ms-win-core-string-l2-1-0.dll system.configuration.dll system.configuration.dll msctf.dll system.xml.dll system.xml.dll system.xml.dll system.xml.dll ole32.dll system.security.dll system.security.dll system.security.dll system.security.dll system.data.sqlxml.ni.dll system.data.sqlxml.dll system.data.sqlxml.dll system.data.sqlxml.dll system.data.sqlxml.dll microsoft.visualc.ni.dll api-ms-win-downlevel-advapi32-l1-1-0.dll user32.dll setupapi.dll bcrypt.dll system.directoryservices.dll system.runtime.remoting.ni.dll KernelBase.dll rasman.dll system.web.ni.dll system.web.dll rpcrt4.dll system.web.dll system.web.dll system.runtime.serialization.formatters.soap.ni.dll system.runtime.serialization.formatters.soap.dll system.runtime.serialization.formatters.soap.dll system.drawing.ni.dll system.drawing.dll UIAutomationTypes.ni.dll user32.dll system.drawing.dll system.web.services.ni.dll system.web.services.dll tabskb.dll system.web.services.dll crypt32.dll system.directoryservices.protocols.ni.dll system.directoryservices.protocols.dll system.directoryservices.protocols.dll system.directoryservices.protocols.dll system.directoryservices.protocols.dll system.design.ni.dll system.design.dll system.design.dll system.serviceprocess.ni.dll microsoftaccountwamextension.dll imm32.dll system.windows.forms.ni.dll advapi32.dll system.windows.forms.dll system.windows.forms.dll system.windows.forms.dll mrt100.dll system.web.regularexpressions.dll system.web.regularexpressions.dll system.web.regularexpressions.dll Windows.UI.Cred.dll system.drawing.design.ni.dll system.drawing.design.dll system.drawing.design.dll accessibility.ni.dll oleaut32.dll accessibility.dll accessibility.dll accessibility.dll system.xml.ni.dll ntdll.dll winmm.dll system.deployment.dll system.deployment.dll system.configuration.install.ni.dll system.configuration.install.dll system.configuration.install.dll ntdll.dll ntdll.dll wow64.dll system.data.oracleclient.dll wow64cpu.dll lpk.dll kernel32.dll System.Data.ni.dll user32.dll kernel32.dll ntdll.dll advapi32.dll msvcrt.dll sechost.dll rpcrt4.dll sspicli.dll cryptbase.dll msvcr120_clr0400.dll mscoree.dll ole32.dll gdi32.dll user32.dll lpk.dll usp10.dll oleaut32.dll imm32.dll msctf.dll cryptsp.dll rsaenh.dll rpcrtremote.dll clbcatq.dll KernelBase.dll mscoreei.dll clr.dll shlwapi.dll mscorlib.ni.dll clrjit.dll system.ni.dll microsoft.visualbasic.compatibility.data.dll microsoft.visualbasic.compatibility.data.dll version.dll mscorlib.dll mscorlib.dll system.dll system.dll msdatasrc.dll msdatasrc.dll system.drawing.ni.dll system.windows.forms.ni.dll user32.dll system.dll spoolss.dll system.windows.forms.dll system.windows.forms.dll system.windows.forms.dll shlwapi.dll system.drawing.dll system.drawing.dll user32.dll system.drawing.dll system.drawing.dll advapi32.dll dxgi.dll microsoft.visualbasic.compatibility.ni.dll kernel32.dll microsoft.visualbasic.compatibility.dll system.core.ni.dll microsoft.visualbasic.ni.dll lpk.dll microsoft.visualbasic.dll microsoft.visualbasic.dll ole32.dll sspicli.dll microsoft.visualbasic.dll microsoft.stdformat.dll microsoft.stdformat.dll system.security.ni.dll nsi.dll schedsvc.dll system.security.dll version.dll system.security.dll system.security.dll microsoft.visualbasic.compatibility.data.ni.dll,normal
 ntdll.dll ntdll.dll wow64.dll uxtheme.dll wow64cpu.dll kernel32.dll kernel32.dll kernel32.dll KernelBase.dll sspicli.dll ntdll.dll cryptnet.dll winbrand.dll user32.dll gdi32.dll lpk.dll usp10.dll advapi32.dll sechost.dll atl.dll sspicli.dll cryptbase.dll imm32.dll msctf.dll apphelp.dll,normal
 igc64.dll kernel32.dll servicemodelevents.dll advapi32.dll msvcrt.dll sechost.dll system.identitymodel.dll gdi32.dll user32.dll msvcrt.dll usp10.dll msswch.dll winmm.dll dwmapi.dll gdiplus.dll ole32.dll msvcrt.dll oleaut32.dll shlwapi.dll wmsgapi.dll wintypes.dll uxtheme.dll imm32.dll imm32.dll cryptbase.dll dui70.dll comctl32.dll xmllite.dll clbcatq.dll tabskb.dll system.web.ni.dll rsaenh.dll rpcrtremote.dll cfgmgr32.dll cryptbase.dll atl.dll windowscodecs.dll ntdll.dll ntdll.dll mscorlib.dll wow64win.dll wow64cpu.dll kernel32.dll kernel32.dll kernel32.dll user32.dll kernel32.dll secur32.dll msvcrt.dll ole32.dll ws2_32.dll user32.dll advapi32.dll sechost.dll rpcrt4.dll ntdll.dll cryptbase.dll lpk.dll usp10.dll imm32.dll msctf.dll clbcatq.dll oleaut32.dll cryptsp.dll rsaenh.dll advapi32.dll kernel32.dll crypt32.dll shlwapi.dll actxprxy.dll comctl32.dll,normal
 ucrtbase.dll kernel32.dll kernelbase.dll advapi32.dll msvcrt.dll sechost.dll rpcrt4.dll ole32.dll gdi32.dll msctf.dll lpk.dll nsi.dll imm32.dll version.dll wdscore.dll ole32.dll shell32.dll shlwapi.dll msctf.dll cryptbase.dll System.Runtime.Serialization.Formatters.Soap.dll version.dll imm32.dll dpx.dll wintrust.dll userenv.dll profapi.dll msctf.dll advapi32.dll rsaenh.dll dpx.dll wcp.dll drupdate.dll setupapi.dll cfgmgr32.dll devobj.dll version.dll System.Configuration.ni.dll sxsstore.dll sqmapi.dll winhttp.dll webio.dll rpcrtremote.dll webio.dll sensapi.dll cryptsp.dll rsaenh.dll rpcrtremote.dll wsock32.dll cbsapi.dll smipi.dll msctf.dll ntdll.dll winsta.dll kernelbase.dll gdi32.dll davhlpr.dll lpk.dll usp10.dll msvcrt.dll imm32.dll msctf.dll ole32.dll rpcrt4.dll oleaut32.dll cryptbase.dll clbcatq.dll advapi32.dll sechost.dll ntdll.dll kernel32.dll kernelbase.dll gdi32.dll rsaenh.dll lpk.dll usp10.dll msvcrt.dll imm32.dll msctf.dll System.ni.dll wow64.dll oleaut32.dll imecfm.dll clbcatq.dll kernelbase.dll srclient.dll ntdll.dll kernel32.dll kernelbase.dll advapi32.dll gdi32.dll sechost.dll rpcrt4.dll user32.dll gdi32.dll lpk.dll usp10.dll ole32.dll comctl32.dll shlwapi.dll shell32.dll dui70.dll iertutil.dll kernel32.dll cryptbase.dll propsys.dll oleaut32.dll clbcatq.dll profapi.dll urlmon.dll mfc42u.dll iertutil.dll crypt32.dll msasn1.dll ntmarta.dll wldap32.dll user32.dll sspicli.dll setupapi.dll rmclient.dll msadrh15.dll playsndsrv.dll,normal
 ntdll.dll clbcatq.dll user32.dll RpcRtRemote.dll system.web.dll lpk.dll usp10.dll msvcrt.dll imm32.dll msctf.dll ole32.dll rpcrt4.dll oleaut32.dll cryptbase.dll clbcatq.dll wow64.dll imm32.dll user32.dll ntdll.dll wow64.dll wow64win.dll System.Transactions.dll kernel32.dll ntdll.dll ntdll.dll user32.dll kernel32.dll KernelBase.dll msvcrt.dll winbrand.dll user32.dll gdi32.dll lpk.dll usp10.dll advapi32.dll sechost.dll rpcrt4.dll Microsoft.VisualStudio.Tools.Applications.Contract.v9.0.dll secur32.dll imm32.dll msctf.dll lpk.dll,normal
 ntdll.dll kernel32.dll wow64.dll wow64win.dll wow64cpu.dll usp10.dll kernel32.dll kernel32.dll user32.dll kernel32.dll kernelbase.dll mozglue.dll vssapi.dll msvcrt.dll version.dll mscorwks.dll vcruntime140.dll api-ms-win-crt-runtime-l1-1-0.dll spoolss.dll api-ms-win-core-timezone-l1-1-0.dll api-ms-win-core-file-l2-1-0.dll api-ms-win-core-localization-l1-2-0.dll System.Drawing.ni.dll api-ms-win-core-processthreads-l1-1-1.dll api-ms-win-core-file-l1-2-0.dll api-ms-win-crt-string-l1-1-0.dll user32.dll api-ms-win-crt-stdio-l1-1-0.dll api-ms-win-crt-convert-l1-1-0.dll api-ms-win-crt-locale-l1-1-0.dll cryptsp.dll api-ms-win-crt-multibyte-l1-1-0.dll api-ms-win-crt-time-l1-1-0.dll api-ms-win-crt-filesystem-l1-1-0.dll rpcrt4.dll api-ms-win-crt-utility-l1-1-0.dll advapi32.dll sechost.dll webio.dll ieframe.dll cryptbase.dll user32.dll gdi32.dll devicecenter.dll usp10.dll imm32.dll msctf.dll nss3.dll winmm.dll ole32.dll ws2_32.dll nsi.dll lgpllibs.dll cfgmgr32.dll shell32.dll usp10.dll avrt.dll ole32.dll gdi32.dll sechost.dll msasn1.dll wldap32.dll uxtheme.dll setupapi.dll tabskb.dll oleaut32.dll cryptbase.dll wintrust.dll wtsapi32.dll ntmarta.dll comctl32.dll dhcpcsvc.dll nlaapi.dll napinsp.dll pnrpnsp.dll mswsock.dll dnsapi.dll winrnr.dll wshbth.dll userenv.dll urlmon.dll wship6.dll wship6.dll dwrite.dll wship6.dll wshqos.dll netapi32.dll wshqos.dll wshqos.dll actxprxy.dll clbcatq.dll shell32.dll mmdevapi.dll user32.dll rsaenh.dll softokn3.dll freebl3.dll crypt32.dll imm32.dll samcli.dll samlib.dll netutils.dll api-ms-win-core-file-l1-2-1.dll system.transactions.dll rpcrtremote.dll mozavutil.dll mozavcodec.dll mmdevapi.dll mf.dll kernelbase.dll ksuser.dll dxva2.dll evr.dll powrprof.dll msmpeg2vdec.dll slc.dll sqmapi.dll bcrypt.dll msdmo.dll msmpeg2adec.dll,normal
 mscoree.dll sspicli.dll clr.dll msvcr120_clr0400.dll msctf.dll ntdll.dll kernel32.dll kernelbase.dll cryptsp.dll advapi32.dll mscoreei.dll rpcrt4.dll shlwapi.dll gdi32.dll user32.dll lpk.dll usp10.dll imm32.dll cryptbase.dll system.transactions.ni.dll cryptsp.dll kernel32.dll,normal
 ntdll.dll kernel32.dll KernelBase.dll gdi32.dll wevtapi.dll lpk.dll usp10.dll msvcrt.dll imm32.dll msctf.dll lpk.dll rpcrt4.dll oleaut32.dll cryptbase.dll clbcatq.dll advapi32.dll sechost.dll ntdll.dll kernel32.dll kernel32.dll gdi32.dll user32.dll lpk.dll usp10.dll wow64.dll kernel32.dll ole32.dll ole32.dll rpcrt4.dll oleaut32.dll ucrtbase.dll sspicli.dll rpcrt4.dll mycomput.dll ntdll.dll ntdll.dll oleaut32.dll wow64win.dll wow64cpu.dll kernel32.dll sensapi.dll sensapi.dll user32.dll kernel32.dll sensapi.dll atl.dll sechost.dll sechost.dll user32.dll sspicli.dll cryptbase.dll dnsapi.dll ws2_32.dll kernel32.dll winnsi.dll dhcpcsvc.dll dhcpcsvc6.dll shell32.dll shlwapi.dll gdi32.dll user32.dll lpk.dll usp10.dll microsoft.visualbasic.dll imm32.dll msctf.dll clbcatq.dll oleaut32.dll RpcEpMap.dll rsaenh.dll RpcRtRemote.dll wevtapi.dll ntdll.dll rsaenh.dll wow64.dll wow64win.dll wow64cpu.dll kernel32.dll kernel32.dll kernel32.dll setupapi.dll System.Security.dll KernelBase.dll msvcrt.dll winbrand.dll user32.dll gdi32.dll lpk.dll usp10.dll advapi32.dll clbcatq.dll msvcrt.dll sspicli.dll mbnapi.dll imm32.dll msvcrt.dll apphelp.dll,normal
 ntdll.dll kernel32.dll kernelbase.dll advapi32.dll msvcrt.dll sechost.dll rpcrt4.dll msvcr120_clr0400.dll crypt32.dll ole32.dll gdi32.dll kernel32.dll lpk.dll usp10.dll oleaut32.dll imm32.dll crypt32.dll dhcpcsvc.dll system.web.services.ni.dll rsaenh.dll rpcrtremote.dll clbcatq.dll sxs.dll mscoreei.dll mscorwks.dll setupapi.dll shlwapi.dll shell32.dll profapi.dll winbrand.dll imm32.dll mscorlib.dll mscorlib.dll netcenter.dll mscorlib.dll mscorlib.dll microsoft.mediacenter.itv.media.ni.dll microsoft.mediacenter.itv.media.dll microsoft.mediacenter.itv.media.dll microsoft.mediacenter.itv.media.dll microsoft.visualc.ni.dll clrjit.dll sensapi.dll system.drawing.ni.dll system.security.ni.dll system.data.ni.dll system.data.dll rpcrt4.dll system.data.dll ntdll.dll system.data.dll ntdll.dll nsi.dll crypt32.dll msasn1.dll sxs.dll cryptbase.dll system.web.dll system.web.dll apphelp.dll system.windows.forms.ni.dll system.web.services.ni.dll microsoft.mediacenter.ui.ni.dll microsoft.mediacenter.ni.dll ehiitv.ni.dll microsoft.mediacenter.itv.ni.dll clbcatq.dll microsoft.mediacenter.shell.ni.dll ehshell.ni.dll system.configuration.ni.dll system.data.sqlxml.ni.dll system.transactions.ni.dll shlwapi.dll system.transactions.dll system.transactions.dll system.transactions.dll system.transactions.dll lpk.dll kernel32.dll kernel32.dll system.directoryservices.ni.dll system.runtime.remoting.ni.dll msvcrt.dll rpcrt4.dll system.design.ni.dll system.serviceprocess.ni.dll system.web.regularexpressions.ni.dll system.drawing.design.ni.dll system.data.oracleclient.ni.dll system.data.oracleclient.dll system.data.oracleclient.dll system.data.oracleclient.dll system.data.oracleclient.dll system.data.oracleclient.dll shell32.dll system.deployment.ni.dll system.configuration.install.ni.dll api-ms-win-core-file-l1-2-0.dll user32.dll ehiproxy.ni.dll shlwapi.dll mcstore.ni.dll kernel32.dll bdatunepia.dll bdatunepia.dll bdatunepia.dll kernel32.dll mcstoredb.ni.dll mcstoredb.dll mcstoredb.dll mcstoredb.dll rasapi32.dll rasman.dll stdole.ni.dll mscorsec.dll wintrust.dll comctl32.dll riched20.dll System.Data.SqlXml.ni.dll ncrypt.dll bcrypt.dll mmcbase.dll userenv.dll gpapi.dll cryptnet.dll wldap32.dll sensapi.dll microsoft.mediacenter.playback.ni.dll ehiupnp.ni.dll microsoft.mediacenter.itvvm.ni.dll webio.dll mcx2dvcs.ni.dll mcx2dvcs.dll mcx2dvcs.dll kernel32.dll shlwapi.dll advapi32.dll srvcli.dll wkscli.dll shlwapi.dll UIAutomationProvider.dll winnsi.dll winhttp.dll webio.dll wlanapi.dll wlanutil.dll lltdapi.dll microsoft.mediacenter.tv.tuners.interop.ni.dll microsoft.mediacenter.tv.tuners.interop.dll microsoft.mediacenter.tv.tuners.interop.dll microsoft.mediacenter.tv.tuners.interop.dll microsoft.mediacenter.interop.ni.dll microsoft.mediacenter.interop.dll microsoft.mediacenter.interop.dll mscoree.dll propsys.dll gdiplus.dll KernelBase.dll sensapi.dll microsoft.mediacenter.itv.hosting.ni.dll ntdll.dll kernel32.dll kernelbase.dll clbcatq.dll msvcrt.dll sechost.dll rpcrt4.dll msvcr120_clr0400.dll mscoree.dll ole32.dll gdi32.dll user32.dll msvcr80.dll usp10.dll oleaut32.dll imm32.dll ntdll.dll cryptbase.dll cryptsp.dll rsaenh.dll shlwapi.dll clbcatq.dll netprofm.dll cryptsp.dll mscorwks.dll msvcr80.dll shlwapi.dll usocore.dll System.DirectoryServices.dll mscorlib.ni.dll system.configuration.ni.dll mscorlib.dll gdi32.dll version.dll mscorlib.dll mscorlib.dll ntdll.dll ntdll.dll bcryptprimitives.dll wow64win.dll wow64cpu.dll kernel32.dll kernel32.dll kernel32.dll kernel32.dll kernel32.dll kernelbase.dll advapi32.dll msvcrt.dll sechost.dll ntdll.dll sspicli.dll System.Data.ni.dll crypt32.dll mscoree.dll ole32.dll gdi32.dll Accessibility.ni.dll lpk.dll usp10.dll oleaut32.dll imm32.dll ntmarta.dll cryptsp.dll rsaenh.dll rpcrtremote.dll scrobj.dll sxs.dll ntdll.dll mscorwks.dll msvcr80.dll kernel32.dll shell32.dll system.addin.contract.dll mscorlib.ni.dll mscorjit.dll mscorlib.dll certcli.dll version.dll mscorlib.dll mscorlib.dll system.ni.dll system.runtime.remoting.ni.dll system.windows.forms.ni.dll system.runtime.remoting.dll system.dll cryptbase.dll system.dll system.dll tquery.dll shell32.dll system.web.dll system.web.dll microsoft.transactions.bridge.ni.dll system.runtime.serialization.formatters.soap.ni.dll system.runtime.serialization.formatters.soap.dll system.runtime.serialization.formatters.soap.dll system.xml.ni.dll advapi32.dll system.xml.dll system.xml.dll system.xml.dll gpsvc.dll system.directoryservices.dll system.directoryservices.dll system.directoryservices.dll ntdll.dll SMdiagnostics.dll system.configuration.dll xmllite.dll kernel32.dll system.configuration.dll system.security.ni.dll system.security.dll system.security.dll system.security.dll system.security.dll system.data.sqlxml.ni.dll system.data.sqlxml.dll system.data.sqlxml.dll wcp.dll system.data.sqlxml.dll system.drawing.ni.dll system.drawing.dll system.drawing.dll system.drawing.dll system.drawing.dll system.data.ni.dll system.data.dll sechost.dll system.data.dll system.data.dll system.data.dll ws2_32.dll nsi.dll crypt32.dll msasn1.dll system.web.services.ni.dll system.web.services.dll system.web.services.dll system.web.services.dll system.web.services.dll system.directoryservices.protocols.ni.dll system.directoryservices.protocols.dll system.directoryservices.protocols.dll system.directoryservices.protocols.dll system.directoryservices.protocols.dll system.enterpriseservices.ni.dll ntdll.dll system.enterpriseservices.dll system.design.ni.dll system.design.dll fundisc.dll system.serviceprocess.ni.dll system.serviceprocess.dll system.serviceprocess.dll system.windows.forms.ni.dll system.windows.forms.dll system.windows.forms.dll usp10.dll system.windows.forms.dll system.web.regularexpressions.ni.dll rpcrtremote.dll system.web.regularexpressions.dll system.web.regularexpressions.dll system.web.regularexpressions.dll microsoft.visualc.ni.dll system.transactions.ni.dll system.transactions.dll system.transactions.dll api-ms-win-core-string-l1-1-0.dll system.transactions.dll system.transactions.dll system.drawing.design.ni.dll system.drawing.design.dll system.drawing.design.dll oleaut32.dll system.data.oracleclient.dll system.data.oracleclient.dll system.data.oracleclient.dll system.data.oracleclient.dll system.data.oracleclient.dll accessibility.ni.dll accessibility.dll accessibility.dll System.Deployment.ni.dll accessibility.dll system.deployment.ni.dll system.deployment.dll system.deployment.dll system.deployment.dll mscorwks.dll system.configuration.install.ni.dll sspicli.dll system.configuration.install.dll ntdll.dll ntdll.dll wow64.dll wow64win.dll wow64cpu.dll kernel32.dll kernel32.dll shell32.dll user32.dll msasn1.dll kernelbase.dll advapi32.dll msvcrt.dll ole32.dll rpcrt4.dll sspicli.dll cryptbase.dll msvcr120_clr0400.dll mscoree.dll ole32.dll gdi32.dll gdi32.dll lpk.dll cryptsp.dll oleaut32.dll version.dll msctf.dll cryptsp.dll sechost.dll version.dll clbcatq.dll sxs.dll ws2_32.dll clr.dll shlwapi.dll mscorlib.ni.dll clrjit.dll system.ni.dll system.speech.ni.dll version.dll mscorlib.dll mscorlib.dll imm32.dll mcxdriv.dll system.xml.ni.dll system.xml.dll system.xml.dll kernel32.dll system.configuration.ni.dll msasn1.dll system.configuration.dll system.core.dll cryptbase.dll,normal
 ntdll.dll ntdll.dll ntdll.dll ntdll.dll wow64.dll wow64.dll wow64lg2.dll wow64win.dll kernel32.dll kernel32.dll user32.dll wow64cpu.dll oleaut32.dll kernel32.dll kernelbase.dll kernelbase.dll advapi32.dll advapi32.dll msvcrt.dll usp10.dll sechost.dll sechost.dll rpcrt4.dll rpcrt4.dll security.dll wsock32.dll cryptbase.dll cryptbase.dll bcryptprimitives.dll bcryptprimitives.dll ole32.dll lpk.dll ucrtbase.dll ucrtbase.dll gdi32.dll gdi32full.dll msvcp_win.dll msvcp_win.dll shcore.dll win32u.dll wow64.dll Wldap32.dll cfgmgr32.dll shcore.dll ole32.dll RpcRtRemote.dll windows.storage.dll kernel.appcore.dll kernel.appcore.dll profapi.dll rsaenh.dll filterlib.dll fltlib.dll crypt32.dll msasn1.dll msasn1.dll iphlpapi.dll netapi32.dll uianimation.dll ws2_32.dll shell32.dll comctl32.dll goopdate.dll goopdate.dll system.core.dll msi.dll bcrypt.dll bcrypt.dll wininet.dll wininet.dll netutils.dll wkscli.dll System.Security.ni.dll cryptsp.dll wintypes.dll ntmarta.dll ntmarta.dll rsaenh.dll rsaenh.dll cscapi.dll cscapi.dll dbghelp.dll dnsapi.dll iertutil.dll iertutil.dll,normal
 ntdll.dll kernel32.dll system.xml.dll msvcrt.dll ole32.dll gdi32.dll user32.dll lpk.dll davclnt.dll usp10.dll kernel32.dll msctf.dll cryptbase.dll secur32.dll advapi32.dll urlmon.dll oleaut32.dll cryptsp.dll rsaenh.dll RpcRtRemote.dll uxtheme.dll kernel32.dll shell32.dll comctl32.dll psapi.dll propsys.dll KernelBase.dll,normal
 ntdll.dll kernel32.dll ehiupnp.ni.dll netcfgx.dll user32.dll lpk.dll usp10.dll msvcrt.dll imm32.dll msctf.dll ole32.dll rpcrt4.dll oleaut32.dll,normal
 dcomp.dll ntdll.dll KernelBase.dll gdi32.dll user32.dll lpk.dll usp10.dll msvcrt.dll imm32.dll wshext.dll ole32.dll rpcrt4.dll deviceassociation.dll cryptbase.dll clbcatq.dll advapi32.dll sechost.dll ntdll.dll kernel32.dll KernelBase.dll gdi32.dll iertutil.dll lpk.dll usp10.dll msvcrt.dll AspNetMMCExt.ni.dll msctf.dll shlwapi.dll ehibmldatacarousel.ni.dll sxs.dll cryptbase.dll clbcatq.dll advapi32.dll sechost.dll ntdll.dll winmm.dll wow64.dll uxtheme.dll wow64cpu.dll ntdll.dll user32.dll kernel32.dll user32.dll kernel32.dll wow64win.dll msvcrt.dll winbrand.dll user32.dll gdi32.dll lpk.dll usp10.dll advapi32.dll sechost.dll rpcrt4.dll sspicli.dll ole32.dll imm32.dll msctf.dll apphelp.dll,normal
 cryptbase.dll ntdll.dll ole32.dll wow64win.dll wow64cpu.dll kernel32.dll kernel32.dll kernel32.dll user32.dll kernel32.dll kernelbase.dll advapi32.dll msvcrt.dll sechost.dll adsmsext.dll user32.dll cryptbase.dll dnsapi.dll ws2_32.dll nsi.dll winnsi.dll dhcpcsvc.dll clbcatq.dll shell32.dll shlwapi.dll ucrtbase.dll user32.dll lpk.dll usp10.dll ole32.dll imm32.dll msctf.dll clbcatq.dll oleaut32.dll cryptsp.dll rsaenh.dll system.xml.ni.dll kernel32.dll wintrust.dll ntdll.dll wow64.dll pcwum.dll wow64cpu.dll kernel32.dll kernel32.dll netprofm.dll user32.dll kernel32.dll kernelbase.dll advapi32.dll msvcrt.dll RpcRtRemote.dll rpcrt4.dll sspicli.dll cryptbase.dll dnsapi.dll ws2_32.dll nsi.dll winnsi.dll imm32.dll dhcpcsvc6.dll shell32.dll shlwapi.dll gdi32.dll ntdll.dll lpk.dll npmproxy.dll ole32.dll imm32.dll msctf.dll msctf.dll msctf.dll cryptsp.dll msvcrt.dll rpcrtremote.dll wevtapi.dll,normal
 sfc.dll sfc_os.dll,normal
 ntdll.dll kernel32.dll kernelbase.dll synceng.dll ole32.dll oleaut32.dll user32.dll lpk.dll usp10.dll imm32.dll imm32.dll mscorjit.dll cryptbase.dll winrnr.dll advapi32.dll sechost.dll oleaut32.dll cryptsp.dll System.Runtime.Serialization.dll System.Data.dll uxtheme.dll thumbcache.dll shell32.dll shlwapi.dll comctl32.dll psapi.dll propsys.dll,normal
 2.dll spoolss.dll wow64cpu.dll authz.dll dhcpcsvc.dll System.Data.OracleClient.ni.dll secur32.dll spoolss.dll setupapi.dll secur32.dll tpvmw32.dll spoolss.dll setupapi.dll secur32.dll spoolss.dll setupapi.dll clbcatq.dll spoolss.dll setupapi.dll secur32.dll spoolss.dll setupapi.dll imm32.dll spoolss.dll setupapi.dll secur32.dll spoolss.dll setupapi.dll wldp.dll spoolss.dll setupapi.dll secur32.dll kernel32.dll wintrust.dll secur32.dll spoolss.dll setupapi.dll secur32.dll spoolss.dll setupapi.dll nsi.dll spoolss.dll setupapi.dll system.configuration.install.dll spoolss.dll setupapi.dll rsaenh.dll spoolss.dll kernel32.dll combase.dll spoolss.dll setupapi.dll usp10.dll spoolss.dll setupapi.dll secur32.dll spoolss.dll setupapi.dll msimg32.dll vcruntime140.dll setupapi.dll sensapi.dll vssapi.dll setupapi.dll secur32.dll msctf.dll setupapi.dll secur32.dll spoolss.dll setupapi.dll System.Configuration.ni.dll spoolss.dll setupapi.dll secur32.dll imageres.dll setupapi.dll secur32.dll spoolss.dll ActionCenterCPL.dll secur32.dll spoolss.dll setupapi.dll System.DirectoryServices.dll spoolss.dll microsoft.office.tools.common.ni.dll comctl32.dll spoolss.dll setupapi.dll secur32.dll wow64cpu.dll setupapi.dll sxs.dll spoolss.dll setupapi.dll secur32.dll tpvmw32.dll spoolss.dll wkscli.dll secur32.dll spoolss.dll setupapi.dll secur32.dll spoolss.dll setupapi.dll secur32.dll spoolss.dll setupapi.dll system.security.dll spoolss.dll usp10.dll secur32.dll spoolss.dll setupapi.dll system.directoryservices.ni.dll spoolss.dll setupapi.dll secur32.dll spoolss.dll setupapi.dll imm32.dll spoolss.dll setupapi.dll secur32.dll spoolss.dll System.ServiceModel.dll advapi32.dll spoolss.dll setupapi.dll secur32.dll spoolss.dll setupapi.dll secur32.dll spoolss.dll setupapi.dll secur32.dll spoolss.dll idstore.dll secur32.dll spoolss.dll kernel32.dll secur32.dll spoolss.dll ntdll.dll secur32.dll kernel32.dll setupapi.dll secur32.dll spoolss.dll setupapi.dll secur32.dll spoolss.dll setupapi.dll secur32.dll spoolss.dll setupapi.dll secur32.dll spoolss.dll setupapi.dll secur32.dll spoolss.dll setupapi.dll api-ms-win-core-kernel32-private-l1-1-1.dll spoolss.dll setupapi.dll secur32.dll spoolss.dll setupapi.dll secur32.dll shell32.dll setupapi.dll secur32.dll wininet.dll setupapi.dll secur32.dll spoolss.dll setupapi.dll secur32.dll spoolss.dll setupapi.dll rpcrt4.dll spoolss.dll setupapi.dll secur32.dll spoolss.dll setupapi.dll secur32.dll spoolss.dll setupapi.dll sechost.dll umpnpmgr.dll setupapi.dll secur32.dll spoolss.dll setupapi.dll sxs.dll spoolss.dll setupapi.dll lpk.dll spoolss.dll setupapi.dll secur32.dll spoolss.dll setupapi.dll ntdll.dll spoolss.dll setupapi.dll sqmapi.dll spoolss.dll setupapi.dll secur32.dll cfgmgr32.dll setupapi.dll secur32.dll spoolss.dll setupapi.dll kernel32.dll spoolss.dll system.dll secur32.dll spoolss.dll setupapi.dll secur32.dll ntdll.dll setupapi.dll secur32.dll spoolss.dll setupapi.dll secur32.dll spoolss.dll setupapi.dll secur32.dll spoolss.dll setupapi.dll secur32.dll spoolss.dll dhcpcsvc.dll secur32.dll spoolss.dll setupapi.dll secur32.dll spoolss.dll setupapi.dll secur32.dll userenv.dll setupapi.dll secur32.dll spoolss.dll mydocs.dll secur32.dll spoolss.dll setupapi.dll secur32.dll spoolss.dll System.Xml.dll secur32.dll spoolss.dll setupapi.dll secur32.dll msswch.dll setupapi.dll secur32.dll spoolss.dll scardsvr.dll lpk.dll msvcrt.dll setupapi.dll secur32.dll spoolss.dll setupapi.dll secur32.dll wminet_utils.dll setupapi.dll mscoreei.dll spoolss.dll setupapi.dll msctf.dll spoolss.dll setupapi.dll secur32.dll rpcrt4.dll usp10.dll secur32.dll spoolss.dll setupapi.dll secur32.dll kernel32.dll SensApi.dll secur32.dll spoolss.dll kernel.appcore.dll secur32.dll spoolss.dll setupapi.dll secur32.dll spoolss.dll setupapi.dll secur32.dll spoolss.dll setupapi.dll kernelbase.dll spoolss.dll setupapi.dll secur32.dll spoolss.dll setupapi.dll secur32.dll spoolss.dll setupapi.dll wbemsvc.dll spoolss.dll setupapi.dll secur32.dll spoolss.dll setupapi.dll profapi.dll spoolss.dll setupapi.dll oleaut32.dll sechost.dll setupapi.dll netfxperf.dll spoolss.dll setupapi.dll secur32.dll spoolss.dll setupapi.dll secur32.dll spoolss.dll setupapi.dll secur32.dll rpcrt4.dll setupapi.dll secur32.dll spoolss.dll oleaut32.dll secur32.dll spoolss.dll setupapi.dll secur32.dll system.core.ni.dll setupapi.dll secur32.dll kernel32.dll spoolss.dll setupapi.dll sspicli.dll cryptbase.dll shell32.dll secur32.dll crypt32.dll setupapi.dll secur32.dll spoolss.dll setupapi.dll secur32.dll spoolss.dll setupapi.dll secur32.dll spoolss.dll setupapi.dll secur32.dll spoolss.dll setupapi.dll winscard.dll spoolss.dll setupapi.dll secur32.dll spoolss.dll setupapi.dll secur32.dll cryptsp.dll setupapi.dll secur32.dll spoolss.dll msvcrt.dll secur32.dll user32.dll setupapi.dll secur32.dll ntdll.dll setupapi.dll secur32.dll spoolss.dll setupapi.dll userenv.dll msvcrt.dll Microsoft.VisualC.ni.dll secur32.dll spoolss.dll setupapi.dll ole32.dll cryptbase.dll setupapi.dll secur32.dll spoolss.dll setupapi.dll secur32.dll imm32.dll setupapi.dll advapi32.dll ole32.dll olepro32.dll secur32.dll spoolss.dll setupapi.dll secur32.dll spoolss.dll setupapi.dll secur32.dll spoolss.dll setupapi.dll ntdll.dll spoolss.dll setupapi.dll cryptsp.dll spoolss.dll setupapi.dll secur32.dll spoolss.dll dhcpcsvc.dll imageres.dll spoolss.dll setupapi.dll secur32.dll spoolss.dll setupapi.dll clr.dll spoolss.dll setupapi.dll secur32.dll spoolss.dll setupapi.dll secur32.dll netsetupengine.dll setupapi.dll secur32.dll spoolss.dll powrprof.dll secur32.dll xmllite.dll msctf.dll wow64cpu.dll sspicli.dll setupapi.dll winsta.dll spoolss.dll setupapi.dll secur32.dll spoolss.dll setupapi.dll secur32.dll spoolss.dll setupapi.dll system.drawing.ni.dll spoolss.dll setupapi.dll ntdll.dll system.data.dll wow64win.dll secur32.dll secur32.dll setupapi.dll gdiplus.dll spoolss.dll setupapi.dll secur32.dll usp10.dll kernelbase.dll secur32.dll System.Drawing.ni.dll setupapi.dll secur32.dll imm32.dll usp10.dll secur32.dll spoolss.dll setupapi.dll secur32.dll spoolss.dll msvcrt.dll secur32.dll spoolss.dll setupapi.dll secur32.dll msctf.dll setupapi.dll secur32.dll spoolss.dll setupapi.dll secur32.dll sspicli.dll setupapi.dll secur32.dll spoolss.dll setupapi.dll secur32.dll spoolss.dll setupapi.dll secur32.dll spoolss.dll setupapi.dll secur32.dll spoolss.dll setupapi.dll secur32.dll spoolss.dll setupapi.dll secur32.dll spoolss.dll setupapi.dll secur32.dll spoolss.dll setupapi.dll secur32.dll spoolss.dll system.drawing.dll secur32.dll spoolss.dll setupapi.dll secur32.dll sechost.dll setupapi.dll secur32.dll spoolss.dll setupapi.dll secur32.dll spoolss.dll system.xml.linq.ni.dll inputhost.dll spoolss.dll setupapi.dll secur32.dll spoolss.dll setupapi.dll secur32.dll spoolss.dll imm32.dll secur32.dll apphelp.dll setupapi.dll secur32.dll sspicli.dll setupapi.dll wintrust.dll sxs.dll setupapi.dll secur32.dll spoolss.dll setupapi.dll secur32.dll sensapi.dll setupapi.dll secur32.dll spoolss.dll imm32.dll secur32.dll api-ms-win-core-file-l1-2-0.dll setupapi.dll usp10.dll spoolss.dll PresentationCFFRasterizer.ni.dll secur32.dll mscorlib.dll setupapi.dll secur32.dll spoolss.dll setupapi.dll secur32.dll spoolss.dll setupapi.dll gdi32.dll msswch.dll windowscodecs.dll secur32.dll spoolss.dll microsoft.visualc.ni.dll secur32.dll spoolss.dll setupapi.dll secur32.dll spoolss.dll setupapi.dll api-ms-win-core-timezone-l1-1-0.dll ntdll.dll msctf.dll secur32.dll oleaut32.dll setupapi.dll secur32.dll spoolss.dll cryptbase.dll wow64win.dll kernel32.dll setupapi.dll ws2_32.dll,normal
 ntdll.dll kernel32.dll oleaut32.dll kernel32.dll msvcrt.dll combase.dll sechost.dll oleaut32.dll msvcrt.dll shell32.dll shlwapi.dll profapi.dll gdi32.dll rpcrt4.dll sspicli.dll msvcrt.dll msctf.dll dnsapi.dll cryptbase.dll api-ms-win-crt-filesystem-l1-1-0.dll clbcatq.dll cryptsp.dll rsaenh.dll msvcrt.dll imebrokerps.dll,normal
 ntdll.dll ntdll.dll ole32.dll wow64win.dll wow64cpu.dll kernel32.dll msctf.dll kernel32.dll propsys.dll kernel32.dll KernelBase.dll advapi32.dll eappcfg.dll sechost.dll rpcrt4.dll sspicli.dll cryptbase.dll dnsapi.dll ws2_32.dll mssprxy.dll mscorlib.dll dhcpcsvc.dll api-ms-win-core-comm-l1-1-0.dll shell32.dll shlwapi.dll shlwapi.dll user32.dll lpk.dll usp10.dll ole32.dll lpk.dll ntdll.dll clbcatq.dll oleaut32.dll cryptsp.dll rsaenh.dll sechost.dll ntdll.dll ntdll.dll mshtml.dll lpk.dll sechost.dll wow64cpu.dll kernel32.dll kernel32.dll kernel32.dll user32.dll wow64cpu.dll linkinfo.dll advapi32.dll msvcrt.dll sechost.dll rpcrt4.dll sspicli.dll cryptbase.dll dnsapi.dll ws2_32.dll nsi.dll dpx.dll secur32.dll dhcpcsvc6.dll shell32.dll shlwapi.dll gdi32.dll user32.dll lpk.dll sechost.dll ole32.dll imm32.dll msctf.dll clbcatq.dll cscapi.dll cryptsp.dll rsaenh.dll RpcRtRemote.dll wevtapi.dll ntdll.dll kernel32.dll KernelBase.dll advapi32.dll wow64.dll sechost.dll rpcrt4.dll msvcr120_clr0400.dll mscoree.dll api-ms-win-core-xstate-l2-1-0.dll profapi.dll user32.dll lpk.dll usp10.dll credui.dll kernelbase.dll msctf.dll cryptbase.dll smiengine.dll rsaenh.dll kernelbase.dll clbcatq.dll sxs.dll mscoreei.dll clr.dll shlwapi.dll mscorlib.ni.dll clrjit.dll System.ni.dll System.Core.ni.dll Microsoft.VisualBasic.Activities.Compiler.ni.dll version.dll mscorlib.dll fltLib.dll Microsoft.VisualBasic.ni.dll System.Xml.ni.dll dwmapi.dll System.Security.ni.dll clbcatq.dll Microsoft.VisualBasic.Activities.Compiler.dll ntdll.dll ntdll.dll wow64.dll wow64win.dll rpcrt4.dll kernel32.dll user32.dll kernel32.dll ncrypt.dll kernel32.dll kernel32.dll user32.dll msvcrt.dll clbcatq.dll rpcrt4.dll sspicli.dll system.drawing.dll msvcr120_clr0400.dll mscoree.dll ole32.dll cryptbase.dll user32.dll lpk.dll usp10.dll oleaut32.dll imm32.dll msctf.dll System.Xml.ni.dll rsaenh.dll RpcRtRemote.dll mscorlib.dll sxs.dll mscoreei.dll imm32.dll shlwapi.dll mscorlib.ni.dll clrjit.dll dnsapi.dll version.dll mscorlib.dll mscorlib.dll System.dll System.dll rpcrt4.dll PresentationBuildTasks.ni.dll System.Xml.dll System.Xml.dll ntdll.dll Microsoft.Build.Utilities.v4.0.ni.dll System.Core.dll System.Core.dll Microsoft.Build.Framework.ni.dll System.Configuration.ni.dll System.Configuration.dll System.Configuration.dll,normal
 kernel32.dll ntdll.dll wow64.dll wow64win.dll wow64cpu.dll api-ms-win-core-heap-l1-1-0.dll kernelbase.dll kernel32.dll user32.dll kernel32.dll wpdshext.dll advapi32.dll msvcrt.dll api-ms-win-downlevel-ole32-l1-1-0.dll cryptbase.dll sspicli.dll sechost.dll msvcr120_clr0400.dll wow64.dll ole32.dll gdi32.dll user32.dll lpk.dll ntdll.dll oleaut32.dll imm32.dll msctf.dll system.web.services.dll rsaenh.dll api-ms-win-core-sysinfo-l1-2-1.dll system.transactions.dll secur32.dll mscoreei.dll clr.dll advapi32.dll mscorlib.ni.dll srvcli.dll system.ni.dll system.core.ni.dll windowsbase.ni.dll presentationcore.ni.dll presentationframework.ni.dll version.dll presentationframework.dll presentationframework.dll mscorlib.dll mscorlib.dll ntdll.dll windowsbase.dll system.core.dll system.core.dll system.dll system.dll presentationcore.dll presentationcore.dll system.xaml.ni.dll system.xaml.dll System.configuration.dll ole32.dll system.configuration.dll system.configuration.dll tabskb.dll system.xml.dll system.xml.dll uiautomationprovider.ni.dll sspicli.dll uiautomationprovider.dll uiautomationtypes.ni.dll uiautomationtypes.dll uiautomationtypes.dll reachframework.ni.dll presentationui.ni.dll system.printing.ni.dll accessibility.ni.dll system.design.dll accessibility.dll system.printing.dll system.printing.dll system.deployment.ni.dll system.deployment.dll system.deployment.dll system.security.ni.dll system.security.dll system.security.dll system.numerics.ni.dll mssvp.dll system.numerics.dll system.windows.input.manipulations.ni.dll ntdll.dll System.Data.dll wow64.dll wow64win.dll wow64cpu.dll kernel32.dll wshext.dll user32.dll user32.dll msctfmonitor.dll kernelbase.dll wshqos.dll ole32.dll gdi32.dll user32.dll advapi32.dll windowscodecs.dll rpcrt4.dll sspicli.dll cryptbase.dll lpk.dll usp10.dll System.Transactions.dll msctf.dll clbcatq.dll oleaut32.dll cryptsp.dll rsaenh.dll rpcrtremote.dll shell32.dll mrmcore.dll uxtheme.dll kbd106.dll comctl32.dll,normal
 ntdll.dll kernel32.dll KernelBase.dll gdi32.dll user32.dll nettrace.dll usp10.dll msvcrt.dll uxtheme.dll imm32.dll wintrust.dll advapi32.dll sechost.dll rpcrt4.dll WindowsCodecs.dll system.data.dll version.dll dwmapi.dll powrprof.dll msvcrt.dll oleaut32.dll powrprof.dll cfgmgr32.dll oleaut32.dll winmm.dll clbcatq.dll dbghelp.dll lpk.dll dbghelp.dll crypt32.dll system.data.oracleclient.dll wintrust.dll dwmredir.dll dwmcore.dll d3d10_1.dll d3d10_1core.dll coreuicomponents.dll d3d11.dll setupapi.dll setupapi.dll devobj.dll devobj.dll vm3dum64_10.dll vm3dum64_10.dll System.Runtime.Remoting.dll vm3dum64.dll vm3dum64.dll vm3dum64.dll rsaenh.dll mscorlib.ni.dll d3d10level9.dll msswch.dll winmm.dll,normal
 ntdll.dll kernel32.dll kernel.appcore.dll msvcrt.dll ole32.dll cfgmgr32.dll user32.dll lpk.dll usp10.dll gdi32.dll imm32.dll msctf.dll api-ms-win-downlevel-version-l1-1-0.dll clbcatq.dll RpcRtRemote.dll sechost.dll oleaut32.dll cryptsp.dll rsaenh.dll rpcrtremote.dll uxtheme.dll ktmw32.dll shell32.dll shlwapi.dll rsaenh.dll psapi.dll propsys.dll,normal
 ntdll.dll kernel32.dll kernelbase.dll gdi32.dll user32.dll lpk.dll usp10.dll msvcrt.dll oleaut32.dll msctf.dll kernelbase.dll System.IdentityModel.Selectors.dll oleaut32.dll cryptbase.dll clbcatq.dll advapi32.dll sechost.dll ntdll.dll winsta.dll lpk.dll wow64win.dll sspicli.dll kernel32.dll kernel32.dll ole32.dll user32.dll kernel32.dll kernelbase.dll msvcrt.dll winbrand.dll user32.dll wow64win.dll lpk.dll mscorlib.dll sechost.dll sechost.dll rpcrt4.dll kernel32.dll cryptbase.dll msvcrt.dll msctf.dll apphelp.dll,normal
 ntdll.dll mapi32.dll kernelbase.dll advapi32.dll KernelBase.dll cryptdll.dll netapi32.dll msidle.dll oleaut32.dll rpcrt4.dll shlwapi.dll samlib.dll secur32.dll shell32.dll user32.dll userenv.dll version.dll windows.ui.dll setupapi.dll msvcr80.dll rpcrt4.dll wldap32.dll msasn1.dll msvcrt.dll sechost.dll netutils.dll srvcli.dll wkscli.dll apprepsync.dll gdi32.dll sspicli.dll profapi.dll cfgmgr32.dll devobj.dll cryptsp.dll cryptbase.dll bcryptprimitives.dll logoncli.dll imm32.dll cryptbase.dll kernel.appcore.dll rsaenh.dll bcrypt.dll vaultcli.dll ole32.dll RpcRtRemote.dll,mimikatz
 msftedit.dll wpdshext.dll,normal
 ntdll.dll ntdll.dll userenv.dll wow64win.dll wintrust.dll kernel32.dll kernel32.dll mapi32.dll user32.dll kernel32.dll kernelbase.dll advapi32.dll msvcrt.dll sechost.dll cryptbase.dll sspicli.dll cryptbase.dll oleaut32.dll ole32.dll gdi32.dll uxtheme.dll Microsoft.Management.Infrastructure.Native.dll usp10.dll rasman.dll ntdsapi.dll shlwapi.dll credui.dll wevtapi.dll msvcrt.dll ntdll.dll ntdll.dll wow64.dll SensApi.dll wow64cpu.dll kernel32.dll kernel32.dll kernel32.dll user32.dll kernel32.dll kernelbase.dll advapi32.dll msvcrt.dll msctf.dll bcryptprimitives.dll msvcr120_clr0400.dll cryptbase.dll msvcr120_clr0400.dll mscoree.dll ole32.dll gdi32.dll user32.dll lpk.dll usp10.dll oleaut32.dll imm32.dll msctf.dll cryptsp.dll rsaenh.dll usp10.dll msvcr80.dll sxs.dll mscoreei.dll mscorwks.dll msvcr120_clr0400.dll System.Management.Automation.dll shell32.dll profapi.dll mscorlib.ni.dll mscorjit.dll mscorlib.dll mscorlib.dll version.dll combase.dll mscorlib.dll system.ni.dll shlwapi.dll dui70.dll System.Xml.Linq.dll presentationcore.dll presentationcore.dll sxs.dll windowsbase.dll windowsbase.dll windowsbase.dll windowsbase.dll system.dll msidle.dll system.dll system.dll microsoft.visualc.ni.dll uiautomationprovider.ni.dll uiautomationprovider.dll windows.media.speech.dll uiautomationprovider.dll uiautomationprovider.dll uiautomationtypes.ni.dll system.configuration.install.dll uiautomationtypes.dll gdi32.dll uiautomationtypes.dll system.xml.ni.dll system.xml.dll system.xml.dll system.xml.dll system.xml.dll wintrust.dll system.deployment.dll mfc42u.dll shell32.dll shell32.dll presentationcffrasterizer.ni.dll presentationcffrasterizer.dll presentationcffrasterizer.dll system.drawing.ni.dll imageres.dll system.drawing.dll samlib.dll system.drawing.dll system.configuration.ni.dll system.configuration.dll system.configuration.dll system.configuration.dll system.configuration.dll system.security.ni.dll system.security.dll system.security.dll system.security.dll system.security.dll system.data.sqlxml.ni.dll accessibility.ni.dll accessibility.dll accessibility.dll accessibility.dll accessibility.dll mscoreei.dll system.data.sqlxml.dll system.data.sqlxml.dll system.data.sqlxml.dll system.windows.forms.ni.dll system.windows.forms.dll system.windows.forms.dll Microsoft.VisualStudio.Tools.Applications.AddInAdapter.v9.0.dll system.windows.forms.dll system.runtime.serialization.formatters.soap.ni.dll system.runtime.serialization.formatters.soap.dll system.runtime.serialization.formatters.soap.dll,normal
 ntdll.dll kernel32.dll kernelbase.dll advapi32.dll msvcrt.dll sechost.dll rpcrt4.dll user32.dll gdi32.dll lpk.dll rpcrtremote.dll oleaut32.dll ole32.dll oleaut32.dll msvcrt.dll imm32.dll imm32.dll msctf.dll devobj.dll cryptbase.dll System.Configuration.ni.dll wbemprox.dll cryptsp.dll rsaenh.dll system.directoryservices.dll wbemsvc.dll fastprox.dll ntdsapi.dll loadperf.dll wmiutils.dll wmiprov.dll,normal
 ole32.dll,normal
 ntdll.dll pcwum.dll kernelbase.dll advapi32.dll msvcrt.dll sechost.dll msvcp110_win.dll kernel32.dll mscoree.dll ole32.dll gdi32.dll user32.dll ole32.dll apphelp.dll oleaut32.dll imm32.dll dsrole.dll CbsMsg.dll cryptsp.dll rsaenh.dll rpcrtremote.dll clbcatq.dll sxs.dll mscoreei.dll clr.dll shlwapi.dll ntdll.dll shlwapi.dll system.ni.dll system.core.ni.dll system.data.services.design.ni.dll version.dll usp10.dll advapi32.dll system.data.entity.ni.dll system.data.services.client.ni.dll system.web.ni.dll system.web.dll system.web.dll system.xml.ni.dll ExplorerFrame.dll system.web.extensions.ni.dll system.configuration.ni.dll system.numerics.ni.dll actxprxy.dll shell32.dll ntdll.dll wow64.dll wow64win.dll wow64cpu.dll kernel32.dll imm32.dll kernel32.dll user32.dll kernel32.dll system.xml.dll advapi32.dll msvcrt.dll sechost.dll rpcrt4.dll sspicli.dll cryptbase.dll msvcr120_clr0400.dll mscoree.dll ole32.dll gdi32.dll user32.dll lpk.dll usp10.dll oleaut32.dll imm32.dll version.dll cryptsp.dll rsaenh.dll rpcrtremote.dll clbcatq.dll sxs.dll mscoreei.dll mscorwks.dll msvcr80.dll shlwapi.dll shell32.dll SmartcardCredentialProvider.dll clbcatq.dll mscorjit.dll mscorlib.dll mscorlib.dll version.dll kernel32.dll nsi.dll system.ni.dll system.dll nsi.dll system.dll system.dll kernel32.dll microsoft.windows.diagnosis.commands.getdiaginput.dll microsoft.windows.diagnosis.commands.getdiaginput.dll system.management.automation.ni.dll system.management.automation.dll kernelbase.dll microsoft.windows.diagnosis.sdhost.ni.dll KernelBase.dll SensApi.dll system.configuration.install.ni.dll system.configuration.install.dll apphelp.dll system.transactions.ni.dll system.xml.ni.dll system.xml.dll system.xml.dll system.xml.dll system.xml.dll system.transactions.dll system.transactions.dll system.transactions.dll system.transactions.dll gdi32.dll cryptbase.dll ieframe.dll system.management.dll system.directoryservices.ni.dll system.data.ni.dll system.data.dll system.data.dll system.data.dll gdi32.dll system.directoryservices.dll setupapi.dll system.directoryservices.dll system.directoryservices.dll system.data.dll ws2_32.dll nsi.dll crypt32.dll msasn1.dll system.configuration.ni.dll sspicli.dll system.data.ni.dll system.configuration.dll system.configuration.dll system.security.ni.dll system.security.dll cscapi.dll system.security.dll system.security.dll kernel32.dll system.data.sqlxml.dll system.data.sqlxml.dll system.data.sqlxml.dll system.data.sqlxml.dll system.drawing.ni.dll rpcrt4.dll system.windows.forms.dll system.windows.forms.dll system.windows.forms.dll system.windows.forms.dll system.drawing.dll system.drawing.dll msasn1.dll mbaeapipublic.dll system.runtime.serialization.formatters.soap.ni.dll globinputhost.dll system.runtime.serialization.formatters.soap.dll msutb.dll system.deployment.dll system.deployment.dll system.deployment.dll system.deployment.dll msctf.dll kernel32.dll accessibility.dll accessibility.dll accessibility.dll msvcrt.dll system.runtime.remoting.ni.dll system.runtime.remoting.dll system.runtime.remoting.dll usp10.dll system.enterpriseservices.dll microsoft.visualc.ni.dll system.web.ni.dll system.web.dll system.web.dll ole32.dll system.web.dll system.web.services.ni.dll system.web.services.dll system.web.services.dll system.web.services.dll system.web.services.dll system.directoryservices.protocols.ni.dll system.directoryservices.protocols.dll system.directoryservices.protocols.dll cryptbase.dll sxsstore.dll urlmon.dll scrobj.dll system.design.dll system.serviceprocess.ni.dll system.serviceprocess.dll ntdll.dll system.web.regularexpressions.ni.dll system.web.regularexpressions.dll system.web.regularexpressions.dll system.web.regularexpressions.dll system.web.regularexpressions.dll system.drawing.design.ni.dll system.drawing.design.dll system.drawing.design.dll system.data.oracleclient.ni.dll mssph.dll system.data.oracleclient.dll system.data.oracleclient.dll system.data.oracleclient.dll system.data.oracleclient.dll microsoft.jscript.ni.dll microsoft.jscript.dll microsoft.jscript.dll microsoft.jscript.dll microsoft.jscript.dll microsoft.vsa.ni.dll microsoft.vsa.dll microsoft.vsa.dll userenv.dll system.xml.dll microsoft.windows.diagnosis.commands.updatediagrootcause.ni.dll msctf.dll clbcatq.dll kernelbase.dll microsoft.windows.diagnosis.commands.updatediagreport.dll microsoft.windows.diagnosis.commands.updatediagreport.dll microsoft.windows.diagnosis.commands.writediagprogress.ni.dll msvcrt.dll microsoft.windows.diagnosis.commands.writediagprogress.dll ntdll.dll ntdll.dll wow64.dll wow64win.dll msvcrt.dll kernel32.dll kernel32.dll kernel32.dll user32.dll kernel32.dll kernelbase.dll advapi32.dll msvcrt.dll system.configuration.ni.dll rpcrt4.dll sspicli.dll cryptbase.dll msvcr120_clr0400.dll advapi32.dll shell32.dll cryptbase.dll user32.dll mscorlib.dll usp10.dll oleaut32.dll imm32.dll clbcatq.dll twinapi.appcore.dll rsaenh.dll rpcrtremote.dll clbcatq.dll msvcrt.dll mscoreei.dll clr.dll shlwapi.dll mscorlib.ni.dll clrjit.dll System.Configuration.Install.dll devobj.dll system.ni.dll microsoft.office.tools.common.ni.dll version.dll mscorlib.dll mscorlib.dll system.dll system.dll sechost.dll system.drawing.ni.dll oleaut32.dll system.windows.forms.dll system.windows.forms.dll system.web.ni.dll system.drawing.dll sechost.dll oleaut32.dll fastprox.dll system.core.ni.dll ntdll.dll system.configuration.dll system.configuration.dll system.core.dll system.core.dll,normal
 GdiPlus.dll lpk.dll KernelBase.dll api-ms-win-core-registry-l2-1-0.dll combase.dll rpcrt4.dll kernel.appcore.dll cryptbase.dll bcryptprimitives.dll oleaut32.dll user32.dll gdi32.dll sechost.dll cryptsp.dll rsaenh.dll bcrypt.dll wow64.dll userenv.dll profapi.dll,normal
 ntdll.dll kernel32.dll KernelBase.dll advapi32.dll msvcrt.dll sechost.dll sspicli.dll ole32.dll cfgmgr32.dll user32.dll lpk.dll usp10.dll usp10.dll msasn1.dll wdscore.dll oleaut32.dll shell32.dll devrtl.dll dbghelp.dll cryptbase.dll CbsCore.dll version.dll advapi32.dll cryptsp.dll wintrust.dll dhcpcsvc6.dll profapi.dll ktmw32.dll dpx.dll dpx.dll dpx.dll wcp.dll DrUpdate.dll setupapi.dll cfgmgr32.dll devobj.dll mpr.dll srclient.dll wow64win.dll sechost.dll atl.dll vsstrace.dll wrpint.dll sxsstore.dll sqmapi.dll sechost.dll webio.dll WindowsBase.ni.dll webio.dll SensApi.dll cryptsp.dll rsaenh.dll oleaut32.dll clbcatq.dll CbsApi.dll,normal
 ntdll.dll ntdll.dll kernel32.dll kernelbase.dll kernelbase.dll advapi32.dll advapi32.dll msvcrt.dll user32.dll combase.dll oleaut32.dll user32.dll lpk.dll imm32.dll imm32.dll sxs.dll msshooks.dll shlwapi.dll sechost.dll kernel32.dll rpcrt4.dll rpcrt4.dll gdi32.dll winnsi.dll kernel.appcore.dll kernel.appcore.dll cryptbase.dll cryptbase.dll bcryptprimitives.dll bcryptprimitives.dll clbcatq.dll cryptsp.dll msctf.dll dhcpcsvc6.dll rsaenh.dll wups.dll bcrypt.dll cryptsp.dll mssprxy.dll cryptbase.dll api-ms-win-downlevel-shlwapi-l1-1-0.dll,normal
 ntdll.dll kernel32.dll KernelBase.dll advapi32.dll devicecenter.dll sechost.dll usp10.dll msvcr120_clr0400.dll mscoree.dll ole32.dll gdi32.dll user32.dll lpk.dll usp10.dll shell32.dll imm32.dll msctf.dll cryptbase.dll cryptsp.dll rsaenh.dll RpcRtRemote.dll msvcrt.dll sxs.dll mscoreei.dll clr.dll shlwapi.dll kernel32.dll clrjit.dll bcrypt.dll shlwapi.dll mscorlib.dll mscorlib.dll msointl30.dll System.Xml.ni.dll System.Runtime.Serialization.ni.dll System.Configuration.ni.dll mscorwks.dll ntdll.dll wow64.dll kernelbase.dll umpnpmgr.dll kernel32.dll kernel32.dll kernel32.dll user32.dll kernel32.dll msasn1.dll sspicli.dll msvcrt.dll urlmon.dll cfgmgr32.dll sspicli.dll advapi32.dll msvcr120_clr0400.dll wkscli.dll ole32.dll clbcatq.dll user32.dll lpk.dll usp10.dll oleaut32.dll imm32.dll msctf.dll api-ms-win-core-stringansi-l1-1-0.dll rsaenh.dll RpcRtRemote.dll clbcatq.dll mscorwks.dll mscoreei.dll mscorwks.dll sechost.dll shlwapi.dll shell32.dll profapi.dll mscorlib.ni.dll mscorjit.dll mscorlib.dll mscorlib.dll version.dll cfgmgr32.dll mscorlib.dll Microsoft.VisualStudio.Tools.Office.Contract.v9.0.ni.dll mscorsec.dll oleaut32.dll crypt32.dll shell32.dll comctl32.dll kernel32.dll imagehlp.dll ncrypt.dll bcrypt.dll bcryptprimitives.dll msvcrt.dll clbcatq.dll cryptnet.dll shlwapi.dll SensApi.dll Microsoft.VisualStudio.Tools.Office.Contract.v9.0.dll Microsoft.VisualStudio.Tools.Office.Contract.v9.0.dll System.AddIn.Contract.ni.dll System.AddIn.Contract.dll System.AddIn.Contract.dll System.AddIn.Contract.dll ntdll.dll Microsoft.VisualStudio.Tools.Applications.Contract.v9.0.ni.dll System.Data.ni.dll Microsoft.VisualStudio.Tools.Applications.Contract.v9.0.dll shlwapi.dll Microsoft.VisualStudio.Tools.Applications.Contract.v9.0.dll ntdll.dll ntdll.dll wow64.dll wow64win.dll setupapi.dll kernel32.dll kernel32.dll kernel32.dll user32.dll kernel32.dll KernelBase.dll advapi32.dll msvcrt.dll sechost.dll rpcrt4.dll winmm.dll cryptbase.dll ntdll.dll mscoree.dll ole32.dll gdi32.dll user32.dll lpk.dll usp10.dll oleaut32.dll imm32.dll msctf.dll cryptsp.dll rsaenh.dll RpcRtRemote.dll clbcatq.dll sxs.dll mscoreei.dll clr.dll shlwapi.dll,normal
 ntdll.dll kernel32.dll kernelbase.dll advapi32.dll msvcrt.dll kernel.appcore.dll rpcrt4.dll gdi32.dll cryptsp.dll lpk.dll usp10.dll ole32.dll kernel32.dll wmsgapi.dll wtsapi32.dll winmm.dll userenv.dll profapi.dll winsta.dll crypt32.dll msasn1.dll msctfmonitor.dll msctf.dll uxtheme.dll msutb.dll msvcrt.dll shlwapi.dll secur32.dll sspicli.dll shell32.dll cryptbase.dll system.runtime.serialization.formatters.soap.dll dwmapi.dll wintrust.dll ws2_32.dll rsaenh.dll crypt32.dll bcrypt.dll winbrand.dll kernel32.dll clbcatq.dll ws2_32.dll urlmon.dll iertutil.dll oleacc.dll KernelBase.dll authui.dll cryptui.dll msctf.dll version.dll duser.dll imecfm.dll System.DirectoryServices.Protocols.ni.dll imageres.dll mmdevapi.dll propsys.dll setupapi.dll cfgmgr32.dll shell32.dll rdpendp.dll ole32.dll ntdll.dll ksuser.dll avrt.dll msvcrt.dll msutb.dll,normal
 ntdll.dll adtschema.dll wow64.dll wow64win.dll kernel32.dll kernel32.dll user32.dll wow64cpu.dll kernel32.dll kernelbase.dll kernel32.dll msvcrt.dll sechost.dll rpcrt4.dll sspicli.dll msctf.dll bcryptprimitives.dll shell32.dll cfgmgr32.dll ucrtbase.dll shcore.dll System.Deployment.dll windows.storage.dll shlwapi.dll gdi32.dll gdi32full.dll nsi.dll user32.dll mpr.dll kernel.appcore.dll profapi.dll powrprof.dll fltlib.dll oleaut32.dll psapi.dll ntdll.dll crypt32.dll msasn1.dll wintrust.dll system.xml.ni.dll netapi32.dll lpk.dll msi.dll wldap32.dll authz.dll userenv.dll apphelp.dll System.ni.dll wininet.dll netutils.dll wkscli.dll uxtheme.dll cscapi.dll system.addin.dll wininet.dll psmachine.dll twinapi.appcore.dll atlthunk.dll sechost.dll ws2_32.dll ondemandconnroutehelper.dll system.data.oracleclient.dll dhcpcsvc6.dll system.core.ni.dll webio.dll mswsock.dll winnsi.dll dnsapi.dll rasadhlp.dll iertutil.dll,normal
 msctf.dll ntdll.dll kernel32.dll mscorlib.dll msvcrt.dll rpcrt4.dll gdi32.dll user32.dll mscoreei.dll usp10.dll ole32.dll System.Data.OracleClient.dll imm32.dll,normal
 ntdll.dll kernel32.dll kernelbase.dll firewallapi.dll msvcrt.dll sechost.dll rpcrt4.dll msvcr120_clr0400.dll mscoree.dll ole32.dll gdi32.dll user32.dll lpk.dll usp10.dll oleaut32.dll msimg32.dll msctf.dll cryptbase.dll shell32.dll rsaenh.dll rpcrtremote.dll gdi32.dll sxs.dll mscoreei.dll mscorwks.dll msvcr80.dll shlwapi.dll KernelBase.dll System.Core.dll System.AddIn.Contract.ni.dll mscorlib.dll system.configuration.install.ni.dll mscorlib.dll version.dll msvcrt.dll mscorlib.dll system.ni.dll ole32.dll system.windows.forms.ni.dll mmcex.ni.dll mmcfxcommon.ni.dll system.security.ni.dll accessibility.ni.dll kernel32.dll system.xml.ni.dll gdi32full.dll system.deployment.ni.dll system.data.sqlxml.ni.dll ntdll.dll kernel32.dll wrpint.dll advapi32.dll msvcrt.dll sechost.dll rpcrt4.dll ntdll.dll mscoree.dll ole32.dll ieframe.dll user32.dll lpk.dll usp10.dll oleaut32.dll imm32.dll msctf.dll cryptbase.dll cryptsp.dll rsaenh.dll rpcrtremote.dll clbcatq.dll ntdll.dll mscoreei.dll mscorwks.dll msvcr80.dll shlwapi.dll shell32.dll system.security.dll mscorlib.ni.dll mscorjit.dll vm3dum_10.dll mscorlib.dll version.dll system.configuration.dll mscorlib.dll system.ni.dll system.core.ni.dll system.web.ni.dll system.web.dll KernelBase.dll imm32.dll system.web.dll system.data.entity.design.ni.dll system.data.entity.ni.dll System.Data.dll system.data.dll system.data.dll system.data.dll system.data.dll system.data.dll ws2_32.dll nsi.dll crypt32.dll msasn1.dll system.xml.ni.dll system.configuration.ni.dll wshbth.dll system.web.services.ni.dll bcp47mrm.dll msctfmonitor.dll system.enterpriseservices.ni.dll system.enterpriseservices.dll system.enterpriseservices.dll RpcRtRemote.dll system.serviceprocess.ni.dll system.windows.forms.ni.dll system.web.regularexpressions.ni.dll system.security.ni.dll rpcrt4.dll explorerframe.dll system.transactions.ni.dll system.transactions.dll system.transactions.dll wevtapi.dll lpk.dll sensapi.dll system.runtime.remoting.ni.dll mscorlib.dll system.drawing.design.ni.dll shlwapi.dll system.data.oracleclient.dll system.data.oracleclient.dll profapi.dll sxs.dll system.data.oracleclient.dll accessibility.ni.dll system.deployment.ni.dll clbcatq.dll system.runtime.serialization.ni.dll smdiagnostics.ni.dll ntdll.dll microsoft.jscript.dll kernelbase.dll advapi32.dll msvcrt.dll wevtapi.dll rpcrt4.dll rpcrt4.dll mscoree.dll ole32.dll gdi32.dll api-ms-win-core-synch-l1-2-0.dll lpk.dll usp10.dll oleaut32.dll imm32.dll wbemsvc.dll cryptbase.dll cryptsp.dll rsaenh.dll userenv.dll clbcatq.dll sxs.dll mscoreei.dll mscorwks.dll msvcr80.dll shlwapi.dll shell32.dll profapi.dll mscorlib.ni.dll mscorjit.dll mscorlib.dll mscorlib.dll user32.dll mscorlib.dll mscorlib.dll secur32.dll system.web.regularexpressions.ni.dll system.configuration.ni.dll system.xml.ni.dll ntdll.dll ntdll.dll wow64.dll mscoreei.dll sechost.dll kernel32.dll kernel32.dll kernel32.dll user32.dll usp10.dll kernelbase.dll advapi32.dll msvcrt.dll System.Runtime.Serialization.ni.dll rpcrt4.dll sspicli.dll cryptbase.dll msvcr120_clr0400.dll mscoree.dll cryptbase.dll gdi32.dll user32.dll sechost.dll usp10.dll oleaut32.dll imm32.dll msctf.dll cryptsp.dll rsaenh.dll rpcrtremote.dll clbcatq.dll presentationcore.dll usp10.dll system.enterpriseservices.dll msvcr80.dll shlwapi.dll shell32.dll profapi.dll mscorlib.ni.dll mscorjit.dll vm3dum64.dll api-ms-win-crt-multibyte-l1-1-0.dll version.dll mscorlib.dll mscorlib.dll wevtapi.dll shlwapi.dll lpk.dll presentationframework.ni.dll presentationframework.dll presentationframework.dll presentationframework.dll presentationframework.dll windowsbase.dll windowsbase.dll mscorlib.dll windowsbase.dll system.dll shlwapi.dll system.dll system.dll presentationcore.dll presentationcore.dll presentationcore.dll presentationcore.dll system.xml.ni.dll kernelbase.dll system.xml.dll system.xml.dll system.xml.dll uiautomationprovider.ni.dll shell32.dll uiautomationprovider.dll usp10.dll uiautomationprovider.dll system.drawing.ni.dll cryptbase.dll system.drawing.dll system.drawing.dll mmcndmgr.dll system.deployment.ni.dll advapi32.dll system.deployment.dll system.deployment.dll imageres.dll presentationui.ni.dll presentationui.dll presentationui.dll sechost.dll system.printing.dll system.printing.dll wow64.dll system.printing.dll comctl32.dll reachframework.dll iertutil.dll uiautomationtypes.ni.dll uiautomationtypes.dll uiautomationtypes.dll uiautomationtypes.dll kernel32.dll system.data.ni.dll system.data.dll system.data.dll system.data.dll system.data.dll system.data.dll ws2_32.dll nsi.dll crypt32.dll msasn1.dll accessibility.ni.dll accessibility.dll accessibility.dll sechost.dll eppmanifest.dll system.configuration.ni.dll system.configuration.dll cryptsp.dll system.configuration.dll system.configuration.dll system.security.ni.dll system.security.dll system.security.dll kernel32.dll msvcrt.dll microsoft.visualc.ni.dll presentationcffrasterizer.ni.dll msadcer.dll presentationcffrasterizer.dll ntdll.dll mscorlib.ni.dll wow64.dll wow64win.dll wow64cpu.dll kernel32.dll kernel32.dll apphelp.dll user32.dll kernelbase.dll kernelbase.dll uxtheme.dll msvcrt.dll sechost.dll rpcrt4.dll sspicli.dll msvcr90.dll msvcr120_clr0400.dll mscoree.dll ole32.dll gdi32.dll system.runtime.serialization.formatters.soap.ni.dll system.design.ni.dll usp10.dll clr.dll imm32.dll msctf.dll usp10.dll rsaenh.dll rpcrtremote.dll clbcatq.dll sxs.dll mfplat.dll bcryptprimitives.dll shlwapi.dll mscorlib.ni.dll clrjit.dll microsoft.office.tools.word.implementation.dll microsoft.office.tools.word.implementation.dll usp10.dll mscorlib.dll kernel32.dll system.ni.dll system.core.ni.dll microsoft.office.tools.common.implementation.ni.dll microsoft.office.tools.common.implementation.dll microsoft.office.tools.common.implementation.dll microsoft.office.tools.common.ni.dll microsoft.office.tools.common.dll microsoft.office.tools.common.dll microsoft.office.tools.ni.dll microsoft.office.tools.dll cryptsp.dll microsoft.office.tools.word.ni.dll user32.dll microsoft.office.tools.word.dll system.drawing.ni.dll system.windows.forms.ni.dll system.windows.forms.dll dfsrress.dll system.windows.forms.dll system.windows.forms.dll system.windows.forms.dll expsrv.dll system.dll user32.dll system.drawing.dll system.drawing.dll system.drawing.dll system.drawing.dll system.drawing.dll system.drawing.dll System.XML.dll system.xml.dll system.xml.dll ntdll.dll system.xml.dll system.xml.dll system.xml.dll advapi32.dll system.core.dll microsoft.visualstudio.tools.applications.runtime.dll microsoft.visualstudio.tools.applications.runtime.dll system.addin.dll twext.dll microsoft.office.tools.v4.0.framework.dll microsoft.office.tools.word.implementation.ni.dll,normal
 ntdll.dll ntdll.dll wow64.dll wow64win.dll rpcrt4.dll mscorlib.dll kernel32.dll kernel32.dll user32.dll kernel32.dll mscoreei.dll msvcrt.dll oleaut32.dll sensapi.dll mscoreei.dll user32.dll advapi32.dll sechost.dll rpcrt4.dll sspicli.dll cryptbase.dll lpk.dll adwsres.dll version.dll imm32.dll msctf.dll ntdll.dll SensApi.dll vbscript.dll advapi32.dll wintrust.dll crypt32.dll msasn1.dll cryptsp.dll rsaenh.dll msisip.dll wshext.dll winmm.dll shell32.dll shlwapi.dll scrobj.dll msi.dll msctf.dll version.dll ntdll.dll wow64.dll msvcr120_clr0400.dll advapi32.dll kernel32.dll mscorlib.dll wbemprox.dll user32.dll kernel32.dll KernelBase.dll msvcrt.dll winbrand.dll user32.dll gdi32.dll usp10.dll usp10.dll advapi32.dll sechost.dll rpcrt4.dll bcryptprimitives.dll cryptbase.dll imm32.dll msctf.dll apphelp.dll,normal
 ntdll.dll kernel32.dll KernelBase.dll advapi32.dll msvcrt.dll sechost.dll rpcrt4.dll gdi32.dll bcryptprimitives.dll ntdll.dll usp10.dll msswch.dll winmm.dll System.XML.dll GdiPlus.dll ole32.dll oleacc.dll sechost.dll shlwapi.dll wmsgapi.dll duser.dll vbscript.dll imm32.dll msctf.dll System.Configuration.dll dui70.dll ntdll.dll xmllite.dll mscorwks.dll tabskb.dll cryptsp.dll system.windows.forms.ni.dll RpcRtRemote.dll cfgmgr32.dll WindowsCodecs.dll ucrtbase.dll ntdll.dll wevtapi.dll wow64win.dll Microsoft.VisualStudio.Tools.Applications.Runtime.dll kernel32.dll kernel32.dll kernel32.dll user32.dll kernel32.dll KernelBase.dll advapi32.dll cryptsp.dll sechost.dll msv1_0.dll sspicli.dll ntdll.dll msvcr120_clr0400.dll mscoree.dll ole32.dll gdi32.dll imageres.dll lpk.dll usp10.dll oleaut32.dll imm32.dll comctl32.dll cryptsp.dll rsaenh.dll RpcRtRemote.dll clbcatq.dll api-ms-win-crt-string-l1-1-0.dll gdi32.dll mscorwks.dll msvcr80.dll shlwapi.dll shell32.dll profapi.dll mscorlib.ni.dll mscorjit.dll wdscore.dll mscorlib.dll kernel32.dll mscorlib.dll wow64win.dll Microsoft.VisualStudio.Tools.Office.Excel.AddInProxy.v9.0.dll Microsoft.VisualStudio.Tools.Office.Excel.AddInProxy.v9.0.dll mscorsec.dll wintrust.dll crypt32.dll msasn1.dll comctl32.dll riched20.dll imagehlp.dll shlwapi.dll bcrypt.dll bcryptprimitives.dll userenv.dll clbcatq.dll cryptnet.dll usp10.dll SensApi.dll Microsoft.VisualStudio.Tools.Office.Excel.AddInProxy.v9.0.dll System.ni.dll System.AddIn.ni.dll Microsoft.VisualStudio.Tools.Office.AddInAdapter.v9.0.ni.dll system.dll Microsoft.VisualStudio.Tools.Office.AddInAdapter.v9.0.dll Microsoft.VisualStudio.Tools.Office.AddInAdapter.v9.0.dll System.ni.dll System.AddIn.ni.dll Microsoft.VisualStudio.Tools.Applications.AddInAdapter.v9.0.ni.dll Microsoft.VisualStudio.Tools.Applications.AddInAdapter.v9.0.dll Microsoft.VisualStudio.Tools.Applications.AddInAdapter.v9.0.dll Microsoft.VisualStudio.Tools.Applications.AddInAdapter.v9.0.dll Microsoft.VisualStudio.Tools.Applications.AddInAdapter.v9.0.dll Microsoft.VisualStudio.Tools.Applications.AddInAdapter.v9.0.dll dhcpcsvc6.dll imm32.dll System.AddIn.ni.dll Microsoft.VisualStudio.Tools.Applications.Adapter.v9.0.ni.dll Microsoft.VisualStudio.Tools.Applications.Adapter.v9.0.dll Microsoft.VisualStudio.Tools.Applications.Adapter.v9.0.dll Microsoft.VisualStudio.Tools.Applications.Adapter.v9.0.dll Microsoft.VisualStudio.Tools.Applications.Adapter.v9.0.dll Microsoft.VisualStudio.Tools.Applications.Adapter.v9.0.dll System.ni.dll System.AddIn.ni.dll Microsoft.VisualStudio.Tools.Applications.Runtime.v9.0.ni.dll System.Configuration.Install.ni.dll Microsoft.VisualStudio.Tools.Applications.Runtime.v9.0.dll Microsoft.VisualStudio.Tools.Applications.Runtime.v9.0.dll Microsoft.VisualStudio.Tools.Applications.Runtime.v9.0.dll Microsoft.VisualStudio.Tools.Applications.Runtime.v9.0.dll System.ni.dll System.AddIn.ni.dll nsi.dll Microsoft.Office.Tools.v9.0.dll Microsoft.Office.Tools.v9.0.dll Microsoft.Office.Tools.v9.0.dll rpcrt4.dll msctf.dll System.AddIn.Contract.dll System.AddIn.Contract.dll System.AddIn.Contract.dll System.AddIn.Contract.dll Microsoft.VisualStudio.Tools.Applications.Contract.v9.0.ni.dll Microsoft.VisualStudio.Tools.Applications.Contract.v9.0.dll Microsoft.VisualStudio.Tools.Applications.Contract.v9.0.dll Microsoft.VisualStudio.Tools.Applications.Contract.v9.0.dll Microsoft.VisualStudio.Tools.Applications.Contract.v9.0.dll system.deployment.dll Microsoft.VisualStudio.Tools.Office.Contract.v9.0.ni.dll mscorlib.dll Microsoft.VisualStudio.Tools.Office.Contract.v9.0.dll Microsoft.VisualStudio.Tools.Office.Contract.v9.0.dll api-ms-win-core-errorhandling-l1-1-1.dll Microsoft.Office.Interop.Excel.dll winsrv.dll System.ni.dll wow64win.dll System.AddIn.dll bdatunepia.dll System.AddIn.dll System.AddIn.dll System.dll System.dll System.dll System.dll System.Core.ni.dll System.Core.dll System.Core.dll system.windows.forms.ni.dll oleaut32.dll Microsoft.VisualStudio.Tools.Office.Excel.AddInProxy.v9.0.dll Microsoft.VisualStudio.Tools.Office.Excel.AddInProxy.v9.0.dll urlmon.dll Microsoft.VisualStudio.Tools.Office.Excel.AddInProxy.v9.0.ni.dll Microsoft.VisualStudio.Tools.Office.Excel.AddInProxy.v9.0.ni.dll ntdll.dll usp10.dll wow64.dll wow64win.dll userenv.dll lpk.dll kernel32.dll kernel32.dll user32.dll kernel.appcore.dll KernelBase.dll KernelBase.dll msvcrt.dll sechost.dll rpcrt4.dll sspicli.dll riched20.dll msvcr120_clr0400.dll shell32.dll ole32.dll gdi32.dll user32.dll kernel32.dll usp10.dll oleaut32.dll lpk.dll kernel32.dll cryptsp.dll rsaenh.dll wbemsvc.dll clbcatq.dll sxs.dll mscoreei.dll clr.dll shlwapi.dll mscorlib.ni.dll acppage.dll System.ni.dll System.Core.ni.dll System.ServiceModel.Activities.ni.dll system.security.dll System.ServiceModel.Activities.dll System.ServiceModel.Activities.dll mscorlib.dll wow64cpu.dll system.data.dll System.dll System.Core.dll System.Core.dll System.Xaml.ni.dll KernelBase.dll System.Xaml.dll System.ServiceModel.ni.dll windows.globalization.dll System.ServiceModel.dll System.Xml.Linq.ni.dll System.Xml.Linq.dll System.Xml.Linq.dll gdi32full.dll System.Activities.dll aeinv.dll System.ServiceModel.Internals.ni.dll System.ServiceModel.Internals.dll System.ServiceModel.Internals.dll System.Runtime.DurableInstancing.ni.dll usp10.dll wintrust.dll System.Transactions.ni.dll System.Transactions.dll System.Transactions.dll system.serviceprocess.ni.dll System.Xml.ni.dll kernel32.dll System.Xml.dll System.Runtime.Serialization.ni.dll System.Runtime.Serialization.dll System.Runtime.Serialization.dll mscoreei.dll kernel32.dll System.Configuration.dll System.Activities.DurableInstancing.ni.dll mscoreei.dll System.Activities.DurableInstancing.dll System.IdentityModel.ni.dll System.IdentityModel.dll System.IdentityModel.dll System.Numerics.ni.dll wininet.dll System.Numerics.dll System.Security.ni.dll System.Security.dll System.Security.dll,normal
 ntdll.dll system.web.dll KernelBase.dll system.data.dll msvcrt.dll sechost.dll kernel32.dll user32.dll win32u.dll gdi32.dll gdi32full.dll combase.dll ucrtbase.dll msvcp110_win.dll bcryptprimitives.dll kernel32.dll cfgmgr32.dll windows.storage.dll powrprof.dll shlwapi.dll imm32.dll usp10.dll profapi.dll ole32.dll imm32.dll uxtheme.dll imm32.dll oleaut32.dll winnsi.dll dwmapi.dll,normal
 ntdll.dll ntdll.dll wow64.dll wow64win.dll wow64cpu.dll kernel32.dll secur32.dll kernel32.dll user32.dll kernel32.dll kernelbase.dll rpcrt4.dll msvcrt.dll sechost.dll rpcrt4.dll sspicli.dll kernelbase.dll cryptbase.dll ws2_32.dll lpk.dll winnsi.dll system.web.dll dhcpcsvc6.dll cryptbase.dll usp10.dll gdi32.dll audioses.dll lpk.dll usp10.dll ole32.dll imm32.dll msctf.dll gdi32.dll oleaut32.dll user32.dll rsaenh.dll rpcrtremote.dll wevtapi.dll imm32.dll ntdll.dll wow64.dll sechost.dll gdi32.dll kernel32.dll kernel32.dll kernel32.dll user32.dll kernel32.dll kernelbase.dll msvcrt.dll winbrand.dll user32.dll gdi32.dll lpk.dll msctf.dll advapi32.dll sechost.dll mswsock.dll sspicli.dll cryptbase.dll imm32.dll msctf.dll apphelp.dll,normal
 kernel32.dll kernel32.dll api-ms-win-core-processthreads-l1-1-1.dll apphelp.dll conhostv2.dll combase.dll ucrtbase.dll rpcrt4.dll bcryptprimitives.dll gdi32.dll lpk.dll webio.dll msasn1.dll imm32.dll oleaut32.dll msvcp_win.dll propsys.dll cryptsp.dll shcore.dll shell32.dll cfgmgr32.dll windows.storage.dll powrprof.dll advapi32.dll shlwapi.dll cryptbase.dll profapi.dll uxtheme.dll msctf.dll dwmapi.dll,normal
 ntdll.dll kernel.appcore.dll cfgmgr32.dll wow64win.dll wow64cpu.dll kernel32.dll kernel32.dll kernel32.dll user32.dll kernel32.dll KernelBase.dll msvcrt.dll winbrand.dll user32.dll advapi32.dll shcore.dll usp10.dll advapi32.dll sechost.dll rpcrt4.dll sspicli.dll kbd106.dll imm32.dll msctf.dll nsi.dll,normal
 rpcrtremote.dll kernel32.dll ncobjapi.dll api-ms-win-core-memory-l1-1-2.dll ntdll.dll wow64.dll wow64win.dll wow64cpu.dll sud.dll kernel32.dll KernelBase.dll adtschema.dll ole32.dll msvcrt.dll windows.globalization.fontgroups.dll user32.dll advapi32.dll sechost.dll rpcrt4.dll sspicli.dll cryptbase.dll kernelbase.dll usp10.dll clbcatq.dll imm32.dll msctf.dll comctl32.dll wevtapi.dll credui.dll,normal
 ntdll.dll kernel32.dll kernelbase.dll msvcrt.dll advapi32.dll user32.dll gdi32.dll ole32.dll msctf.dll oleaut32.dll combase.dll cryptsp.dll,normal
 SensApi.dll SensApi.dll SensApi.dll SensApi.dll SensApi.dll SensApi.dll SensApi.dll cryptbase.dll SensApi.dll SensApi.dll SensApi.dll SensApi.dll SensApi.dll SensApi.dll SensApi.dll SensApi.dll msctf.dll microsoft.build.engine.ni.dll SensApi.dll SensApi.dll SensApi.dll system.activities.ni.dll SensApi.dll advapi32.dll SensApi.dll SensApi.dll SensApi.dll psapi.dll SensApi.dll SensApi.dll SensApi.dll SensApi.dll SensApi.dll SensApi.dll webservices.dll SensApi.dll SensApi.dll SensApi.dll SensApi.dll SensApi.dll msvcrt.dll SensApi.dll SensApi.dll SensApi.dll kernel32.dll SensApi.dll SensApi.dll SensApi.dll accessibility.dll SensApi.dll SensApi.dll SensApi.dll SensApi.dll SensApi.dll SensApi.dll rpcrt4.dll SensApi.dll SensApi.dll SensApi.dll SensApi.dll SensApi.dll SensApi.dll SensApi.dll SensApi.dll kernel32.dll SensApi.dll oleaut32.dll SensApi.dll SensApi.dll ucrtbase.dll sechost.dll SensApi.dll SensApi.dll SensApi.dll SensApi.dll mscorwks.dll winnsi.dll SensApi.dll netapi32.dll advapi32.dll SensApi.dll SensApi.dll SensApi.dll SensApi.dll SensApi.dll SensApi.dll SensApi.dll SensApi.dll SensApi.dll presentationcore.dll SensApi.dll SensApi.dll SensApi.dll SensApi.dll SensApi.dll SensApi.dll SensApi.dll SensApi.dll SensApi.dll SensApi.dll SensApi.dll SensApi.dll SensApi.dll msvcrt.dll SensApi.dll SensApi.dll SensApi.dll SensApi.dll SensApi.dll SensApi.dll SensApi.dll SensApi.dll SensApi.dll SensApi.dll msointl30.dll SensApi.dll gdi32full.dll mscorlib.dll SensApi.dll SensApi.dll SensApi.dll wship6.dll api-ms-win-core-file-l1-1-0.dll SensApi.dll SensApi.dll SensApi.dll shlwapi.dll SensApi.dll SensApi.dll SensApi.dll SensApi.dll SensApi.dll SensApi.dll SensApi.dll SensApi.dll SensApi.dll SensApi.dll SensApi.dll SensApi.dll SensApi.dll SensApi.dll SensApi.dll SensApi.dll dpx.dll cscapi.dll SensApi.dll SensApi.dll SensApi.dll dwmapi.dll user32.dll SensApi.dll SensApi.dll SensApi.dll urlmon.dll kernel32.dll lpk.dll SensApi.dll SensApi.dll gdi32.dll shlwapi.dll wpdshext.dll mscorlib.ni.dll SensApi.dll SensApi.dll SensApi.dll SensApi.dll wsock32.dll wow64.dll SensApi.dll SensApi.dll SensApi.dll SensApi.dll SensApi.dll SensApi.dll ntdll.dll SensApi.dll SensApi.dll SensApi.dll SensApi.dll wldap32.dll SensApi.dll SensApi.dll SensApi.dll SensApi.dll user32.dll SensApi.dll wow64lg2.dll SensApi.dll SensApi.dll SensApi.dll SensApi.dll SensApi.dll wow64.dll SensApi.dll SensApi.dll kernelbase.dll userenv.dll SensApi.dll sechost.dll SensApi.dll SensApi.dll SensApi.dll SensApi.dll SensApi.dll SensApi.dll SensApi.dll SensApi.dll RpcRtRemote.dll system.data.dll SensApi.dll kernel32.dll SensApi.dll user32.dll SensApi.dll SensApi.dll SensApi.dll rpcrt4.dll SensApi.dll SensApi.dll SensApi.dll uxtheme.dll,normal
 ntdll.dll ntdll.dll wow64.dll imm32.dll uxtheme.dll mcstoredb.dll kernel32.dll kernel32.dll user32.dll kernel32.dll wow64.dll advapi32.dll msvcrt.dll ole32.dll rpcrt4.dll sspicli.dll msswch.dll dnsapi.dll ws2_32.dll nsi.dll sechost.dll shcore.dll dhcpcsvc6.dll shell32.dll shlwapi.dll ws2_32.dll user32.dll lpk.dll usp10.dll ole32.dll msctf.dll msctf.dll clbcatq.dll oleaut32.dll cryptsp.dll rsaenh.dll RpcRtRemote.dll wevtapi.dll sechost.dll ntdll.dll wow64.dll wow64win.dll wow64cpu.dll kernel32.dll ntprint.dll kernel32.dll shacct.dll kernel32.dll KernelBase.dll msvcrt.dll winbrand.dll user32.dll gdi32.dll lpk.dll usp10.dll accessibility.ni.dll sechost.dll rpcrt4.dll lpk.dll cryptbase.dll imm32.dll msctf.dll apphelp.dll,normal
 msctf.dll ntdll.dll kernel32.dll KernelBase.dll policymanager.dll rpcrt4.dll gdi32.dll user32.dll lpk.dll usp10.dll bcryptprimitives.dll oleaut32.dll imm32.dll api-ms-win-core-synch-l1-2-0.dll wow64.dll wow64win.dll wow64cpu.dll kernel32.dll kernel32.dll kernel32.dll user32.dll kernel32.dll KernelBase.dll advapi32.dll msvcrt.dll sechost.dll rpcrt4.dll wintrust.dll cryptbase.dll msvcr120_clr0400.dll mscoree.dll msvcp_win.dll gdi32.dll user32.dll lpk.dll usp10.dll shell32.dll System.Data.dll msctf.dll ntdll.dll api-ms-win-core-file-l1-2-1.dll oleaut32.dll wuapi.dll msvcrt.dll sxs.dll mscoreei.dll oleacc.dll msvcr80.dll shlwapi.dll system.xml.ni.dll profapi.dll mscorlib.ni.dll ntdll.dll ntdll.dll mscorlib.dll version.dll mscorlib.dll mscorlib.dll wow64win.dll PresentationFramework.Royale.dll sensapi.dll imm32.dll PresentationFramework.Royale.dll System.ni.dll WindowsBase.ni.dll PresentationCore.ni.dll PresentationFramework.ni.dll PresentationFramework.dll PresentationFramework.dll PresentationFramework.dll PresentationFramework.dll WindowsBase.dll WindowsBase.dll WindowsBase.dll WindowsBase.dll System.dll rpcrt4.dll System.dll System.dll PresentationCore.dll PresentationCore.dll PresentationCore.dll PresentationCore.dll System.Xml.ni.dll System.XML.dll System.XML.dll System.Deployment.dll System.Runtime.DurableInstancing.dll UIAutomationProvider.ni.dll cryptsp.dll oleaut32.dll UIAutomationProvider.dll UIAutomationProvider.dll System.Drawing.ni.dll clbcatq.dll System.Drawing.dll System.Drawing.dll System.Drawing.dll system.dll version.dll System.Deployment.dll System.Deployment.dll System.Deployment.dll PresentationUI.ni.dll PresentationUI.dll system.windows.forms.dll System.Printing.ni.dll System.Printing.dll System.Printing.dll System.Printing.dll user32.dll mscorwks.dll ReachFramework.dll ReachFramework.dll kernelbase.dll UIAutomationTypes.dll UIAutomationTypes.dll UIAutomationTypes.dll UIAutomationTypes.dll System.Data.ni.dll System.Data.dll System.Data.dll imm32.dll System.Data.dll System.Data.dll ws2_32.dll nsi.dll crypt32.dll msasn1.dll Accessibility.ni.dll wrpint.dll msctf.dll Accessibility.dll netutils.dll System.Configuration.ni.dll sensapi.dll System.configuration.dll System.configuration.dll rpcrt4.dll System.Security.ni.dll System.Security.dll System.Security.dll System.Security.dll System.Security.dll System.Data.SqlXml.ni.dll System.Data.SqlXml.dll ole32.dll linkinfo.dll System.Data.SqlXml.dll Microsoft.VisualC.ni.dll PresentationCFFRasterizer.ni.dll mscorlib.ni.dll PresentationCFFRasterizer.dll msasn1.dll System.Windows.Forms.dll deviceaccess.dll kernel32.dll System.Windows.Forms.dll oleaut32.dll System.Runtime.Serialization.Formatters.Soap.dll System.Runtime.Serialization.Formatters.Soap.dll advapi32.dll clbcatq.dll System.DirectoryServices.dll System.DirectoryServices.dll System.DirectoryServices.dll system.management.ni.dll ntdll.dll System.Transactions.dll System.Transactions.dll System.Transactions.dll System.Transactions.dll System.EnterpriseServices.ni.dll System.EnterpriseServices.dll System.EnterpriseServices.dll secur32.dll lpk.dll System.Runtime.Remoting.dll System.Web.ni.dll System.Web.dll System.Web.dll System.Web.dll mscorlib.ni.dll appinfo.dll System.Web.Services.dll System.Web.Services.dll System.Web.Services.dll System.Web.Services.dll System.DirectoryServices.Protocols.ni.dll System.DirectoryServices.Protocols.dll System.DirectoryServices.Protocols.dll msasn1.dll System.DirectoryServices.Protocols.dll System.Design.ni.dll System.Design.dll system.xml.dll System.ServiceProcess.ni.dll System.ServiceProcess.dll System.ServiceProcess.dll System.Web.RegularExpressions.ni.dll secur32.dll System.Web.RegularExpressions.dll System.Web.RegularExpressions.dll System.Web.RegularExpressions.dll System.Drawing.Design.ni.dll System.Drawing.Design.dll System.Drawing.Design.dll System.Data.OracleClient.ni.dll secur32.dll System.Data.OracleClient.dll system.transactions.dll System.Data.OracleClient.dll cryptsp.dll System.Configuration.Install.ni.dll System.Configuration.Install.dll ntdll.dll,normal
 ntdll.dll kernel32.dll KernelBase.dll advapi32.dll kernel32.dll shlwapi.dll rpcrt4.dll user32.dll gdi32.dll lpk.dll usp10.dll ole32.dll shlwapi.dll shell32.dll dui70.dll wow64.dll imm32.dll cryptbase.dll uxtheme.dll dwmapi.dll cryptbase.dll oleaut32.dll comctl32.dll duser.dll clbcatq.dll kernelbase.dll imecfm.dll version.dll winmm.dll sapi.dll api-ms-win-downlevel-user32-l1-1-0.dll profapi.dll msvcrt.dll setupapi.dll oleaut32.dll devobj.dll propsys.dll user32.dll msctf.dll MSTTSCommon.dll imageres.dll shfolder.dll ntmarta.dll Wldap32.dll msvcrt.dll rsaenh.dll RpcRtRemote.dll sxs.dll crypt32.dll msasn1.dll wintrust.dll propsys.dll resampledmo.dll system.dll advapi32.dll msvcrt.dll ntdll.dll rpcrt4.dll msvcr120_clr0400.dll mscoree.dll sspicli.dll webio.dll user32.dll lpk.dll usp10.dll oleaut32.dll dpx.dll msctf.dll cryptbase.dll cryptsp.dll rsaenh.dll RpcRtRemote.dll clbcatq.dll sxs.dll mscoreei.dll clr.dll ntdll.dll mscorlib.ni.dll clrjit.dll System.ni.dll kernel.appcore.dll mscorlib.dll mscorlib.dll System.Drawing.ni.dll urlmon.dll Microsoft.VisualBasic.Compatibility.ni.dll System.Core.ni.dll Microsoft.VisualBasic.ni.dll Microsoft.VisualStudio.Tools.Applications.Runtime.v9.0.dll api-ms-win-core-xstate-l2-1-0.dll Microsoft.VisualBasic.Compatibility.Data.ni.dll api-ms-win-downlevel-user32-l1-1-0.dll kernel32.dll KernelBase.dll advapi32.dll msvcrt.dll sechost.dll rpcrt4.dll msvcr120_clr0400.dll mscoree.dll ole32.dll gdi32.dll cabinet.dll lpk.dll usp10.dll rpcrt4.dll imm32.dll msctf.dll mscorlib.dll cryptsp.dll winmm.dll RpcRtRemote.dll clbcatq.dll sxs.dll mscoreei.dll clr.dll user32.dll mscorlib.ni.dll usp10.dll System.ni.dll version.dll sensapi.dll mscorlib.dll System.Core.ni.dll System.Workflow.ComponentModel.ni.dll System.WorkflowServices.ni.dll kernelbase.dll System.Xml.ni.dll system.servicemodel.activation.dll System.ServiceModel.ni.dll msasn1.dll System.Windows.Forms.ni.dll mspatcha.dll System.Workflow.Activities.ni.dll crypt32.dll System.ServiceModel.Activities.ni.dll System.Activities.ni.dll System.Web.ni.dll kernelbase.dll System.Web.dll System.ServiceModel.Activation.ni.dll System.Transactions.ni.dll System.Transactions.dll System.Transactions.dll advapi32.dll System.ServiceModel.Internals.ni.dll System.Messaging.ni.dll System.Configuration.ni.dll wrpint.dll System.Data.dll System.Data.dll System.Data.dll SMDiagnostics.ni.dll msi.dll kbd106.dll wow64.dll wow64win.dll wow64cpu.dll kernel32.dll kernel32.dll kernel32.dll user32.dll kernel32.dll KernelBase.dll advapi32.dll System.Security.dll sechost.dll rpcrt4.dll sspicli.dll cryptbase.dll msvcr120_clr0400.dll mscoree.dll ole32.dll gdi32.dll user32.dll d3d10_1core.dll usp10.dll ole32.dll imm32.dll msctf.dll cryptsp.dll rsaenh.dll RpcRtRemote.dll clbcatq.dll rpcrt4.dll mscoreei.dll clr.dll oleacc.dll mscorlib.ni.dll clrjit.dll System.ni.dll PresentationFramework-SystemXmlLinq.ni.dll crypt32.dll mscorlib.dll advapi32.dll System.dll System.dll System.Core.ni.dll WindowsBase.ni.dll system.core.ni.dll lpk.dll System.Core.dll msswch.dll System.Xml.Linq.ni.dll System.Xml.Linq.dll System.Xml.Linq.dll uxtheme.dll microsoft.visualbasic.compatibility.data.dll System.Configuration.dll System.Xml.ni.dll System.Xml.dll System.Xml.dll,normal
 msctf.dll kernel32.dll bcrypt.dll gdi32.dll rpcrt4.dll combase.dll ucrtbase.dll bcryptprimitives.dll oleaut32.dll msvcp_win.dll imm32.dll kernel32.dll win32u.dll gdi32.dll system.directoryservices.ni.dll mscorlib.dll sechost.dll uxtheme.dll dwmapi.dll clbcatq.dll shcore.dll advapi32.dll msvcrt.dll bcrypt.dll settingsyncpolicy.dll userenv.dll settingsynccore.dll tokenbinding.dll wintypes.dll cryptsp.dll sspicli.dll tokenbroker.dll crypt32.dll msasn1.dll wevtapi.dll onecorecommonproxystub.dll usermgrproxy.dll iertutil.dll vaultcli.dll,normal
 ntdll.dll ntdll.dll wow64.dll wow64win.dll wow64cpu.dll kernel32.dll spoolss.dll kernel32.dll kernel32.dll rpcrt4.dll kernelbase.dll msvcrt.dll winbrand.dll user32.dll kernel32.dll wincorlib.dll usp10.dll advapi32.dll sechost.dll rpcrt4.dll shlwapi.dll cryptbase.dll imm32.dll msctf.dll apphelp.dll,normal
 ntdll.dll user32.dll kernelbase.dll advapi32.dll oleaut32.dll sspicli.dll rpcrt4.dll ole32.dll combase.dll ucrtbase.dll bcryptprimitives.dll mscoree.dll gdi32full.dll netutils.dll kernel32.dll oleaut32.dll msvcp_win.dll system.ni.dll imm32.dll kernel.appcore.dll uxtheme.dll tiptsf.dll clbcatq.dll wsmauto.dll crypt32.dll comctl32.dll miutils.dll wsmsvc.dll dsrole.dll pcwum.dll mi.dll userenv.dll profapi.dll System.Configuration.ni.dll winhttp.dll wkscli.dll bcrypt.dll netutils.dll clrjit.dll ws2_32.dll ondemandconnroutehelper.dll kernel.appcore.dll mswsock.dll advapi32.dll nsi.dll dnsapi.dll rasadhlp.dll ole32.dll ntlmshared.dll cryptdll.dll,normal
 ntdll.dll kernel32.dll KernelBase.dll advapi32.dll msvcrt.dll System.Transactions.ni.dll rpcrt4.dll user32.dll advapi32.dll oleaut32.dll usp10.dll shlwapi.dll imm32.dll msctf.dll ole32.dll mscorlib.dll oleaut32.dll kernel32.dll clbcatq.dll cryptsp.dll rsaenh.dll RpcRtRemote.dll crypt32.dll msasn1.dll ws2_32.dll nsi.dll ole32.dll cfgmgr32.dll devobj.dll sxs.dll EhStorShell.dll wtsapi32.dll rasapi32.dll rasman.dll mofinstall.dll webio.dll urlmon.dll comctl32.dll uxtheme.dll duser.dll dwmapi.dll System.Data.SqlXml.dll xmllite.dll winbrand.dll oleacc.dll mswsock.dll slc.dll imecfm.dll imecfm.dll sppcommdlg.dll sppc.dll ntdll.dll sppcext.dll winhttp.dll msi.dll slwga.dll ntdll.dll,normal
 ntdll.dll kernel32.dll system.data.oracleclient.dll gdi32.dll user32.dll lpk.dll usp10.dll msvcrt.dll imm32.dll ole32.dll ole32.dll usp10.dll oleaut32.dll,normal
 dhcpcsvc6.dll kernel32.dll oleaut32.dll lpk.dll imm32.dll ole32.dll ws2_32.dll msctf.dll usp10.dll nsi.dll user32.dll msvcrt.dll imageres.dll msctf.dll gdi32.dll usp10.dll rpcrt4.dll KernelBase.dll RpcRtRemote.dll rpcrt4.dll bcrypt.dll cryptsp.dll shellext.dll ntdsapi.dll wbemcomn2.dll fastprox.dll wbemsvc.dll ntdll.dll kernel32.dll KernelBase.dll advapi32.dll oleaut32.dll sechost.dll imageres.dll ws2_32.dll gdi32.dll lpk.dll usp10.dll System.Messaging.ni.dll imm32.dll kernel32.dll ole32.dll oleaut32.dll shell32.dll cryptbase.dll clbcatq.dll cryptsp.dll rsaenh.dll RpcRtRemote.dll crypt32.dll msasn1.dll ws2_32.dll nsi.dll setupapi.dll system.data.linq.dll devobj.dll sxs.dll wtsapi32.dll oleacc.dll rasman.dll winhttp.dll user32.dll cryptui.dll comctl32.dll uxtheme.dll winbrand.dll imm32.dll slc.dll ntdll.dll lpk.dll sppcomapi.dll sppcext.dll sechost.dll msi.dll slwga.dll,normal
 ntdll.dll kernel32.dll kernelbase.dll usp10.dll winbrand.dll user32.dll gdi32.dll lpk.dll usp10.dll imm32.dll version.dll,normal
 wldap32.dll kernel32.dll KernelBase.dll advapi32.dll msvcrt.dll sechost.dll rpcrt4.dll user32.dll gdi32.dll PresentationFramework.dll shlwapi.dll ole32.dll oleaut32.dll tquery.dll shlwapi.dll imm32.dll msctf.dll cryptbase.dll usp10.dll clbcatq.dll msidle.dll SensApi.dll system.windows.forms.dll RpcRtRemote.dll mssprxy.dll ieframe.dll api-ms-win-downlevel-advapi32-l1-1-0.dll api-ms-win-downlevel-shlwapi-l1-1-0.dll kernel32.dll api-ms-win-downlevel-shell32-l1-1-0.dll shell32.dll api-ms-win-downlevel-version-l1-1-0.dll version.dll api-ms-win-downlevel-normaliz-l1-1-0.dllnormaliz.dll iertutil.dll System.Windows.Forms.ni.dll api-ms-win-downlevel-shlwapi-l2-1-0.dll tquery.dll secur32.dll sspicli.dll mlang.dll propsys.dll ntdll.dll userenv.dll profapi.dll api-ms-win-downlevel-advapi32-l2-1-0.dll,normal
 ntdll.dll,normal
 ntdll.dll kernel32.dll comctl32.dll gdi32.dll user32.dll lpk.dll usp10.dll msvcrt.dll imm32.dll msctf.dll ole32.dll rpcrt4.dll oleaut32.dll cryptbase.dll imm32.dll advapi32.dll SensApi.dll ntdll.dll user32.dll wow64.dll wow64win.dll rpcrt4.dll kernel32.dll api-ms-win-downlevel-version-l1-1-0.dll shell32.dll user32.dll kernel32.dll kernelbase.dll msvcrt.dll winbrand.dll user32.dll gdi32.dll ole32.dll usp10.dll advapi32.dll sechost.dll rpcrt4.dll sspicli.dll system.xaml.ni.dll imm32.dll nsi.dll apphelp.dll,normal
 ntdll.dll ntdll.dll wow64.dll wow64win.dll wow64cpu.dll kernel32.dll kernel32.dll kernel32.dll user32.dll kernel32.dll kernelbase.dll advapi32.dll msvcrt.dll sechost.dll kernelbase.dll sspicli.dll cryptbase.dll dnsapi.dll ws2_32.dll nsi.dll cbsapi.dll dhcpcsvc.dll dhcpcsvc6.dll shell32.dll shlwapi.dll gdi32.dll user32.dll lpk.dll rpcrtremote.dll kernel32.dll imm32.dll msctf.dll clbcatq.dll oleaut32.dll cryptsp.dll shell32.dll rpcrtremote.dll wevtapi.dll ntdll.dll ntdll.dll System.ComponentModel.DataAnnotations.ni.dll wow64win.dll wow64cpu.dll kernel32.dll crypt32.dll kernel32.dll user32.dll kernel32.dll kernelbase.dll mscoree.dll wow64cpu.dll nlaapi.dll gdi32.dll lpk.dll usp10.dll dwmapi.dll xmllite.dll rpcrt4.dll sspicli.dll cryptbase.dll usp10.dll microsoft.visualstudio.tools.office.runtime.v10.0.dll apphelp.dll,normal
 ntdll.dll mpssvc.dll kernelbase.dll rpcrt4.dll advapi32.dll msvcrt.dll sechost.dll rpcrt4.dll crypt32.dll version.dll msasn1.dll ole32.dll combase.dll bcryptprimitives.dll gdi32.dll gdi32full.dll msvcp_win.dll user32.dll win32u.dll oleaut32.dll shlwapi.dll wintrust.dll shell32.dll shcore.dll windows.storage.dll kernel.appcore.dll powrprof.dll profapi.dll setupapi.dll wldap32.dll cryptdll.dll netapi32.dll samlib.dll rpcrt4.dll wintrust.dll version.dll winsta.dll devobj.dll cryptsp.dll cryptbase.dll logoncli.dll sspicli.dll bcrypt.dll sspicli.dll gdi32.dll hid.dll winscard.dll netutils.dll System.configuration.dll RpcRtRemote.dll msvcrt.dll sspicli.dll nsi.dll,mimikatz
 ntdll.dll microsoft.managementconsole.ni.dll mscorlib.ni.dll wow64win.dll devobj.dll kernel32.dll kernel32.dll DocumentPerformanceEvents.dll user32.dll kernel32.dll kernelbase.dll msvcrt.dll ole32.dll system.data.dll user32.dll advapi32.dll wow64win.dll rpcrt4.dll sspicli.dll cryptbase.dll lpk.dll usp10.dll wow64.dll msctf.dll clbcatq.dll oleaut32.dll cryptsp.dll rsaenh.dll rpcrtremote.dll uxtheme.dll shell32.dll shlwapi.dll comctl32.dll actxprxy.dll ntdll.dll ntdll.dll iertutil.dll wow64win.dll wow64cpu.dll kernel32.dll kernel32.dll system.data.dll user32.dll lpk.dll kernelbase.dll msvcrt.dll winbrand.dll user32.dll kernel32.dll lpk.dll usp10.dll racengn.dll sechost.dll rpcrt4.dll sspicli.dll sxs.dll imm32.dll gdi32.dll apphelp.dll ntdll.dll system.transactions.dll wow64.dll wow64win.dll wow64cpu.dll kernel32.dll oleaut32.dll kernel32.dll user32.dll clbcatq.dll kernelbase.dll advapi32.dll msvcrt.dll sechost.dll rpcrt4.dll sspicli.dll cryptbase.dll msvcr120_clr0400.dll mscoree.dll ole32.dll gdi32.dll user32.dll vbscript.dll usp10.dll oleaut32.dll cryptbase.dll usp10.dll cryptsp.dll rsaenh.dll rpcrtremote.dll clbcatq.dll sxs.dll sechost.dll advapi32.dll shlwapi.dll mscorlib.ni.dll system.activities.ni.dll system.ni.dll system.core.ni.dll system.data.ni.dll version.dll shlwapi.dll mscorlib.dll sensapi.dll webio.dll system.data.dll mscoree.dll system.data.oracleclient.dll system.data.oracleclient.dll system.dll system.core.dll version.dll system.data.oracleclient.dll wevtapi.dll wtsapi32.dll system.configuration.dll system.configuration.dll system.transactions.ni.dll system.transactions.dll system.transactions.dll system.transactions.dll System.Core.ni.dll kernelbase.dll system.xml.dll system.xml.dll system.numerics.ni.dll system.numerics.dll coremessaging.dll system.security.ni.dll system.security.dll system.security.dll,normal
 aepic.dll,normal
 secur32.dll kernel32.dll kernelbase.dll advapi32.dll msvcrt.dll ntdll.dll rpcrt4.dll ole32.dll gdi32.dll user32.dll lpk.dll usp10.dll oleaut32.dll api-ms-win-core-sysinfo-l1-2-1.dll cbsapi.dll api-ms-win-core-synch-l1-2-0.dll vcruntime140.dll api-ms-win-crt-runtime-l1-1-0.dll authz.dll usp10.dll api-ms-win-core-file-l2-1-0.dll api-ms-win-core-localization-l1-2-0.dll api-ms-win-core-processthreads-l1-1-1.dll api-ms-win-core-file-l1-2-0.dll kernel32.dll api-ms-win-crt-heap-l1-1-0.dll api-ms-win-crt-stdio-l1-1-0.dll api-ms-win-crt-convert-l1-1-0.dll msvcp140.dll api-ms-win-crt-locale-l1-1-0.dll api-ms-win-crt-math-l1-1-0.dll api-ms-win-crt-multibyte-l1-1-0.dll api-ms-win-crt-time-l1-1-0.dll kernel32.dll api-ms-win-crt-environment-l1-1-0.dll api-ms-win-crt-utility-l1-1-0.dll,normal
 ntdll.dll kernel32.dll KernelBase.dll gdi32.dll user32.dll lpk.dll usp10.dll msvcrt.dll imm32.dll oleaut32.dll clbcatq.dll oleaut32.dll oleaut32.dll ntdll.dll kernel32.dll KernelBase.dll advapi32.dll kernel32.dll sechost.dll dhcpcsvc6.dll ole32.dll kernel32.dll msvcrt.dll lpk.dll user32.dll imm32.dll msctf.dll wdscore.dll oleaut32.dll shell32.dll shlwapi.dll dbghelp.dll cryptbase.dll ntdll.dll version.dll crypt32.dll user32.dll aepic.dll gdiplus.dll profapi.dll ktmw32.dll dpx.dll dpx.dll dpx.dll usocore.dll cryptsp.dll setupapi.dll cfgmgr32.dll devobj.dll sechost.dll wrpint.dll sxsstore.dll sqmapi.dll kernelbase.dll webio.dll winhttp.dll system.drawing.ni.dll kernel32.dll cryptsp.dll rsaenh.dll RpcRtRemote.dll clbcatq.dll CbsApi.dll smipi.dll smiengine.dll ntdll.dll ntdll.dll wow64.dll wow64win.dll twinapi.appcore.dll shell32.dll kernel32.dll kernel32.dll user32.dll mscorlib.dll KernelBase.dll msvcrt.dll winbrand.dll rsaenh.dll msctf.dll lpk.dll gdi32.dll advapi32.dll sechost.dll System.Web.Extensions.dll sspicli.dll ntdll.dll imm32.dll msctf.dll apphelp.dll,normal
 linkinfo.dll explorerframe.dll ehstorshell.dll cscui.dll cscdll.dll cscapi.dll cryptbase.dll slc.dll imageres.dll imageres.dll imageres.dll imageres.dll imageres.dll crypt32.dll imageres.dll imageres.dll dpx.dll usp10.dll imageres.dll imageres.dll ieframe.dll msjint40.dll advapi32.dll tiptsf.dll System.Core.dll structuredquery.dll secur32.dll mssvp.dll gdi32.dll wevtapi.dll psapi.dll shdocvw.dll samcli.dll samlib.dll mssprxy.dll imageres.dll imageres.dll lpk.dll ws2_32.dll imageres.dll imageres.dll imageres.dll netapi32.dll davclnt.dll networkexplorer.dll vmhgfs.dll drprov.dll api-ms-win-crt-stdio-l1-1-0.dll ntlanman.dll davhlpr.dll imageres.dll MsCtfMonitor.dll winmm.dll imageres.dll imageres.dll imageres.dll imageres.dll imageres.dll rsaenh.dll imageres.dll imageres.dll imageres.dll imageres.dll imageres.dll imageres.dll imageres.dll portabledeviceapi.dll networkitemfactory.dll dtsh.dll kernel32.dll wintrust.dll portabledevicetypes.dll imageres.dll kernel32.dll wbemprox.dll wbemcomn.dll wbemsvc.dll fastprox.dll wow64win.dll dsrole.dll msxml6.dll fdproxy.dll fdwcn.dll wintypes.dll fdwnet.dll dfscli.dll browcli.dll dhcpcsvc6.dll kbd106.dll msftedit.dll mssvp.dll mapi32.dll wpdshext.dll mssvp.dll user32.dll,normal
 ntdll.dll system.serviceprocess.ni.dll wow64.dll wow64win.dll wow64cpu.dll kernel32.dll kernel32.dll dxgi.dll user32.dll imm32.dll KernelBase.dll advapi32.dll msvcrt.dll sechost.dll rpcrt4.dll sspicli.dll cryptbase.dll dnsapi.dll ws2_32.dll nsi.dll winnsi.dll dhcpcsvc.dll dhcpcsvc6.dll shell32.dll shlwapi.dll gdi32.dll user32.dll lpk.dll rpcrt4.dll uiautomationprovider.dll imm32.dll msctf.dll setupapi.dll oleaut32.dll cryptsp.dll rsaenh.dll RpcRtRemote.dll user32.dll ntdll.dll lpk.dll wow64.dll wow64win.dll user32.dll kernel32.dll kernel32.dll kernel32.dll msctf.dll kernel32.dll system.core.ni.dll msvcrt.dll winbrand.dll user32.dll gdi32.dll lpk.dll usp10.dll advapi32.dll sechost.dll pnrpnsp.dll sspicli.dll cryptbase.dll clbcatq.dll msctf.dll apphelp.dll,normal
 ntdll.dll ntdll.dll wow64.dll wow64win.dll wow64cpu.dll kernel32.dll kernel32.dll kernel32.dll user32.dll kernel32.dll kernelbase.dll appxdeploymentclient.dll winsta.dll user32.dll sxs.dll lpk.dll usp10.dll advapi32.dll sechost.dll rpcrt4.dll sspicli.dll cryptbase.dll kernelbase.dll system.enterpriseservices.ni.dll ole32.dll,normal
 sxs.dll,normal
 ntdll.dll ntdll.dll crypt32.dll wow64.dll wow64win.dll wow64cpu.dll kernel32.dll kernel32.dll kernel32.dll user32.dll kernel32.dll KernelBase.dll advapi32.dll apphelp.dll rpcrtremote.dll dnsapi.dll sspicli.dll cryptbase.dll msvcr120_clr0400.dll mscoree.dll ole32.dll gdi32.dll user32.dll lpk.dll usp10.dll oleaut32.dll cryptbase.dll msctf.dll cryptsp.dll rsaenh.dll rasman.dll msvcr80.dll sxs.dll mscoreei.dll clr.dll shlwapi.dll mscorlib.ni.dll clrjit.dll wshbth.dll Microsoft.Office.Tools.Outlook.Implementation.dll version.dll mscorlib.dll mscorlib.ni.dll System.ni.dll System.Core.ni.dll msvcrt.dll Microsoft.Office.Tools.Common.Implementation.dll Microsoft.Office.Tools.Common.Implementation.dll cryptsp.dll Microsoft.Office.Tools.Common.dll Microsoft.Office.Tools.Common.dll Microsoft.Office.Tools.ni.dll Microsoft.Office.Tools.dll Microsoft.Office.Tools.dll advapi32.dll Microsoft.Office.Tools.Outlook.dll Microsoft.Office.Tools.Outlook.dll profapi.dll System.Xml.dll System.Xml.dll System.Xml.dll System.Xml.dll wow64.dll System.Xml.dll System.dll propsys.dll System.Drawing.ni.dll api-ms-win-core-file-l1-2-0.dll System.Drawing.dll System.Drawing.dll System.Drawing.dll System.Drawing.dll System.Drawing.dll rasadhlp.dll msvcrt.dll System.Windows.Forms.dll mscoreei.dll System.Windows.Forms.dll rsaenh.dll xmllite.dll Microsoft.Office.Tools.v4.0.Framework.dll clbcatq.dll Microsoft.VisualStudio.Tools.Applications.Runtime.dll Microsoft.VisualStudio.Tools.Applications.Runtime.dll System.Core.dll System.Core.dll conhostv2.dll,normal
 ntdll.dll kernel32.dll KernelBase.dll advapi32.dll msvcrt.dll sechost.dll rpcrt4.dll ole32.dll gdi32.dll System.Drawing.Design.dll lpk.dll usp10.dll advapi32.dll msctf.dll wdscore.dll oleaut32.dll apphelp.dll shlwapi.dll api-ms-win-crt-runtime-l1-1-0.dll cryptbase.dll CbsCore.dll version.dll crypt32.dll msasn1.dll wintrust.dll ole32.dll profapi.dll bcrypt.dll dpx.dll dpx.dll dpx.dll wcp.dll DrUpdate.dll setupapi.dll usp10.dll devobj.dll mpr.dll wrpint.dll user32.dll sqmapi.dll msctf.dll webio.dll system.ni.dll webio.dll SensApi.dll cryptsp.dll rsaenh.dll sspicli.dll clbcatq.dll CbsApi.dll smipi.dll smiengine.dll ntdll.dll KernelBase.dll ws2_32.dll mscorlib.dll user32.dll lpk.dll usp10.dll msvcrt.dll sechost.dll msctf.dll ole32.dll rpcrt4.dll oleaut32.dll,normal
 textinputframework.dll ntdll.dll wow64.dll wow64win.dll RpcRtRemote.dll kernel32.dll kernel32.dll System.Management.ni.dll user32.dll dnsapi.dll KernelBase.dll advapi32.dll version.dll sechost.dll rpcrt4.dll sspicli.dll cryptbase.dll gdi32full.dll ws2_32.dll ninput.dll winnsi.dll odbcint.dll dhcpcsvc6.dll shell32.dll shlwapi.dll gdi32.dll ntdll.dll lpk.dll usp10.dll ole32.dll imm32.dll msctf.dll usp10.dll oleaut32.dll accessibility.ni.dll advapi32.dll RpcRtRemote.dll wevtapi.dll ntdll.dll windows.globalization.dll KernelBase.dll kernelbase.dll user32.dll lpk.dll usp10.dll msvcrt.dll imm32.dll msctf.dll ole32.dll mscorlib.dll oleaut32.dll cryptbase.dll clbcatq.dll advapi32.dll sechost.dll ntdll.dll user32.dll KernelBase.dll gdi32.dll twinapi.appcore.dll lpk.dll usp10.dll msvcrt.dll shlwapi.dll msctf.dll ole32.dll system.data.dll oleaut32.dll ntdll.dll usp10.dll KernelBase.dll shlwapi.dll lpk.dll lpk.dll ole32.dll msvcrt.dll imm32.dll msctf.dll system.xml.ni.dll rpcrt4.dll oleaut32.dll imm32.dll cryptbase.dll advapi32.dll sechost.dll kernel32.dll ntdll.dll wow64.dll wow64win.dll wow64cpu.dll kernel32.dll kernel32.dll kernel32.dll user32.dll kernel32.dll system.enterpriseservices.ni.dll msvcrt.dll winbrand.dll user32.dll lpk.dll lpk.dll usp10.dll advapi32.dll System.dll rpcrt4.dll sspicli.dll cryptbase.dll imm32.dll msctf.dll apphelp.dll,normal
 ntdll.dll ntdll.dll wow64.dll comdlg32.dll shlwapi.dll lpk.dll kernel32.dll kernel32.dll user32.dll kernel32.dll kernelbase.dll ipnathlp.dll winbrand.dll user32.dll gdi32.dll imm32.dll usp10.dll advapi32.dll sechost.dll rpcrt4.dll cryptnet.dll usp10.dll imm32.dll msctf.dll apphelp.dll,normal
 prnfldr.dll imageres.dll imageres.dll imageres.dll kernelbase.dll,normal
 shlwapi.dll msctf.dll sfc_os.dll mpr.dll devrtl.dll searchfolder.dll advapi32.dll ieframe.dll psapi.dll mlang.dll,normal
 ntdll.dll,normal
 system.xml.ni.dll rpcrt4.dll wow64.dll wow64win.dll wow64cpu.dll kernel32.dll kernel32.dll kernel32.dll user32.dll kernel32.dll KernelBase.dll oleaut32.dll winbrand.dll user32.dll gdi32.dll kernel32.dll imebrokerps.dll advapi32.dll sechost.dll uxtheme.dll mscorlib.dll cryptbase.dll imm32.dll msctf.dll apphelp.dll,normal
 ntdll.dll kernel32.dll KernelBase.dll advapi32.dll msvcrt.dll sechost.dll rpcrt4.dll gdi32.dll user32.dll lpk.dll usp10.dll msswch.dll winmm.dll dwmapi.dll GdiPlus.dll ole32.dll oleacc.dll oleaut32.dll shlwapi.dll wmsgapi.dll duser.dll apphelp.dll imm32.dll rpcrt4.dll cryptbase.dll winmm.dll comctl32.dll xmllite.dll clbcatq.dll tabskb.dll cryptsp.dll rsaenh.dll RpcRtRemote.dll cfgmgr32.dll advapi32.dll WindowsCodecs.dll InkObj.dll ntdll.dll kernel32.dll KernelBase.dll advapi32.dll msctf.dll sechost.dll rpcrt4.dll usp10.dll mscoree.dll ole32.dll gdi32.dll user32.dll gdi32full.dll usp10.dll oleaut32.dll imm32.dll cryptbase.dll msctf.dll cryptsp.dll shell32.dll RpcRtRemote.dll clbcatq.dll presentationframework.royale.dll mscoreei.dll imm32.dll api-ms-win-core-namedpipe-l1-1-0.dll shlwapi.dll shell32.dll uxtheme.dll mscorlib.ni.dll mscorjit.dll mscorlib.dll cryptbase.dll version.dll mscorlib.dll mscorlib.dll System.ni.dll wow64.dll Microsoft.Security.ApplicationId.PolicyManagement.XmlHelper.ni.dll api-ms-win-core-sysinfo-l1-1-0.dll System.Configuration.ni.dll cryptsp.dll System.Security.ni.dll ntdll.dll kernel32.dll KernelBase.dll advapi32.dll msvcrt.dll sechost.dll rpcrt4.dll System.Windows.Forms.dll mscoree.dll ole32.dll gdi32.dll user32.dll lpk.dll kernelbase.dll System.dll imm32.dll msctf.dll cryptbase.dll kernel32.dll rsaenh.dll RpcRtRemote.dll clbcatq.dll msvcrt.dll mscoreei.dll wcp.dll msvcr80.dll RpcRtRemote.dll shell32.dll profapi.dll mscorlib.ni.dll system.transactions.dll shdocvw.dll mscorlib.dll version.dll mscorlib.dll mscorlib.dll System.ni.dll System.IdentityModel.ni.dll System.Runtime.Serialization.ni.dll System.Xml.ni.dll version.dll gdi32.dll System.Web.dll System.Web.dll imageres.dll System.Web.dll oleaut32.dll System.Configuration.ni.dll System.Data.SqlXml.ni.dll Accessibility.ni.dll System.Data.ni.dll System.Data.dll sensapi.dll taskschd.dll System.Data.dll System.Data.dll ws2_32.dll nsi.dll user32.dll msdtcvsp1res.dll System.Web.Services.ni.dll System.DirectoryServices.ni.dll System.DirectoryServices.Protocols.ni.dll System.EnterpriseServices.ni.dll System.EnterpriseServices.dll eppmanifest.dll System.Design.ni.dll System.ServiceProcess.ni.dll System.Windows.Forms.ni.dll ntshrui.dll Microsoft.VisualC.ni.dll advapi32.dll System.Transactions.dll System.Runtime.Serialization.Formatters.Soap.ni.dll System.Transactions.dll System.Transactions.dll profapi.dll System.Runtime.Remoting.ni.dll System.Runtime.Serialization.Formatters.Soap.ni.dll oleacc.dll System.Data.OracleClient.ni.dll System.Data.OracleClient.dll System.Data.OracleClient.dll System.Data.OracleClient.dll System.Data.OracleClient.dll System.Data.OracleClient.dll Accessibility.ni.dll System.Deployment.ni.dll System.Data.Services.Client.ni.dll ntdll.dll imm32.dll KernelBase.dll advapi32.dll wevtapi.dll sechost.dll rpcrt4.dll msvcr120_clr0400.dll mscoree.dll ole32.dll nsi.dll cryptbase.dll lpk.dll clrjit.dll oleaut32.dll imm32.dll msctf.dll cryptbase.dll cryptsp.dll rsaenh.dll kernel32.dll sxs.dll sxs.dll usp10.dll clr.dll shlwapi.dll mscorlib.ni.dll clrjit.dll version.dll mscorlib.dll mscorlib.dll Microsoft.Office.Tools.ni.dll System.ni.dll wow64cpu.dll Microsoft.VisualStudio.Tools.Applications.Runtime.ni.dll System.Drawing.ni.dll System.Windows.Forms.ni.dll Microsoft.VisualStudio.Tools.Applications.Hosting.ni.dll Microsoft.VisualStudio.Tools.Office.Runtime.Internal.ni.dll ntdll.dll kernel32.dll KernelBase.dll advapi32.dll msvcrt.dll sechost.dll rpcrt4.dll msvcr120_clr0400.dll mscoree.dll ole32.dll svrmgrnc.dll user32.dll lpk.dll msvcp140.dll oleaut32.dll imm32.dll msctf.dll cryptbase.dll cryptsp.dll rsaenh.dll RpcRtRemote.dll dhcpcsvc.dll sxs.dll ntdll.dll shlwapi.dll shlwapi.dll mscorlib.ni.dll clrjit.dll cryptbase.dll System.Core.ni.dll System.Deployment.ni.dll credui.dll mscorlib.dll comctl32.dll System.Security.ni.dll System.Xml.ni.dll System.Drawing.ni.dll System.Windows.Forms.ni.dll System.Configuration.ni.dll user32.dll ntdll.dll kernel32.dll KernelBase.dll advapi32.dll msvcrt.dll api-ms-win-crt-locale-l1-1-0.dll msasn1.dll user32.dll user32.dll ole32.dll lpk.dll user32.dll microsoft.powershell.commands.diagnostics.ni.dll usp10.dll gdi32.dll imm32.dll msctf.dll gpapi.dll cryptsp.dll rsaenh.dll RpcRtRemote.dll clbcatq.dll sxs.dll mscoreei.dll clr.dll shlwapi.dll mscorlib.ni.dll clrjit.dll System.ni.dll System.ServiceProcess.ni.dll version.dll mscorlib.dll mscorlib.dll devobj.dll System.Drawing.ni.dll System.Windows.Forms.ni.dll System.Core.ni.dll System.Configuration.ni.dll System.Xml.ni.dll,normal
 ntdll.dll user32.dll kernel32.dll setupapi.dll msvcrt.dll sechost.dll rpcrt4.dll gdi32.dll user32.dll lpk.dll usp10.dll ole32.dll wmsgapi.dll userenv.dll profapi.dll ws2_32.dll crypt32.dll msasn1.dll msctf.dll imm32.dll shlwapi.dll secur32.dll sspicli.dll shell32.dll cryptbase.dll cryptsp.dll fusion.dll rsaenh.dll imagehlp.dll bcrypt.dll bcryptprimitives.dll ncrypt.dll gpapi.dll dxp.dll version.dll msvcrt.dll oleaut32.dll urlmon.dll Wldap32.dll api-ms-win-downlevel-shlwapi-l1-1-0.dll api-ms-win-downlevel-advapi32-l1-1-0.dll System.Web.dll System.Activities.ni.dll kernel32.dll normaliz.dll iertutil.dll dnsapi.dll wtsapi32.dll cryptnet.dll sensapi.dll kernelbase.dll uxtheme.dll msimg32.dll vm3dum64.dll msctfmonitor.dll kernel.appcore.dll,normal
 usp10.dll kernel32.dll userenv.dll shlwapi.dll gdi32.dll user32.dll npmproxy.dll usp10.dll advapi32.dll sechost.dll rpcrt4.dll winmm.dll imm32.dll uxtheme.dll msctf.dll cryptbase.dll ntdll.dll kernel32.dll kernelbase.dll msvcrt.dll shell32.dll,normal
 ntdll.dll kernel32.dll kernelbase.dll gdi32.dll user32.dll lpk.dll usp10.dll msvcrt.dll msctf.dll msctf.dll ole32.dll rpcrt4.dll oleaut32.dll cryptbase.dll clbcatq.dll advapi32.dll sechost.dll ntdll.dll ntdll.dll wow64.dll wow64win.dll wow64cpu.dll kernel32.dll usp10.dll sechost.dll msvcrt.dll shlwapi.dll kernelbase.dll msvcrt.dll winbrand.dll user32.dll gdi32.dll lpk.dll usp10.dll advapi32.dll sechost.dll rpcrt4.dll sspicli.dll kernel32.dll system.numerics.ni.dll oleaut32.dll user32.dll,normal
 netprofm.dll netprofm.dll npfproxy.dll npmproxy.dll twinapi.appcore.dll twinapi.appcore.dll rmclient.dll rmclient.dll netprofm.dll system.enterpriseservices.ni.dll msvcrt.dll npmproxy.dll twinapi.appcore.dll twinapi.appcore.dll rmclient.dll sspicli.dll,normal
 netprofm.dll kernel32.dll kernelbase.dll msvcrt.dll oleaut32.dll msvcp_win.dll ucrtbase.dll combase.dll rpcrt4.dll bcryptprimitives.dll advapi32.dll sechost.dll windows.storage.dll shlwapi.dll gdi32.dll gdi32full.dll user32.dll win32u.dll sspicli.dll tquery.dll profapi.dll imm32.dll fltlib.dll gdi32.dll shell32.dll wow64cpu.dll cryptdll.dll ws2_32.dll ole32.dll mssprxy.dll mssph.dll,normal
 ntdll.dll rpcrt4.dll uiautomationtypes.dll advapi32.dll msvcrt.dll shdocvw.dll rpcrt4.dll msvcr120_clr0400.dll mscoree.dll ole32.dll gdi32.dll user32.dll kernel32.dll usp10.dll oleaut32.dll shlwapi.dll mscorlib.dll cryptbase.dll sechost.dll rsaenh.dll RpcRtRemote.dll clbcatq.dll sxs.dll mscoreei.dll mscorwks.dll kernel32.dll shlwapi.dll shell32.dll profapi.dll mscorlib.ni.dll mscorjit.dll cryptsp.dll mscorlib.dll version.dll mscorlib.dll usp10.dll System.ni.dll System.Management.Automation.ni.dll gdi32.dll System.Xml.ni.dll System.Configuration.Install.ni.dll System.Transactions.ni.dll System.Transactions.dll System.Transactions.dll SensApi.dll System.Transactions.dll System.Transactions.dll System.ni.dll mscoreei.dll dnsapi.dll wow64.dll userenv.dll System.Data.dll System.Data.dll kernel.appcore.dll ws2_32.dll dcomp.dll crypt32.dll msasn1.dll System.Configuration.ni.dll System.Security.ni.dll System.Data.SqlXml.ni.dll System.Runtime.Serialization.Formatters.Soap.ni.dll msctf.dll System.Windows.Forms.ni.dll Accessibility.ni.dll System.Deployment.ni.dll System.EnterpriseServices.ni.dll System.EnterpriseServices.dll System.EnterpriseServices.dll System.Runtime.Remoting.ni.dll Microsoft.VisualC.ni.dll System.Web.ni.dll System.Web.dll System.Web.dll System.Web.dll user32.dll tbs.dll System.DirectoryServices.Protocols.ni.dll System.Design.ni.dll System.ServiceProcess.ni.dll System.Web.RegularExpressions.ni.dll System.Drawing.Design.ni.dll System.Data.OracleClient.ni.dll webio.dll System.Data.OracleClient.dll dhcpcsvc6.dll wow64.dll System.Data.OracleClient.dll Microsoft.JScript.ni.dll Microsoft.Vsa.ni.dll,normal
 ntdll.dll kernel32.dll kernelbase.dll advapi32.dll msvcrt.dll shlwapi.dll rpcrt4.dll ole32.dll combase.dll gdi32.dll user32.dll oleaut32.dll advapi32.dll atl.dll imm32.dll msctf.dll kernel.appcore.dll bcryptprimitives.dll uxtheme.dll clbcatq.dll windows.storage.dll shlwapi.dll shcore.dll powrprof.dll rsaenh.dll imm32.dll ddraw.dll kernel32.dll cfgmgr32.dll bcp47langs.dll cryptsp.dll kernel32.dll rsaenh.dll cryptbase.dll user32.dll sspicli.dll srvcli.dll ntmarta.dll ntshrui.dll mscoreei.dll version.dll clr.dll msvcr120_clr0400.dll mscorlib.ni.dll system.ni.dll wintrust.dll cscapi.dll system.runtime.serialization.formatters.soap.ni.dll system.xml.ni.dll ole32.dll system.configuration.dll system.configuration.ni.dll secur32.dll sechost.dll msasn1.dll wintrust.dll gpapi.dll system.management.automation.ni.dll psapi.dll diasymreader.dll System.Xml.dll cryptbase.dll microsoft.management.infrastructure.ni.dll presentationcore.dll system.management.ni.dll user32.dll d3d10_1.dll msvcrt.dll microsoft.powershell.security.ni.dll ntdll.dll mpoav.dll api-ms-win-core-errorhandling-l1-1-0.dll ws2_32.dll nsi.dll system.data.ni.dll nsi.dll system.runtime.serialization.dll system.runtime.serialization.ni.dll smdiagnostics.dll filterlib.dll system.servicemodel.internals.dll system.servicemodel.internals.ni.dll mswsock.dll msvcrt.dll winnsi.dll clbcatq.dll dhcpcsvc.dll microsoft.powershell.commands.utility.ni.dll rasapi32.dll rasman.dll rtutils.dll winhttp.dll system.security.dll system.security.ni.dll rpcrt4.dll wbemprox.dll kernel32.dll dsrole.dll system.servicemodel.internals.dll wminet_utils.dll winbrand.dll dnsapi.dll pnrpnsp.dll rasadhlp.dll nlaapi.dll wbemsvc.dll fastprox.dll winrnr.dll wshbth.dll,empire
 ntdll.dll kernel32.dll KernelBase.dll gdi32.dll wldp.dll lpk.dll usp10.dll msvcrt.dll System.Transactions.ni.dll msctf.dll System.dll rpcrt4.dll spp.dll cryptbase.dll sensapi.dll advapi32.dll sechost.dll ntdll.dll ntdll.dll wow64.dll wow64win.dll wow64cpu.dll ole32.dll kernel32.dll kernel32.dll user32.dll kernel32.dll KernelBase.dll advapi32.dll msvcrt.dll system.security.ni.dll rpcrt4.dll setupapi.dll msvcrt.dll gdi32.dll user32.dll lpk.dll usp10.dll imm32.dll dnsapi.dll ws2_32.dll nsi.dll system.core.ni.dll dhcpcsvc.dll dhcpcsvc6.dll shell32.dll shlwapi.dll ole32.dll api-ms-win-core-registry-l2-1-0.dll oleaut32.dll cryptsp.dll rsaenh.dll RpcRtRemote.dll wevtapi.dll DrUpdate.dll ntdll.dll ntdll.dll wow64.dll wow64win.dll ole32.dll kernel32.dll devicecenter.dll kernel32.dll user32.dll kernel32.dll KernelBase.dll advapi32.dll msvcrt.dll gdi32.dll rpcrt4.dll sspicli.dll oleaccrc.dll dnsapi.dll ws2_32.dll nsi.dll winnsi.dll gdi32.dll cryptsp.dll shell32.dll shlwapi.dll kernel32.dll sensapi.dll lpk.dll usp10.dll ole32.dll imm32.dll wow64cpu.dll clbcatq.dll oleaut32.dll powrprof.dll rsaenh.dll RpcRtRemote.dll wevtapi.dll,normal
 authz.dll system.configuration.dll KernelBase.dll gdi32.dll user32.dll sspicli.dll usp10.dll msvcrt.dll imm32.dll msctf.dll ole32.dll ws2_32.dll oleaut32.dll cryptbase.dll clbcatq.dll advapi32.dll sechost.dll,normal
 ntdll.dll kernel32.dll firewallapi.dll advapi32.dll msvcrt.dll sechost.dll rpcrt4.dll rpcrt4.dll gdi32.dll lpk.dll usp10.dll ole32.dll System.Web.dll ws2_32.dll presentationframework.dll cryptdll.dll setupapi.dll cfgmgr32.dll devobj.dll authz.dll wintrust.dll msctf.dll cryptbase.dll rpcrtremote.dll clbcatq.dll cryptsp.dll rsaenh.dll netutils.dll version.dll netapi32.dll wkscli.dll atl.dll propsys.dll mscoree.dll es.dll vssapi.dll msctf.dll samlib.dll clusapi.dll user32.dll xolehlp.dll mfcsubs.dll catsrvut.dll virtdisk.dll shlwapi.dll vss_ps.dll,normal
 ntdll.dll user32.dll kernelbase.dll gdi32.dll user32.dll lpk.dll usp10.dll msvcrt.dll oleaut32.dll msctf.dll ole32.dll rpcrt4.dll npmproxy.dll user32.dll clbcatq.dll advapi32.dll sechost.dll ntdll.dll ntdll.dll wow64.dll wow64win.dll wow64cpu.dll user32.dll VAN.dll kernel32.dll user32.dll rpcrt4.dll kernelbase.dll msvcrt.dll winbrand.dll system.xml.ni.dll gdi32.dll nsi.dll usp10.dll advapi32.dll sechost.dll rpcrt4.dll sspicli.dll cryptbase.dll imm32.dll msctf.dll ole32.dll,normal
 ntdll.dll kernel32.dll kernelbase.dll usp10.dll user32.dll lpk.dll usp10.dll reachframework.ni.dll imm32.dll msctf.dll ole32.dll rpcrt4.dll oleaut32.dll,normal
 ntdll.dll dhcpcsvc.dll KernelBase.dll gdi32.dll user32.dll lpk.dll usp10.dll msvcrt.dll imm32.dll ole32.dll ole32.dll rpcrt4.dll ntdll.dll cryptbase.dll clbcatq.dll advapi32.dll sechost.dll clbcatq.dll ucrtbase.dll ntdll.dll wow64win.dll wow64cpu.dll kernel32.dll kernel32.dll kernel32.dll user32.dll kernel32.dll KernelBase.dll msvcrt.dll kernelbase.dll ole32.dll gdi32.dll user32.dll system.configuration.ni.dll sechost.dll samlib.dll sspicli.dll cryptbase.dll advapi32.dll usp10.dll sspicli.dll msctf.dll ntdll.dll clbcatq.dll vbscript.dll advapi32.dll wintrust.dll crypt32.dll msasn1.dll cryptsp.dll slc.dll msisip.dll wshext.dll comctl32.dll shell32.dll scrobj.dll msi.dll scrrun.dll sxs.dll SensApi.dll,normal
 ntdll.dll ole32.dll wow64win.dll microsoft.jscript.ni.dll kernel32.dll kernel32.dll usp10.dll oleaut32.dll wldp.dll msvcrt.dll wintrust.dll user32.dll slc.dll sechost.dll rpcrt4.dll sspicli.dll cryptbase.dll lpk.dll kerberos.dll wow64cpu.dll msctf.dll shlwapi.dll tdh.dll clbcatq.dll msctf.dll mscoree.dll mscoreei.dll fusion.dll clr.dll dwmapi.dll msvcr120_clr0400.dll ntdll.dll ntdll.dll kernel32.dll kernel32.dll kernel32.dll cryptbase.dll msvcrt.dll rpcrt4.dll gdi32.dll user32.dll imm32.dll System.Data.dll usp10.dll ole32.dll oleaut32.dll imm32.dll mscorsvc.dll secur32.dll,normal
 ntdll.dll nsi.dll KernelBase.dll gdi32.dll user32.dll lpk.dll usp10.dll clbcatq.dll imm32.dll msctf.dll wrpint.dll rpcrt4.dll oleaut32.dll cryptbase.dll clbcatq.dll advapi32.dll sechost.dll ntdll.dll ntdll.dll wow64.dll wow64win.dll wow64cpu.dll kernel32.dll kernel32.dll kernel32.dll user32.dll cryptsp.dll auxiliarydisplayclassinstaller.dll msvcrt.dll winbrand.dll user32.dll wow64cpu.dll lpk.dll msvcrt.dll advapi32.dll sechost.dll rpcrt4.dll user32.dll api-ms-win-core-profile-l1-1-0.dll imm32.dll msctf.dll rpcrt4.dll,normal
 ntdll.dll wow64.dll wow64win.dll dps.dll kernel32.dll system.directoryservices.protocols.ni.dll oleaut32.dll oleaut32.dll ole32.dll rpcrtremote.dll gdi32.dll conhostv1.dll sechost.dll sechost.dll rpcrt4.dll sspicli.dll cryptbase.dll lpk.dll usp10.dll wow64cpu.dll msctf.dll System.DirectoryServices.Protocols.dll System.Runtime.Remoting.dll clbcatq.dll mscoree.dll mscoreei.dll fusion.dll microsoft.powershell.consolehost.ni.dll clr.dll msvcr120_clr0400.dll msctf.dll ntdll.dll ntdll.dll kernel32.dll kernel32.dll kernel32.dll kernelbase.dll msvcrt.dll advapi32.dll rpcrt4.dll system.transactions.ni.dll shlwapi.dll NlsData0018.dll user32.dll user32.dll lpk.dll usp10.dll ole32.dll oleaut32.dll imm32.dll KernelBase.dll setupapi.dll devobj.dll advapi32.dll fusion.dll windows.applicationmodel.background.systemeventsbroker.dll taskschd.dll mscorsvc.dll lpk.dll msvcp_win.dll msvcr120_clr0400.dll mscoree.dll user32.dll ntshrui.dll clr.dll clr.dll wtsapi32.dll powrprof.dll clbcatq.dll kernelbase.dll taskschd.dll igc64.dll kernel.appcore.dll System.Deployment.dll mscorwks.dll mscorwks.dll mscorwks.dll mscorwks.dll mscorwks.dll mscorwks.dll mscorwks.dll mscorwks.dll mscorwks.dll mscorwks.dll mscorwks.dll mscorwks.dll bcryptprimitives.dll system.web.services.ni.dll ntdll.dll mscorwks.dll mscorwks.dll mscorwks.dll lpk.dll mscorwks.dll mscorwks.dll mscorwks.dll wcp.dll user32.dll kernel32.dll mscorwks.dll mscorwks.dll mscorwks.dll mscorwks.dll mscorwks.dll mscorwks.dll mscorwks.dll mscorwks.dll mscorwks.dll mscorwks.dll mscorwks.dll mscorwks.dll mscorwks.dll version.dll mscorwks.dll mscorwks.dll oleaut32.dll mscorwks.dll mscorwks.dll mscorwks.dll mscorwks.dll mscorwks.dll mscorwks.dll apphelp.dll api-ms-win-core-namedpipe-l1-1-0.dll rsaenh.dll rpcrtremote.dll sxs.dll,normal
 ntdll.dll ntdll.dll mscorsec.dll wow64win.dll wow64cpu.dll kernel32.dll kernel32.dll kernel32.dll user32.dll familysafetyext.dll kernelbase.dll msvcrt.dll oleaut32.dll ole32.dll gdi32.dll user32.dll oleaut32.dll clbcatq.dll rpcrt4.dll sspicli.dll cryptbase.dll lpk.dll usp10.dll ntdll.dll imm32.dll msctf.dll sxs.dll rpcrt4.dll advapi32.dll vbscript.dll crypt32.dll System.AddIn.ni.dll msasn1.dll cryptsp.dll rsaenh.dll sensapi.dll perfctrs.dll rsaenh.dll shlwapi.dll comctl32.dll scrobj.dll msi.dll scrrun.dll,normal
 system.runtime.serialization.dll shcore.dll user32.dll profapi.dll esent.dll bcrypt.dll appxdeploymentserver.dll tdh.dll wevtapi.dll urlmon.dll appxpackaging.dll xmllite.dll opcservices.dll ole32.dll sspicli.dll iertutil.dll advapi32.dll RpcRtRemote.dll rsaenh.dll appxstreamingdatasourceps.dll,normal
 msjter40.dll kernel32.dll kernelbase.dll coremessaging.dll clbcatq.dll gdi32.dll user32.dll lpk.dll usp10.dll Display.dll ieframe.dll msctf.dll cryptbase.dll clbcatq.dll advapi32.dll sechost.dll oleaut32.dll wevtapi.dll rsaenh.dll rpcrtremote.dll uxtheme.dll thumbcache.dll advapi32.dll comctl32.dll psapi.dll propsys.dll shell32.dll,normal
 ntdll.dll ntdll.dll wow64.dll dhcpcsvc6.dll wow64cpu.dll kernel32.dll lpk.dll kernel32.dll msswch.dll kernel32.dll KernelBase.dll advapi32.dll wevtapi.dll certCredProvider.dll rpcrt4.dll sspicli.dll cryptbase.dll ntdll.dll advapi32.dll version.dll system.runtime.remoting.ni.dll user32.dll lpk.dll usp10.dll oleaut32.dll wups2.dll wevtapi.dll user32.dll rsaenh.dll RpcRtRemote.dll clbcatq.dll sxs.dll cryptsp.dll clr.dll shlwapi.dll mscorlib.ni.dll clrjit.dll System.ni.dll System.Core.ni.dll WindowsBase.ni.dll PresentationCore.ni.dll mswsock.dll PresentationCore.dll PresentationCore.dll mscorlib.dll imm32.dll WindowsBase.dll WindowsBase.dll System.Core.dll System.Core.dll System.dll System.dll System.Xaml.ni.dll System.Xaml.dll System.Xaml.dll UIAutomationTypes.ni.dll shcore.dll UIAutomationTypes.dll System.Configuration.ni.dll System.Configuration.dll System.Configuration.dll UIAutomationProvider.ni.dll UIAutomationProvider.dll UIAutomationProvider.dll System.Windows.Input.Manipulations.ni.dll System.Xml.ni.dll System.Xml.dll mscoreei.dll System.Deployment.ni.dll System.Deployment.dll System.Deployment.dll Accessibility.ni.dll imagehlp.dll Accessibility.dll System.Security.ni.dll System.Security.dll System.Security.dll kernel32.dll System.Numerics.dll System.Numerics.dll,normal
 ntdll.dll kernel32.dll KernelBase.dll advapi32.dll shell32.dll sechost.dll rpcrt4.dll user32.dll gdi32.dll lpk.dll KernelBase.dll ole32.dll comctl32.dll shlwapi.dll usp10.dll dui70.dll ntdll.dll msctf.dll msswch.dll system.directoryservices.protocols.ni.dll kernel32.dll KernelBase.dll gdi32.dll gdi32.dll lpk.dll cryptbase.dll fusion.dll imm32.dll msctf.dll ole32.dll rpcrt4.dll oleaut32.dll cryptbase.dll clbcatq.dll version.dll msctf.dll ntdll.dll ntdll.dll wow64.dll rpcrt4.dll wow64cpu.dll kernel32.dll kernel32.dll kernel32.dll user32.dll kernel32.dll KernelBase.dll msvcrt.dll oleaut32.dll user32.dll gdi32.dll user32.dll advapi32.dll sechost.dll ntdll.dll sspicli.dll cryptbase.dll lpk.dll kernel32.dll version.dll KernelBase.dll msctf.dll sxs.dll clbcatq.dll advapi32.dll advapi32.dll wintrust.dll crypt32.dll msasn1.dll cryptsp.dll rsaenh.dll system.windows.forms.dll wshext.dll comctl32.dll shell32.dll shlwapi.dll scrobj.dll msi.dll scrrun.dll,normal
 dwmapi.dll dwmapi.dll,normal
 ntdll.dll atlthunk.dll wow64.dll wow64win.dll wow64cpu.dll kernel32.dll kernel32.dll kernel32.dll user32.dll kernel32.dll clbcatq.dll advapi32.dll msvcrt.dll system.data.sqlxml.ni.dll rpcrt4.dll sspicli.dll cryptbase.dll msvcr120_clr0400.dll mscoree.dll ole32.dll advapi32.dll user32.dll mscorlib.ni.dll usp10.dll oleaut32.dll imm32.dll msctf.dll cryptsp.dll rsaenh.dll api-ms-win-downlevel-ole32-l1-1-0.dll clbcatq.dll rsaenh.dll dnsapi.dll clr.dll cabinet.dll mscorlib.ni.dll clrjit.dll Microsoft.Powershell.Workflow.ServiceCore.dll Microsoft.Powershell.Workflow.ServiceCore.dll version.dll userenv.dll msctf.dll wow64win.dll System.Core.ni.dll radardt.dll dwmapi.dll System.Activities.dll ntdll.dll cryptbase.dll System.Activities.dll System.Activities.dll sstpsvc.dll sxs.dll System.Core.dll System.Core.dll System.dll System.dll System.Runtime.DurableInstancing.ni.dll System.Runtime.DurableInstancing.dll System.Runtime.DurableInstancing.dll System.Runtime.DurableInstancing.dll System.Runtime.DurableInstancing.dll System.Runtime.DurableInstancing.dll System.Runtime.DurableInstancing.dll System.Management.ni.dll System.Management.dll System.Management.dll mscoreei.dll Microsoft.Management.Infrastructure.dll Microsoft.Management.Infrastructure.dll System.Transactions.ni.dll System.Transactions.dll wcp.dll System.Transactions.dll System.Transactions.dll System.Transactions.dll System.Transactions.dll System.Transactions.dll System.ServiceModel.Internals.ni.dll System.ServiceModel.Internals.dll wininet.dll System.ServiceModel.Internals.dll System.ServiceModel.Internals.dll System.ServiceModel.Internals.dll imm32.dll System.Transactions.dll System.Xml.Linq.dll System.Xml.Linq.dll System.Xml.Linq.dll System.Xml.Linq.dll System.Xml.Linq.dll msvcr120_clr0400.dll System.Xaml.ni.dll bcrypt.dll ntdll.dll System.Xaml.dll System.Xaml.dll System.Xaml.dll clbcatq.dll System.Xml.ni.dll System.Xml.dll msvcrt.dll System.Xml.dll System.Xml.dll System.Xml.dll rpcrt4.dll Microsoft.Build.ni.dll Microsoft.Build.dll msctf.dll Microsoft.Build.Framework.ni.dll Microsoft.Build.Framework.dll Microsoft.Build.Framework.dll System.Runtime.Serialization.ni.dll msadox.dll System.Runtime.Serialization.dll System.Runtime.Serialization.dll System.Runtime.Serialization.dll System.Runtime.Serialization.dll System.Runtime.Serialization.dll System.Security.ni.dll System.Security.dll System.Security.dll cryptsp.dll System.Security.dll System.Security.dll System.Security.dll Microsoft.PowerShell.Commands.Management.ni.dll Microsoft.Management.Infrastructure.CimCmdlets.ni.dll Microsoft.Powershell.Commands.Management.dll oleaut32.dll Microsoft.Management.Infrastructure.CimCmdlets.dll corperfmonext.dll SMDiagnostics.ni.dll SMDiagnostics.dll SMDiagnostics.dll SMDiagnostics.dll SMDiagnostics.dll SMDiagnostics.dll SMDiagnostics.dll webio.dll Microsoft.Management.Infrastructure.Native.dll system.security.ni.dll bcrypt.dll bcryptprimitives.dll Microsoft.PowerShell.Workflow.ServiceCore.ni.dll ntdll.dll kernel32.dll KernelBase.dll msvcrt.dll sechost.dll kernel32.dll advapi32.dll rasadhlp.dll gdi32.dll user32.dll lpk.dll usp10.dll clrjit.dll msctf.dll cryptbase.dll clbcatq.dll kernelbase.dll ws2_32.dll nsi.dll winscard.dll sspicli.dll winnsi.dll authz.dll comctl32.dll KernelBase.dll wship6.dll credssp.dll version.dll ole32.dll dhcpcsvc6.dll sechost.dll FirewallAPI.dll FwRemoteSvr.dll,normal
 ntdll.dll kernel32.dll wow64.dll clrjit.dll wow64cpu.dll kernel32.dll kernel32.dll kernel32.dll user32.dll kernel32.dll KernelBase.dll msvcrt.dll winbrand.dll user32.dll netprofm.dll lpk.dll wow64win.dll advapi32.dll sechost.dll rpcrt4.dll sspicli.dll cryptbase.dll imm32.dll msctf.dll apphelp.dll gdi32.dll usp10.dll KernelBase.dll advapi32.dll msvcrt.dll sechost.dll rpcrt4.dll msvcr120_clr0400.dll mscoree.dll ole32.dll gdi32.dll user32.dll lpk.dll sensapi.dll System.dll imm32.dll msctf.dll wow64cpu.dll windows.web.http.dll rsaenh.dll networkexplorer.dll oleaut32.dll sxs.dll mscoreei.dll usercpl.dll shlwapi.dll usp10.dll sfc.dll System.ni.dll System.Core.ni.dll System.Data.ni.dll version.dll system.web.dll System.Data.dll msctf.dll mscorlib.dll System.Data.dll System.Xml.ni.dll System.Transactions.ni.dll System.Transactions.dll System.Transactions.dll sechost.dll System.Numerics.ni.dll api-ms-win-core-registry-l1-1-0.dll System.EnterpriseServices.ni.dll cryptbase.dll ntdll.dll ole32.dll omadmapi.dll wow64win.dll user32.dll kernel32.dll System.Transactions.dll kernel32.dll ntdll.dll kernel32.dll System.ni.dll cryptsp.dll msvcrt.dll system.design.dll rpcrt4.dll sspicli.dll cryptbase.dll lpk.dll mscoree.dll ole32.dll gdi32.dll mscorlib.dll propsys.dll usp10.dll oleaut32.dll imm32.dll msctf.dll cryptsp.dll spoolss.dll RpcRtRemote.dll clbcatq.dll sxs.dll mscoreei.dll dnsapi.dll msvcr80.dll shlwapi.dll shell32.dll profapi.dll mscorlib.ni.dll imm32.dll mscorlib.dll shlwapi.dll version.dll ws2_32.dll mscorlib.dll System.ni.dll Microsoft.Powershell.Core.Activities.dll MMCFxCommon.dll dhcpcsvc6.dll System.dll System.dll System.dll System.dll System.Drawing.ni.dll System.Windows.Forms.ni.dll System.Windows.Forms.dll System.Windows.Forms.dll System.Drawing.dll System.Windows.Forms.dll System.Drawing.dll System.Drawing.dll System.Drawing.dll System.Drawing.dll System.Configuration.ni.dll System.configuration.dll System.configuration.dll System.configuration.dll System.configuration.dll System.Xml.ni.dll System.XML.dll System.XML.dll winbrand.dll user32.dll System.Security.ni.dll System.Security.dll System.Security.dll System.Security.dll System.Security.dll rsaenh.dll System.Data.SqlXml.dll System.Data.SqlXml.dll System.Data.SqlXml.dll System.Data.SqlXml.dll apphelp.dll Accessibility.dll Accessibility.dll Accessibility.dll ntdll.dll System.Runtime.Serialization.Formatters.Soap.ni.dll System.Runtime.Serialization.Formatters.Soap.dll System.Runtime.Serialization.Formatters.Soap.dll System.Deployment.ni.dll System.Deployment.dll System.Deployment.dll System.Deployment.dll cryptbase.dll ntdll.dll ntdll.dll wow64.dll wow64win.dll wow64cpu.dll kernel32.dll kernel32.dll kernel32.dll user32.dll kernel32.dll KernelBase.dll advapi32.dll msvcrt.dll sechost.dll rpcrt4.dll sspicli.dll cryptbase.dll bcryptprimitives.dll oleaut32.dll usp10.dll gdi32.dll bcrypt.dll lpk.dll usp10.dll oleaut32.dll imm32.dll msctf.dll cryptsp.dll rsaenh.dll RpcRtRemote.dll clbcatq.dll Microsoft.VisualStudio.Tools.Office.Word.HostAdapter.v10.0.ni.dll mscoreei.dll mscorwks.dll wow64win.dll shlwapi.dll imm32.dll profapi.dll mscorlib.ni.dll mscorjit.dll usp10.dll ntdll.dll version.dll mscorlib.dll usp10.dll PresentationFramework.Royale.ni.dll System.ni.dll WindowsBase.ni.dll PresentationFramework.Royale.dll PresentationFramework.Royale.dll dhcpcsvc.dll PresentationFramework.Royale.dll netutils.dll PresentationFramework.ni.dll kernelbase.dll PresentationFramework.dll PresentationFramework.dll PresentationFramework.dll WindowsBase.dll WindowsBase.dll WindowsBase.dll WindowsBase.dll System.dll System.dll System.dll system.configuration.dll PresentationCore.dll System.Core.ni.dll PresentationCore.dll rpcrt4.dll,normal
 wtsapi32.dll kernel32.dll KernelBase.dll gdi32.dll system.security.dll lpk.dll usp10.dll msvcrt.dll imm32.dll msctf.dll ole32.dll rpcrt4.dll sspicli.dll uxtheme.dll dwmapi.dll advapi32.dll sechost.dll comctl32.dll oleaut32.dll ole32.dll clbcatq.dll shell32.dll comctl32.dll oleacc.dll imecfm.dll version.dll,normal
 xmllite.dll imm32.dll mfmediaengine.dll mfmediaengine.dll windows.shell.servicehostbuilder.dll windows.shell.servicehostbuilder.dll ws2_32.dll ws2_32.dll usp10.dll wow64.dll mfsrcsnk.dll propsys.dll resampledmo.dll msdmo.dll msdmo.dll mfmediaengine.dll mfmediaengine.dll xmllite.dll xmllite.dll windows.shell.servicehostbuilder.dll windows.shell.servicehostbuilder.dll WinSCard.dll mswsock.dll ws2_32.dll ws2_32.dll mfsrcsnk.dll mfsrcsnk.dll msctf.dll msdmo.dll msdmo.dll xmllite.dll xmllite.dll ws2_32.dll ws2_32.dll mfmediaengine.dll mfmediaengine.dll windows.shell.servicehostbuilder.dll windows.shell.servicehostbuilder.dll windows.media.dll windows.media.dll kernel32.dll mfsrcsnk.dll imagehlp.dll clipc.dll ntmarta.dll windows.shell.servicehostbuilder.dll windows.shell.servicehostbuilder.dll,normal
 taskschd.dll xmllite.dll,normal
 kernel32.dll ntdll.dll wow64.dll wow64win.dll IDStore.dll kernel32.dll System.Security.dll imm32.dll user32.dll webio.dll kernelbase.dll advapi32.dll kernelbase.dll sechost.dll rpcrt4.dll sspicli.dll cryptbase.dll sechost.dll lpk.dll nsi.dll winnsi.dll dhcpcsvc.dll dhcpcsvc6.dll shell32.dll shlwapi.dll gdi32.dll user32.dll lpk.dll cryptbase.dll ole32.dll imm32.dll msctf.dll clbcatq.dll oleaut32.dll cryptsp.dll GdiPlus.dll rpcrtremote.dll wevtapi.dll ntdll.dll clbcatq.dll wow64.dll wow64win.dll wow64cpu.dll kernel32.dll kernel32.dll kernel32.dll user32.dll system.configuration.dll kernelbase.dll msvcrt.dll winbrand.dll msctf.dll gdi32.dll lpk.dll usp10.dll advapi32.dll gdi32.dll gdi32.dll sspicli.dll Microsoft.Office.Tools.Common.ni.dll imm32.dll msctf.dll apphelp.dll,normal
 ntdll.dll wow64.dll wow64win.dll wow64cpu.dll kernel32.dll profapi.dll KernelBase.dll advapi32.dll msvcrt.dll sechost.dll bcryptprimitives.dll sspicli.dll cryptbase.dll ole32.dll kernelbase.dll user32.dll lpk.dll ole32.dll oleaut32.dll imm32.dll msctf.dll shlwapi.dll version.dll cryptbase.dll winsta.dll setupapi.dll cfgmgr32.dll devobj.dll mscoree.dll mscoreei.dll fusion.dll wcp.dll clr.dll msvcr120_clr0400.dll kernel32.dll clr.dll ntdll.dll kernel32.dll kernel32.dll user32.dll mscorsvc.dll taskschd.dll gdi32.dll system.windows.forms.dll mscorwks.dll mscorwks.dll msvcrt.dll shcore.dll mscorwks.dll mscorwks.dll mscorwks.dll mscorwks.dll mscorwks.dll mscorwks.dll KernelBase.dll mscorwks.dll mscorwks.dll wow64.dll mscorwks.dll mscorwks.dll mscorwks.dll winbrand.dll mscorlib.dll mscorwks.dll mscorwks.dll shlwapi.dll mscorwks.dll msctf.dll mscorwks.dll mscorwks.dll mscorwks.dll mscorwks.dll mscorwks.dll ntdll.dll winbrand.dll mscorwks.dll mscorwks.dll mscorwks.dll mscorwks.dll mscorwks.dll mscorwks.dll mscorwks.dll mscorwks.dll mscorwks.dll mscorwks.dll mscorwks.dll mscorwks.dll mscorwks.dll cryptsp.dll mscorwks.dll mscorwks.dll mscorwks.dll mscorwks.dll mscorwks.dll apphelp.dll cryptsp.dll sqmapi.dll api-ms-win-core-synch-l1-1-0.dll profapi.dll mscorwks.dll oleaut32.dll mscorwks.dll mscorwks.dll clbcatq.dll mscorwks.dll mscorwks.dll mscorwks.dll mscorwks.dll mscorwks.dll mscorwks.dll mscorwks.dll mscorwks.dll mscorwks.dll mscorwks.dll KernelBase.dll wow64cpu.dll mscorwks.dll mscorwks.dll secur32.dll user32.dll mscorwks.dll mscorjit.dll mscorwks.dll mscorwks.dll mscorwks.dll mscorwks.dll system.web.regularexpressions.dll windows.cloudstore.schema.shell.dll mscorwks.dll mscorwks.dll mscorwks.dll auditcse.dll mscorwks.dll mscorwks.dll oleaut32.dll mscorwks.dll npmproxy.dll mscorwks.dll mscorwks.dll mscorwks.dll mscorwks.dll mscorwks.dll system.drawing.design.dll mscorwks.dll mscorwks.dll KernelBase.dll user32.dll mscorwks.dll mscorwks.dll,normal
 kernel32.dll ntdll.dll wow64.dll wow64win.dll wow64cpu.dll kernel32.dll kernel32.dll ole32.dll user32.dll kernel32.dll KernelBase.dll msvcrt.dll winbrand.dll user32.dll kernel32.dll lpk.dll usp10.dll system.numerics.dll oleaut32.dll rpcrt4.dll sspicli.dll cryptbase.dll imm32.dll msctf.dll apphelp.dll,normal
 System.ServiceModel.Web.dll userenv.dll api-ms-win-crt-stdio-l1-1-0.dll msvcrt.dll ole32.dll gdi32.dll user32.dll sechost.dll winnsi.dll KernelBase.dll advapi32.dll sechost.dll oleaut32.dll shlwapi.dll imm32.dll msctf.dll shell32.dll profapi.dll wucltux.dll gdi32.dll msimg32.dll shell32.dll oleacc.dll slc.dll uxtheme.dll duser.dll cabinet.dll crypt32.dll msasn1.dll WindowsCodecs.dll wintrust.dll comctl32.dll System.Configuration.ni.dll msvcr120_clr0400.dll cryptsp.dll rsaenh.dll RpcRtRemote.dll wups2.dll ntdll.dll kernel32.dll KernelBase.dll advapi32.dll dwmapi.dll sechost.dll rsaenh.dll gdi32.dll usp10.dll lpk.dll system.directoryservices.protocols.ni.dll ole32.dll msimg32.dll wmsgapi.dll wtsapi32.dll winmm.dll audioses.dll profapi.dll winsta.dll crypt32.dll msasn1.dll mtf.dll msctf.dll System.Web.RegularExpressions.ni.dll user32.dll comctl32.dll shlwapi.dll secur32.dll version.dll shell32.dll mscoreei.dll uxtheme.dll dwmapi.dll wintrust.dll cryptsp.dll rsaenh.dll cryptsp.dll bcrypt.dll rsaenh.dll cryptbase.dll gpapi.dll cryptnet.dll lpk.dll version.dll clbcatq.dll oleaut32.dll kernel32.dll api-ms-win-downlevel-ole32-l1-1-0.dll api-ms-win-downlevel-shlwapi-l1-1-0.dll api-ms-win-downlevel-advapi32-l1-1-0.dll winnsi.dll api-ms-win-downlevel-version-l1-1-0.dll api-ms-win-downlevel-normaliz-l1-1-0.dllnormaliz.dll iertutil.dll wininet.dll api-ms-win-core-localization-l1-2-0.dll authui.dll cryptui.dll GdiPlus.dll rpcrt4.dll oleacc.dll imm32.dll MMDevAPI.dll propsys.dll imecfm.dll xmllite.dll mscorjit.dll setupapi.dll kernel32.dll devobj.dll msutb.dll,normal
 msftedit.dll,normal
 sendmail.dll mydocs.dll,normal
 ntdll.dll msctf.dll kernelbase.dll gdi32.dll user32.dll lpk.dll usp10.dll msvcrt.dll imm32.dll msctf.dll ole32.dll rpcrt4.dll oleaut32.dll cryptbase.dll clbcatq.dll advapi32.dll sechost.dll ntdll.dll kernel32.dll kernelbase.dll wshqos.dll user32.dll api-ms-win-downlevel-shell32-l1-1-0.dll usp10.dll msvcrt.dll gdi32.dll msctf.dll ole32.dll ole32.dll oleaut32.dll cryptbase.dll xmllite.dll version.dll sechost.dll ntdll.dll ntdll.dll kernel32.dll wow64win.dll wow64cpu.dll kernel32.dll kernel32.dll kernel32.dll user32.dll napinsp.dll kernelbase.dll advapi32.dll devobj.dll uxtheme.dll rpcrt4.dll sechost.dll cryptbase.dll dnsapi.dll ws2_32.dll nsi.dll winnsi.dll dhcpcsvc.dll dnsapi.dll shell32.dll shlwapi.dll gdi32.dll user32.dll sechost.dll usp10.dll ole32.dll imm32.dll msctf.dll clbcatq.dll oleaut32.dll System.Core.dll rsaenh.dll rpcrtremote.dll wevtapi.dll ntdll.dll SensApi.dll kernelbase.dll gdi32.dll user32.dll clbcatq.dll kernelbase.dll msvcrt.dll imm32.dll msctf.dll ole32.dll rpcrt4.dll sensapi.dll cryptbase.dll clbcatq.dll advapi32.dll sechost.dll ntdll.dll kernel32.dll kernelbase.dll api-ms-win-crt-filesystem-l1-1-0.dll user32.dll system.data.oracleclient.ni.dll usp10.dll lpk.dll imm32.dll msctf.dll ole32.dll sechost.dll oleaut32.dll gdi32.dll clbcatq.dll perfts.dll sechost.dll,normal
 ntdll.dll kernel32.dll oleaut32.dll advapi32.dll msvcrt.dll oleaut32.dll apphelp.dll rpcrt4.dll secur32.dll crypt32.dll sechost.dll combase.dll gdi32.dll user32.dll sspicli.dll msasn1.dll userenv.dll profapi.dll wtsapi32.dll windows.storage.dll wintrust.dll user32.dll version.dll gdi32.dll,normal
 ntdll.dll kernel32.dll KernelBase.dll gdi32.dll user32.dll lpk.dll usp10.dll msvcrt.dll imm32.dll msctf.dll wow64.dll api-ms-win-devices-config-l1-1-0.dll oleaut32.dll oleaut32.dll clbcatq.dll advapi32.dll sechost.dll ntdll.dll rsaenh.dll wow64.dll wow64win.dll system.data.entity.design.ni.dll kernel32.dll kernel32.dll kernel32.dll user32.dll kernel32.dll KernelBase.dll wkscli.dll kernelbase.dll Microsoft.Windows.Diagnosis.SDHost.ni.dll gdi32.dll lpk.dll usp10.dll advapi32.dll sechost.dll rpcrt4.dll sspicli.dll cryptbase.dll imm32.dll sxs.dll ole32.dll,normal
 ntdll.dll wecsvc.dll kernelbase.dll msasn1.dll combase.dll rpcrt4.dll kernel.appcore.dll bcryptprimitives.dll clbcatq.dll wow64.dll gdi32.dll sechost.dll cryptsp.dll bcrypt.dll rsaenh.dll rpcrt4.dll idstore.dll userenv.dll profapi.dll,normal
 ntdll.dll kernel32.dll KernelBase.dll msi.dll msvcrt.dll sechost.dll wship6.dll user32.dll user32.dll lpk.dll cryptsp.dll comctl32.dll shlwapi.dll imm32.dll msctf.dll ole32.dll sppwinob.dll shell32.dll winbrand.dll slc.dll sppcommdlg.dll shlwapi.dll clbcatq.dll cryptsp.dll rsaenh.dll kernelbase.dll user32.dll crypt32.dll SensApi.dll sppcomapi.dll sppcext.dll WinSCard.dll winhttp.dll webio.dll rsaenh.dll System.ni.dll nsi.dll setupapi.dll cfgmgr32.dll devobj.dll rasman.dll tapi32.dll wtsapi32.dll cryptui.dll msi.dll kernel.appcore.dll sxs.dll,normal
 version.dll kernel32.dll KernelBase.dll rpcrt4.dll gdi32.dll lpk.dll usp10.dll msvcrt.dll advapi32.dll sechost.dll wercplsupport.dll shell32.dll shlwapi.dll msctf.dll ntshrui.dll api-ms-win-downlevel-shlwapi-l1-1-0.dll tquery.dll msctf.dll cryptbase.dll ieframe.dll ole32.dll fusion.dll IEShims.dll uxtheme.dll user32.dll urlmon.dll api-ms-win-downlevel-advapi32-l1-1-0.dll userenv.dll System.Runtime.Caching.dll dwmapi.dll secur32.dll usp10.dll ws2_32.dll nsi.dll mswsock.dll api-ms-win-downlevel-shlwapi-l2-1-0.dll api-ms-win-downlevel-shell32-l1-1-0.dll oleaut32.dll clbcatq.dll cryptsp.dll rsaenh.dll RpcRtRemote.dll wship6.dll winnsi.dll iertutil.dll api-ms-win-downlevel-version-l1-1-0.dll user32.dll comctl32.dll dnsapi.dll comdlg32.dll ieproxy.dll rasadhlp.dll netutils.dll srvcli.dll api-ms-win-core-timezone-l1-1-0.dll wininet.dll apphelp.dll crypt32.dll msasn1.dll api-ms-win-downlevel-advapi32-l2-1-0.dll ieui.dll winmm.dll winhttp.dll WindowsCodecs.dll MsCtfMonitor.dll advapi32.dll nlaapi.dll duser.dll dui70.dll npmproxy.dll msimg32.dll netapi32.dll msswch.dll ExplorerFrame.dll dhcpcsvc6.dll dhcpcsvc.dll mlang.dll kernel32.dll sxs.dll setupapi.dll cfgmgr32.dll devobj.dll ntmarta.dll Wldap32.dll msxml3.dll kernel.appcore.dll msxml3.dll msxml3.dll webservices.dll msxml3.dll xmllite.dll wshqos.dll wshqos.dll wshqos.dll setupapi.dll system.transactions.dll schannel.dll ncrypt.dll bcryptprimitives.dll wow64win.dll lpk.dll gpapi.dll cryptnet.dll SensApi.dll dwmapi.dll api-ms-win-crt-runtime-l1-1-0.dll ucrtbase.dll api-ms-win-core-timezone-l1-1-0.dll api-ms-win-core-file-l2-1-0.dll kernel32.dll srvcli.dll user32.dll api-ms-win-core-file-l1-2-0.dll system.xml.ni.dll api-ms-win-crt-heap-l1-1-0.dll api-ms-win-crt-stdio-l1-1-0.dll api-ms-win-crt-convert-l1-1-0.dll msswch.dll winmm.dll mssprxy.dll wmp.dll wmp.dll kernel32.dll wmp.dll advapi32.dll winnsi.dll tquery.dll StructuredQuery.dll linkinfo.dll msvcrt.dll wevtapi.dll samlib.dll samcli.dll nsi.dll cscapi.dll slc.dll msswch.dll winmm.dll msswch.dll winmm.dll tquery.dll,normal
 ntdll.dll kernel32.dll uxtheme.dll gdi32.dll user32.dll lpk.dll usp10.dll msvcrt.dll imm32.dll msctf.dll ole32.dll msctf.dll oleaut32.dll cryptbase.dll clbcatq.dll advapi32.dll microsoft.vsa.ni.dll ntdll.dll kernel32.dll kernelbase.dll msvcrt.dll user32.dll msimg32.dll usp10.dll msvcrt.dll imm32.dll msctf.dll ole32.dll uxtheme.dll sechost.dll cryptbase.dll kernel32.dll advapi32.dll sechost.dll,normal
 system.ni.dll api-ms-win-core-debug-l1-1-1.dll kernelbase.dll advapi32.dll crypt32.dll cryptdll.dll netapi32.dll ole32.dll oleaut32.dll rpcrt4.dll imm32.dll samlib.dll secur32.dll shell32.dll ntdll.dll userenv.dll version.dll setupapi.dll winsta.dll msasn1.dll msvcrt.dll wow64cpu.dll sechost.dll netutils.dll srvcli.dll wkscli.dll combase.dll usp10.dll profapi.dll cfgmgr32.dll sspicli.dll cryptsp.dll vbajet32.dll sspicli.dll nsi.dll msctf.dll winscard.dll wldap32.dll cryptbase.dll bcryptprimitives.dll rsaenh.dll wintrust.dll msvcrt.dll shcore.dll bcrypt.dll,mimikatz
 ntdll.dll imm32.dll wow64.dll wow64win.dll wow64cpu.dll sechost.dll kernel32.dll kernel32.dll user32.dll kernel32.dll kernelbase.dll advapi32.dll msvcrt.dll sechost.dll rpcrt4.dll sspicli.dll cryptbase.dll dnsapi.dll ws2_32.dll nsi.dll winnsi.dll dhcpcsvc.dll system.runtime.remoting.ni.dll msctf.dll shlwapi.dll lpk.dll user32.dll msvcrt.dll usp10.dll ole32.dll imm32.dll msctf.dll clbcatq.dll oleaut32.dll cryptsp.dll ws2_32.dll msvcr120_clr0400.dll gdi32.dll,normal
 ntdll.dll user32.dll wow64.dll userenv.dll wow64cpu.dll kernel32.dll kernel32.dll kernel32.dll user32.dll wintrust.dll KernelBase.dll winhttp.dll msvcrt.dll sechost.dll rpcrt4.dll sspicli.dll cryptbase.dll ole32.dll ole32.dll shell32.dll user32.dll lpk.dll usp10.dll wsock32.dll usp10.dll msctf.dll shlwapi.dll wevtapi.dll shlwapi.dll ntdll.dll kernel32.dll KernelBase.dll advapi32.dll msvcrt.dll sechost.dll kernel32.dll KernelBase.dll gdi32.dll user32.dll api-ms-win-service-private-l1-1-0.dll usp10.dll imm32.dll msctf.dll mscorlib.ni.dll ole32.dll cryptbase.dll api-ms-win-core-xstate-l2-1-0.dll clrjit.dll api-ms-win-core-xstate-l2-1-0.dll cryptsp.dll rsaenh.dll winbrand.dll System.Drawing.ni.dll System.Windows.Forms.ni.dll ntmarta.dll Wldap32.dll RpcRtRemote.dll sensapi.dll msctf.dll System.Xml.ni.dll nlaapi.dll dnsapi.dll psapi.dll mscoree.dll ole32.dll SensApi.dll comctl32.dll ws2_32.dll bcrypt.dll winnsi.dll msvcr120_clr0400.dll SMDiagnostics.ni.dll urlmon.dll powrprof.dll api-ms-win-downlevel-shlwapi-l1-1-0.dll api-ms-win-downlevel-advapi32-l1-1-0.dll user32.dll api-ms-win-downlevel-version-l1-1-0.dll api-ms-win-downlevel-normaliz-l1-1-0.dllnormaliz.dll api-ms-win-core-version-l1-1-0.dll wininet.dll userenv.dll profapi.dll secur32.dll sspicli.dll api-ms-win-downlevel-advapi32-l2-1-0.dll System.ServiceModel.Internals.ni.dll System.Transactions.ni.dll system.configuration.ni.dll credssp.dll oleaut32.dll mscoreei.dll version.dll clr.dll clr.dll System.ni.dll clr.dll clr.dll msvcr120_clr0400.dll uxtheme.dll kernelbase.dll dwmapi.dll GdiPlus.dll System.Data.ni.dll System.Data.dll ntdll.dll msasn1.dll mswsock.dll wship6.dll NapiNSP.dll pnrpnsp.dll winrnr.dll System.Drawing.ni.dll srvcli.dll wkscli.dll dhcpcsvc6.dll dnsapi.dll ReAgent.dll imecfm.dll msswch.dll winmm.dll dhcpcsvc.dll RASMM.dll System.ServiceModel.ni.dll System.ServiceModel.Web.ni.dll System.WorkflowServices.ni.dll System.IdentityModel.ni.dll shell32.dll System.EnterpriseServices.Wrapper.dll System.EnterpriseServices.Wrapper.dll system.transactions.dll System.EnterpriseServices.Wrapper.dll msv1_0.dll winscard.dll oleacc.dll System.Xaml.ni.dll diasymreader.dll,normal
 ntdll.dll ntdll.dll wow64.dll cryptsp.dll wow64cpu.dll kernel32.dll kernel32.dll winnsi.dll user32.dll kernel32.dll kernelbase.dll advapi32.dll msvcrt.dll sechost.dll rpcrt4.dll sspicli.dll cryptbase.dll ole32.dll ole32.dll cryptbase.dll user32.dll lpk.dll usp10.dll gdi32.dll imm32.dll msctf.dll usp10.dll wevtapi.dll WindowsCodecs.dll wow64win.dll kernel32.dll kernelbase.dll System.dll msvcrt.dll msvcrt.dll dhcpcsvc.dll shlwapi.dll gdi32.dll user32.dll lpk.dll usp10.dll system.runtime.serialization.ni.dll msctf.dll mscorlib.ni.dll ole32.dll cryptbase.dll api-ms-win-core-xstate-l2-1-0.dll clrjit.dll oleaut32.dll cryptsp.dll rsaenh.dll system.ni.dll system.drawing.ni.dll system.windows.forms.ni.dll ntmarta.dll wldap32.dll System.Core.dll system.core.ni.dll system.configuration.ni.dll microsoft.windows.servermanager.deployment.extension.ni.dll nlaapi.dll dnsapi.dll libglesv2.dll netutils.dll wow64win.dll msi.dll advapi32.dll ws2_32.dll nsi.dll gdi32.dll mpr.dll smdiagnostics.ni.dll urlmon.dll api-ms-win-downlevel-ole32-l1-1-0.dll sechost.dll msctf.dll uiautomationprovider.ni.dll api-ms-win-downlevel-version-l1-1-0.dll rpcrt4.dll normaliz.dll msasn1.dll user32.dll userenv.dll profapi.dll secur32.dll sspicli.dll api-ms-win-downlevel-advapi32-l2-1-0.dll msctf.dll system.transactions.ni.dll system.transactions.dll credssp.dll mscoree.dll tquery.dll version.dll clr.dll rsaenh.dll clr.dll rpcrt4.dll MMDevAPI.dll msvcr120_clr0400.dll gdi32.dll nlssorting.dll dwmapi.dll gdiplus.dll system.data.ni.dll system.data.dll system.dll msasn1.dll mswsock.dll wship6.dll napinsp.dll pnrpnsp.dll winrnr.dll netapi32.dll srvcli.dll wkscli.dll dhcpcsvc6.dll clbcatq.dll oleacc.dll imecfm.dll msswch.dll winmm.dll dhcpcsvc.dll windowscodecs.dll advapi32.dll system.servicemodel.web.ni.dll system.workflowservices.ni.dll system.identitymodel.ni.dll system.enterpriseservices.ni.dll system.enterpriseservices.wrapper.dll system.enterpriseservices.wrapper.dll system.enterpriseservices.wrapper.dll system.enterpriseservices.wrapper.dll wininet.dll cryptdll.dll system.numerics.ni.dll system.xaml.ni.dll diasymreader.dll,normal
 imageres.dll sfc.dll sfc_os.dll,normal
 version.dll ole32.dll System.Data.OracleClient.dll wow64win.dll wow64cpu.dll winbrand.dll kernel32.dll netprofm.dll user32.dll kernel32.dll KernelBase.dll advapi32.dll msvcrt.dll sechost.dll rpcrt4.dll sspicli.dll cryptbase.dll dnsapi.dll ws2_32.dll esent.dll winnsi.dll api-ms-win-crt-stdio-l1-1-0.dll dhcpcsvc6.dll kernel32.dll shlwapi.dll gdi32.dll user32.dll kernelbase.dll usp10.dll ole32.dll cryptbase.dll msctf.dll clbcatq.dll oleaut32.dll cryptsp.dll rsaenh.dll RpcRtRemote.dll wevtapi.dll,normal
 ntdll.dll dnsapi.dll kernelbase.dll advapi32.dll lpk.dll kernel.appcore.dll rpcrt4.dll gdi32.dll user32.dll lpk.dll usp10.dll ole32.dll msimg32.dll wmsgapi.dll user32.dll winmm.dll kernel32.dll profapi.dll sechost.dll crypt32.dll msasn1.dll msctfmonitor.dll msctf.dll imm32.dll msutb.dll System.ni.dll shlwapi.dll kernelbase.dll sspicli.dll shell32.dll cryptbase.dll uxtheme.dll onecoreuapcommonproxystub.dll cryptsp.dll rsaenh.dll imagehlp.dll bcrypt.dll bcryptprimitives.dll ncrypt.dll gpapi.dll cryptnet.dll wldap32.dll nlaapi.dll version.dll wldp.dll msvcr120_clr0400.dll urlmon.dll api-ms-win-downlevel-ole32-l1-1-0.dll advapi32.dll wow64.dll api-ms-win-downlevel-user32-l1-1-0.dll api-ms-win-downlevel-version-l1-1-0.dll api-ms-win-downlevel-normaliz-l1-1-0.dll normaliz.dll iertutil.dll wininet.dll,normal
 ntdll.dll kernel32.dll KernelBase.dll kernel.appcore.dll user32.dll lpk.dll user32.dll msvcrt.dll devobj.dll msctf.dll ole32.dll rpcrt4.dll oleaut32.dll cryptbase.dll clbcatq.dll advapi32.dll sechost.dll ntdll.dll kernel32.dll KernelBase.dll advapi32.dll msvcrt.dll sechost.dll rpcrt4.dll gdi32.dll user32.dll kernel32.dll advapi32.dll ole32.dll msimg32.dll wmsgapi.dll wtsapi32.dll winmm.dll userenv.dll system.data.sqlxml.ni.dll winsta.dll crypt32.dll msasn1.dll MsCtfMonitor.dll msctf.dll imm32.dll msutb.dll mscoreei.dll msvcr80.dll secur32.dll sspicli.dll shell32.dll cryptbase.dll uxtheme.dll system.enterpriseservices.dll cryptsp.dll rsaenh.dll imagehlp.dll dwmapi.dll bcryptprimitives.dll NlsLexicons0011.dll gpapi.dll cryptnet.dll ole32.dll SensApi.dll sspicli.dll clbcatq.dll oleaut32.dll urlmon.dll api-ms-win-downlevel-ole32-l1-1-0.dll imecfm.dll api-ms-win-downlevel-advapi32-l1-1-0.dll api-ms-win-downlevel-user32-l1-1-0.dll cryptbase.dll api-ms-win-downlevel-normaliz-l1-1-0.dllnormaliz.dll System.Web.Services.ni.dll kernelbase.dll,normal
 msctf.dll ntdll.dll kernel32.dll kernelbase.dll msvcrt.dll rpcrt4.dll cryptsp.dll lpk.dll lpk.dll usp10.dll ole32.dll oleaut32.dll wow64win.dll,normal
 ntdll.dll wevtapi.dll usp10.dll msctf.dll wow64cpu.dll kernel32.dll kernel32.dll sspicli.dll user32.dll kernel32.dll shlwapi.dll sechost.dll msctf.dll gdi32.dll user32.dll advapi32.dll sechost.dll msvcr80.dll sspicli.dll cryptbase.dll lpk.dll usp10.dll msshooks.dll msctf.dll clbcatq.dll oleaut32.dll cryptsp.dll rsaenh.dll RpcRtRemote.dll shell32.dll system.addin.dll uxtheme.dll actxprxy.dll comctl32.dll,normal
 kernel32.dll uxtheme.dll kernelbase.dll msvcrt.dll combase.dll rpcrt4.dll kernel.appcore.dll cryptbase.dll System.Deployment.ni.dll clbcatq.dll user32.dll gdi32.dll clbcatq.dll cryptsp.dll rsaenh.dll user32.dll idstore.dll userenv.dll profapi.dll,normal
 ntdll.dll cbscore.dll ntdll.dll wevtapi.dll user32.dll lpk.dll system.configuration.ni.dll msvcrt.dll imm32.dll msctf.dll ole32.dll rpcrt4.dll oleaut32.dll cryptbase.dll clbcatq.dll advapi32.dll sechost.dll mpr.dll user32.dll wow64.dll wow64win.dll wow64cpu.dll Accessibility.ni.dll kernel32.dll wbemprox.dll user32.dll kernel32.dll KernelBase.dll msvcrt.dll shlwapi.dll user32.dll gdi32.dll lpk.dll usp10.dll ntdll.dll sechost.dll rpcrt4.dll sspicli.dll cryptbase.dll imm32.dll msctf.dll apphelp.dll,normal
 ntdll.dll ntdll.dll kernel32.dll kernelbase.dll kernelbase.dll advapi32.dll advapi32.dll user32.dll user32.dll mfc42u.dll msvcrt.dll msvcrt.dll comdlg32.dll comdlg32.dll shell32.dll ole32.dll wininet.dll comctl32.dll oleaut32.dll propsys.dll propsys.dll rpcrt4.dll rpcrt4.dll winmm.dll urlmon.dll kernel32.dll advapi32.dll gdi32.dll nsi.dll sechost.dll odbc32.dll twinui.dll combase.dll winmmbase.dll iertutil.dll iertutil.dll wininet.dll wininet.dll wow64cpu.dll shcore.dll cfgmgr32.dll devobj.dll userenv.dll clr.dll profapi.dll imm32.dll msctf.dll kernel.appcore.dll gdi32.dll cryptbase.dll imm32.dll bcryptprimitives.dll bcryptprimitives.dll uxtheme.dll gdi32.dll clbcatq.dll msxml3.dll msxml3.dll bcrypt.dll profapi.dll msftedit.dll msimg32.dll clbcatq.dll wow64win.dll sspicli.dll dwmapi.dll dwmapi.dll oleaut32.dll windows.globalization.dll bcp47lang.dll bcp47langs.dll globinputhost.dll globinputhost.dll cryptsp.dll cryptsp.dll rsaenh.dll shlwapi.dll oleacc.dll uiribbonres.dll uiribbonres.dll windowscodecs.dll clbcatq.dll msxml6.dll msxml6.dll kernel32.dll ntdll.dll system.runtime.remoting.dll kernelbase.dll clrjit.dll advapi32.dll advapi32.dll cryptbase.dll msvcrt.dll user32.dll ole32.dll ntdll.dll shcore.dll shcore.dll imm32.dll sechost.dll gdi32.dll rpcrt4.dll rpcrt4.dll gdi32.dll combase.dll shlwapi.dll msctf.dll kernel.appcore.dll kernel.appcore.dll cryptbase.dll cryptbase.dll bcryptprimitives.dll bcryptprimitives.dll msidle.dll tquery.dll tquery.dll msshooks.dll msshooks.dll clbcatq.dll cryptsp.dll System.Web.dll rsaenh.dll msvcrt.dll bcrypt.dll bcrypt.dll wevtapi.dll mssprxy.dll msvcrt.dll mssph.dll mapi32.dll sensapi.dll authz.dll,normal
 ntdll.dll kernel32.dll crypt32.dll combase.dll ucrtbase.dll rpcrt4.dll bcryptprimitives.dll msctf.dll gdi32full.dll user32.dll win32u.dll imm32.dll oleaut32.dll msvcp_win.dll cryptsp.dll cryptbase.dll wow64win.dll shell32.dll cfgmgr32.dll shfolder.dll kernel32.dll advapi32.dll kernelbase.dll shlwapi.dll kernel.appcore.dll profapi.dll uxtheme.dll msvcrt.dll ntdll.dll kernel32.dll kernel32.dll msvcrt.dll combase.dll ucrtbase.dll rpcrt4.dll cryptbase.dll shcore.dll kernel32.dll sechost.dll twinapi.appcore.dll bcrypt.dll user32.dll win32u.dll gdi32.dll gdi32full.dll wow64win.dll,normal
 ntdll.dll ntdll.dll kernel32.dll usp10.dll kernelbase.dll version.dll msvcrt.dll msvcrt.dll ole32.dll api-ms-win-core-privateprofile-l1-1-1.dll wininet.dll iertutil.dll iertutil.dll gdi32.dll combase.dll sechost.dll rpcrt4.dll sechost.dll sechost.dll userenv.dll System.Transactions.dll profapi.dll imm32.dll msctf.dll kernel32.dll secur32.dll sspicli.dll sspicli.dll clbcatq.dll shlwapi.dll shcore.dll advapi32.dll clbcatq.dll nsi.dll rpcrt4.dll nsi.dll api-ms-win-downlevel-ole32-l1-1-0.dll ondemandconnroutehelper.dll kernel.appcore.dll kernel.appcore.dll winhttp.dll winhttp.dll urlmon.dll clbcatq.dll advapi32.dll advapi32.dll iphlpapi.dll winnsi.dll winnsi.dll ieui.dll dnsapi.dll mswsock.dll mswsock.dll,normal
 usp10.dll kernel32.dll kernelbase.dll advapi32.dll msvcrt.dll sechost.dll rpcrt4.dll msvcr120_clr0400.dll mscoree.dll ole32.dll mtf.dll user32.dll lpk.dll usp10.dll kernel.appcore.dll imm32.dll system.deployment.dll system.runtime.remoting.ni.dll cryptsp.dll kernel32.dll rpcrtremote.dll ole32.dll sxs.dll mscoreei.dll mscorwks.dll msvcr80.dll shlwapi.dll wtsapi32.dll profapi.dll mscorlib.ni.dll mscorjit.dll mscorlib.dll system.ni.dll version.dll mscorlib.dll mscorlib.dll microsoft-windows-homegroupdiagnostic.netlistmgr.interop.dll microsoft-windows-homegroupdiagnostic.netlistmgr.interop.dll microsoft-windows-homegroupdiagnostic.netlistmgr.interop.dll stdole.ni.dll ucrtbase.dll System.Drawing.ni.dll crypt32.dll msasn1.dll comctl32.dll riched20.dll imagehlp.dll ncrypt.dll bcrypt.dll actionmgr.dll userenv.dll api-ms-win-crt-filesystem-l1-1-0.dll cryptnet.dll wldap32.dll msasn1.dll microsoft-windows-homegroupdiagnostic.netlistmgr.interop.dll microsoft-windows-homegroupdiagnostic.netlistmgr.interop.dll microsoft-windows-homegroupdiagnostic.netlistmgr.interop.ni.dll system.security.dll microsoft-windows-homegroupdiagnostic.netlistmgr.interop.ni.dll globinputhost.dll kernel32.dll kernel32.dll advapi32.dll mscorlib.dll sechost.dll rpcrt4.dll msvcr120_clr0400.dll mscoree.dll ole32.dll mscoreei.dll user32.dll lpk.dll usp10.dll oleaut32.dll imm32.dll msctf.dll ntdll.dll cryptsp.dll rsaenh.dll rpcrtremote.dll clbcatq.dll sxs.dll mscoreei.dll system.data.ni.dll msvcr80.dll shlwapi.dll shell32.dll profapi.dll mscorlib.ni.dll mscorjit.dll mscoree.dll mscorlib.dll version.dll winnsi.dll mscorlib.dll kernelbase.dll mscorsec.dll wintrust.dll crypt32.dll msasn1.dll riched20.dll imagehlp.dll cryptbase.dll comctl32.dll bcrypt.dll bcryptprimitives.dll userenv.dll gpapi.dll mscorwks.dll sensapi.dll smiengine.dll system.serviceprocess.ni.dll system.management.ni.dll system.configuration.ni.dll system.xml.ni.dll system.security.ni.dll system.data.sqlxml.ni.dll sspicli.dll system.drawing.ni.dll system.windows.forms.ni.dll system.runtime.serialization.formatters.soap.ni.dll accessibility.ni.dll presentationframework.luna.ni.dll microsoft.jscript.ni.dll microsoft.vsa.ni.dll,normal
 ntdll.dll kernel32.dll kernelbase.dll gdi32.dll user32.dll lpk.dll usp10.dll msvcrt.dll imm32.dll msctf.dll ole32.dll rpcrt4.dll oleaut32.dll cryptbase.dll clbcatq.dll mscorsec.dll system.serviceprocess.dll ntdll.dll clbcatq.dll user32.dll wow64win.dll wow64cpu.dll kernel32.dll kernel32.dll kernel32.dll kernelbase.dll gdi32.dll kernelbase.dll msvcrt.dll user32.dll kernelbase.dll gdi32.dll lpk.dll usp10.dll kernel32.dll cryptbase.dll rpcrt4.dll sspicli.dll cryptbase.dll imm32.dll msctf.dll advapi32.dll,normal
 ntdll.dll devobj.dll kernelbase.dll msvcrt.dll combase.dll rpcrt4.dll advapi32.dll sechost.dll rsaenh.dll imm32.dll user32.dll rpcrt4.dll msctf.dll tquery.dll dhcpcsvc6.dll kernel.appcore.dll cryptbase.dll clbcatq.dll cryptsp.dll system.directoryservices.protocols.dll rsaenh.dll cryptbase.dll mssprxy.dll shcore.dll,normal
 ntdll.dll kernel32.dll kernelbase.dll advapi32.dll msvcrt.dll sechost.dll rpcrt4.dll crypt32.dll msasn1.dll cryptdll.dll netapi32.dll netutils.dll wkscli.dll logoncli.dll clbcatq.dll 2.dll user32.dll lpk.dll dhcpcsvc.dll oleaut32.dll dwrite.dll samlib.dll secur32.dll sspicli.dll shell32.dll shell32.dll profapi.dll KernelBase.dll hid.dll setupapi.dll cfgmgr32.dll rpcrt4.dll winscard.dll clr.dll mscorlib.dll version.dll msctf.dll cryptbase.dll rsaenh.dll vaultcli.dll wintrust.dll srvcli.dll bcrypt.dll rpcrt4.dll user32.dll,mimikatz
 crypt32.dll kernel32.dll KernelBase.dll advapi32.dll msvcrt.dll system.runtime.serialization.dll rpcrt4.dll msvcr120_clr0400.dll System.Drawing.dll ole32.dll dimsjob.dll user32.dll lpk.dll version.dll oleaut32.dll oleaut32.dll msctf.dll cryptbase.dll cryptsp.dll rsaenh.dll RpcRtRemote.dll clbcatq.dll sxs.dll mscoreei.dll mscorwks.dll msvcr80.dll UIAutomationTypes.dll BCP47Langs.dll profapi.dll mscorlib.ni.dll mscorjit.dll mscorlib.dll imm32.dll adwsres.dll mscorlib.dll mscorlib.dll version.dll wintrust.dll crypt32.dll sensapi.dll cryptbase.dll riched20.dll imagehlp.dll msvcrt.dll bcrypt.dll bcryptprimitives.dll userenv.dll gpapi.dll lpk.dll Wldap32.dll SensApi.dll System.AddIn.Contract.ni.dll Microsoft.VisualStudio.Tools.Applications.Contract.v10.0.dll Microsoft.VisualStudio.Tools.Applications.Contract.v10.0.dll rpcrt4.dll Microsoft.VisualStudio.Tools.Applications.Contract.v10.0.ni.dll wow64win.dll ntdll.dll user32.dll api-ms-win-downlevel-user32-l1-1-0.dll advapi32.dll usp10.dll sechost.dll rpcrt4.dll msvcr120_clr0400.dll mscoree.dll clbcatq.dll gdi32.dll user32.dll lpk.dll usp10.dll ntdll.dll imm32.dll msctf.dll cryptbase.dll imm32.dll rsaenh.dll sechost.dll devobj.dll iertutil.dll mscoreei.dll clr.dll shlwapi.dll mscorlib.ni.dll clrjit.dll System.ni.dll System.AddIn.ni.dll System.Core.dll mscorlib.dll mscorlib.dll System.AddIn.Contract.ni.dll System.Runtime.Remoting.ni.dll user32.dll System.Configuration.ni.dll Microsoft.VisualStudio.Tools.Office.AddInAdapter.v9.0.dll ntdll.dll ntdll.dll wow64.dll wow64win.dll SensApi.dll kernel32.dll kernel32.dll kernel32.dll user32.dll kernel32.dll KernelBase.dll advapi32.dll msvcrt.dll sechost.dll rpcrt4.dll sspicli.dll system.transactions.dll msvcr120_clr0400.dll imageres.dll ole32.dll gdi32.dll user32.dll gdi32.dll version.dll ntdll.dll imm32.dll oleaut32.dll cryptsp.dll rsaenh.dll profapi.dll clbcatq.dll sxs.dll mscoreei.dll mscorwks.dll msvcr80.dll shlwapi.dll shell32.dll system.dll kernel32.dll mscorjit.dll mscorlib.dll mscorlib.dll version.dll mscorlib.dll mscorlib.dll System.ni.dll System.IdentityModel.ni.dll userenv.dll System.IdentityModel.dll System.IdentityModel.dll System.IdentityModel.dll cryptsp.dll sspicli.dll System.dll System.dll propsys.dll advapi32.dll System.Runtime.Serialization.dll System.Runtime.Serialization.dll sechost.dll kernelbase.dll System.XML.dll rpcrt4.dll cryptsp.dll System.XML.dll WindowsBase.dll SMdiagnostics.dll kernel32.dll kernel32.dll SMdiagnostics.dll shlwapi.dll System.Web.dll System.Web.dll System.Web.dll System.Web.dll oleaut32.dll ole32.dll srvcli.dll System.Security.dll System.Security.dll msvcrt.dll System.configuration.dll System.configuration.dll System.configuration.dll System.configuration.dll dhcpcsvc6.dll System.Data.SqlXml.dll System.Data.SqlXml.dll System.Data.SqlXml.dll System.Data.SqlXml.dll System.Drawing.ni.dll System.Drawing.dll ntdll.dll System.Drawing.dll System.Drawing.dll System.Data.ni.dll System.Data.dll winbrand.dll version.dll System.Data.dll clbcatq.dll ws2_32.dll nsi.dll crypt32.dll msasn1.dll version.dll System.Web.Services.dll ntdll.dll System.Web.Services.dll System.Web.Services.dll System.DirectoryServices.ni.dll System.DirectoryServices.dll System.DirectoryServices.dll System.DirectoryServices.dll System.DirectoryServices.dll rasman.dll System.DirectoryServices.Protocols.dll System.DirectoryServices.Protocols.dll System.DirectoryServices.Protocols.dll System.DirectoryServices.Protocols.dll System.EnterpriseServices.ni.dll System.EnterpriseServices.dll System.EnterpriseServices.dll RpcRtRemote.dll user32.dll System.Design.dll System.ServiceProcess.ni.dll System.ServiceProcess.dll System.ServiceProcess.dll System.Windows.Forms.ni.dll System.Windows.Forms.dll System.Windows.Forms.dll System.Windows.Forms.dll System.Windows.Forms.dll System.Web.RegularExpressions.ni.dll imm32.dll System.Web.RegularExpressions.dll System.Web.RegularExpressions.dll netprofm.dll ntdll.dll sechost.dll System.Transactions.dll schedsvc.dll System.Transactions.dll System.Transactions.dll System.Transactions.dll System.Runtime.Remoting.ni.dll System.Runtime.Remoting.dll System.Runtime.Remoting.dll System.Runtime.Serialization.Formatters.Soap.ni.dll System.Runtime.Serialization.Formatters.Soap.dll System.Runtime.Serialization.Formatters.Soap.dll System.Drawing.Design.ni.dll System.Drawing.Design.dll System.Drawing.Design.dll System.Data.OracleClient.ni.dll System.Data.OracleClient.dll msvcrt.dll System.Data.OracleClient.dll System.Data.OracleClient.dll System.Data.OracleClient.dll Accessibility.ni.dll Accessibility.dll Accessibility.dll Accessibility.dll Accessibility.dll napipsec.dll System.Deployment.dll System.Xml.ni.dll System.Deployment.dll System.Deployment.dll System.Configuration.Install.ni.dll msvcrt.dll System.Configuration.Install.dll ntdll.dll kernelbase.dll wow64.dll wow64win.dll rpcrt4.dll kernel32.dll wow64cpu.dll kernel32.dll user32.dll msctf.dll KernelBase.dll advapi32.dll msasn1.dll sechost.dll rpcrt4.dll sspicli.dll cryptbase.dll msvcr120_clr0400.dll mscoree.dll ole32.dll gdi32.dll user32.dll lpk.dll system.windows.forms.dll oleaut32.dll imm32.dll msctf.dll cryptsp.dll rsaenh.dll RpcRtRemote.dll clbcatq.dll sxs.dll mscoreei.dll clbcatq.dll shlwapi.dll advapi32.dll clrjit.dll System.ni.dll version.dll mscorlib.dll ole32.dll coreuicomponents.dll user32.dll ole32.dll System.IO.Compression.ni.dll System.Core.ni.dll System.Configuration.ni.dll System.Configuration.dll System.Configuration.dll System.Core.dll System.Core.dll System.Xml.ni.dll System.Xml.dll System.Xml.dll ntdll.dll ntdll.dll wow64.dll wow64win.dll wow64cpu.dll kernel32.dll kernel32.dll kernel32.dll user32.dll kernel32.dll presentationcore.dll ntmarta.dll msvcrt.dll sechost.dll rpcrt4.dll sspicli.dll cryptbase.dll webservices.dll psapi.dll wcp.dll gdi32.dll user32.dll api-ms-win-core-processthreads-l1-1-1.dll usp10.dll winnsi.dll shlwapi.dll msctf.dll cryptsp.dll rsaenh.dll RpcRtRemote.dll msctf.dll sxs.dll System.dll clr.dll kernel32.dll mscorlib.ni.dll apphelp.dll System.ni.dll System.Core.ni.dll version.dll mscorlib.dll winnsi.dll wow64cpu.dll System.dll System.Core.dll credui.dll System.ServiceModel.ni.dll user32.dll System.ServiceModel.dll System.ServiceModel.Routing.ni.dll ntdll.dll wcp.dll System.Transactions.dll System.Transactions.dll System.Runtime.DurableInstancing.ni.dll System.Runtime.DurableInstancing.dll cryptbase.dll System.ServiceModel.Internals.ni.dll System.ServiceModel.Internals.dll System.ServiceModel.Internals.dll System.Runtime.Serialization.ni.dll System.Runtime.Serialization.dll System.Runtime.Serialization.dll System.Configuration.ni.dll System.Configuration.dll System.Configuration.dll System.Xml.ni.dll System.Xml.dll System.Configuration.dll msvcrt.dll System.Numerics.dll System.Numerics.dll System.Security.ni.dll System.Security.dll System.Security.dll,normal
 ntdll.dll oleaut32.dll kernelbase.dll chrome_elf.dll version.dll kernel32.dll shell32.dll shlwapi.dll user32.dll user32.dll lpk.dll usp10.dll advapi32.dll System.Design.ni.dll kernel32.dll ws2_32.dll userenv.dll profapi.dll kernel32.dll msctf.dll winnsi.dll ole32.dll kernel32.dll oleacc.dll uiautomationcore.dll psapi.dll wtsapi32.dll kernelbase.dll crypt32.dll msasn1.dll dwrite.dll dxgi.dll comctl32.dll ntdll.dll api-ms-win-core-errorhandling-l1-1-1.dll secur32.dll sspicli.dll cryptbase.dll ws2_32.dll nsi.dll dhcpcsvc.dll msvcr80.dll dwmapi.dll dbghelp.dll kernel32.dll msvcrt.dll wininet.dll iertutil.dll,normal
 EppManifest.dll sendmail.dll imm32.dll wpdshext.dll,normal
 ntdll.dll ntdll.dll wow64.dll wow64win.dll wow64cpu.dll psapi.dll kernel32.dll kernel32.dll windows.staterepositoryps.dll kernel32.dll rpcrt4.dll msvcrt.dll msvcrt.dll sechost.dll rpcrt4.dll System.Data.OracleClient.dll cryptbase.dll windows.storage.dll ws2_32.dll nsi.dll winnsi.dll dhcpcsvc.dll dhcpcsvc6.dll shell32.dll shlwapi.dll gdi32.dll user32.dll kernelbase.dll usp10.dll ole32.dll profapi.dll spoolss.dll kernel32.dll oleaut32.dll msshooks.dll rsaenh.dll rpcrtremote.dll wevtapi.dll api-ms-win-crt-math-l1-1-0.dll ntdll.dll clrjit.dll wow64win.dll wow64cpu.dll kernel32.dll kernel32.dll kernel32.dll user32.dll kernel32.dll kernelbase.dll msvcrt.dll winbrand.dll user32.dll gdi32.dll mrmdeploy.dll usp10.dll advapi32.dll sechost.dll rpcrt4.dll sspicli.dll cryptbase.dll imm32.dll System.Messaging.dll apphelp.dll,normal
 ntdll.dll kernel32.dll profapi.dll advapi32.dll kernel32.dll sechost.dll kernel32.dll bcryptprimitives.dll version.dll kernel.appcore.dll,normal
 ntdll.dll advapi32.dll wow64.dll wow64win.dll wow64cpu.dll kernel32.dll kernel32.dll oleaut32.dll user32.dll kernel32.dll System.ServiceProcess.ni.dll msvcrt.dll winbrand.dll user32.dll kernel.appcore.dll lpk.dll imm32.dll system.runtime.serialization.formatters.soap.ni.dll sechost.dll rpcrt4.dll sspicli.dll cryptbase.dll imm32.dll msctf.dll apphelp.dll,normal
 ntdll.dll imm32.dll sppcext.dll msvcrt.dll ole32.dll gdi32.dll user32.dll lpk.dll usp10.dll rpcrt4.dll imm32.dll msctf.dll cryptbase.dll clbcatq.dll advapi32.dll sechost.dll wow64cpu.dll cryptsp.dll rsaenh.dll rpcrtremote.dll shacct.dll shell32.dll shlwapi.dll uxtheme.dll profapi.dll oleaut32.dll,normal
 ntdll.dll kernel32.dll KernelBase.dll gdi32.dll ntdll.dll lpk.dll usp10.dll msvcrt.dll lpk.dll msctf.dll ole32.dll rpcrt4.dll oleaut32.dll msswch.dll advapi32.dll mscms.dll winmm.dll cryptbase.dll kernelbase.dll shell32.dll shlwapi.dll mscoreei.dll oleacc.dll imecfm.dll version.dll ole32.dll ntdll.dll ntdll.dll mscoree.dll wow64win.dll wow64cpu.dll system.serviceprocess.ni.dll kernel32.dll kernel32.dll shcore.dll kernel32.dll KernelBase.dll msvcrt.dll winbrand.dll system.enterpriseservices.ni.dll gdi32.dll lpk.dll usp10.dll advapi32.dll sechost.dll rpcrt4.dll sspicli.dll cryptbase.dll cbscore.dll msctf.dll apphelp.dll,normal
 system.web.dll ntdll.dll wow64.dll wow64win.dll wow64cpu.dll kernel32.dll spoolss.dll kernel32.dll user32.dll sspicli.dll user32.dll msvcrt.dll oleaut32.dll ole32.dll clbcatq.dll user32.dll advapi32.dll sechost.dll rpcrt4.dll msasn1.dll cryptbase.dll lpk.dll usp10.dll version.dll msisip.dll msctf.dll gdi32.dll clbcatq.dll user32.dll advapi32.dll wintrust.dll crypt32.dll msasn1.dll gdi32.dll system.configuration.dll msisip.dll wshext.dll comctl32.dll shell32.dll shlwapi.dll scrobj.dll msvcrt.dll scrrun.dll ntdll.dll kernel32.dll rsaenh.dll gdi32.dll ole32.dll propsys.dll usp10.dll msvcrt.dll imm32.dll msctf.dll ole32.dll microsoft.visualstudio.tools.applications.runtime.v9.0.dll oleaut32.dll cryptbase.dll api-ms-win-core-file-l1-2-1.dll advapi32.dll sechost.dll ntdll.dll ntdll.dll wow64.dll gpsvc.dll wow64cpu.dll kernel32.dll kernel32.dll imageres.dll user32.dll kernel32.dll userenv.dll advapi32.dll msvcrt.dll version.dll rpcrt4.dll sspicli.dll cryptbase.dll dnsapi.dll ws2_32.dll nsi.dll winnsi.dll cfgmgr32.dll dhcpcsvc6.dll msvcrt.dll shlwapi.dll gdi32.dll user32.dll lpk.dll diagperf.dll ole32.dll Microsoft.VisualStudio.Tools.Office.Word.HostAdapter.v10.0.ni.dll msctf.dll clbcatq.dll RstrtMgr.dll cryptsp.dll rsaenh.dll RpcRtRemote.dll mrmcorer.dll ntdll.dll kernel32.dll KernelBase.dll gdi32.dll user32.dll lpk.dll usp10.dll msvcrt.dll imm32.dll msctf.dll ole32.dll rpcrt4.dll oleaut32.dll cryptbase.dll oleaut32.dll wow64win.dll sechost.dll System.AddIn.ni.dll ntdll.dll wow64.dll wow64win.dll imagehlp.dll kernel32.dll rpcrt4.dll kernel32.dll user32.dll kernel32.dll KernelBase.dll imm32.dll oleaut32.dll ole32.dll gdi32.dll user32.dll advapi32.dll msadce.dll imm32.dll sspicli.dll cryptbase.dll lpk.dll usp10.dll bcrypt.dll imm32.dll winbrand.dll sxs.dll clbcatq.dll vm3dum64.dll microsoft.office.tools.word.implementation.dll wintrust.dll imageres.dll rpcrt4.dll ncrypt.dll rsaenh.dll system.serviceprocess.dll wshext.dll comctl32.dll shell32.dll shlwapi.dll scrobj.dll msi.dll scrrun.dll ntdll.dll kernel32.dll KernelBase.dll gdi32.dll user32.dll lpk.dll usp10.dll msvcrt.dll imm32.dll msctf.dll ole32.dll oleaut32.dll oleaut32.dll cryptbase.dll clbcatq.dll advapi32.dll sechost.dll ntdll.dll ntdll.dll wow64.dll kernel32.dll wow64cpu.dll System.DirectoryServices.dll user32.dll kernel32.dll user32.dll kernel32.dll KernelBase.dll clbcatq.dll winbrand.dll user32.dll winbrand.dll lpk.dll usp10.dll cryptsp.dll msvcrt.dll rpcrt4.dll sspicli.dll cryptbase.dll imm32.dll msctf.dll apphelp.dll,normal
 ntdll.dll kernel32.dll kernelbase.dll gdi32.dll imageres.dll shell32.dll system.deployment.dll msvcrt.dll lpk.dll msctf.dll ole32.dll rpcrt4.dll oleaut32.dll cryptbase.dll clbcatq.dll advapi32.dll wmipcima.dll,normal
 gdi32.dll wevtapi.dll userenv.dll shlwapi.dll gdi32.dll user32.dll lpk.dll usp10.dll sxs.dll sechost.dll rpcrt4.dll winmm.dll profapi.dll imm32.dll msctf.dll user32.dll ntdll.dll clbcatq.dll kernelbase.dll msvcrt.dll msctf.dll,normal
 ntdll.dll kernel32.dll samlib.dll gdi32.dll user32.dll lpk.dll usp10.dll msvcrt.dll imm32.dll msctf.dll ole32.dll rpcrt4.dll oleaut32.dll cryptbase.dll clbcatq.dll cryptnet.dll cfgmgr32.dll system.drawing.dll msctf.dll kernelbase.dll gdi32.dll user32.dll sspicli.dll usp10.dll msvcrt.dll imm32.dll msctf.dll ole32.dll rpcrt4.dll oleaut32.dll cryptbase.dll clbcatq.dll structuredquery.dll sensapi.dll ntdll.dll ntdll.dll wow64.dll ntdll.dll oleaut32.dll kernel32.dll kernel32.dll kernel32.dll System.Web.Services.ni.dll kernel32.dll kernelbase.dll msvcr120_clr0400.dll winbrand.dll kernel32.dll gdi32.dll lpk.dll cfgmgr32.dll advapi32.dll sechost.dll rpcrt4.dll sspicli.dll cryptbase.dll imm32.dll accessibility.ni.dll apphelp.dll,normal
 msxml6.dll kernel32.dll kernel32.dll kernelbase.dll kernelbase.dll api-ms-win-core-file-l1-2-0.dll advapi32.dll msvcrt.dll msvcrt.dll combase.dll oleaut32.dll user32.dll tquery.dll tquery.dll imm32.dll msshooks.dll msshooks.dll shlwapi.dll kernelbase.dll sechost.dll cryptnet.dll crypt32.dll gdi32.dll msctf.dll kernel32.dll kernel.appcore.dll cryptbase.dll cryptbase.dll bcryptprimitives.dll urlmon.dll user32.dll cryptsp.dll cryptsp.dll msvcrt.dll mscorlib.dll bcrypt.dll bcrypt.dll mssprxy.dll mssprxy.dll shcore.dll shcore.dll,normal
 msftedit.dll,normal
 imm32.dll kernel32.dll imm32.dll advapi32.dll msvcrt.dll vds_ps.dll KernelBase.dll msvcr120_clr0400.dll imageres.dll imageres.dll System.Security.ni.dll user32.dll lpk.dll usp10.dll oleaut32.dll imm32.dll msctf.dll cryptbase.dll cryptsp.dll msctf.dll msdmo.dll clbcatq.dll secur32.dll mscoreei.dll shlwapi.dll msvcr80.dll shlwapi.dll shell32.dll profapi.dll mscorlib.ni.dll mscorjit.dll mscorlib.dll mscorlib.dll version.dll mscorlib.dll rpcrt4.dll System.ni.dll System.Drawing.ni.dll System.Configuration.ni.dll System.Xml.ni.dll,normal
 ntdll.dll ntdll.dll wow64.dll wow64win.dll wow64cpu.dll kernel32.dll kernel32.dll kernel32.dll user32.dll user32.dll KernelBase.dll msvcrt.dll winbrand.dll user32.dll gdi32.dll lpk.dll usp10.dll advapi32.dll sechost.dll cryptbase.dll sspicli.dll msvcrt.dll imm32.dll msctf.dll apphelp.dll ntdll.dll kernel32.dll nsi.dll mscoree.dll msvcrt.dll sechost.dll rpcrt4.dll msvcr120_clr0400.dll mscoree.dll advapi32.dll usp10.dll rsaenh.dll advapi32.dll usp10.dll oleaut32.dll imm32.dll xmllite.dll srvcli.dll cryptsp.dll rsaenh.dll RpcRtRemote.dll clbcatq.dll sxs.dll mscoreei.dll mscorwks.dll msvcr80.dll shlwapi.dll shell32.dll profapi.dll mscorlib.ni.dll mscorjit.dll mscorlib.dll ntdll.dll version.dll kernel32.dll Microsoft.VisualStudio.Tools.Applications.Adapter.v9.0.dll System.ni.dll WindowsBase.ni.dll PresentationCore.ni.dll PresentationCore.dll PresentationCore.dll PresentationCore.dll ntdll.dll Microsoft.VisualC.ni.dll rsaenh.dll ole32.dll cryptnet.dll System.Deployment.ni.dll PresentationCFFRasterizer.ni.dll System.Drawing.ni.dll System.Configuration.ni.dll System.Security.ni.dll System.Data.SqlXml.ni.dll Accessibility.ni.dll System.Windows.Forms.ni.dll System.Runtime.Serialization.Formatters.Soap.ni.dll ntdll.dll msctf.dll wow64.dll wow64win.dll wow64cpu.dll cryptbase.dll system.runtime.serialization.formatters.soap.ni.dll kernel32.dll user32.dll kernel32.dll KernelBase.dll mscorwks.dll msvcrt.dll sechost.dll dnsapi.dll sspicli.dll rsaenh.dll msvcr120_clr0400.dll mscoree.dll ole32.dll gdi32.dll lpk.dll lpk.dll user32.dll oleaut32.dll imm32.dll msctf.dll user32.dll rsaenh.dll RpcRtRemote.dll clbcatq.dll sxs.dll mscoreei.dll sensapi.dll imm32.dll mscorlib.ni.dll activeds.dll System.ni.dll staterepository.core.dll System.Web.ni.dll fusion.dll System.Web.dll System.Web.dll mscorlib.dll mscorlib.dll System.dll System.dll rasman.dll System.Core.dll System.Drawing.ni.dll System.Drawing.dll System.Drawing.dll system.dll System.Configuration.dll System.Configuration.dll System.Data.ni.dll System.Data.dll ole32.dll System.Data.dll System.Xml.ni.dll System.Xml.dll wow64.dll System.DirectoryServices.ni.dll System.DirectoryServices.dll System.DirectoryServices.dll System.EnterpriseServices.ni.dll System.Web.RegularExpressions.ni.dll rpcrt4.dll System.Web.ApplicationServices.ni.dll System.Web.ApplicationServices.dll eppmanifest.dll System.ComponentModel.DataAnnotations.ni.dll propsys.dll ntmarta.dll System.DirectoryServices.Protocols.ni.dll System.DirectoryServices.Protocols.dll System.DirectoryServices.Protocols.dll System.Security.ni.dll sechost.dll System.Security.dll winnsi.dll rpcrt4.dll System.Runtime.Caching.dll System.ServiceProcess.ni.dll wevtapi.dll System.Web.Services.dll System.Web.Services.dll Microsoft.Build.Utilities.v4.0.ni.dll Microsoft.Build.Framework.ni.dll Microsoft.Build.Tasks.v4.0.ni.dll System.Windows.Forms.ni.dll System.Windows.Forms.dll ntdll.dll System.Numerics.ni.dll System.Numerics.dll System.Numerics.dll,normal
 ntdll.dll kernel32.dll cryptbase.dll advapi32.dll msvcrt.dll rpcrt4.dll rpcrt4.dll user32.dll gdi32.dll lpk.dll usp10.dll shlwapi.dll bcrypt.dll shlwapi.dll tquery.dll tquery.dll mssrch.dll nsi.dll imm32.dll msctf.dll psapi.dll shell32.dll SensApi.dll cryptbase.dll secur32.dll sspicli.dll dhcpcsvc.dll credssp.dll esent.dll clbcatq.dll powrprof.dll setupapi.dll cfgmgr32.dll devobj.dll cryptsp.dll rsaenh.dll rpcrtremote.dll microsoft.windows.diagnosis.commands.updatediagrootcause.dll mssprxy.dll propsys.dll tquery.dll ntmarta.dll ntdll.dll vssapi.dll devobj.dll netutils.dll vsstrace.dll wtsapi32.dll winsta.dll samcli.dll samlib.dll sechost.dll cfgmgr32.dll userenv.dll sxs.dll apphelp.dll crypt32.dll msasn1.dll advapi32.dll nlsdata0009.dll clbcatq.dll comctl32.dll adsmsext.dll devobj.dll wow64.dll elstrans.dll elslad.dll nlsdata000c.dll nlslexicons000c.dll KernelBase.dll nlslexicons0009.dll nlsdata000c.dll shlwapi.dll api-ms-win-downlevel-user32-l1-1-0.dll,normal
 ntdll.dll kernel32.dll kernelbase.dll msvcrt.dll mscorlib.dll ntdll.dll ucrtbase.dll rpcrt4.dll bcryptprimitives.dll gdi32.dll gdi32full.dll user32.dll setupapi.dll user32.dll oleaut32.dll msvcp_win.dll propsys.dll sechost.dll shcore.dll shlwapi.dll cfgmgr32.dll windows.storage.dll powrprof.dll msvcrt.dll shlwapi.dll kernel.appcore.dll profapi.dll ntdll.dll apphelp.dll dwmapi.dll comctl32.dll,normal
 ntdll.dll kernel32.dll ole32.dll gdi32.dll user32.dll dbghelp.dll version.dll msvcrt.dll imm32.dll msctf.dll ole32.dll rpcrt4.dll oleaut32.dll cryptbase.dll clbcatq.dll advapi32.dll sechost.dll ntdll.dll wow64.dll wow64.dll wow64win.dll wow64cpu.dll kernel32.dll kernel32.dll kernel32.dll user32.dll kernel32.dll api-ms-win-core-localization-obsolete-l1-2-0.dll cfgmgr32.dll winbrand.dll dnsapi.dll gdi32.dll lpk.dll usp10.dll advapi32.dll msctf.dll system.dll kernel32.dll cryptbase.dll imm32.dll msctf.dll apphelp.dll,normal
 clbcatq.dll kernel32.dll KernelBase.dll advapi32.dll microsoft.mediacenter.itvvm.ni.dll kernel32.dll rpcrt4.dll Microsoft.Powershell.GPowerShell.dll wkscli.dll user32.dll nsi.dll usp10.dll ipmiprr.dll msctf.dll wdscore.dll oleaut32.dll cryptsp.dll ole32.dll dbghelp.dll cryptbase.dll CbsCore.dll sppc.dll crypt32.dll msasn1.dll wintrust.dll userenv.dll profapi.dll ktmw32.dll dpx.dll dpx.dll dpx.dll advapi32.dll DrUpdate.dll setupapi.dll System.DirectoryServices.Protocols.dll devobj.dll mpr.dll wrpint.dll sxsstore.dll sqmapi.dll winhttp.dll webio.dll gdi32.dll webio.dll msxml6.dll windowsbase.dll rsaenh.dll RpcRtRemote.dll clbcatq.dll CbsApi.dll rsaenh.dll smiengine.dll ntdll.dll ntdll.dll System.Configuration.ni.dll wow64win.dll wow64cpu.dll msvcrt.dll kernel32.dll wow64win.dll user32.dll kernel32.dll KernelBase.dll oleaut32.dll winbrand.dll version.dll gdi32.dll lpk.dll usp10.dll advapi32.dll sechost.dll rpcrt4.dll sspicli.dll cryptbase.dll imm32.dll msctf.dll apphelp.dll,normal
 ntdll.dll ntdll.dll bcryptprimitives.dll wow64win.dll wow64cpu.dll wow64.dll kernel32.dll kernel32.dll user32.dll System.Transactions.dll System.Drawing.dll advapi32.dll netprofm.dll sechost.dll rpcrt4.dll sspicli.dll cryptbase.dll dnsapi.dll ws2_32.dll nsi.dll msvcrt.dll dhcpcsvc.dll dhcpcsvc6.dll shell32.dll GrooveIntlResource.dll gdi32.dll user32.dll ntdll.dll usp10.dll ole32.dll imm32.dll msctf.dll clbcatq.dll comctl32.dll crypt32.dll rsaenh.dll rpcrtremote.dll wevtapi.dll bcryptprimitives.dll kernel32.dll kernelbase.dll gdi32.dll user32.dll lpk.dll usp10.dll msvcrt.dll ole32.dll imm32.dll msctf.dll advapi32.dll sechost.dll msadcer.dll windowscodecs.dll ole32.dll dcomp.dll dwmapi.dll setupapi.dll msctf.dll oleaut32.dll imm32.dll dwmredir.dll wintrust.dll crypt32.dll rpcrt4.dll setupapi.dll cfgmgr32.dll oleaut32.dll devobj.dll dwmcore.dll d3d10_1.dll d3d10_1core.dll dxgi.dll wshext.dll,normal
 rpcrtremote.dll ntdll.dll wow64.dll wow64win.dll wow64cpu.dll kernel32.dll System.Data.SqlXml.ni.dll kernel32.dll user32.dll kernel32.dll kernel32.dll ole32.dll oleaut32.dll ole32.dll gdi32.dll user32.dll advapi32.dll sechost.dll user32.dll sspicli.dll cryptbase.dll gdi32.dll usp10.dll version.dll imm32.dll msctf.dll sxs.dll lpk.dll vbscript.dll mssprxy.dll KernelBase.dll crypt32.dll kernel32.dll cryptsp.dll rsaenh.dll msisip.dll secur32.dll comctl32.dll shell32.dll shlwapi.dll scrobj.dll System.Xml.dll wmsgapi.dll ntdll.dll kernel32.dll KernelBase.dll gdi32.dll user32.dll lpk.dll usp10.dll msvcrt.dll imm32.dll msctf.dll ole32.dll rpcrt4.dll msutb.dll ntdll.dll ntdll.dll wow64.dll system.xml.linq.dll sspicli.dll kernel32.dll sppc.dll kernel32.dll user32.dll kernel32.dll KernelBase.dll msvcrt.dll nsi.dll user32.dll ntdll.dll lpk.dll usp10.dll advapi32.dll lpk.dll rpcrt4.dll sspicli.dll cryptbase.dll imm32.dll system.dll rpcrt4.dll,normal
 msftedit.dll kernelbase.dll slc.dll globinputhost.dll mssprxy.dll mmcndmgr.dll dnsapi.dll shacct.dll cryptbase.dll idstore.dll provsvc.dll ehstorshell.dll cscui.dll networkitemfactory.dll cscdll.dll dtsh.dll firewallapi.dll netprofm.dll fundisc.dll mscoree.dll fdwcn.dll wcnapi.dll kernelbase.dll mssvp.dll mapi32.dll winmm.dll winmmbase.dll devobj.dll,normal
 ntdll.dll ntdll.dll wow64.dll wow64win.dll wow64cpu.dll kernel32.dll kernel32.dll kernel32.dll user32.dll cbscore.dll msvcp_win.dll msvcrt.dll api-ms-win-downlevel-advapi32-l1-1-0.dll System.Security.dll cryptbase.dll rpcrt4.dll user32.dll rpcrt4.dll version.dll user32.dll gdi32.dll lpk.dll usp10.dll kernel32.dll imm32.dll msctf.dll winbrand.dll oleacc.dll api-ms-win-downlevel-version-l1-1-0.dll RpcRtRemote.dll oleaut32.dll api-ms-win-downlevel-user32-l1-1-0.dll ole32.dll oleaut32.dll comctl32.dll ieshims.dll system.web.dll wow64cpu.dll ws2_32.dll nsi.dll sensapi.dll webio.dll mswsock.dll oleaut32.dll version.dll api-ms-win-downlevel-normaliz-l1-1-0.dll cryptsp.dll rsaenh.dll cryptbase.dll clbcatq.dll ieproxy.dll api-ms-win-downlevel-shlwapi-l2-1-0.dll sqmapi.dll normaliz.dll mshtml.dll d2d1.dll system.xml.ni.dll dxgi.dll setupapi.dll cfgmgr32.dll devobj.dll setupapi.dll crypt32.dll msasn1.dll bcrypt.dll bcryptprimitives.dll api-ms-win-downlevel-ole32-l1-1-0.dll d3d11.dll vm3dum_10.dll winmm.dll user32.dll vm3dum.dll d3d10level9.dll comdlg32.dll apphelp.dll msimg32.dll comctl32.dll wsock32.dll olepro32.dll api-ms-win-downlevel-ole32-l1-1-0.dll uxtheme.dll ieui.dll sxs.dll dhcpcsvc.dll rsaenh.dll userenv.dll mshtml.dll profapi.dll ieframe.dll dnsapi.dll wininet.dll mlang.dll dwmapi.dll lspweb.dll lspweb.dll lspweb.dll System.Data.SqlXml.ni.dll ieapfltr.dll lpk.dll msimtf.dll ntdll.dll msctf.dll System.Runtime.Serialization.dll cfgmgr32.dll system.dll kernel32.dll vm3dum_10.dll rsaenh.dll dbghelp.dll vm3dum.dll system.web.dll setupapi.dll bcrypt.dll devobj.dll d3d10warp.dll setupapi.dll cfgmgr32.dll devobj.dll ole32.dll lpk.dll uiautomationcore.dll psapi.dll clbcatq.dll rasadhlp.dll wshqos.dll uxtheme.dll clbcatq.dll wshqos.dll credssp.dll schannel.dll ncrypt.dll gpapi.dll p2pcollab.dll p2pcollab.dll cryptnet.dll rpcrt4.dll sensapi.dll lspwaoie.dll advapi32.dll wbemcomn2.dll powrprof.dll ws2_32.dll cfgmgr32.dll devobj.dll winmm.dll user32.dll msrating.dll msxml6.dll sechost.dll kernel32.dll srvcli.dll wkscli.dll winhttp.dll webio.dll dhcpcsvc6.dll dhcpcsvc.dll cfgmgr32.dll windowscodecsext.dll ws2_32.dll kernel32.dll dpx.dll avrt.dll winbio.dll mf.dll atl.dll ksuser.dll jsintl.dll uianimation.dll msxml3.dll netprofm.dll nlaapi.dll npmproxy.dll msvcrt.dll,normal
 msvcr120_clr0400.dll msctf.dll lpk.dll version.dll clr.dll clr.dll wtsapi32.dll powrprof.dll msctf.dll ntdll.dll kernel32.dll KernelBase.dll msvcrt.dll advapi32.dll sechost.dll api-ms-win-downlevel-advapi32-l2-1-0.dll shlwapi.dll gdi32.dll wevtapi.dll lpk.dll usp10.dll System.Transactions.ni.dll oleaut32.dll imm32.dll cfgmgr32.dll sensapi.dll imm32.dll cryptbase.dll fusion.dll imageres.dll msidle.dll winsta.dll ntdll.dll ntdll.dll netprofm.dll wow64win.dll wow64cpu.dll kernel32.dll kernel32.dll kernel32.dll user32.dll sechost.dll KernelBase.dll gdi32.dll msvcrt.dll ntdll.dll rpcrt4.dll sspicli.dll srclient.dll msvcr120_clr0400.dll mscoree.dll ole32.dll gdi32.dll system.xml.ni.dll lpk.dll usp10.dll lpk.dll sspicli.dll ole32.dll cryptsp.dll rsaenh.dll RpcRtRemote.dll system.web.dll sxs.dll mscoreei.dll clr.dll smiengine.dll mscorlib.ni.dll rpcrt4.dll cryptbase.dll System.Xml.dll System.Management.Automation.dll wow64.dll winsta.dll bcrypt.dll mscorlib.dll bcryptprimitives.dll System.dll System.dll System.Core.ni.dll uxtheme.dll System.Web.Extensions.ni.dll System.Web.Extensions.dll System.Web.Extensions.dll PresentationFramework.Luna.ni.dll System.Web.dll System.Core.dll System.Core.dll cryptsp.dll System.Xml.Linq.dll System.Xml.Linq.dll System.Xml.ni.dll System.Xml.dll System.Xml.dll System.Drawing.ni.dll System.Drawing.dll slwga.dll rsaenh.dll kernel32.dll System.Numerics.dll Microsoft.JScript.dll Microsoft.JScript.dll Microsoft.JScript.dll Microsoft.JScript.dll Microsoft.JScript.dll kernel.appcore.dll System.Runtime.Serialization.ni.dll System.dll wow64cpu.dll System.Security.ni.dll System.Security.dll System.Security.dll rpcrtremote.dll System.Configuration.dll xmllite.dll ntdll.dll ntdll.dll wow64.dll wow64win.dll wow64cpu.dll kernel32.dll kernel32.dll kernel32.dll sensapi.dll kernel32.dll KernelBase.dll wintrust.dll msvcrt.dll sechost.dll rpcrt4.dll sspicli.dll cryptbase.dll msvcr120_clr0400.dll mscoree.dll ole32.dll gpapi.dll user32.dll lpk.dll advapi32.dll oleaut32.dll clbcatq.dll msctf.dll shlwapi.dll rsaenh.dll RpcRtRemote.dll clbcatq.dll sxs.dll mscoreei.dll mscorwks.dll msvcr80.dll shlwapi.dll shell32.dll user32.dll sxs.dll mscorjit.dll mscorlib.dll mscorlib.dll version.dll mscorlib.dll mscorlib.dll System.ni.dll System.Design.ni.dll api-ms-win-downlevel-version-l1-1-0.dll System.Design.dll System.dll System.dll System.dll lpk.dll nsi.dll System.Data.dll System.Data.dll System.Data.dll System.Data.dll kernel32.dll ws2_32.dll nsi.dll crypt32.dll msasn1.dll System.Xml.ni.dll System.XML.dll System.XML.dll System.XML.dll System.XML.dll System.Drawing.ni.dll mscorlib.dll System.Drawing.dll ntshrui.dll sechost.dll System.Windows.Forms.ni.dll System.Windows.Forms.dll System.Windows.Forms.dll System.Windows.Forms.dll gpsvc.dll api-ms-win-core-profile-l1-1-0.dll System.Drawing.Design.dll System.Drawing.Design.dll System.Web.ni.dll System.Web.dll System.Web.dll System.Web.dll System.Web.dll System.Configuration.ni.dll System.configuration.dll urlmon.dll System.configuration.dll System.configuration.dll mscorlib.dll System.Data.OracleClient.dll System.Data.OracleClient.dll System.Numerics.ni.dll System.Data.OracleClient.dll System.Data.OracleClient.dll System.Runtime.Serialization.Formatters.Soap.ni.dll System.Runtime.Serialization.Formatters.Soap.dll System.Runtime.Serialization.Formatters.Soap.dll Accessibility.ni.dll api-ms-win-crt-math-l1-1-0.dll dnsapi.dll Accessibility.dll oleaut32.dll System.Web.RegularExpressions.ni.dll shacct.dll System.Web.RegularExpressions.dll System.Web.RegularExpressions.dll System.Web.RegularExpressions.dll,normal
 kernel32.dll ntdll.dll wow64.dll wow64win.dll wow64cpu.dll kernel32.dll kernel32.dll kernel32.dll user32.dll kernel32.dll KernelBase.dll gdi32.dll winbrand.dll user32.dll gdi32.dll lpk.dll usp10.dll advapi32.dll oleacc.dll rpcrt4.dll sspicli.dll cryptbase.dll msvcr80.dll clbcatq.dll sspicli.dll,normal
 ntdll.dll ntdll.dll wow64.dll wow64win.dll wow64cpu.dll dwmapi.dll kernel32.dll kernel32.dll user32.dll kernel32.dll rpcrt4.dll microsoft.mediacenter.tv.tuners.interop.dll tipresx.dll gdi32.dll lpk.dll usp10.dll msvcrt.dll bcrypt.dll sechost.dll rpcrt4.dll sspicli.dll cryptbase.dll shell32.dll cryptbase.dll oleaut32.dll imm32.dll msctf.dll,normal
 ntdll.dll,normal
 system.drawing.ni.dll ntdll.dll wow64.dll sspicli.dll wow64cpu.dll kernel32.dll kernel32.dll api-ms-win-crt-heap-l1-1-0.dll user32.dll kernel32.dll kernelbase.dll advapi32.dll msvcrt.dll sechost.dll mrmdeploy.dll shlwapi.dll cryptbase.dll mshtml.dll ws2_32.dll nsi.dll winnsi.dll dhcpcsvc.dll dhcpcsvc6.dll msctf.dll api-ms-win-crt-heap-l1-1-0.dll gdi32.dll user32.dll lpk.dll usp10.dll System.Xml.ni.dll imm32.dll KernelBase.dll lpk.dll oleaut32.dll cryptsp.dll rsaenh.dll rpcrtremote.dll wevtapi.dll,normal
 samlib.dll mpr.dll,normal
 ntdll.dll kernel32.dll kernelbase.dll userenv.dll user32.dll msvcrt.dll imm32.dll ws2_32.dll combase.dll sechost.dll rpcrt4.dll kernel32.dll sechost.dll kernel.appcore.dll cryptbase.dll bcryptprimitives.dll kernelbase.dll,normal
 shcore.dll System.Web.RegularExpressions.ni.dll kernelbase.dll advapi32.dll msvcrt.dll sechost.dll sechost.dll user32.dll win32u.dll cryptbase.dll gdi32full.dll combase.dll ucrtbase.dll msvcp110_win.dll bcryptprimitives.dll usp10.dll cfgmgr32.dll windows.storage.dll powrprof.dll shlwapi.dll kernel.appcore.dll system.core.dll profapi.dll ole32.dll imm32.dll uxtheme.dll msctf.dll System.Transactions.dll rpcrt4.dll dwmapi.dll,normal
 msvcr120_clr0400.dll kernel32.dll msvcr120_clr0400.dll msvcrt.dll conhostv1.dll user32.dll system.deployment.ni.dll imm32.dll msctf.dll oleaut32.dll combase.dll rpcrt4.dll,normal
 ntdll.dll,normal
 diagperf.dll diagperf.dll pnpts.dll dnsapi.dll diagperf.dll diagperf.dll pnpts.dll msctf.dll imm32.dll diagperf.dll pnpts.dll pnpts.dll,normal
 ktmw32.dll ntdll.dll wow64.dll wow64win.dll wow64cpu.dll msvcrt.dll kernel32.dll kernel32.dll user32.dll sechost.dll scrobj.dll advapi32.dll System.Transactions.ni.dll kernel32.dll tquery.dll sspicli.dll cryptbase.dll rpcrt4.dll ws2_32.dll nsi.dll winnsi.dll system.drawing.ni.dll crypt32.dll shell32.dll shlwapi.dll gdi32.dll user32.dll lpk.dll usp10.dll ole32.dll ntdll.dll msctf.dll clbcatq.dll oleaut32.dll cfgmgr32.dll rsaenh.dll RpcRtRemote.dll wevtapi.dll ntdll.dll kernel32.dll sensapi.dll advapi32.dll msvcrt.dll sechost.dll rpcrt4.dll user32.dll gdi32.dll lpk.dll usp10.dll ole32.dll wer.dll shlwapi.dll ntdll.dll dui70.dll imm32.dll msctf.dll cryptbase.dll imageres.dll ntdll.dll wow64.dll wow64win.dll wow64cpu.dll kernel32.dll kernel32.dll kernel32.dll user32.dll kernel32.dll KernelBase.dll msvcrt.dll wow64.dll ole32.dll gdi32.dll user32.dll advapi32.dll cryptbase.dll rpcrt4.dll devobj.dll cryptbase.dll kernel32.dll usp10.dll ntdll.dll imm32.dll api-ms-win-core-localization-l1-2-0.dll sxs.dll api-ms-win-downlevel-shlwapi-l1-1-0.dll ntdll.dll advapi32.dll wintrust.dll crypt32.dll msasn1.dll cryptsp.dll rsaenh.dll msisip.dll wshext.dll comctl32.dll shell32.dll shlwapi.dll scrobj.dll microsoft.office.tools.word.implementation.ni.dll scrrun.dll ntdll.dll kernel32.dll msswch.dll advapi32.dll msvcrt.dll sechost.dll rpcrt4.dll gdi32.dll user32.dll lpk.dll usp10.dll ole32.dll msimg32.dll wmsgapi.dll wtsapi32.dll winmm.dll userenv.dll profapi.dll winsta.dll crypt32.dll ehshell.ni.dll MsCtfMonitor.dll msctf.dll mscoree.dll msutb.dll comctl32.dll shlwapi.dll secur32.dll sspicli.dll shell32.dll system.xml.ni.dll wintrust.dll cryptsp.dll rsaenh.dll ws2_32.dll bcrypt.dll win32spl.dll wow64cpu.dll gpapi.dll System.Windows.Forms.ni.dll Wldap32.dll SensApi.dll user32.dll cfgmgr32.dll KernelBase.dll devobj.dll cabinet.dll devrtl.dll version.dll clbcatq.dll usp10.dll urlmon.dll msvcrt.dll iertutil.dll msctf.dll rpcrt4.dll KernelBase.dll wer.dll ole32.dll gdi32.dll wow64cpu.dll lpk.dll shcore.dll rpcrt4.dll imm32.dll msctf.dll mscorlib.dll clbcatq.dll advapi32.dll sechost.dll oleaut32.dll nsi.dll rsaenh.dll sspicli.dll shlwapi.dll shacct.dll msvcrt.dll profapi.dll comctl32.dll rdsdwmdr.dll kernel32.dll KernelBase.dll gdi32.dll wbemprox.dll kernel32.dll cryptbase.dll usp10.dll imm32.dll rpcrt4.dll ole32.dll rpcrt4.dll oleaut32.dll cryptbase.dll clbcatq.dll advapi32.dll sechost.dll,normal
 wintrust.dll kernel32.dll kernel32.dll system.configuration.dll imm32.dll sechost.dll rpcrt4.dll gdi32.dll System.Management.Automation.dll MsCtfMonitor.dll usp10.dll winmm.dll dwmapi.dll GdiPlus.dll system.directoryservices.dll msvcrt.dll oleaut32.dll shlwapi.dll wmsgapi.dll duser.dll uxtheme.dll imm32.dll msctf.dll msswch.dll ntdll.dll lpk.dll ntdll.dll wow64win.dll wow64cpu.dll kernel32.dll kernel32.dll kernel32.dll user32.dll kernel32.dll auditpolicygpmanagedstubs.interop.dll msvcrt.dll winbrand.dll user32.dll advapi32.dll lpk.dll profapi.dll rsaenh.dll sechost.dll rpcrt4.dll sspicli.dll cryptbase.dll imm32.dll msctf.dll apphelp.dll,normal
 propsys.dll kernel32.dll ole32.dll system.management.automation.resources.dll api-ms-win-core-privateprofile-l1-1-1.dll imm32.dll shell32.dll KernelBase.dll RpcRtRemote.dll gdi32.dll user32.dll lpk.dll usp10.dll rpcrt4.dll GdiPlus.dll shell32.dll oleacc.dll twinapi.appcore.dll duser.dll sechost.dll clr.dll msasn1.dll shlwapi.dll gdi32.dll cryptsp.dll rsaenh.dll RpcRtRemote.dll profapi.dll wucltux.dll msimg32.dll slc.dll uxtheme.dll cabinet.dll WindowsCodecs.dll wintrust.dll comctl32.dll clbcatq.dll wups2.dll actxprxy.dll imm32.dll kernel.appcore.dll devobj.dll apphelp.dll shdocvw.dll ExplorerFrame.dll propsys.dll dui70.dll sxs.dll msctf.dll dui70.dll ExplorerFrame.dll user32.dll ExplorerFrame.dll dui70.dll,normal
 ntdll.dll kernel32.dll kernelbase.dll gdi32.dll user32.dll lpk.dll usp10.dll msvcrt.dll credssp.dll msctf.dll ole32.dll rpcrt4.dll oleaut32.dll cryptbase.dll clbcatq.dll version.dll sechost.dll mscorwks.dll gdi32.dll comctl32.dll advapi32.dll wshqos.dll sechost.dll rpcrt4.dll msvcr120_clr0400.dll ntdll.dll ole32.dll winnsi.dll user32.dll lpk.dll usp10.dll oleaut32.dll imm32.dll msctf.dll imm32.dll rpcrt4.dll rsaenh.dll rpcrtremote.dll wow64cpu.dll sxs.dll cryptsp.dll msvcrt.dll shlwapi.dll mscorlib.ni.dll clrjit.dll system.ni.dll wow64.dll version.dll mscorlib.dll mscorlib.dll system.core.ni.dll system.configuration.ni.dll system.xml.ni.dll ntdll.dll kernel32.dll kernelbase.dll winbrand.dll msvcrt.dll sechost.dll rpcrt4.dll msvcr120_clr0400.dll mscoree.dll ole32.dll gdi32.dll user32.dll user32.dll usp10.dll oleaut32.dll imm32.dll msctf.dll cryptbase.dll cryptsp.dll rsaenh.dll rpcrtremote.dll portabledevicesyncprovider.dll sxs.dll mscoreei.dll ole32.dll shlwapi.dll kernel32.dll advapi32.dll system.ni.dll system.runtime.remoting.ni.dll version.dll mscorlib.dll mscorlib.dll version.dll system.web.ni.dll psapi.dll KernelBase.dll system.xml.ni.dll zipfldr.dll system.directoryservices.ni.dll system.configuration.ni.dll,normal
 ntdll.dll ntdll.dll Microsoft.PowerShell.ConsoleHost.ni.dll kernelbase.dll kernelbase.dll kernel32.dll advapi32.dll msvcrt.dll rsaenh.dll user32.dll ole32.dll oleaut32.dll tquery.dll tquery.dll shcore.dll xmllite.dll sensapi.dll ipnathlp.dll imm32.dll sechost.dll sechost.dll rpcrt4.dll rpcrt4.dll system.design.dll combase.dll shlwapi.dll wow64.dll kernel.appcore.dll kernel.appcore.dll cryptbase.dll kernel32.dll bcryptprimitives.dll bcryptprimitives.dll logoncli.dll clbcatq.dll cryptsp.dll cryptsp.dll rsaenh.dll hid.dll bcrypt.dll bcrypt.dll oleaut32.dll mssprxy.dll mssph.dll mssph.dll lpk.dll,normal
 ntdll.dll kernel32.dll kernelbase.dll msvcrt.dll conhostv2.dll combase.dll msftedit.dll rpcrt4.dll bcryptprimitives.dll netapi32.dll gdi32full.dll user32.dll tquery.dll clbcatq.dll oleaut32.dll msvcp_win.dll propsys.dll sechost.dll shcore.dll msctf.dll kernel.appcore.dll profapi.dll cfgmgr32.dll imm32.dll powrprof.dll shlwapi.dll clbcatq.dll kernel32.dll shell32.dll,normal
 ws2_32.dll kernel32.dll System.Xml.Linq.dll system.drawing.ni.dll user32.dll system.deployment.dll usp10.dll msvcrt.dll lpk.dll rpcrt4.dll ole32.dll rpcrt4.dll oleaut32.dll wow64.dll clbcatq.dll advapi32.dll sechost.dll ntdll.dll ntdll.dll wow64.dll wow64win.dll wow64cpu.dll kernel32.dll kernel32.dll kernel32.dll cryptbase.dll kernel32.dll KernelBase.dll rsaenh.dll winbrand.dll user32.dll gdi32.dll lpk.dll usp10.dll sxs.dll sechost.dll rpcrt4.dll auxiliarydisplayclassinstaller.dll cryptbase.dll imm32.dll windows.ui.creddialogcontroller.dll apphelp.dll,normal
 sendmail.dll shacct.dll wpdshext.dll audiodev.dll,normal
 ntdll.dll ntdll.dll msidle.dll wow64win.dll kernel32.dll kernel32.dll kernel32.dll user32.dll wow64cpu.dll kernel32.dll kernelbase.dll oleaut32.dll gdi32.dll ucrtbase.dll setupapi.dll rpcrt4.dll sspicli.dll clbcatq.dll bcryptprimitives.dll sechost.dll user32.dll ole32.dll ntasn1.dll gdi32full.dll usp10.dll msvcrt.dll shell32.dll mscoree.dll kernel32.dll system.directoryservices.dll kernel.appcore.dll version.dll system.deployment.dll ole32.dll fusion.dll clbcatq.dll taskschd.dll xmllite.dll,normal
 ntdll.dll kernel32.dll kernelbase.dll tquery.dll dnsapi.dll sechost.dll rpcrt4.dll msvcr120_clr0400.dll advapi32.dll ole32.dll advapi32.dll user32.dll lpk.dll usp10.dll oleaut32.dll imm32.dll wow64.dll cryptbase.dll wow64win.dll rsaenh.dll rpcrtremote.dll clbcatq.dll nsi.dll mscoreei.dll clr.dll shlwapi.dll mscorlib.ni.dll clrjit.dll system.ni.dll version.dll mscorlib.dll comctl32.dll system.drawing.ni.dll system.data.dll KernelBase.dll user32.dll system.data.ni.dll system.data.dll system.data.dll system.data.dll system.xml.ni.dll system.configuration.ni.dll,normal
 usp10.dll kernel32.dll kernelbase.dll usp10.dll cmdext.dll advapi32.dll sechost.dll rpcrt4.dll,normal
 user32.dll lpk.dll kernelbase.dll advapi32.dll msvcrt.dll sechost.dll rpcrt4.dll gdi32.dll user32.dll lpk.dll usp10.dll ole32.dll msimg32.dll cryptbase.dll rsaenh.dll winmm.dll userenv.dll profapi.dll winsta.dll crypt32.dll msasn1.dll msctfmonitor.dll msctf.dll imm32.dll wsmauto.dll comctl32.dll msctf.dll secur32.dll sspicli.dll Wldap32.dll cryptbase.dll uxtheme.dll wintrust.dll cryptsp.dll kernel32.dll msvcrt.dll bcrypt.dll bcryptprimitives.dll ncrypt.dll kernel32.dll cryptnet.dll wldap32.dll sensapi.dll version.dll clbcatq.dll oleaut32.dll urlmon.dll kernel32.dll api-ms-win-downlevel-shlwapi-l1-1-0.dll api-ms-win-downlevel-advapi32-l1-1-0.dll api-ms-win-downlevel-user32-l1-1-0.dll advapi32.dll api-ms-win-downlevel-normaliz-l1-1-0.dll normaliz.dll iertutil.dll wininet.dll imm32.dll ntdll.dll wow64.dll wow64win.dll wow64cpu.dll kernel32.dll ntdll.dll kernel32.dll combase.dll netutils.dll kernelbase.dll msvcrt.dll winbrand.dll user32.dll secur32.dll lpk.dll usp10.dll PresentationFramework.Classic.ni.dll sechost.dll System.Printing.dll sspicli.dll webio.dll imm32.dll msctf.dll spoolss.dll,normal
 ntdll.dll taskschd.dll KernelBase.dll msvcrt.dll user32.dll gdi32.dll usp10.dll usp10.dll fastprox.dll rpcrt4.dll advapi32.dll shlwapi.dll ktmw32.dll imm32.dll msctf.dll version.dll sechost.dll cryptbase.dll advapi32.dll nlsmodels0011.dll taskschd.dll sspicli.dll,normal
 combase.dll cryptsp.dll KernelBase.dll msctf.dll msvcrt.dll shell32.dll rpcrt4.dll msvcr120_clr0400.dll mscoree.dll ole32.dll cryptsp.dll user32.dll lpk.dll usp10.dll msctf.dll imm32.dll msctf.dll cryptbase.dll cryptsp.dll rsaenh.dll RpcRtRemote.dll clbcatq.dll sxs.dll mscoreei.dll shlwapi.dll msvcr80.dll usp10.dll shell32.dll accessibility.dll mscorlib.ni.dll gdi32.dll mscorlib.dll mscorlib.dll version.dll mscorlib.dll mscorlib.dll mscorsec.dll wintrust.dll crypt32.dll msasn1.dll comctl32.dll riched20.dll imagehlp.dll ncrypt.dll bcrypt.dll sechost.dll wtsapi32.dll msvcrt.dll cryptnet.dll wshext.dll SensApi.dll System.ni.dll System.AddIn.ni.dll Microsoft.VisualStudio.Tools.Office.AddInAdapter.v9.0.ni.dll System.ni.dll System.AddIn.ni.dll uxtheme.dll System.ni.dll System.AddIn.ni.dll System.AddIn.Contract.ni.dll Microsoft.VisualStudio.Tools.Office.Excel.AddInAdapter.v9.0.dll Microsoft.VisualStudio.Tools.Office.Excel.AddInAdapter.v9.0.dll accessibility.ni.dll Microsoft.VisualStudio.Tools.Office.Excel.AddInAdapter.v9.0.ni.dll Microsoft.VisualStudio.Tools.Office.Excel.AddInAdapter.v9.0.ni.dll ntdll.dll ntdll.dll cryptsp.dll user32.dll wow64cpu.dll kernel32.dll kernel32.dll kernel32.dll user32.dll kernel32.dll KernelBase.dll crypt32.dll msvcrt.dll mscorlib.dll rpcrt4.dll sspicli.dll advapi32.dll msvcr120_clr0400.dll mscoree.dll ole32.dll msvcr80.dll user32.dll clipsvc.dll usp10.dll rpcrt4.dll imm32.dll msctf.dll cryptsp.dll rsaenh.dll RpcRtRemote.dll clbcatq.dll sxs.dll mscoreei.dll mscorwks.dll msvcr80.dll shlwapi.dll shell32.dll profapi.dll mscorlib.ni.dll mscorjit.dll mscorlib.dll mscorlib.dll version.dll mscorlib.dll rpcrt4.dll System.ni.dll system.core.ni.dll System.Data.Entity.ni.dll System.Data.Entity.dll System.Data.Entity.dll System.Data.Entity.dll System.Data.Entity.dll clbcatq.dll advapi32.dll System.Core.dll System.Core.dll System.dll System.dll System.dll System.dll System.Data.ni.dll System.Data.dll vds_ps.dll System.Data.dll System.Data.dll System.Data.dll ws2_32.dll nsi.dll rsaenh.dll msasn1.dll System.Xml.ni.dll System.XML.dll System.XML.dll System.XML.dll System.XML.dll synceng.dll System.Transactions.dll System.Transactions.dll ntdll.dll System.Transactions.dll System.Transactions.dll System.Runtime.Serialization.ni.dll System.Runtime.Serialization.dll System.Runtime.Serialization.dll api-ms-win-core-io-l1-1-0.dll System.Runtime.Serialization.dll System.Configuration.ni.dll System.configuration.dll System.configuration.dll system.runtime.serialization.formatters.soap.dll System.configuration.dll System.Security.ni.dll System.Security.dll System.Security.dll System.Security.dll kernel32.dll cfgmgr32.dll System.Data.SqlXml.dll system.transactions.dll System.Data.SqlXml.dll System.Data.SqlXml.dll Microsoft.VisualC.ni.dll cscapi.dll System.EnterpriseServices.dll System.EnterpriseServices.dll System.DirectoryServices.ni.dll System.DirectoryServices.dll api-ms-win-core-file-l2-1-0.dll System.DirectoryServices.dll System.DirectoryServices.dll PresentationCore.dll wow64win.dll System.Runtime.Remoting.dll gdi32.dll nsi.dll kernel.appcore.dll msvcrt.dll System.Web.dll System.Runtime.Serialization.Formatters.Soap.ni.dll System.Runtime.Serialization.Formatters.Soap.dll System.Runtime.Serialization.Formatters.Soap.dll System.Drawing.ni.dll System.Drawing.dll System.Drawing.dll System.Drawing.dll System.Drawing.dll System.Web.Services.ni.dll System.Web.Services.dll System.Web.Services.dll System.Web.Services.dll System.Web.Services.dll System.DirectoryServices.Protocols.ni.dll System.DirectoryServices.Protocols.dll System.DirectoryServices.Protocols.dll SensApi.dll System.DirectoryServices.Protocols.dll System.Design.ni.dll msasn1.dll system.data.dll kernel32.dll System.ServiceProcess.dll System.ServiceProcess.dll System.Windows.Forms.ni.dll System.Windows.Forms.dll setupapi.dll System.Windows.Forms.dll msointl30.dll System.Web.RegularExpressions.ni.dll ntdll.dll System.Web.RegularExpressions.dll oleaut32.dll System.Web.RegularExpressions.dll crypt32.dll System.Drawing.Design.dll System.Drawing.Design.dll System.Data.OracleClient.ni.dll System.Data.OracleClient.dll System.Data.OracleClient.dll System.Data.OracleClient.dll System.Data.OracleClient.dll System.Data.OracleClient.dll mssrch.dll Accessibility.dll Accessibility.dll rsaenh.dll Accessibility.dll kernelbase.dll System.Deployment.dll System.Deployment.dll version.dll System.Deployment.dll imm32.dll System.Configuration.Install.dll System.Configuration.Install.dll SMDiagnostics.ni.dll SMdiagnostics.dll SMdiagnostics.dll SMdiagnostics.dll SMdiagnostics.dll ntdll.dll mscoreei.dll SensApi.dll imm32.dll wow64cpu.dll kernel32.dll kernel32.dll winsta.dll usp10.dll kernel32.dll usp10.dll advapi32.dll usp10.dll sechost.dll rpcrt4.dll sspicli.dll cryptbase.dll msvcr120_clr0400.dll mscoree.dll clr.dll gdi32.dll user32.dll lpk.dll wow64cpu.dll oleaut32.dll imm32.dll msctf.dll mscorlib.dll rsaenh.dll RpcRtRemote.dll user32.dll sxs.dll mscoreei.dll shlwapi.dll cryptbase.dll mscorlib.ni.dll clrjit.dll System.ni.dll version.dll msfeeds.dll mscorlib.dll sspicli.dll System.dll System.dll System.Drawing.ni.dll System.Drawing.dll System.Drawing.dll System.Windows.Forms.ni.dll System.Windows.Forms.dll System.Windows.Forms.dll System.Core.ni.dll System.Web.ni.dll System.Web.dll System.Web.dll msvcp_win.dll System.Core.dll System.Configuration.ni.dll System.Configuration.dll System.Configuration.dll PresentationFramework.ni.dll System.Xml.dll System.Xml.dll,normal
 ntdll.dll ntdll.dll kernel32.dll usp10.dll kernelbase.dll atcuf64.dll sechost.dll sechost.dll rpcrt4.dll rpcrt4.dll ucrtbase.dll ucrtbase.dll combase.dll bcryptprimitives.dll mscorlib.dll api-ms-win-crt-filesystem-l1-1-0.dll kernel.appcore.dll msvcrt.dll textinputframework.dll user32.dll win32u.dll lpk.dll gdi32full.dll msvcp_win.dll msvcp_win.dll secur32.dll wldp.dll oleaut32.dll msasn1.dll msasn1.dll wintrust.dll advapi32.dll advapi32.dll setupapi.dll wtsapi32.dll wtsapi32.dll winsta.dll winsta.dll wdi.dll wdi.dll system.dll radardt.dll,normal
 ntdll.dll winhttp.dll KernelBase.dll user32.dll system.transactions.dll lpk.dll cryptbase.dll msvcrt.dll shlwapi.dll shell32.dll ole32.dll rpcrt4.dll mpr.dll secur32.dll msctf.dll comctl32.dll logoncli.dll sechost.dll cryptbase.dll dsrole.dll samcli.dll samlib.dll clbcatq.dll version.dll netplwiz.dll imecfm.dll version.dll netutils.dll userenv.dll oleacc.dll,normal
 ntdll.dll ntdll.dll wow64.dll wow64win.dll wow64cpu.dll rsaenh.dll kernel32.dll kernel32.dll user32.dll kernel32.dll kernelbase.dll usp10.dll msvcrt.dll KernelBase.dll rpcrt4.dll sspicli.dll cryptsp.dll user32.dll shell32.dll lpk.dll drprov.dll shlwapi.dll shell32.dll ole32.dll oleaut32.dll sppc.dll msasn1.dll imm32.dll msctf.dll comctl32.dll urlmon.dll comctl32.dll profapi.dll ws2_32.dll nsi.dll dnsapi.dll winnsi.dll clbcatq.dll nlaapi.dll cryptsp.dll rsaenh.dll System.Web.ni.dll imm32.dll apphelp.dll sensapi.dll nlaapi.dll mlang.dll psapi.dll oleacc.dll msimg32.dll napinsp.dll imageres.dll winrnr.dll uxtheme.dll system.windows.forms.dll version.dll netprofm.dll propsys.dll setupapi.dll npmproxy.dll cfgmgr32.dll devobj.dll comdlg32.dll ole32.dll ole32.dll msvcr120_clr0400.dll msctf.dll msctf.dll sqmapi.dll ntmarta.dll wldap32.dll ieframe.dll rasapi32.dll rasman.dll rtutils.dll sxs.dll rasadhlp.dll shell32.dll ieui.dll api-ms-win-core-synch-l1-2-0.dll ieproxy.dll url.dll xmllite.dll tabskb.dll kernel32.dll System.Security.ni.dll imecfm.dll msfeeds.dll mlang.dll normaliz.dll lspwaoie.dll wsock32.dll sechost.dll msxml3.dll ole32.dll userenv.dll,normal
 ntdll.dll kernel32.dll KernelBase.dll gdi32.dll user32.dll lpk.dll usp10.dll oleaut32.dll imm32.dll msctf.dll ole32.dll System.Transactions.ni.dll oleaut32.dll system.configuration.dll clbcatq.dll advapi32.dll ntdll.dll ntdll.dll kernel32.dll KernelBase.dll advapi32.dll msvcrt.dll sechost.dll rpcrt4.dll msvcr120_clr0400.dll mscoree.dll ole32.dll gdi32.dll kernel32.dll lpk.dll usp10.dll oleaut32.dll imm32.dll msctf.dll cryptbase.dll cryptsp.dll rsaenh.dll RpcRtRemote.dll System.Windows.Forms.ni.dll ntdll.dll mscoreei.dll mscorwks.dll msvcr80.dll msctf.dll shell32.dll profapi.dll mscorlib.ni.dll mscorjit.dll mscorlib.dll mscorlib.dll version.dll mscorlib.dll mscorlib.dll System.ni.dll System.Management.Automation.ni.dll Microsoft.Windows.Diagnosis.Commands.GetDiagInput.ni.dll System.Configuration.Install.ni.dll System.Transactions.ni.dll System.Transactions.dll lpk.dll System.Transactions.dll System.Transactions.dll System.Transactions.dll msvcr80.dll ole32.dll sspicli.dll System.DirectoryServices.ni.dll System.Data.ni.dll System.Data.dll System.Data.dll System.Data.dll System.Data.dll System.Data.dll ws2_32.dll nsi.dll crypt32.dll msasn1.dll System.Configuration.ni.dll System.Security.ni.dll System.Data.SqlXml.ni.dll System.Runtime.Serialization.Formatters.Soap.ni.dll System.Drawing.ni.dll System.Windows.Forms.ni.dll cryptsp.dll msctf.dll System.EnterpriseServices.ni.dll System.EnterpriseServices.dll System.EnterpriseServices.dll umb.dll Microsoft.VisualC.ni.dll mrt100.dll msvcrt.dll System.Drawing.dll cryptbase.dll sechost.dll System.Web.Services.ni.dll System.DirectoryServices.Protocols.ni.dll System.Design.ni.dll System.ServiceProcess.ni.dll System.Web.RegularExpressions.ni.dll System.Drawing.Design.ni.dll System.Data.OracleClient.ni.dll System.Data.OracleClient.dll usp10.dll System.Data.OracleClient.dll System.Data.OracleClient.dll System.Data.OracleClient.dll Microsoft.JScript.ni.dll Microsoft.Vsa.ni.dll msctf.dll shlwapi.dll Microsoft.Windows.Diagnosis.Commands.WriteDiagProgress.ni.dll ntdll.dll api-ms-win-downlevel-shlwapi-l1-1-0.dll system.ni.dll advapi32.dll imm32.dll sechost.dll system.web.services.ni.dll msvcr120_clr0400.dll mscoree.dll ole32.dll gdi32.dll user32.dll lpk.dll usp10.dll mscorlib.ni.dll imm32.dll ws2_32.dll cryptbase.dll cryptsp.dll shlwapi.dll RpcRtRemote.dll cryptbase.dll sxs.dll mscoreei.dll rpcrt4.dll shlwapi.dll mscorlib.ni.dll clrjit.dll version.dll mscorlib.dll ehstorshell.dll msvcrt.dll mscorlib.dll ntdll.dll ntdll.dll wow64.dll wow64win.dll wow64cpu.dll kernel32.dll kernel32.dll kernel32.dll user32.dll kernel32.dll msvcr120_clr0400.dll advapi32.dll msvcrt.dll sechost.dll rpcrt4.dll sspicli.dll shcore.dll msvcr120_clr0400.dll wtsapi32.dll msvcr120_clr0400.dll msvcr120_clr0400.dll sxs.dll lpk.dll usp10.dll oleaut32.dll rsaenh.dll msctf.dll cryptsp.dll rsaenh.dll RpcRtRemote.dll clbcatq.dll sxs.dll rpcrt4.dll cryptbase.dll msvcr80.dll shlwapi.dll system.printing.dll profapi.dll kernelbase.dll system.xaml.ni.dll mscorlib.dll mscorlib.dll version.dll mscorlib.dll mscorlib.dll System.ni.dll System.Xml.ni.dll msvcp_win.dll System.XML.dll shlwapi.dll System.XML.dll mscorjit.dll System.dll lpk.dll System.dll rpcrt4.dll System.configuration.dll System.configuration.dll System.configuration.dll System.configuration.dll System.Data.SqlXml.ni.dll System.Data.SqlXml.dll System.Data.SqlXml.dll msctf.dll System.Data.SqlXml.dll,normal
 ntdll.dll gdi32.dll kernelbase.dll mscorlib.dll msvcrt.dll sechost.dll rpcrt4.dll winnsi.dll user32.dll gdi32.dll KernelBase.dll usp10.dll accessibility.ni.dll msctf.dll nsi.dll ws2_32.dll mswsock.dll,normal
 fltlib.dll win32u.dll msi.dll storageusage.dll storsvc.dll appxdeploymentclient.dll unistore.dll dssvc.dll wdi.dll mpr.dll pcadm.dll pcacli.dll wtsapi32.dll,normal
 ntdll.dll corperfmonext.dll lpk.dll npmproxy.dll wow64cpu.dll kernel32.dll kernel32.dll System.dll user32.dll kernel32.dll kernelbase.dll clbcatq.dll msvcrt.dll microsoft.office.tools.ni.dll rpcrt4.dll sspicli.dll cryptbase.dll dnsapi.dll usocore.dll nsi.dll winnsi.dll dhcpcsvc.dll dhcpcsvc6.dll shell32.dll shlwapi.dll gdi32.dll user32.dll version.dll usp10.dll ole32.dll imm32.dll msctf.dll clbcatq.dll oleaut32.dll cryptsp.dll cryptsvc.dll rpcrtremote.dll wevtapi.dll cryptbase.dll ntdll.dll wow64.dll wow64win.dll wow64cpu.dll kernel32.dll wbemprox.dll advapi32.dll user32.dll kernel32.dll kernelbase.dll advapi32.dll msvcrt.dll mscms.dll ntdll.dll shlwapi.dll cryptbase.dll wow64cpu.dll ws2_32.dll msvcr120_clr0400.dll winnsi.dll dhcpcsvc.dll uxtheme.dll dhcpcsvc6.dll shlwapi.dll gdi32.dll user32.dll lpk.dll usp10.dll ole32.dll bcrypt.dll msctf.dll clbcatq.dll oleaut32.dll cryptsp.dll rsaenh.dll rpcrtremote.dll wevtapi.dll KernelBase.dll ntdll.dll wow64.dll wow64win.dll wow64cpu.dll kernel32.dll kernel32.dll kernel32.dll user32.dll kernel32.dll kernelbase.dll mscorlib.dll msvcrt.dll sechost.dll rpcrt4.dll user32.dll sechost.dll dnsapi.dll ws2_32.dll nsi.dll winnsi.dll mapi32.dll dhcpcsvc6.dll shell32.dll shlwapi.dll gdi32.dll user32.dll lpk.dll msmpeg2vdec.dll ole32.dll imm32.dll msctf.dll clbcatq.dll oleaut32.dll cryptsp.dll cfgmgr32.dll rpcrtremote.dll wevtapi.dll ntdll.dll api-ms-win-core-fibers-l1-1-1.dll wow64.dll wow64win.dll wow64cpu.dll kernel32.dll kernel32.dll kernel32.dll user32.dll kernel32.dll kernelbase.dll sechost.dll apphelp.dll sechost.dll rpcrt4.dll sspicli.dll cryptbase.dll dnsapi.dll msvcp110_win.dll nsi.dll kernel32.dll dhcpcsvc.dll dhcpcsvc6.dll shell32.dll shlwapi.dll imm32.dll user32.dll lpk.dll kernel32.dll cryptbase.dll imm32.dll msctf.dll msvcrt.dll urlmon.dll cryptsp.dll rsaenh.dll version.dll ole32.dll,normal
 ntdll.dll ntdll.dll wow64.dll wow64win.dll usp10.dll kernel32.dll kernel32.dll kernel32.dll system.configuration.ni.dll kernel32.dll KernelBase.dll advapi32.dll msvcrt.dll sechost.dll System.Core.ni.dll sspicli.dll cryptbase.dll dnsapi.dll wwanmm.dll nsi.dll oleaut32.dll dhcpcsvc.dll dhcpcsvc6.dll shell32.dll shlwapi.dll gdi32.dll user32.dll slc.dll usp10.dll ole32.dll imm32.dll msctf.dll cryptsp.dll oleaut32.dll cryptsp.dll rsaenh.dll RpcRtRemote.dll wevtapi.dll ntdll.dll ole32.dll kernel32.dll wow64win.dll wow64cpu.dll kernel32.dll msvcr120_clr0400.dll kernel32.dll user32.dll kernel32.dll expsrv.dll cryptbase.dll msctf.dll sechost.dll rpcrt4.dll usp10.dll cryptbase.dll mscorlib.dll imageres.dll nsi.dll msutb.dll dhcpcsvc.dll dhcpcsvc6.dll shell32.dll shlwapi.dll gdi32.dll user32.dll wow64.dll usp10.dll ole32.dll imm32.dll msctf.dll clbcatq.dll oleaut32.dll cryptsp.dll rsaenh.dll wow64cpu.dll wevtapi.dll,normal
 ntdll.dll gdi32.dll kernel32.dll windows.ui.cred.dll ntdll.dll system.web.extensions.ni.dll wow64win.dll wow64cpu.dll mscorlib.ni.dll kernel32.dll kernelbase.dll wow64cpu.dll ntdll.dll msvcrt.dll gdi32.dll user32.dll advapi32.dll sechost.dll rpcrt4.dll dnsapi.dll cryptbase.dll lpk.dll usp10.dll shell32.dll shlwapi.dll ws2_32.dll nsi.dll imm32.dll sechost.dll clbcatq.dll dnsapi.dll cryptsp.dll rsaenh.dll winnsi.dll dhcpcsvc.dll lpk.dll rpcrtremote.dll uxtheme.dll,normal
 advapi32.dll kernel32.dll KernelBase.dll gdi32.dll user32.dll nsi.dll usp10.dll msvcrt.dll imm32.dll msctf.dll ole32.dll rpcrt4.dll oleaut32.dll system.data.dll clbcatq.dll advapi32.dll sechost.dll shell32.dll shlwapi.dll presentationframework.dll ntdll.dll imecfm.dll version.dll uxtheme.dll,normal
 ws2_32.dll wship6.dll wow64.dll wow64win.dll wow64cpu.dll kernel32.dll kernel32.dll kernel32.dll user32.dll kernel32.dll pdh.dll advapi32.dll msvcrt.dll rpcrt4.dll rpcrt4.dll sspicli.dll cryptbase.dll system.xml.ni.dll ole32.dll gdi32.dll user32.dll lpk.dll usp10.dll credui.dll wevtapi.dll imm32.dll msctf.dll comctl32.dll shlwapi.dll ntdll.dll ntdll.dll rsaenh.dll wow64win.dll wow64cpu.dll ucrtbase.dll kernel32.dll winhttp.dll user32.dll shlwapi.dll advapi32.dll sechost.dll rpcrt4.dll sspicli.dll wbemprox.dll usp10.dll msshooks.dll shell32.dll ole32.dll iertutil.dll urlmon.dll wininet.dll oleaut32.dll user32.dll msasn1.dll imm32.dll msctf.dll gdi32.dll psapi.dll oleaut32.dll RpcRtRemote.dll KernelBase.dll propsys.dll profapi.dll setupapi.dll cfgmgr32.dll devobj.dll comdlg32.dll sqmapi.dll ws2_32.dll nsi.dll dnsapi.dll setupapi.dll cryptsp.dll system.design.dll psapi.dll ieframe.dll clbcatq.dll KernelBase.dll oleaut32.dll usp10.dll Wldap32.dll msvcrt.dll user32.dll sxs.dll sensapi.dll system.data.ni.dll msvcrt.dll IEShims.dll ieproxy.dll comctl32.dll imecfm.dll mlang.dll ucrtbase.dll msls31.dll dwmapi.dll iesetup.dll advpack.dll system.web.ni.dll ole32.dll ole32.dll msctf.dll msctf.dll shell32.dll LspWaoIe.dll wsock32.dll imagehlp.dll,normal
 ntdll.dll msvcr120_clr0400.dll kernelbase.dll advapi32.dll msvcrt.dll sechost.dll msvcr120_clr0400.dll user32.dll gdi32.dll lpk.dll usp10.dll mpr.dll wow64win.dll oleaut32.dll sensapi.dll sspicli.dll ws2_32.dll nsi.dll user32.dll netutils.dll srvcli.dll wkscli.dll imm32.dll framedynos.dll wtsapi32.dll rpcrt4.dll ntdll.dll usp10.dll kernel.appcore.dll ntdsapi.dll cryptbase.dll clbcatq.dll wbemprox.dll wbemcomn.dll ntdll.dll kernel32.dll kernelbase.dll gdi32.dll user32.dll lpk.dll nsi.dll msvcrt.dll imm32.dll msctf.dll shell32.dll rpcrt4.dll oleaut32.dll cryptbase.dll clbcatq.dll advapi32.dll system.transactions.dll,normal
 ntdll.dll ntdll.dll wow64.dll wow64win.dll api-ms-win-core-debug-l1-1-0.dll kernel32.dll kernel32.dll presentationcffrasterizer.ni.dll user32.dll kernel32.dll kernelbase.dll msvcrt.dll System.ServiceProcess.ni.dll ole32.dll gdi32.dll user32.dll advapi32.dll ntdll.dll oleaut32.dll clbcatq.dll cryptbase.dll lpk.dll usp10.dll advapi32.dll imm32.dll msctf.dll sxs.dll clbcatq.dll vbscript.dll advapi32.dll api-ms-win-downlevel-shlwapi-l1-1-0.dll crypt32.dll msasn1.dll cryptsp.dll rsaenh.dll nsi.dll wshext.dll wevtapi.dll shell32.dll shlwapi.dll rsaenh.dll msi.dll scrrun.dll ntdll.dll kernel32.dll kernelbase.dll Microsoft.ManagementConsole.ni.dll imm32.dll lpk.dll usp10.dll msvcrt.dll imm32.dll msctf.dll crypt32.dll system.xml.ni.dll kernel.appcore.dll comctl32.dll ntdll.dll wow64.dll wow64win.dll wow64cpu.dll kernel32.dll kernel32.dll energy.dll user32.dll kernel32.dll KernelBase.dll msvcrt.dll winbrand.dll user32.dll gdi32.dll lpk.dll usp10.dll advapi32.dll sechost.dll rpcrt4.dll sspicli.dll cryptbase.dll imm32.dll msctf.dll apphelp.dll,normal
 netutils.dll ntdll.dll kernel32.dll wow64win.dll clbcatq.dll kernel32.dll clbcatq.dll kernel32.dll user32.dll usermgrproxy.dll kernelbase.dll msvcrt.dll ole32.dll user32.dll gdi32.dll lpk.dll usp10.dll advapi32.dll sechost.dll rpcrt4.dll sspicli.dll cryptbase.dll imm32.dll msctf.dll apphelp.dll,normal
 ntdll.dll kernel32.dll KernelBase.dll cryptsp.dll user32.dll lpk.dll usp10.dll ws2_32.dll imm32.dll ole32.dll ole32.dll sspicli.dll oleaut32.dll cryptbase.dll clbcatq.dll usp10.dll sechost.dll,normal
 ntdll.dll kernel32.dll msasn1.dll user32.dll gdi32.dll cryptsp.dll usp10.dll msvcrt.dll Microsoft.VisualStudio.Tools.Applications.ServerDocument.v10.0.ni.dll netplwiz.dll system.enterpriseservices.dll ole32.dll rpcrt4.dll mpr.dll imm32.dll msctf.dll comctl32.dll uxtheme.dll gpapi.dll advapi32.dll sechost.dll cryptbase.dll dsrole.dll system.core.ni.dll wow64cpu.dll netutils.dll msswch.dll winmm.dll oleaut32.dll,normal
 taskschd.dll taskschd.dll xmllite.dll taskschd.dll imm32.dll sspicli.dll wtsapi32.dll netprofm.dll npmproxy.dll taskschd.dll,normal
 msctf.dll ntdll.dll kernel32.dll KernelBase.dll msvcrt.dll rpcrt4.dll gdi32.dll user32.dll lpk.dll system.directoryservices.protocols.ni.dll ole32.dll oleaut32.dll imm32.dll ntdll.dll ntdll.dll wow64.dll wow64win.dll wow64cpu.dll kernel32.dll kernel32.dll kernel32.dll advapi32.dll kernel32.dll KernelBase.dll advapi32.dll msvcrt.dll sechost.dll rpcrt4.dll kernelbase.dll samlib.dll shlwapi.dll gdi32.dll System.dll lpk.dll usp10.dll ole32.dll imm32.dll msctf.dll clbcatq.dll oleaut32.dll kernel32.dll rsaenh.dll ole32.dll RpcRtRemote.dll ws2_32.dll nsi.dll lpk.dll dhcpcsvc.dll dhcpcsvc6.dll usp10.dll ntdll.dll,normal
 ntdll.dll ntdll.dll wow64.dll wow64win.dll wow64cpu.dll kernel32.dll kernel32.dll ntlanman.dll user32.dll kernel32.dll kernelbase.dll KernelBase.dll profapi.dll user32.dll gdi32.dll ActionCenter.dll usp10.dll advapi32.dll usp10.dll rpcrt4.dll sspicli.dll cryptbase.dll imm32.dll msvcr120_clr0400.dll apphelp.dll,normal
 ntdll.dll kernel32.dll win32u.dll advapi32.dll XamlBuildTask.ni.dll sechost.dll rpcrt4.dll shell32.dll shlwapi.dll gdi32.dll user32.dll lpk.dll usp10.dll sechost.dll msctf.dll,normal
 cryptsp.dll ntdll.dll cabinet.dll wow64win.dll wow64cpu.dll kernel32.dll kernel32.dll kernel32.dll user32.dll kernel32.dll secur32.dll advapi32.dll msvcrt.dll rpcrt4.dll rpcrt4.dll sspicli.dll cryptbase.dll dnsapi.dll ws2_32.dll oleaut32.dll winnsi.dll dhcpcsvc.dll dhcpcsvc6.dll shell32.dll shlwapi.dll gdi32.dll user32.dll lpk.dll kernel32.dll ole32.dll bcryptprimitives.dll msctf.dll clbcatq.dll oleaut32.dll cryptsp.dll rsaenh.dll kernel32.dll wevtapi.dll wow64win.dll shell32.dll wow64.dll wow64win.dll wow64cpu.dll system.data.oracleclient.dll user32.dll kernel32.dll user32.dll System.Data.dll kernelbase.dll msvcrt.dll imageres.dll user32.dll gdi32.dll lpk.dll usp10.dll advapi32.dll sechost.dll rpcrt4.dll ole32.dll d2d1.dll imm32.dll sysntfy.dll EhStorShell.dll,normal
 ntdll.dll ole32.dll advapi32.dll advapi32.dll msvcrt.dll sechost.dll webio.dll msvcr120_clr0400.dll gdi32.dll ole32.dll gdi32.dll user32.dll lpk.dll usp10.dll oleaut32.dll imm32.dll msctf.dll cryptbase.dll system.data.dll rsaenh.dll RpcRtRemote.dll clbcatq.dll imm32.dll mscoreei.dll mscorwks.dll msvcr80.dll ole32.dll shell32.dll profapi.dll mscorlib.ni.dll mscorjit.dll mscorlib.dll mscorlib.dll version.dll mscorlib.dll cryptbase.dll System.ni.dll system.xml.ni.dll msvcrt.dll Microsoft.Build.Utilities.ni.dll Microsoft.Build.Framework.ni.dll wintrust.dll lpk.dll System.Data.SqlXml.ni.dll,normal
 ntdll.dll shell32.dll wow64.dll wow64win.dll ehiitv.ni.dll kernel32.dll System.Xaml.dll kernel32.dll user32.dll kernel32.dll powrprof.dll advapi32.dll msvcrt.dll wldap32.dll rpcrt4.dll sspicli.dll cryptbase.dll system.xml.dll mscoree.dll ole32.dll gdi32.dll imagehlp.dll lpk.dll usp10.dll oleaut32.dll imm32.dll msctf.dll wow64.dll rsaenh.dll RpcRtRemote.dll clbcatq.dll sxs.dll msvcr80.dll clr.dll shlwapi.dll mscorlib.ni.dll clrjit.dll Microsoft.Management.Infrastructure.CimCmdlets.dll gdi32.dll gdiplus.dll winbrand.dll mscorlib.dll System.ni.dll System.Core.ni.dll Microsoft.Management.Infrastructure.ni.dll sqmapi.dll cryptnet.dll System.Management.Automation.dll System.Management.Automation.dll Microsoft.Management.Infrastructure.Native.dll Microsoft.Management.Infrastructure.Native.dll System.Core.dll System.Core.dll System.dll System.dll Microsoft.Management.Infrastructure.CimCmdlets.ni.dll ntdll.dll kernel32.dll KernelBase.dll msvcrt.dll ole32.dll sensapi.dll wow64win.dll lpk.dll kernel32.dll rpcrt4.dll imm32.dll msctf.dll cryptbase.dll ucrtbase.dll advapi32.dll system.data.dll imageres.dll cryptsp.dll rsaenh.dll RpcRtRemote.dll kernelbase.dll bcryptprimitives.dll shlwapi.dll advapi32.dll profapi.dll IDStore.dll ntdll.dll kernel32.dll KernelBase.dll sspicli.dll ole32.dll gdi32.dll user32.dll lpk.dll usp10.dll rpcrt4.dll imm32.dll msctf.dll cryptbase.dll clbcatq.dll devobj.dll userenv.dll oleaut32.dll authui.dll cryptui.dll crypt32.dll shlwapi.dll comctl32.dll shlwapi.dll wshbth.dll winsetup.dll dui70.dll duser.dll SndVolSSO.dll nsi.dll MMDevAPI.dll propsys.dll setupapi.dll cfgmgr32.dll ntdll.dll dwmapi.dll xmllite.dll WindowsCodecs.dll cryptbase.dll srclient.dll wtsapi32.dll SmartcardCredentialProvider.dll winsta.dll RpcRtRemote.dll rsaenh.dll msxml3.dll sspicli.dll winbio.dll credui.dll iertutil.dll netapi32.dll wmiutils.dll srvcli.dll wkscli.dll certCredProvider.dll rasplap.dll rasapi32.dll rasman.dll ws2_32.dll nsi.dll rtutils.dll oleacc.dll UIAutomationCore.dll psapi.dll samcli.dll sechost.dll rsaenh.dll shell32.dll WinSCard.dll msimg32.dll,normal
 ntdll.dll secur32.dll wow64.dll wow64win.dll wow64cpu.dll spoolss.dll advapi32.dll kernel32.dll user32.dll kernel32.dll KernelBase.dll advapi32.dll msvcrt.dll sechost.dll rpcrt4.dll sspicli.dll cryptbase.dll msvcr120_clr0400.dll version.dll conhostv2.dll gdi32.dll user32.dll lpk.dll usp10.dll oleaut32.dll imm32.dll msctf.dll cryptsp.dll rsaenh.dll sechost.dll clbcatq.dll sxs.dll mscoreei.dll clr.dll shlwapi.dll System.Design.ni.dll clrjit.dll Microsoft.PowerShell.Utility.Activities.dll msvcp90.dll winnsi.dll mscorlib.dll mscorlib.dll linkinfo.dll Microsoft.Powershell.Workflow.ServiceCore.dll System.ni.dll System.Core.ni.dll System.Activities.ni.dll System.Activities.dll System.Activities.dll System.Activities.dll System.Activities.dll msctf.dll System.Activities.dll System.Management.Automation.dll System.Management.Automation.dll kernel32.dll System.Core.dll System.Core.dll onecorecommonproxystub.dll System.Core.dll System.Core.dll System.Management.ni.dll System.Management.dll System.Management.dll Microsoft.PowerShell.Commands.Utility.ni.dll Microsoft.Powershell.Commands.Utility.dll winnsi.dll mscoree.dll System.dll System.Xml.ni.dll wow64cpu.dll System.Xml.dll System.Xml.dll System.Xml.dll System.Xml.dll kernel32.dll System.ServiceModel.Internals.ni.dll System.ServiceModel.Internals.dll System.ServiceModel.Internals.dll auditcse.dll System.ServiceModel.Internals.dll imm32.dll System.ServiceModel.Internals.dll System.Transactions.ni.dll System.Transactions.dll System.Transactions.dll system.drawing.dll System.Transactions.dll System.Transactions.dll System.Transactions.dll shell32.dll napinsp.dll ntdll.dll kernel32.dll KernelBase.dll gdi32.dll kernelbase.dll lpk.dll system.deployment.dll msvcrt.dll imm32.dll msctf.dll ole32.dll sechost.dll oleaut32.dll version.dll clbcatq.dll advapi32.dll mscorjit.dll,normal
 secur32.dll wldap32.dll,normal
 ntdll.dll kernel32.dll kernelbase.dll msvcrt.dll combase.dll ucrtbase.dll msado15.dll bcryptprimitives.dll oleaut32.dll msvcp_win.dll sechost.dll sechost.dll system.transactions.dll dismcoreps.dll dismprov.dll advapi32.dll osprovider.dll ssshim.dll gdi32.dll api-ms-win-core-com-l1-1-0.dll microsoft.office.tools.v4.0.framework.dll api-ms-win-core-console-l1-1-0.dll api-ms-win-core-datetime-l1-1-0.dll ntdll.dll api-ms-win-core-debug-l1-1-0.dll api-ms-win-core-debug-l1-1-1.dll api-ms-win-core-delayload-l1-1-0.dll api-ms-win-core-errorhandling-l1-1-0.dll dbghelp.dll api-ms-win-core-fibers-l1-1-0.dll api-ms-win-core-fibers-l1-1-1.dll api-ms-win-core-file-l1-1-0.dll api-ms-win-core-file-l1-2-0.dll api-ms-win-core-file-l1-2-1.dll api-ms-win-core-file-l2-1-0.dll imm32.dll api-ms-win-core-handle-l1-1-0.dll api-ms-win-core-heap-l1-1-0.dll gdi32.dll api-ms-win-core-heap-obsolete-l1-1-0.dll api-ms-win-core-interlocked-l1-1-0.dll api-ms-win-core-io-l1-1-0.dll dbghelp.dll dbgcore.dll api-ms-win-core-io-l1-1-1.dll KernelBase.dll clbcatq.dll api-ms-win-core-kernel32-private-l1-1-0.dll api-ms-win-core-kernel32-private-l1-1-1.dll api-ms-win-core-libraryloader-l1-1-0.dll KernelBase.dll api-ms-win-core-localization-l1-2-0.dll api-ms-win-core-localization-l1-2-1.dll api-ms-win-core-localization-obsolete-l1-2-0.dll ssshim.dll api-ms-win-base-util-l1-1-0.dll api-ms-win-core-com-l1-1-0.dll api-ms-win-core-comm-l1-1-0.dll api-ms-win-core-console-l1-1-0.dll api-ms-win-core-datetime-l1-1-0.dll sechost.dll System.Deployment.dll api-ms-win-core-debug-l1-1-1.dll api-ms-win-core-delayload-l1-1-0.dll netlogon.dll api-ms-win-core-errorhandling-l1-1-1.dll api-ms-win-core-fibers-l1-1-0.dll api-ms-win-core-fibers-l1-1-1.dll api-ms-win-core-memory-l1-1-0.dll api-ms-win-core-file-l1-1-0.dll api-ms-win-core-file-l1-2-0.dll imecfm.dll sechost.dll api-ms-win-core-file-l2-1-1.dll api-ms-win-core-handle-l1-1-0.dll api-ms-win-core-heap-l1-1-0.dll api-ms-win-core-heap-obsolete-l1-1-0.dll es.dll api-ms-win-core-io-l1-1-0.dll api-ms-win-core-io-l1-1-1.dll api-ms-win-core-kernel32-legacy-l1-1-0.dll api-ms-win-core-kernel32-legacy-l1-1-1.dll api-ms-win-core-kernel32-private-l1-1-0.dll RpcRtRemote.dll api-ms-win-core-libraryloader-l1-1-0.dll ntdll.dll api-ms-win-core-localization-l1-2-0.dll api-ms-win-core-localization-l1-2-1.dll api-ms-win-core-localization-obsolete-l1-2-0.dll api-ms-win-core-memory-l1-1-0.dll api-ms-win-core-memory-l1-1-1.dll api-ms-win-core-memory-l1-1-2.dll api-ms-win-core-memory-l1-1-2.dll api-ms-win-downlevel-normaliz-l1-1-0.dllnormaliz.dll rpcrt4.dll api-ms-win-core-privateprofile-l1-1-0.dll api-ms-win-core-privateprofile-l1-1-0.dll system.transactions.ni.dll api-ms-win-core-privateprofile-l1-1-1.dll user32.dll api-ms-win-core-processenvironment-l1-1-0.dll api-ms-win-core-processenvironment-l1-2-0.dll setupapi.dll version.dll api-ms-win-core-processthreads-l1-1-0.dll api-ms-win-core-processthreads-l1-1-1.dll wintrust.dll api-ms-win-core-processthreads-l1-1-2.dll api-ms-win-core-processthreads-l1-1-2.dll api-ms-win-core-processtopology-obsolete-l1-1-0.dll api-ms-win-core-processtopology-obsolete-l1-1-0.dll api-ms-win-core-profile-l1-1-0.dll api-ms-win-core-profile-l1-1-0.dll api-ms-win-core-realtime-l1-1-0.dll api-ms-win-core-realtime-l1-1-0.dll api-ms-win-core-registry-l1-1-0.dll api-ms-win-core-registry-l1-1-0.dll api-ms-win-core-registry-l2-1-0.dll cryptbase.dll api-ms-win-core-rtlsupport-l1-1-0.dll mscoreei.dll api-ms-win-core-shlwapi-legacy-l1-1-0.dll api-ms-win-core-shlwapi-legacy-l1-1-0.dll sechost.dll rsaenh.dll api-ms-win-core-shutdown-l1-1-0.dll api-ms-win-core-shutdown-l1-1-0.dll usp10.dll api-ms-win-core-string-l1-1-0.dll advapi32.dll api-ms-win-core-string-l2-1-0.dll api-ms-win-core-string-obsolete-l1-1-0.dll api-ms-win-core-string-obsolete-l1-1-0.dll usp10.dll api-ms-win-core-stringansi-l1-1-0.dll api-ms-win-core-stringloader-l1-1-1.dll api-ms-win-core-stringloader-l1-1-1.dll api-ms-win-core-synch-l1-1-0.dll api-ms-win-core-synch-l1-1-0.dll api-ms-win-core-synch-l1-2-0.dll api-ms-win-core-synch-l1-2-0.dll shell32.dll api-ms-win-core-sysinfo-l1-1-0.dll api-ms-win-core-sysinfo-l1-2-0.dll api-ms-win-core-sysinfo-l1-2-0.dll api-ms-win-core-sysinfo-l1-2-1.dll wintrust.dll api-ms-win-core-threadpool-l1-2-0.dll api-ms-win-core-threadpool-l1-2-0.dll api-ms-win-core-threadpool-legacy-l1-1-0.dll api-ms-win-core-threadpool-legacy-l1-1-0.dll api-ms-win-core-threadpool-private-l1-1-0.dll api-ms-win-core-threadpool-private-l1-1-0.dll api-ms-win-core-timezone-l1-1-0.dll api-ms-win-core-timezone-l1-1-0.dll api-ms-win-core-url-l1-1-0.dll api-ms-win-core-url-l1-1-0.dll api-ms-win-core-util-l1-1-0.dll api-ms-win-core-util-l1-1-0.dll api-ms-win-core-version-l1-1-0.dll api-ms-win-core-version-l1-1-0.dll api-ms-win-core-wow64-l1-1-0.dll api-ms-win-core-wow64-l1-1-0.dll WinMgmtR.dll api-ms-win-core-xstate-l1-1-0.dll api-ms-win-core-xstate-l2-1-0.dll api-ms-win-core-xstate-l2-1-0.dll wldap32.dll api-ms-win-devices-config-l1-1-0.dll api-ms-win-devices-config-l1-1-1.dll api-ms-win-devices-config-l1-1-1.dll Wldap32.dll oleaut32.dll api-ms-win-eventing-consumer-l1-1-0.dll api-ms-win-eventing-consumer-l1-1-0.dll api-ms-win-eventing-controller-l1-1-0.dll api-ms-win-eventing-controller-l1-1-0.dll api-ms-win-eventing-legacy-l1-1-0.dll api-ms-win-eventing-legacy-l1-1-0.dll api-ms-win-eventing-provider-l1-1-0.dll kernelbase.dll api-ms-win-eventlog-legacy-l1-1-0.dll kernel32.dll system.security.dll api-ms-win-security-base-l1-1-0.dll oleaut32.dll api-ms-win-security-cryptoapi-l1-1-0.dll api-ms-win-security-lsalookup-l2-1-0.dll api-ms-win-security-lsalookup-l2-1-0.dll api-ms-win-security-lsalookup-l2-1-1.dll api-ms-win-security-lsalookup-l2-1-1.dll api-ms-win-security-lsapolicy-l1-1-0.dll api-ms-win-security-lsapolicy-l1-1-0.dll api-ms-win-security-provider-l1-1-0.dll api-ms-win-security-provider-l1-1-0.dll api-ms-win-security-sddl-l1-1-0.dll api-ms-win-security-sddl-l1-1-0.dll kernel32.dll api-ms-win-service-core-l1-1-0.dll user32.dll api-ms-win-service-core-l1-1-1.dll api-ms-win-service-management-l1-1-0.dll api-ms-win-service-management-l1-1-0.dll api-ms-win-service-management-l2-1-0.dll api-ms-win-service-management-l2-1-0.dll api-ms-win-service-private-l1-1-0.dll api-ms-win-service-private-l1-1-0.dll api-ms-win-service-private-l1-1-1.dll api-ms-win-service-private-l1-1-1.dll api-ms-win-service-winsvc-l1-1-0.dll api-ms-win-service-winsvc-l1-1-0.dll api-ms-win-core-memory-l1-1-1.dll ssshim.dll winbrand.dll api-ms-win-core-com-l1-1-0.dll api-ms-win-core-comm-l1-1-0.dll api-ms-win-core-console-l1-1-0.dll api-ms-win-core-datetime-l1-1-0.dll api-ms-win-core-datetime-l1-1-1.dll api-ms-win-core-debug-l1-1-0.dll api-ms-win-core-debug-l1-1-1.dll kernel32.dll api-ms-win-core-errorhandling-l1-1-0.dll api-ms-win-core-errorhandling-l1-1-1.dll api-ms-win-core-fibers-l1-1-0.dll api-ms-win-core-fibers-l1-1-1.dll api-ms-win-core-file-l1-1-0.dll api-ms-win-core-file-l1-2-0.dll api-ms-win-core-file-l1-2-1.dll api-ms-win-core-file-l2-1-0.dll api-ms-win-core-file-l2-1-1.dll api-ms-win-core-handle-l1-1-0.dll winmm.dll api-ms-win-core-heap-obsolete-l1-1-0.dll api-ms-win-core-interlocked-l1-1-0.dll imagehlp.dll api-ms-win-core-io-l1-1-1.dll api-ms-win-core-kernel32-legacy-l1-1-0.dll api-ms-win-core-kernel32-legacy-l1-1-1.dll kernel32.dll api-ms-win-core-kernel32-private-l1-1-1.dll system.data.services.client.dll msctf.dll api-ms-win-core-localization-l1-2-0.dll api-ms-win-core-localization-l1-2-1.dll api-ms-win-core-localization-obsolete-l1-2-0.dll api-ms-win-core-memory-l1-1-0.dll api-ms-win-core-memory-l1-1-1.dll KernelBase.dll api-ms-win-core-namedpipe-l1-1-0.dll api-ms-win-core-privateprofile-l1-1-0.dll api-ms-win-core-privateprofile-l1-1-1.dll imm32.dll wow64cpu.dll api-ms-win-core-processthreads-l1-1-0.dll api-ms-win-core-processthreads-l1-1-1.dll api-ms-win-core-processthreads-l1-1-2.dll system.data.sqlxml.dll wucltux.dll api-ms-win-core-realtime-l1-1-0.dll api-ms-win-core-registry-l1-1-0.dll api-ms-win-core-registry-l2-1-0.dll user32.dll api-ms-win-core-shlwapi-legacy-l1-1-0.dll api-ms-win-core-shlwapi-obsolete-l1-1-0.dll api-ms-win-core-shutdown-l1-1-0.dll api-ms-win-core-string-l1-1-0.dll mscorwks.dll rpcrt4.dll api-ms-win-core-stringansi-l1-1-0.dll api-ms-win-core-stringloader-l1-1-1.dll msasn1.dll msvcr80.dll api-ms-win-core-sysinfo-l1-1-0.dll api-ms-win-core-sysinfo-l1-2-0.dll api-ms-win-core-sysinfo-l1-2-1.dll api-ms-win-core-threadpool-l1-2-0.dll kernel32.dll api-ms-win-core-threadpool-private-l1-1-0.dll api-ms-win-core-timezone-l1-1-0.dll kernel32.dll api-ms-win-core-util-l1-1-0.dll user32.dll sechost.dll api-ms-win-core-xstate-l1-1-0.dll api-ms-win-core-xstate-l2-1-0.dll api-ms-win-devices-config-l1-1-0.dll api-ms-win-devices-config-l1-1-1.dll api-ms-win-eventing-classicprovider-l1-1-0.dll api-ms-win-eventing-consumer-l1-1-0.dll msvcrt.dll api-ms-win-eventing-legacy-l1-1-0.dll api-ms-win-eventing-provider-l1-1-0.dll api-ms-win-eventlog-legacy-l1-1-0.dll api-ms-win-security-base-l1-1-0.dll ntdll.dll api-ms-win-security-lsalookup-l2-1-0.dll user32.dll api-ms-win-security-lsapolicy-l1-1-0.dll api-ms-win-security-provider-l1-1-0.dll wevtapi.dll clbcatq.dll api-ms-win-service-core-l1-1-1.dll mscoreei.dll api-ms-win-service-management-l2-1-0.dll api-ms-win-service-private-l1-1-0.dll api-ms-win-service-private-l1-1-1.dll kernel32.dll ssshim.dll api-ms-win-base-util-l1-1-0.dll api-ms-win-core-com-l1-1-0.dll api-ms-win-core-comm-l1-1-0.dll userenv.dll api-ms-win-core-datetime-l1-1-0.dll wow64.dll api-ms-win-core-debug-l1-1-0.dll api-ms-win-core-debug-l1-1-1.dll api-ms-win-core-delayload-l1-1-0.dll api-ms-win-core-errorhandling-l1-1-0.dll KernelBase.dll api-ms-win-core-fibers-l1-1-0.dll onecorecommonproxystub.dll api-ms-win-core-file-l1-1-0.dll system.directoryservices.protocols.dll imm32.dll api-ms-win-core-file-l2-1-0.dll KernelBase.dll api-ms-win-core-handle-l1-1-0.dll api-ms-win-core-heap-l1-1-0.dll api-ms-win-core-heap-obsolete-l1-1-0.dll cbsprovider.dll api-ms-win-core-interlocked-l1-1-0.dll api-ms-win-core-io-l1-1-0.dll api-ms-win-core-io-l1-1-1.dll winnsi.dll api-ms-win-core-kernel32-legacy-l1-1-1.dll msctf.dll api-ms-win-core-kernel32-private-l1-1-1.dll api-ms-win-core-libraryloader-l1-1-0.dll api-ms-win-core-libraryloader-l1-1-1.dll api-ms-win-core-localization-l1-2-0.dll api-ms-win-core-localization-l1-2-1.dll api-ms-win-core-localization-obsolete-l1-2-0.dll api-ms-win-core-memory-l1-1-0.dll api-ms-win-core-memory-l1-1-1.dll api-ms-win-core-memory-l1-1-2.dll api-ms-win-core-namedpipe-l1-1-0.dll api-ms-win-core-privateprofile-l1-1-0.dll wow64win.dll system.windows.forms.dll kernel32.dll api-ms-win-core-processthreads-l1-1-0.dll api-ms-win-core-processthreads-l1-1-1.dll api-ms-win-core-processthreads-l1-1-2.dll api-ms-win-core-processtopology-obsolete-l1-1-0.dll api-ms-win-core-profile-l1-1-0.dll api-ms-win-core-realtime-l1-1-0.dll api-ms-win-core-registry-l1-1-0.dll api-ms-win-core-registry-l2-1-0.dll api-ms-win-core-rtlsupport-l1-1-0.dll api-ms-win-core-shlwapi-legacy-l1-1-0.dll api-ms-win-core-shlwapi-obsolete-l1-1-0.dll api-ms-win-core-shutdown-l1-1-0.dll api-ms-win-core-string-l1-1-0.dll api-ms-win-core-string-l2-1-0.dll api-ms-win-core-string-obsolete-l1-1-0.dll advapi32.dll api-ms-win-core-stringloader-l1-1-1.dll api-ms-win-core-synch-l1-1-0.dll microsoft-windows-kernel-power-events.dll api-ms-win-crt-filesystem-l1-1-0.dll api-ms-win-core-sysinfo-l1-2-0.dll api-ms-win-core-sysinfo-l1-2-1.dll api-ms-win-core-threadpool-l1-2-0.dll api-ms-win-core-threadpool-legacy-l1-1-0.dll api-ms-win-core-threadpool-private-l1-1-0.dll api-ms-win-core-timezone-l1-1-0.dll api-ms-win-core-url-l1-1-0.dll mscorlib.ni.dll api-ms-win-core-version-l1-1-0.dll api-ms-win-core-wow64-l1-1-0.dll api-ms-win-core-xstate-l1-1-0.dll api-ms-win-core-xstate-l2-1-0.dll api-ms-win-devices-config-l1-1-0.dll api-ms-win-devices-config-l1-1-1.dll msasn1.dll api-ms-win-eventing-consumer-l1-1-0.dll api-ms-win-eventing-controller-l1-1-0.dll api-ms-win-eventing-legacy-l1-1-0.dll api-ms-win-eventing-provider-l1-1-0.dll api-ms-win-eventlog-legacy-l1-1-0.dll cryptbase.dll api-ms-win-security-cryptoapi-l1-1-0.dll windows.ui.dll api-ms-win-security-lsalookup-l2-1-1.dll api-ms-win-security-lsapolicy-l1-1-0.dll authz.dll api-ms-win-security-sddl-l1-1-0.dll api-ms-win-service-core-l1-1-0.dll user32.dll api-ms-win-service-management-l1-1-0.dll api-ms-win-service-management-l2-1-0.dll mscorwks.dll api-ms-win-service-private-l1-1-1.dll System.Drawing.Design.dll crypt32.dll api-ms-win-base-util-l1-1-0.dll msvcr120_clr0400.dll api-ms-win-core-comm-l1-1-0.dll api-ms-win-core-console-l1-1-0.dll api-ms-win-core-datetime-l1-1-0.dll api-ms-win-core-datetime-l1-1-1.dll mydocs.dll Wldap32.dll api-ms-win-core-delayload-l1-1-0.dll oleaut32.dll api-ms-win-core-errorhandling-l1-1-1.dll api-ms-win-core-fibers-l1-1-0.dll kernel32.dll api-ms-win-core-file-l1-1-0.dll api-ms-win-core-file-l1-2-0.dll mscorlib.dll api-ms-win-core-file-l2-1-0.dll api-ms-win-core-file-l2-1-1.dll api-ms-win-core-handle-l1-1-0.dll System.Data.SqlXml.ni.dll api-ms-win-core-heap-obsolete-l1-1-0.dll api-ms-win-core-interlocked-l1-1-0.dll api-ms-win-core-io-l1-1-0.dll api-ms-win-core-io-l1-1-1.dll system.xml.ni.dll api-ms-win-core-kernel32-legacy-l1-1-1.dll api-ms-win-core-kernel32-private-l1-1-0.dll api-ms-win-core-kernel32-private-l1-1-1.dll api-ms-win-core-libraryloader-l1-1-0.dll kernelbase.dll api-ms-win-core-localization-l1-2-0.dll api-ms-win-core-localization-l1-2-1.dll api-ms-win-core-localization-obsolete-l1-2-0.dll api-ms-win-core-memory-l1-1-0.dll usp10.dll api-ms-win-core-memory-l1-1-2.dll api-ms-win-core-namedpipe-l1-1-0.dll api-ms-win-core-privateprofile-l1-1-0.dll api-ms-win-core-privateprofile-l1-1-1.dll api-ms-win-core-localization-l1-2-0.dll twinui.dll api-ms-win-core-processthreads-l1-1-0.dll shlwapi.dll api-ms-win-core-processthreads-l1-1-2.dll api-ms-win-core-file-l1-2-1.dll bcrypt.dll api-ms-win-core-realtime-l1-1-0.dll api-ms-win-core-registry-l1-1-0.dll api-ms-win-core-registry-l2-1-0.dll vbscript.dll kernel.appcore.dll ole32.dll sensapi.dll wow64.dll api-ms-win-core-string-l2-1-0.dll system.directoryservices.ni.dll netprofm.dll api-ms-win-core-stringloader-l1-1-1.dll api-ms-win-core-synch-l1-1-0.dll api-ms-win-core-synch-l1-2-0.dll kernel32.dll api-ms-win-core-sysinfo-l1-2-0.dll api-ms-win-core-sysinfo-l1-2-1.dll system.xml.dll api-ms-win-core-threadpool-legacy-l1-1-0.dll api-ms-win-core-threadpool-private-l1-1-0.dll api-ms-win-core-timezone-l1-1-0.dll api-ms-win-core-url-l1-1-0.dll api-ms-win-core-util-l1-1-0.dll ole32.dll wow64.dll api-ms-win-core-xstate-l1-1-0.dll mrmdeploy.dll api-ms-win-devices-config-l1-1-0.dll imm32.dll api-ms-win-eventing-classicprovider-l1-1-0.dll api-ms-win-eventing-consumer-l1-1-0.dll api-ms-win-eventing-controller-l1-1-0.dll wow64win.dll sspicli.dll api-ms-win-eventlog-legacy-l1-1-0.dll api-ms-win-security-base-l1-1-0.dll api-ms-win-security-cryptoapi-l1-1-0.dll pdh.dll api-ms-win-security-lsalookup-l2-1-1.dll ntdll.dll api-ms-win-security-provider-l1-1-0.dll api-ms-win-security-sddl-l1-1-0.dll api-ms-win-service-core-l1-1-0.dll api-ms-win-service-core-l1-1-1.dll api-ms-win-service-management-l1-1-0.dll KernelBase.dll api-ms-win-service-private-l1-1-0.dll api-ms-win-service-private-l1-1-1.dll api-ms-win-service-winsvc-l1-1-0.dll cbsapi.dll,normal
 ntdll.dll wow64.dll system.configuration.ni.dll System.Core.dll gdi32.dll kernel32.dll KernelBase.dll netutils.dll ole32.dll msvcrt.dll gdi32.dll user32.dll advapi32.dll shlwapi.dll rpcrt4.dll sspicli.dll cryptbase.dll lpk.dll usp10.dll msutb.dll msctf.dll shlwapi.dll version.dll clbcatq.dll mscoree.dll mscoreei.dll fusion.dll clr.dll clr.dll userenv.dll ntdll.dll kernel32.dll kernel32.dll user32.dll mscorsvc.dll System.Core.ni.dll rsaenh.dll kernel32.dll kernel32.dll user32.dll ntdll.dll wow64.dll wow64win.dll wow64win.dll kernel32.dll wrpint.dll KernelBase.dll crypt32.dll ole32.dll msvcrt.dll ntdll.dll user32.dll advapi32.dll sechost.dll system.data.dll cryptbase.dll cryptbase.dll lpk.dll usp10.dll msimg32.dll version.dll shell32.dll shell32.dll shlwapi.dll wsock32.dll ws2_32.dll system.windows.forms.ni.dll version.dll netutils.dll srvcli.dll wkscli.dll wow64.dll msctf.dll apphelp.dll mpr.dll comctl32.dll olepro32.dll clbcatq.dll nlaapi.dll NapiNSP.dll pnrpnsp.dll kernel32.dll dnsapi.dll winrnr.dll sensapi.dll msvcrt.dll wtsapi32.dll winsta.dll setupapi.dll cfgmgr32.dll devobj.dll uxtheme.dll profapi.dll dwmapi.dll propsys.dll rsaenh.dll Wldap32.dll cscapi.dll GdiPlus.dll WindowsCodecs.dll shdocvw.dll shdocvw.dll win32u.dll shdocvw.dll vcruntime140.dll kernel32.dll ucrtbase.dll api-ms-win-core-timezone-l1-1-0.dll api-ms-win-core-file-l2-1-0.dll api-ms-win-core-localization-l1-2-0.dll api-ms-win-core-synch-l1-2-0.dll api-ms-win-core-processthreads-l1-1-1.dll api-ms-win-core-file-l1-2-0.dll api-ms-win-crt-string-l1-1-0.dll api-ms-win-crt-heap-l1-1-0.dll bcryptprimitives.dll api-ms-win-crt-convert-l1-1-0.dll FXSAPI.dll msvcrt.dll api-ms-win-crt-math-l1-1-0.dll api-ms-win-core-synch-l1-2-0.dll api-ms-win-crt-time-l1-1-0.dll api-ms-win-crt-filesystem-l1-1-0.dll api-ms-win-crt-environment-l1-1-0.dll api-ms-win-crt-utility-l1-1-0.dll KernelBase.dll GrooveIntlResource.dll EhStorShell.dll EhStorShell.dll netprofm.dll EhStorShell.dll ntshrui.dll advapi32.dll gdi32.dll wow64.dll dhcpcsvc6.dll imageres.dll imageres.dll mskeyprotect.dll imageres.dll samcli.dll imageres.dll KernelBase.dll kernel32.dll imageres.dll imageres.dll nsi.dll imageres.dll,normal
 ntdll.dll urlmon.dll ole32.dll gdi32.dll imm32.dll system.data.oracleclient.dll kernelbase.dll sechost.dll shlwapi.dll wininet.dllnormaliz.dll msctf.dll Wldap32.dll lpk.dll sechost.dll ws2_32.dll oleaut32.dll advapi32.dll clbcatq.dll rpcrt4.dll nsi.dll user32.dll user32.dll windows.storage.dll npmproxy.dll shell32.dll api-ms-win-downlevel-version-l1-1-0.dll api-ms-win-downlevel-user32-l1-1-0.dll api-ms-win-downlevel-normaliz-l1-1-0.dll tquery.dll wintrust.dll windowsformsintegration.ni.dll cfgmgr32.dll api-ms-win-downlevel-advapi32-l1-1-0.dll user32.dll KernelBase.dll userenv.dll profapi.dll gdi32.dll rsaenh.dll winsta.dll cryptbase.dll sspicli.dll secur32.dll imageres.dll api-ms-win-core-shutdown-l1-1-0.dll ncrypt.dll bcrypt.dll sxs.dll netjoin.dll lpk.dll cryptsp.dll cryptsp.dll gdi32.dll wship6.dll msv1_0.dll dnsapi.dll KernelBase.dll schannel.dll rsaenh.dll bcryptprimitives.dll netutils.dll credssp.dll cryptsp.dll webio.dll gpsvc.dll mscoree.dll mscoreei.dll clr.dll msvcr120_clr0400.dll mscorlib.ni.dll urlmon.dll clrjit.dll wow64win.dll imm32.dll System.Configuration.ni.dll System.Xml.ni.dll nlssorting.dll System.ServiceProcess.ni.dll ntmarta.dll nlaapi.dll user32.dll pnrpnsp.dll winrnr.dll netapi32.dll wkscli.dll winnsi.dll dhcpcsvc6.dll dhcpcsvc.dll System.Data.ni.dll System.Data.dll System.Transactions.ni.dll System.Transactions.dll SQLite.Interop.dll wtsapi32.dll System.Security.ni.dll System.EnterpriseServices.ni.dll System.Configuration.Install.ni.dll System.EnterpriseServices.Wrapper.dll wbemcomn.dll System.EnterpriseServices.Wrapper.dll advapi32.dll rasman.dll rtutils.dll winhttp.dll system.deployment.dll rasadhlp.dll browcli.dll SensApi.dll certcli.dll atl.dll atl.dll user32.dll system.xml.dll System.Runtime.Serialization.ni.dll SMDiagnostics.ni.dll System.ServiceModel.Internals.ni.dll advapi32.dll System.WorkflowServices.ni.dll System.IdentityModel.ni.dll System.Xml.Linq.ni.dll sxs.dll System.ComponentModel.DataAnnotations.ni.dll wshqos.dll wshqos.dll wshqos.dll wshqos.dll ntdsapi.dll WMINet_Utils.dll wmiutils.dll sechost.dll wbemprox.dll api-ms-win-core-shlwapi-legacy-l1-1-0.dll wbemsvc.dll CyHelper64.dll wscapi.dll wow64win.dll shlwapi.dll System.DirectoryServices.Protocols.ni.dll activeds.dll adsldpc.dll adsldp.dll System.Xaml.ni.dll diasymreader.dll apphelp.dll pdh.dll PerfCounter.dll CORPerfMonExt.dll aspnet_counters.dll bitsperf.dll esentprf.dll Aspnet_perf.dll msvcrt.dll Aspnet_perf.dll msasn1.dll msdtcprx.dll mtxclu.dll clusapi.dll cryptbase.dll ktmw32.dll msscntrs.dll advapi32.dll api-ms-win-crt-runtime-l1-1-0.dll ucrtbase.dll api-ms-win-core-timezone-l1-1-0.dll api-ms-win-core-file-l2-1-0.dll api-ms-win-core-localization-l1-2-0.dll api-ms-win-core-synch-l1-2-0.dll api-ms-win-core-processthreads-l1-1-1.dll wow64cpu.dll clrjit.dll api-ms-win-crt-heap-l1-1-0.dll api-ms-win-crt-stdio-l1-1-0.dll api-ms-win-crt-convert-l1-1-0.dll msvcp140.dll api-ms-win-crt-locale-l1-1-0.dll security.dll wintrust.dll api-ms-win-crt-time-l1-1-0.dll api-ms-win-crt-filesystem-l1-1-0.dll api-ms-win-crt-environment-l1-1-0.dll api-ms-win-crt-utility-l1-1-0.dll GdiPlus.dll comctl32.dll perfdisk.dll Mso20win32client.dll perfnet.dll browcli.dll perfos.dll perfproc.dll sysmain.dll setupapi.dll wkscli.dll dnsapi.dll tapiperf.dll apphelp.dll perfts.dll system.runtime.serialization.formatters.soap.dll sxs.dll usbperf.dll WmiApRpl.dll system.core.ni.dll msvcrt.dll dbghelp.dll netfxperf.dll,normal
 ntdll.dll,normal
 ntdll.dll ntdll.dll wow64.dll wow64win.dll wow64cpu.dll kernel32.dll kernel32.dll kernel32.dll mpr.dll kernel32.dll kernelbase.dll msvcrt.dll winbrand.dll shcore.dll gdi32.dll lpk.dll usp10.dll advapi32.dll threadpoolwinrt.dll clbcatq.dll sspicli.dll cryptbase.dll devicecenter.dll system.transactions.dll apphelp.dll,normal
 ntdll.dll ntdll.dll wow64.dll wow64win.dll wow64cpu.dll kernel32.dll kernel32.dll kernel32.dll user32.dll kernel32.dll KernelBase.dll advapi32.dll msvcrt.dll shlwapi.dll rpcrt4.dll system.data.dll rpcrtremote.dll dnsapi.dll ws2_32.dll nsi.dll winnsi.dll System.Windows.Forms.dll version.dll shell32.dll shell32.dll kernel32.dll user32.dll lpk.dll browcli.dll sensapi.dll imm32.dll msctf.dll clbcatq.dll oleaut32.dll msvcrt.dll rsaenh.dll RpcRtRemote.dll wevtapi.dll ntdll.dll oleaut32.dll KernelBase.dll gdi32.dll user32.dll lpk.dll clrjit.dll msvcrt.dll imm32.dll mscorjit.dll ole32.dll msvcrt.dll oleaut32.dll cryptbase.dll clbcatq.dll advapi32.dll sechost.dll ntdll.dll kernel32.dll KernelBase.dll gdi32.dll user32.dll msasn1.dll usp10.dll system.data.ni.dll System.Numerics.dll msctf.dll ole32.dll rpcrt4.dll oleaut32.dll cryptbase.dll clbcatq.dll advapi32.dll sechost.dll ntdll.dll ntdll.dll wow64.dll wow64win.dll wow64cpu.dll system.management.dll kernel32.dll kernel32.dll rsaenh.dll oleaut32.dll imm32.dll advapi32.dll msvcrt.dll sechost.dll rpcrt4.dll sspicli.dll cryptbase.dll devobj.dll ws2_32.dll windowscodecs.dll winnsi.dll dhcpcsvc.dll mscoree.dll shell32.dll shlwapi.dll gdi32.dll user32.dll rpcrtremote.dll gdi32.dll ole32.dll imm32.dll msctf.dll clbcatq.dll oleaut32.dll cryptsp.dll lpk.dll imageres.dll wevtapi.dll ntdll.dll kernel32.dll KernelBase.dll bcryptprimitives.dll user32.dll system.ni.dll imm32.dll kernelbase.dll rpcrt4.dll system.drawing.dll usp10.dll rpcrt4.dll oleaut32.dll ntdll.dll kernel32.dll KernelBase.dll gdi32.dll user32.dll lpk.dll usp10.dll msvcrt.dll imm32.dll msctf.dll ole32.dll user32.dll oleaut32.dll cryptbase.dll clbcatq.dll advapi32.dll sechost.dll,normal
 ntdll.dll kernel32.dll kernelbase.dll microsoft.windows.fileserver.management.plugin.ni.dll combase.dll rpcrt4.dll ieframe.dll wow64.dll msvcrt.dll kernelbase.dll user32.dll win32u.dll gdi32.dll System.dll msvcp_win.dll imm32.dll sechost.dll uxtheme.dll bcrypt.dll userenv.dll profapi.dll sppc.dll,normal
 api-ms-win-downlevel-shlwapi-l1-1-0.dll kernel32.dll kernelbase.dll advapi32.dll imecfm.dll sechost.dll rpcrt4.dll user32.dll gdi32.dll lpk.dll shcore.dll ole32.dll oleaut32.dll tquery.dll shlwapi.dll rsaenh.dll gdiplus.dll ntasn1.dll cryptbase.dll mscoree.dll clbcatq.dll cryptsp.dll rsaenh.dll rpcrtremote.dll mscoreei.dll mssprxy.dll,normal
 ntdll.dll ntdll.dll kernel32.dll KernelBase.dll sensapi.dll msvcrt.dll dwmapi.dll cryptbase.dll user32.dll gdi32.dll lpk.dll usp10.dll mpr.dll msvcrt.dll oleaut32.dll secur32.dll sspicli.dll ws2_32.dll nsi.dll netapi32.dll netutils.dll msvcrt.dll wkscli.dll culture.dll framedynos.dll kernelbase.dll accessibility.ni.dll version.dll slc.dll imm32.dll msctf.dll cryptbase.dll gdi32.dll msctfmonitor.dll wbemcomn.dll,normal
 ntdll.dll imm32.dll kernel32.dll kernelbase.dll kernelbase.dll Microsoft.VisualStudio.Tools.Office.Contract.v9.0.dll user32.dll ntdll.dll sechost.dll rpcrt4.dll rpcrt4.dll advapi32.dll nsi.dll ucrtbase.dll ucrtbase.dll rsaenh.dll ucrtbase.dll vcruntime140.dll vcruntime140.dll mswsock.dll mswsock.dll,HTran
 ntdll.dll ntdll.dll kernel32.dll kernelbase.dll kernelbase.dll ws2_32.dll ws2_32.dll shell32.dll sechost.dll rpcrt4.dll kernel.appcore.dll nsi.dll nsi.dll vcruntime140.dll vcruntime140.dll ucrtbase.dll user32.dll mswsock.dll mswsock.dll,HTran
 ntdll.dll kernel32.dll kernelbase.dll MsCtfMonitor.dll msvcrt.dll sechost.dll kernelbase.dll user32.dll gdi32.dll mscorlib.dll usp10.dll ole32.dll mpclient.dll tquery.dll version.dll msvcrt.dll imm32.dll msctf.dll msshooks.dll msshooks.dll gdi32.dll PresentationCore.dll cryptbase.dll clbcatq.dll cryptsp.dll rsaenh.dll rpcrtremote.dll mssprxy.dll,normal
 user32.dll kernelbase.dll wow64.dll wow64win.dll system.transactions.dll kernel32.dll kernel32.dll kernel32.dll user32.dll kernel32.dll kernelbase.dll user32.dll mscorlib.dll sechost.dll rpcrt4.dll sspicli.dll cryptbase.dll user32.dll gdi32.dll api-ms-win-downlevel-version-l1-1-0.dll System.Windows.Forms.dll shlwapi.dll shell32.dll advapi32.dll rtutils.dll msctf.dll iertutil.dll ieframe.dll oleacc.dll comctl32.dll urlmon.dll ws2_32.dll nsi.dll system.configuration.ni.dll rpcrt4.dll kernel32.dll system.web.mobile.ni.dll netprofm.dll nlaapi.dll crypt32.dll msasn1.dll psapi.dll profapi.dll rpcrtremote.dll npmproxy.dll clbcatq.dll cryptsp.dll rsaenh.dll kernelbase.dll wldap32.dll advapi32.dll rpcrtremote.dll wship6.dll version.dll kernel32.dll rasadhlp.dll uxtheme.dll rasapi32.dll rasman.dll userenv.dll tquery.dll nlaapi.dll dwmapi.dll ieui.dll msimg32.dll napinsp.dll kernel32.dll rpcrt4.dll wshbth.dll ieproxy.dll wow64.dll ieframe.dll url.dll oleacc.dll winbrand.dll mscorlib.dll setupapi.dll usp10.dll devobj.dll xmllite.dll explorerframe.dll msfeeds.dll kernel32.dll dui70.dll sxs.dll mlang.dll normaliz.dll shell32.dll oleaut32.dll mssprxy.dll msctf.dll naturallanguage6.dll nlsdata0009.dll ws2_32.dll shell32.dll rpcrt4.dll linkinfo.dll tquery.dll advapi32.dll structuredquery.dll secur32.dll wpc.dll user32.dll samlib.dll netutils.dll ntshrui.dll srvcli.dll sechost.dll samcli.dll slc.dll ntdll.dll kernel32.dll System.ServiceModel.dll msvcrt.dll ole32.dll gdi32.dll user32.dll lpk.dll usp10.dll rpcrt4.dll oleaut32.dll imm32.dll cryptbase.dll bcryptprimitives.dll sechost.dll advapi32.dll clbcatq.dll racengn.dll wevtapi.dll mscorlib.dll aepic.dll imm32.dll sfc_os.dll version.dll shell32.dll shlwapi.dll sqmapi.dll sqlceoledb30.dll sqlcese30.dll sqlceqp30.dll winsatapi.dll dxgi.dll dwmapi.dll gdiplus.dll setupapi.dll cfgmgr32.dll devobj.dll riched20.dll crypt32.dll msasn1.dll msvcrt.dll taskschd.dll sspicli.dll xmllite.dll,normal
 sendmail.dll usp10.dll PlayToDevice.dll wpdshext.dll EhStorAPI.dll,normal
 ntdll.dll kernel32.dll kernelbase.dll tdh.dll user32.dll lpk.dll usp10.dll msvcrt.dll advapi32.dll msimg32.dll ole32.dll rpcrt4.dll msctf.dll cryptbase.dll clbcatq.dll msctf.dll sechost.dll ntdll.dll mscorjit.dll imm32.dll wow64win.dll wow64cpu.dll kernel32.dll mscoree.dll kernel32.dll user32.dll kernel32.dll api-ms-win-core-shutdown-l1-1-0.dll advapi32.dll msvcrt.dll sechost.dll sspicli.dll sspicli.dll msasn1.dll dnsapi.dll rsaenh.dll nsi.dll winnsi.dll dhcpcsvc.dll dhcpcsvc6.dll shell32.dll ieframe.dll gdi32.dll user32.dll powrprof.dll usp10.dll ole32.dll kernel32.dll msctf.dll clbcatq.dll oleaut32.dll cryptsp.dll KernelBase.dll dhcpcsvc6.dll wevtapi.dll ntdll.dll kernel32.dll kernelbase.dll gdi32.dll user32.dll lpk.dll usp10.dll msvcrt.dll imm32.dll msctf.dll ole32.dll rpcrt4.dll oleaut32.dll ole32.dll imm32.dll sspicli.dll netutils.dll ntdll.dll imm32.dll wow64.dll werconcpl.dll wow64cpu.dll kernel32.dll kernel32.dll kernel32.dll user32.dll webio.dll msasn1.dll InkObj.dll oleaut32.dll oleaut32.dll gdi32.dll reachframework.dll advapi32.dll sechost.dll rpcrt4.dll sspicli.dll cryptbase.dll lpk.dll usp10.dll version.dll imm32.dll msctf.dll directmanipulation.dll clbcatq.dll vbscript.dll bcrypt.dll lpk.dll bcryptprimitives.dll msasn1.dll cryptsp.dll rsaenh.dll msisip.dll wshext.dll comctl32.dll shell32.dll shlwapi.dll ole32.dll profapi.dll scrrun.dll ntdll.dll winbrand.dll api-ms-win-core-comm-l1-1-0.dll rpcrt4.dll user32.dll lpk.dll usp10.dll msvcrt.dll imm32.dll msctf.dll spoolss.dll gdi32.dll secur32.dll api-ms-win-eventing-provider-l1-1-0.dll cryptui.dll rpcrt4.dll sechost.dll ipbusenum.dll ntdll.dll wow64.dll wow64win.dll wow64cpu.dll kernel32.dll kernel32.dll kernel32.dll user32.dll kernel32.dll kernelbase.dll advapi32.dll msvcrt.dll sechost.dll rpcrt4.dll sspicli.dll cryptbase.dll dnsapi.dll ws2_32.dll nsi.dll system.xml.linq.ni.dll dhcpcsvc.dll dhcpcsvc6.dll comctl32.dll shlwapi.dll gdi32.dll user32.dll lpk.dll shell32.dll ole32.dll imm32.dll msctf.dll clbcatq.dll oleaut32.dll kernel.appcore.dll rsaenh.dll rpcrtremote.dll dnsapi.dll ntdll.dll wow64.dll wow64win.dll wow64cpu.dll ntdll.dll kernel32.dll kernel32.dll rsaenh.dll advapi32.dll msvcrt.dll sechost.dll rpcrt4.dll sspicli.dll system.configuration.dll user32.dll gdi32.dll lpk.dll usp10.dll oleaut32.dll shell32.dll bcrypt.dll ucrtbase.dll urlmon.dll wininet.dll oleaut32.dll shell32.dll xmllite.dll imm32.dll msctf.dll ieframe.dll psapi.dll oleacc.dll comctl32.dll bcryptprimitives.dll kernel32.dll profapi.dll ws2_32.dll kernel32.dll oleaut32.dll winnsi.dll clbcatq.dll netprofm.dll nlaapi.dll cryptsp.dll usp10.dll rpcrtremote.dll npmproxy.dll comdlg32.dll devobj.dll ws2_32.dll wldap32.dll user32.dll apphelp.dll cryptsp.dll rasapi32.dll ws2_32.dll rtutils.dll sensapi.dll nlaapi.dll cryptsp.dll ieui.dll shell32.dll ole32.dll mswsock.dll winrnr.dll wship6.dll ieproxy.dll uxtheme.dll url.dll oleacc.dll winrnr.dll propsys.dll xmllite.dll setupapi.dll cfgmgr32.dll devobj.dll explorerframe.dll duser.dll dui70.dll ole32.dll ole32.dll System.Data.OracleClient.dll msctf.dll Accessibility.ni.dll imecfm.dll msfeeds.dll sxs.dll mlang.dll ntdll.dll api-ms-win-downlevel-shell32-l1-1-0.dll shell32.dll lspwaoie.dll imagehlp.dll wsock32.dll msxml3.dll shell32.dll userenv.dll,normal
 ntdll.dll wow64cpu.dll wow64.dll wow64win.dll wow64cpu.dll kernel32.dll kernel32.dll kernel32.dll user32.dll kernel32.dll oleaut32.dll mscorlib.dll msvcrt.dll sechost.dll api-ms-win-crt-math-l1-1-0.dll oleaut32.dll Microsoft.VisualStudio.Tools.Office.ContainerControl.dll dnsapi.dll sechost.dll winhttp.dll winnsi.dll dhcpcsvc.dll dhcpcsvc6.dll PresentationCore.dll shlwapi.dll gdi32.dll user32.dll lpk.dll usp10.dll ole32.dll dimsjob.dll msctf.dll clbcatq.dll oleaut32.dll api-ms-win-core-processthreads-l1-1-1.dll rsaenh.dll System.Numerics.ni.dll kernel32.dll ntdll.dll cryptsp.dll wow64.dll wow64win.dll wow64cpu.dll usp10.dll kernel32.dll kernel32.dll user32.dll kernel32.dll kernelbase.dll advapi32.dll dhcpcsvc.dll sechost.dll rpcrt4.dll sspicli.dll cryptbase.dll shell32.dll ws2_32.dll nsi.dll winnsi.dll dhcpcsvc.dll dhcpcsvc6.dll shell32.dll shlwapi.dll gdi32.dll user32.dll nsi.dll usp10.dll ole32.dll imm32.dll msctf.dll clbcatq.dll oleaut32.dll cryptsp.dll rsaenh.dll rpcrtremote.dll wevtapi.dll ntdll.dll ntdll.dll wow64.dll System.Deployment.dll rpcrt4.dll kernel32.dll kernel32.dll imm32.dll user32.dll kernel32.dll kernelbase.dll msvcrt.dll winbrand.dll user32.dll gdi32.dll lpk.dll usp10.dll advapi32.dll ole32.dll rpcrt4.dll sspicli.dll cryptbase.dll imm32.dll rsaenh.dll apphelp.dll,normal
 ntdll.dll kernel32.dll KernelBase.dll advapi32.dll msvcrt.dll advapi32.dll kernel32.dll gdi32.dll user32.dll lpk.dll usp10.dll msswch.dll winmm.dll dwmapi.dll GdiPlus.dll profapi.dll oleacc.dll oleaut32.dll shlwapi.dll wmsgapi.dll dpapi.dll uxtheme.dll imm32.dll msctf.dll cryptbase.dll dui70.dll comctl32.dll mswsock.dll perfctrs.dll version.dll cryptsp.dll rsaenh.dll RpcRtRemote.dll vm3dum.dll cfgmgr32.dll atl.dll WindowsCodecs.dll,normal
 ntdll.dll kernel32.dll kernelbase.dll cryptbase.dll msvcrt.dll msjetoledb40.dll rpcrt4.dll oleaut32.dll msvcp_win.dll ucrtbase.dll sspicli.dll bcryptprimitives.dll ole32.dll gdi32.dll gdi32full.dll user32.dll win32u.dll crypt32.dll msasn1.dll mscorwks.dll mpclient.dll secur32.dll slc.dll System.Web.Services.ni.dll user32.dll sspicli.dll version.dll userenv.dll profapi.dll gpapi.dll,normal
 ntdll.dll kernel32.dll wtsapi32.dll Microsoft.Office.Tools.v9.0.dll msvcrt.dll sechost.dll rpcrt4.dll user32.dll gdi32.dll lpk.dll usp10.dll ole32.dll oleaut32.dll imm32.dll msctf.dll cryptbase.dll clbcatq.dll cryptsp.dll rsaenh.dll RpcRtRemote.dll wow64.dll uxtheme.dll winsta.dll setupapi.dll cryptbase.dll,normal
 KernelBase.dll kernel32.dll kernelbase.dll system.security.dll user32.dll staterepository.core.dll imm32.dll oleaut32.dll tabskb.dll usp10.dll rpcrt4.dll sspicli.dll sechost.dll kernel.appcore.dll cryptbase.dll bcryptprimitives.dll clbcatq.dll,normal
 ntdll.dll ntdll.dll wow64.dll wow64win.dll wow64cpu.dll kernel32.dll cscapi.dll kernel32.dll user32.dll kernel32.dll kernelbase.dll user32.dll gdi32.dll lpk.dll usp10.dll msvcrt.dll advapi32.dll sechost.dll rpcrt4.dll sspicli.dll cryptbase.dll rpcrt4.dll nsi.dll shlwapi.dll version.dll system.transactions.dll msctf.dll msctf.dll ntdll.dll winnsi.dll lpk.dll wow64cpu.dll kernel32.dll kernel32.dll windows.ui.xamlhost.dll user32.dll wow64.dll kernelbase.dll advapi32.dll msvcrt.dll sechost.dll devobj.dll sspicli.dll cryptbase.dll sechost.dll dhcpcsvc6.dll nsi.dll winnsi.dll dhcpcsvc.dll kernel.appcore.dll shell32.dll ucrtbase.dll nsi.dll user32.dll lpk.dll cryptbase.dll devobj.dll imm32.dll clr.dll clbcatq.dll oleaut32.dll cryptsp.dll rsaenh.dll rpcrtremote.dll wevtapi.dll rsaenh.dll ntdll.dll sxs.dll wow64win.dll wow64cpu.dll kernel32.dll kernel32.dll mscorlib.dll user32.dll kernel32.dll system.dll msvcrt.dll winbrand.dll user32.dll gdi32.dll lpk.dll dsound.dll advapi32.dll sechost.dll rpcrt4.dll sspicli.dll cryptbase.dll imm32.dll kernel32.dll apphelp.dll,normal
 ntdll.dll ntdll.dll kernel32.dll kernelbase.dll kernelbase.dll msvcrt.dll msvcrt.dll combase.dll ntdll.dll ucrtbase.dll ole32.dll rpcrt4.dll rpcrt4.dll bcryptprimitives.dll user32.dll wow64win.dll twinapi.appcore.dll twinapi.appcore.dll sechost.dll sechost.dll rmclient.dll rmclient.dll scrrun.dll msvcrt.dll shcore.dll cryptsp.dll user32.dll win32u.dll gdi32.dll gdi32full.dll msvcp_win.dll msvcp_win.dll imm32.dll ole32.dll mrmcorer.dll profapi.dll onecoreuapcommonproxystub.dll sstpsvc.dll user32.dll windows.ui.dll textinputframework.dll inputhost.dll coremessaging.dll coremessaging.dll coreuicomponents.dll mapi32.dll mscorwks.dll coreuicomponents.dll cryptbase.dll advapi32.dll ntmarta.dll ntmarta.dll languageoverlayutil.dll languageoverlayutil.dll bcp47mrm.dll bcp47mrm.dll uxtheme.dll imm32.dll biwinrt.dll biwinrt.dll oleaut32.dll contentdeliverymanager.background.dll usp10.dll slc.dll wldp.dll wldp.dll crypt32.dll msasn1.dll msasn1.dll wincorlib.dll wintrust.dll sppc.dll winhttp.dll gdi32.dll rpcrtremote.dll mscoreei.dll ws2_32.dll cfgmgr32.dll bcrypt.dll bcrypt.dll cimwin32.dll ncrypt.dll oleaut32.dll sspicli.dll ntasn1.dll ntasn1.dll windows.storage.applicationdata.dll cryptbase.dll policymanager.dll policymanager.dll msvcp110_win.dll msvcp110_win.dll winhttp.dll winhttp.dll iphlpapi.dll threadpoolwinrt.dll system.directoryservices.ni.dll dsrole.dll windows.applicationmodel.background.timebroker.dll clbcatq.dll windows.applicationmodel.background.systemeventsbroker.dll windows.applicationmodel.background.systemeventsbroker.dll,normal
 ntdll.dll ntdll.dll wow64.dll wow64win.dll wow64cpu.dll kernel32.dll kernel32.dll system.configuration.dll dbghelp.dll lpk.dll KernelBase.dll msvcrt.dll winbrand.dll user32.dll gdi32.dll lpk.dll usp10.dll secur32.dll sechost.dll rpcrt4.dll sspicli.dll profapi.dll ntdll.dll userenv.dll apphelp.dll,normal
 ntdll.dll kernel32.dll kernelbase.dll msvcrt.dll rpcrt4.dll gdi32.dll usp10.dll lpk.dll usp10.dll rpcrt4.dll imm32.dll msctf.dll cryptbase.dll clbcatq.dll ole32.dll sechost.dll oleaut32.dll cryptsp.dll rsaenh.dll rpcrtremote.dll uxtheme.dll shacct.dll wow64.dll shlwapi.dll userenv.dll user32.dll rpcrtremote.dll,normal
 ntdll.dll kernel32.dll KernelBase.dll sechost.dll user32.dll version.dll usp10.dll msvcrt.dll imm32.dll msctf.dll kernel32.dll rpcrt4.dll oleaut32.dll sechost.dll clbcatq.dll advapi32.dll sechost.dll,normal
 ntdll.dll kernel32.dll clbcatq.dll msvcrt.dll user32.dll msvcrt.dll ole32.dll oleaut32.dll combase.dll wer.dll advapi32.dll shell32.dll user32.dll sechost.dll rpcrt4.dll gdi32.dll System.Data.OracleClient.dll msctf.dll kernel.appcore.dll rasapi32.dll bcryptprimitives.dll uxtheme.dll clbcatq.dll cryptsp.dll rsaenh.dll bcrypt.dll msctfp.dll tiptsf.dll,normal
 advapi32.dll kernel32.dll comctl32.dll advapi32.dll msvcrt.dll sechost.dll rpcrt4.dll shell32.dll shlwapi.dll gdi32.dll user32.dll lpk.dll usp10.dll cfgmgr32.dll msctf.dll ole32.dll cryptbase.dll slc.dll oleaut32.dll clbcatq.dll cryptsp.dll msvcrt.dll scrobj.dll urlmon.dll clbcatq.dll api-ms-win-downlevel-shlwapi-l1-1-0.dll api-ms-win-downlevel-advapi32-l1-1-0.dll api-ms-win-downlevel-user32-l1-1-0.dll api-ms-win-downlevel-version-l1-1-0.dll version.dll api-ms-win-downlevel-normaliz-l1-1-0.dll normaliz.dll onecoreuapcommonproxystub.dll wininet.dll userenv.dll secur32.dll bcryptprimitives.dll sechost.dll setupapi.dll cfgmgr32.dll devobj.dll propsys.dll comctl32.dll mpr.dll,normal
 aelupsvc.dll apphelp.dll,normal
 appxdeploymentclient.dll wintypes.dll windows.applicationmodel.dll rpcrt4.dll ddores.dll devicemetadataretrievalclient.dll winbrand.dll,normal
 ntdll.dll oleaut32.dll kernel32.dll kernelbase.dll clbcatq.dll sechost.dll System.Transactions.dll rpcrt4.dll rpcrt4.dll ucrtbase.dll ucrtbase.dll combase.dll bcryptprimitives.dll bcryptprimitives.dll KernelBase.dll kernel.appcore.dll msvcrt.dll msvcrt.dll user32.dll win32u.dll gdi32.dll gdi32full.dll msvcp_win.dll msvcp_win.dll appxdeploymentserver.dll appxdeploymentserver.dll cryptbase.dll shcore.dll oleaut32.dll staterepository.core.dll staterepository.core.dll advapi32.dll advapi32.dll filterlib.dll fltlib.dll cfgmgr32.dll inetcomm.dll rpcrt4.dll crypt32.dll mrmcore.dll sqmapi.dll mrmdeploy.dll mrmdeploy.dll system.runtime.serialization.formatters.soap.ni.dll mintdh.dll appxdeploymentclient.dll appxdeploymentclient.dll msasn1.dll msasn1.dll ntmarta.dll msctfmonitor.dll userenv.dll userenv.dll bcrypt.dll bcrypt.dll wer.dll rsaenh.dll wldp.dll wldp.dll wintrust.dll sechost.dll wtsapi32.dll sqmapi.dll winsta.dll wevtapi.dll appidapi.dll sxs.dll dnsapi.dll msvcp110_win.dll msvcp110_win.dll esent.dll esent.dll rasman.dll system.runtime.serialization.dll windows.staterepositoryps.dll,normal
 ntdll.dll kernel32.dll ntdll.dll System.Configuration.ni.dll user32.dll system.data.dll ucrtbase.dll msvcrt.dll imm32.dll msctf.dll ole32.dll rpcrt4.dll oleaut32.dll cryptbase.dll clbcatq.dll advapi32.dll sechost.dll ntdll.dll sechost.dll kernelbase.dll gdi32.dll user32.dll lpk.dll sspicli.dll msvcrt.dll imm32.dll msctf.dll ole32.dll system.transactions.dll oleaut32.dll cryptbase.dll msswch.dll advapi32.dll sechost.dll,normal
 mscorlib.ni.dll ntdll.dll wow64.dll wow64win.dll api-ms-win-core-timezone-l1-1-0.dll rpcrt4.dll wship6.dll kernel32.dll System.Security.dll kernel32.dll KernelBase.dll advapi32.dll mscoreei.dll sechost.dll rpcrt4.dll system.data.oracleclient.ni.dll cryptbase.dll oleaut32.dll mscoree.dll ole32.dll gdi32.dll dbghelp.dll sspicli.dll usp10.dll oleaut32.dll imm32.dll msctf.dll clbcatq.dll rsaenh.dll RpcRtRemote.dll clbcatq.dll shell32.dll mscoreei.dll rpcrt4.dll shlwapi.dll mscorlib.ni.dll clrjit.dll Microsoft.Powershell.Workflow.ServiceCore.dll Microsoft.Powershell.Workflow.ServiceCore.dll mscoreei.dll mscorlib.dll mscorlib.dll System.ni.dll System.Core.ni.dll wevtapi.dll System.Activities.dll System.Activities.dll System.dll System.dll System.Core.dll System.Core.dll System.Management.Automation.dll System.Management.Automation.dll comctl32.dll Microsoft.PowerShell.Management.Activities.dll Microsoft.PowerShell.Commands.Management.ni.dll System.ServiceProcess.ni.dll System.Management.ni.dll Microsoft.PowerShell.Activities.ni.dll clbcatq.dll System.Configuration.dll System.Configuration.dll System.Xml.ni.dll mcepg.ni.dll System.Xml.dll,normal
 ntdll.dll kernel32.dll kernel32.dll kernelbase.dll kernelbase.dll apphelp.dll bcryptprimitives.dll bcryptprimitives.dll kernel.appcore.dll wintypes.dll twinapi.appcore.dll twinapi.appcore.dll presentationcore.dll sechost.dll msvcrt.dll msvcrt.dll rmclient.dll rmclient.dll wintypes.dll wintypes.dll System.Data.OracleClient.dll system.web.dll user32.dll shell32.dll gdi32.dll gdi32full.dll imm32.dll lpk.dll ucrtbase.dll ucrtbase.dll mrmcore.dll mrmcorer.dll profapi.dll mscoreei.dll windows.ui.dll textinputframework.dll gdi32.dll oleaut32.dll coreuicomponents.dll advapi32.dll advapi32.dll ntmarta.dll ntmarta.dll coremessaging.dll coremessaging.dll onecoreuapcommonproxystub.dll onecoreuapcommonproxystub.dll bcp47mrm.dll bcp47mrm.dll rpcrt4.dll rpcrt4.dll uxtheme.dll uxtheme.dll shell32.dll imm32.dll oleaut32.dll vcruntime140_app.dll vcruntime140_app.dll msvcp_win.dll msvcp_win.dll cryptbase.dll msvcp140_app.dll msvcp140_app.dll winstoretaskswrapper.dll ws2_32.dll ws2_32.dll rsaenh.dll ncrypt.dll ncrypt.dll msasn1.dll shell32.dll iphlpapi.dll version.dll bcrypt.dll ntdll.dll sspicli.dll ntasn1.dll ntasn1.dll xmllite.dll xmllite.dll msvcp110_win.dll msvcp110_win.dll ole32.dll dpapi.dll msctf.dll mrt100.dll kernelbase.dll windows.storage.applicationdata.dll windows.storage.applicationdata.dll logoncli.dll cryptsp.dll KernelBase.dll windows.globalization.dll igc64.dll kernelbase.dll bcp47langs.dll usermgrproxy.dll crypt32.dll appxdeploymentclient.dll appxdeploymentclient.dll staterepository.core.dll staterepository.core.dll lpk.dll usermgrcli.dll iertutil.dll uxtheme.dll onecorecommonproxystub.dll wow64win.dll userenv.dll userenv.dll version.dll profext.dll cabinet.dll cabinet.dll mscorjit.dll version.dll cryptsp.dll cryptsp.dll webservices.dll kernel32.dll windows.storage.dll windows.storage.dll shlwapi.dll powrprof.dll user32.dll mscoree.dll ole32.dll propsys.dll tokenbinding.dll tokenbinding.dll ondemandconnroutehelper.dll ondemandconnroutehelper.dll mswsock.dll mswsock.dll firewallapi.dll fwbase.dll uxtheme.dll winnsi.dll winnsi.dll nsi.dll nsi.dll wintrust.dll msctf.dll rsaenh.dll cryptbase.dll cryptbase.dll ole32.dll urlmon.dll dnsapi.dll rasadhlp.dll api-ms-win-downlevel-normaliz-l1-1-0.dllnormaliz.dll fwpuclnt.dll schannel.dll cfgmgr32.dll cryptnet.dll dwmapi.dll certca.dll msvcp_win.dll dsparse.dll dsparse.dll mlang.dll winstore.app.dll mrt100_app.dll mrt100_app.dll dmprocessxmlfiltered.dll dmprocessxmlfiltered.dll dmcmnutils.dll dmcmnutils.dll kernelbase.dll sharedlibrary.dll normaliz.dll normaliz.dll windows.system.profile.platformdiagnosticsandusagedatasettings.dll windows.system.profile.platformdiagnosticsandusagedatasettings.dll rometadata.dll rometadata.dll winstore.preview.dll windows.security.authentication.web.core.dll windows.security.authentication.web.core.dll rsaenh.dll mscoreei.dll windows.web.http.dll windows.web.http.dll windows.system.userprofile.diagnosticssettings.dll sechost.dll wininet.dll System.Data.SqlXml.ni.dll mskeyprotect.dll ntshrui.dll ncryptsslp.dll ncryptsslp.dll,normal
 ntdll.dll kernel32.dll KernelBase.dll gdi32.dll user32.dll mscorwks.dll usp10.dll oleaut32.dll imm32.dll system.directoryservices.dll oleaut32.dll rpcrt4.dll oleaut32.dll cryptbase.dll shlwapi.dll msointl30.dll system.deployment.dll msctf.dll ntdll.dll wow64.dll wow64win.dll wow64cpu.dll kernel32.dll kernel32.dll usp10.dll system.windows.forms.dll kernel32.dll user32.dll advapi32.dll msvcrt.dll sechost.dll rpcrt4.dll sspicli.dll rpcrt4.dll dnsapi.dll ws2_32.dll System.dll imageres.dll dhcpcsvc.dll dhcpcsvc6.dll shell32.dll shlwapi.dll gdi32.dll user32.dll lpk.dll oleaut32.dll ole32.dll imm32.dll msctf.dll clbcatq.dll oleaut32.dll cryptsp.dll rsaenh.dll msasn1.dll wevtapi.dll ntdll.dll kernel32.dll advapi32.dll sechost.dll kernelbase.dll shell32.dll msvcrt.dll shlwapi.dll user32.dll rpcrt4.dll gdi32.dll lpk.dll usp10.dll imm32.dll combase.dll ntdll.dll ntdll.dll wow64.dll clbcatq.dll wow64cpu.dll kernel32.dll kernel32.dll kernel32.dll user32.dll kernel32.dll kernelbase.dll advapi32.dll api-ms-win-downlevel-shlwapi-l2-1-0.dll sechost.dll sechost.dll sspicli.dll cryptbase.dll oleaut32.dll ole32.dll gdi32.dll KernelBase.dll lpk.dll usp10.dll System.Configuration.dll wevtapi.dll imm32.dll mshtml.dll comctl32.dll kernel32.dll,normal
 combase.dll ntdll.dll wow64.dll wow64win.dll wow64cpu.dll kernel32.dll kernel32.dll usp10.dll system.data.oracleclient.dll kernel32.dll KernelBase.dll msvcrt.dll sspicli.dll user32.dll gdi32.dll lpk.dll usp10.dll advapi32.dll sechost.dll imm32.dll sspicli.dll cryptbase.dll system.deployment.dll shlwapi.dll apphelp.dll,normal
 ntdll.dll kernel32.dll KernelBase.dll ucrtbase.dll peerdistsh.dll rpcrt4.dll msctf.dll kernel.appcore.dll msvcrt.dll devobj.dll user32.dll win32u.dll setupapi.dll gdi32full.dll SensApi.dll system.windows.forms.dll IDStore.dll bcrypt.dll userenv.dll profapi.dll,normal
 scecli.dll auditcse.dll,normal
 ntdll.dll ntdll.dll kernel32.dll system.windows.forms.dll kernelbase.dll msvcrt.dll imm32.dll oleaut32.dll msvcp_win.dll msvcp_win.dll user32.dll tquery.dll ucrtbase.dll ucrtbase.dll uiautomationprovider.dll combase.dll rpcrt4.dll rpcrt4.dll rpcrt4.dll rpcrt4.dll advapi32.dll sechost.dll sechost.dll advapi32.dll bcryptprimitives.dll system.xml.dll windows.storage.dll windows.storage.dll shlwapi.dll cryptdll.dll cryptdll.dll gdi32.dll gdi32full.dll user32.dll sechost.dll kernel.appcore.dll kernel.appcore.dll shcore.dll shcore.dll profapi.dll powrprof.dll msvcrt.dll System.Web.ni.dll imm32.dll msidle.dll rpcrtremote.dll ole32.dll mssprxy.dll mssprxy.dll msctf.dll mssph.dll,normal
 ntdll.dll imm32.dll rpcrt4.dll wow64win.dll wow64cpu.dll kernel32.dll kernel32.dll kernel32.dll user32.dll kernel32.dll ole32.dll mscoree.dll msvcrt.dll sechost.dll rpcrt4.dll clbcatq.dll cryptbase.dll dnsapi.dll ws2_32.dll nsi.dll winnsi.dll msvcrt.dll dhcpcsvc6.dll shell32.dll shlwapi.dll wow64win.dll shlwapi.dll lpk.dll usp10.dll ole32.dll imm32.dll msctf.dll clbcatq.dll oleaut32.dll cryptsp.dll rsaenh.dll rpcrtremote.dll wevtapi.dll,normal
 sendmail.dll mydocs.dll,normal
 ntdll.dll kernel32.dll sechost.dll userenv.dll msvcrt.dll sechost.dll rpcrt4.dll shell32.dll dpx.dll gdi32.dll user32.dll lpk.dll usp10.dll comctl32.dll msctf.dll inputswitch.dll cryptbase.dll uxtheme.dll propsys.dll ntdll.dll comctl32.dll clbcatq.dll ntmarta.dll wldap32.dll profapi.dll urlmon.dll api-ms-win-downlevel-ole32-l1-1-0.dll cryptbase.dll api-ms-win-downlevel-advapi32-l1-1-0.dll api-ms-win-downlevel-user32-l1-1-0.dll sxs.dll version.dll KernelBase.dll normaliz.dll iertutil.dll rpcrt4.dll userenv.dll secur32.dll sspicli.dll ole32.dll cfgmgr32.dll devobj.dll mpr.dll urlmon.dll vm3dum64.dll netutils.dll api-ms-win-downlevel-version-l1-1-0.dll version.dll api-ms-win-downlevel-normaliz-l1-1-0.dll normaliz.dll iertutil.dll wininet.dll userenv.dll,normal
 ntdll.dll kernel32.dll vbscript.dll gdi32.dll user32.dll kernelbase.dll oleaut32.dll msvcrt.dll imm32.dll msctf.dll ole32.dll rpcrt4.dll oleaut32.dll shlwapi.dll clbcatq.dll msctf.dll sechost.dll ntdll.dll kernel32.dll kernelbase.dll gdi32.dll System.DirectoryServices.Protocols.dll lpk.dll ncrypt.dll msvcrt.dll imm32.dll msctf.dll ole32.dll version.dll oleaut32.dll cryptbase.dll clbcatq.dll user32.dll sechost.dll ntdll.dll system.xml.ni.dll wow64.dll wow64win.dll wow64cpu.dll kernel32.dll netprofm.dll kernel32.dll user32.dll nsi.dll advapi32.dll advapi32.dll sensapi.dll msvcrt.dll rpcrt4.dll sspicli.dll cryptbase.dll dnsapi.dll ws2_32.dll nsi.dll winnsi.dll dhcpcsvc.dll msshooks.dll shell32.dll shlwapi.dll gdi32.dll user32.dll lpk.dll usp10.dll ole32.dll imm32.dll kernel32.dll dps.dll oleaut32.dll cryptsp.dll SensApi.dll rpcrtremote.dll wevtapi.dll ntdll.dll kernel32.dll kernelbase.dll gdi32.dll shell32.dll lpk.dll usp10.dll msvcrt.dll imm32.dll msctf.dll ole32.dll rpcrt4.dll oleaut32.dll msvcr80.dll clbcatq.dll advapi32.dll bcrypt.dll ntdll.dll user32.dll wow64.dll wow64win.dll wow64cpu.dll msisip.dll kernel32.dll kernel32.dll user32.dll kernel32.dll kernelbase.dll msvcrt.dll winbrand.dll user32.dll msvcrt.dll bcryptprimitives.dll usp10.dll sechost.dll msctf.dll rpcrt4.dll sspicli.dll cryptbase.dll imm32.dll msctf.dll apphelp.dll,normal
 ntdll.dll ntdll.dll wow64.dll wow64win.dll wow64cpu.dll kernel32.dll kernel32.dll kernel32.dll user32.dll kernel32.dll kernelbase.dll user32.dll system.data.oracleclient.dll sechost.dll rpcrt4.dll sspicli.dll cryptbase.dll user32.dll ws2_32.dll system.configuration.dll winnsi.dll dhcpcsvc.dll dhcpcsvc6.dll shell32.dll shlwapi.dll gdi32.dll user32.dll explorerframe.dll usp10.dll ole32.dll imm32.dll msctf.dll clbcatq.dll oleaut32.dll cryptsp.dll rsaenh.dll rpcrtremote.dll user32.dll ntdll.dll kernel32.dll kernelbase.dll gdi32.dll user32.dll lpk.dll usp10.dll msvcrt.dll imm32.dll usp10.dll ole32.dll cryptsp.dll oleaut32.dll cryptbase.dll clbcatq.dll advapi32.dll sechost.dll mscorlib.dll rpcrt4.dll System.Security.dll wow64win.dll wow64cpu.dll kernel32.dll kernel32.dll kernel32.dll user32.dll kernel32.dll kernelbase.dll advapi32.dll ntmarta.dll sechost.dll rpcrt4.dll sspicli.dll cryptbase.dll uxtheme.dll wininet.dll nsi.dll Microsoft.VisualStudio.Tools.Applications.ServerDocument.v10.0.ni.dll dhcpcsvc.dll bcp47lang.dll shell32.dll shlwapi.dll gdi32.dll system.numerics.ni.dll kernel32.dll presentationframework.ni.dll ntdll.dll sspicli.dll msctf.dll kernelbase.dll oleaut32.dll cryptsp.dll lpk.dll usp10.dll kernelbase.dll crypt32.dll normaliz.dll uianimation.dll wow64win.dll wow64cpu.dll kernel32.dll kernel32.dll kernel32.dll user32.dll kernel32.dll kernelbase.dll advapi32.dll msvcrt.dll sechost.dll rpcrt4.dll sspicli.dll cryptbase.dll dnsapi.dll ws2_32.dll nsi.dll ntdll.dll dhcpcsvc.dll dhcpcsvc6.dll certCredProvider.dll shlwapi.dll gdi32.dll setupapi.dll wmp.dll usp10.dll ole32.dll imm32.dll msctf.dll clbcatq.dll oleaut32.dll oleaut32.dll rsaenh.dll rpcrtremote.dll wevtapi.dll ntdll.dll ntdll.dll wow64.dll wow64win.dll wow64cpu.dll kernel32.dll kernel32.dll user32.dll user32.dll kernel32.dll kernelbase.dll wow64.dll winbrand.dll user32.dll gdi32.dll winbrand.dll sensapi.dll advapi32.dll sechost.dll rpcrt4.dll sspicli.dll cryptbase.dll d3d11.dll msctf.dll apphelp.dll,normal
 ntdll.dll kernel32.dll kernelbase.dll advapi32.dll msvcrt.dll apphelp.dll rpcrt4.dll gdi32.dll user32.dll System.Configuration.ni.dll usp10.dll ole32.dll wow64win.dll wmsgapi.dll wtsapi32.dll wow64win.dll userenv.dll ole32.dll winsta.dll system.ni.dll msasn1.dll msctfmonitor.dll msctf.dll imm32.dll msutb.dll comctl32.dll shlwapi.dll secur32.dll ucrtbase.dll sechost.dll cryptbase.dll uxtheme.dll wintrust.dll windows.globalization.dll rsaenh.dll imagehlp.dll bcrypt.dll bcryptprimitives.dll ncrypt.dll webservices.dll cryptnet.dll wldap32.dll sensapi.dll version.dll clbcatq.dll sspicli.dll urlmon.dll shell32.dll oleaut32.dll netapi32.dll api-ms-win-downlevel-user32-l1-1-0.dll sechost.dll api-ms-win-downlevel-normaliz-l1-1-0.dll normaliz.dll iertutil.dll sxs.dll,normal
 ntdll.dll kernel32.dll kernelbase.dll advapi32.dll msvcrt.dll cryptbase.dll rpcrt4.dll shell32.dll shlwapi.dll gdi32.dll user32.dll gdi32.dll usp10.dll msdtcVSp1res.dll advapi32.dll ntdll.dll cryptbase.dll shell32.dll propsys.dll oleaut32.dll comctl32.dll clbcatq.dll profapi.dll urlmon.dll api-ms-win-downlevel-ole32-l1-1-0.dll msvcrt.dll api-ms-win-downlevel-advapi32-l1-1-0.dll api-ms-win-downlevel-user32-l1-1-0.dll crypt32.dll version.dll api-ms-win-downlevel-normaliz-l1-1-0.dll normaliz.dll iertutil.dll wininet.dll userenv.dll secur32.dll sspicli.dll setupapi.dll imm32.dll usp10.dll mpr.dll,normal
 ntdll.dll mscorlib.dll wow64.dll wbemprox.dll wow64cpu.dll kernel32.dll kernel32.dll dnsapi.dll user32.dll kernel32.dll kernelbase.dll advapi32.dll wow64win.dll sechost.dll sechost.dll sspicli.dll cryptbase.dll msvcr120_clr0400.dll mscoree.dll ole32.dll nsi.dll user32.dll lpk.dll msasn1.dll oleaut32.dll cryptbase.dll cryptsp.dll cryptsp.dll rsaenh.dll rsaenh.dll clbcatq.dll sxs.dll mscoreei.dll windows.storage.dll shlwapi.dll mscorlib.ni.dll clrjit.dll system.management.automation.dll system.management.automation.dll version.dll winbrand.dll clbcatq.dll system.ni.dll system.dll system.dll microsoft.powershell.scheduledjob.dll advapi32.dll usp10.dll microsoft.management.infrastructure.ni.dll lpk.dll system.core.dll system.runtime.serialization.ni.dll system.runtime.serialization.dll system.runtime.serialization.dll system.xml.ni.dll api-ms-win-security-lsalookup-l2-1-1.dll system.xml.dll system.configuration.ni.dll system.configuration.dll system.configuration.dll system.numerics.ni.dll system.numerics.dll system.numerics.dll system.security.ni.dll system.security.dll system.security.dll ntdll.dll rpcrt4.dll wow64.dll wow64win.dll wow64cpu.dll imm32.dll cryptsp.dll kernel32.dll System.Data.ni.dll user32.dll kernelbase.dll advapi32.dll msvcrt.dll sechost.dll rpcrt4.dll sspicli.dll cryptbase.dll ws2_32.dll nsi.dll shell32.dll shlwapi.dll gdi32.dll user32.dll ole32.dll usp10.dll system.xml.ni.dll ole32.dll imm32.dll msctf.dll System.AddIn.Contract.dll oleaut32.dll cryptsp.dll sspicli.dll gdi32.dll dhcpcsvc.dll dhcpcsvc6.dll rpcrtremote.dll wevtapi.dll,normal
 sxs.dll ehstorshell.dll ntshrui.dll imageres.dll imageres.dll mscoree.dll ucrtbase.dll imageres.dll imageres.dll imageres.dll imageres.dll imageres.dll imageres.dll imageres.dll imageres.dll msftedit.dll user32.dll searchfolder.dll linkinfo.dll structuredquery.dll mscoree.dll samlib.dll psapi.dll msctf.dll ieframe.dll System.Transactions.dll imageres.dll imageres.dll imageres.dll imageres.dll imageres.dll imageres.dll drprov.dll cfgmgr32.dll ntmarta.dll imageres.dll ehstorapi.dll networkexplorer.dll system.serviceprocess.dll api-ms-win-core-fibers-l1-1-1.dll api-ms-win-downlevel-advapi32-l1-1-0.dll imageres.dll imageres.dll imageres.dll imageres.dll ieproxy.dll shell32.dll imageres.dll imageres.dll imageres.dll imageres.dll imageres.dll crypt32.dll actxprxy.dll imageres.dll,normal
 ntdll.dll kernel32.dll kernelbase.dll cscapi.dll msvcrt.dll userenv.dll rpcrt4.dll vcruntime140.dll api-ms-win-crt-runtime-l1-1-0.dll ucrtbase.dll msvcrt.dll api-ms-win-core-file-l2-1-0.dll api-ms-win-core-localization-l1-2-0.dll api-ms-win-core-synch-l1-2-0.dll rpcrt4.dll api-ms-win-core-file-l1-2-0.dll api-ms-win-crt-string-l1-1-0.dll api-ms-win-crt-heap-l1-1-0.dll api-ms-win-crt-stdio-l1-1-0.dll api-ms-win-crt-convert-l1-1-0.dll msvcp140.dll api-ms-win-crt-locale-l1-1-0.dll api-ms-win-crt-math-l1-1-0.dll clbcatq.dll api-ms-win-crt-time-l1-1-0.dll api-ms-win-crt-filesystem-l1-1-0.dll api-ms-win-crt-environment-l1-1-0.dll api-ms-win-crt-utility-l1-1-0.dll clbcatq.dll gdi32.dll kernel32.dll cryptsp.dll usp10.dll oleaut32.dll imm32.dll msctf.dll,normal
 ntdll.dll kernel32.dll KernelBase.dll usp10.dll user32.dll msvcrt.dll imm32.dll oleaut32.dll combase.dll msctf.dll rpcrt4.dll setupapi.dll tiptsf.dll dwmapi.dll comctl32.dll ole32.dll sechost.dll kernel.appcore.dll wcp.dll bcryptprimitives.dll msvcrt.dll oleacc.dll cryptbase.dll KernelBase.dll version.dll shell32.dll propsys.dll user32.dll ntmarta.dll dui70.dll iertutil.dll wer.dll,normal
 ntdll.dll kernel32.dll kernelbase.dll advapi32.dll msvcrt.dll sechost.dll comsvcs.dll dnsapi.dll ws2_32.dll lpk.dll usp10.dll dhcpcsvc.dll dhcpcsvc6.dll shell32.dll shlwapi.dll chrome_child.dll System.Design.ni.dll lpk.dll usp10.dll ole32.dll imm32.dll msctf.dll,normal
 ntdll.dll kernel32.dll KernelBase.dll System.Transactions.dll ole32.dll gdi32.dll user32.dll kernelbase.dll usp10.dll advapi32.dll imm32.dll msctf.dll cryptbase.dll cryptbase.dll advapi32.dll sechost.dll oleaut32.dll cryptsp.dll rsaenh.dll RpcRtRemote.dll shacct.dll comctl32.dll shlwapi.dll userenv.dll profapi.dll IDStore.dll rpcrt4.dll shcore.dll KernelBase.dll advapi32.dll msvcrt.dll rpcrt4.dll user32.dll user32.dll wow64cpu.dll lpk.dll System.Xml.ni.dll comctl32.dll gdi32.dll shlwapi.dll imm32.dll msctf.dll ole32.dll oleaut32.dll clbcatq.dll winbrand.dll slc.dll sppc.dll cryptbase.dll clbcatq.dll cryptsp.dll rsaenh.dll rsaenh.dll sppcomapi.dll WinSCard.dll winhttp.dll webio.dll sppcext.dll gdi32.dll rasman.dll ws2_32.dll nsi.dll ntdll.dll cfgmgr32.dll wow64win.dll msi.dll wtsapi32.dll crypt32.dll msasn1.dll cryptui.dll pcasvc.dll tapi32.dll slwga.dll ntdll.dll adprop.dll wow64.dll wow64win.dll wow64cpu.dll kernel32.dll kernel32.dll kernel32.dll user32.dll kernel32.dll version.dll advapi32.dll KernelBase.dll sechost.dll rpcrt4.dll sspicli.dll cryptbase.dll dnsapi.dll ws2_32.dll nsi.dll winnsi.dll dhcpcsvc.dll dhcpcsvc6.dll shell32.dll shlwapi.dll system.directoryservices.dll user32.dll lpk.dll usp10.dll winmm.dll ncrypt.dll msctf.dll clbcatq.dll msctf.dll cryptsp.dll rsaenh.dll user32.dll wevtapi.dll ntdll.dll kernel32.dll dhcpcsvc6.dll advapi32.dll msvcrt.dll sechost.dll rpcrt4.dll msvcr120_clr0400.dll mscoree.dll windowscodecs.dll cryptsp.dll wow64win.dll lpk.dll usp10.dll oleaut32.dll imm32.dll ieapfltr.dll cryptbase.dll cryptsp.dll rsaenh.dll RpcRtRemote.dll oleaut32.dll clbcatq.dll tsuserex.dll mscorwks.dll msvcr80.dll shlwapi.dll shell32.dll profapi.dll mscorlib.ni.dll mscorjit.dll mscorlib.dll mscorlib.dll accessibility.ni.dll mscorlib.dll mscorlib.dll System.ni.dll oleaut32.dll advapi32.dll System.Xml.ni.dll System.Configuration.ni.dll imm32.dll bcryptprimitives.dll kernel32.dll KernelBase.dll advapi32.dll msvcrt.dll sechost.dll rpcrt4.dll msvcr120_clr0400.dll ntdll.dll ole32.dll gdi32.dll wow64cpu.dll kernel.appcore.dll usp10.dll oleaut32.dll imm32.dll msctf.dll cryptbase.dll cryptsp.dll rsaenh.dll RpcRtRemote.dll clbcatq.dll cryptsp.dll msdadiag.dll mscorwks.dll msvcr80.dll shlwapi.dll imm32.dll oleaut32.dll mscorlib.ni.dll sspicli.dll propsys.dll kernel32.dll mscoreei.dll mscorlib.dll mscorlib.dll System.ni.dll System.Core.ni.dll System.Web.Entity.Design.ni.dll System.Drawing.ni.dll System.Windows.Forms.ni.dll System.Design.ni.dll System.Web.ni.dll System.Web.dll System.Web.dll System.Web.dll System.Web.dll System.Web.Entity.ni.dll System.Data.Entity.ni.dll System.Data.ni.dll KernelBase.dll System.Data.dll ninput.dll System.Data.dll shlwapi.dll clbcatq.dll nsi.dll crypt32.dll msasn1.dll rpcrt4.dll Accessibility.dll System.Security.ni.dll mscoreei.dll Accessibility.ni.dll System.Runtime.Serialization.Formatters.Soap.ni.dll System.Deployment.ni.dll System.Drawing.Design.ni.dll System.Data.OracleClient.ni.dll bcp47mrm.dll System.Data.OracleClient.dll System.Data.OracleClient.dll api-ms-win-downlevel-user32-l1-1-0.dll advapi32.dll System.Web.RegularExpressions.ni.dll Microsoft.VisualC.ni.dll System.Transactions.ni.dll System.Transactions.dll System.Transactions.dll sechost.dll System.Transactions.dll System.Transactions.dll msvcr120_clr0400.dll System.EnterpriseServices.dll System.EnterpriseServices.dll System.DirectoryServices.ni.dll System.Runtime.Remoting.ni.dll System.Web.Services.ni.dll System.DirectoryServices.Protocols.ni.dll System.ServiceProcess.ni.dll System.Configuration.Install.ni.dll System.Web.Abstractions.ni.dll System.Web.Extensions.ni.dll System.ServiceModel.ni.dll System.Data.Linq.ni.dll System.Runtime.Serialization.ni.dll System.ServiceModel.Web.ni.dll System.Data.Services.Client.ni.dll System.Data.Services.Design.ni.dll rpcrt4.dll kernel32.dll System.Messaging.ni.dll wtsapi32.dll sechost.dll System.Xml.Linq.ni.dll WindowsBase.ni.dll,normal
 ntdll.dll kernel32.dll kernelbase.dll msvcrt.dll ole32.dll gdi32.dll user32.dll sspicli.dll usp10.dll imm32.dll ehiproxy.ni.dll msctf.dll cryptbase.dll clbcatq.dll advapi32.dll ole32.dll oleaut32.dll cryptsp.dll rsaenh.dll rpcrtremote.dll uxtheme.dll ntdll.dll comctl32.dll system.configuration.ni.dll userenv.dll wow64cpu.dll idstore.dll ntdll.dll kernel32.dll kernelbase.dll nsi.dll sensapi.dll sechost.dll ole32.dll oleaut32.dll mscoree.dll shell32.dll gdi32.dll user32.dll clbcatq.dll usp10.dll oleaut32.dll SMdiagnostics.dll msctf.dll kernel32.dll cryptsp.dll lpk.dll rpcrtremote.dll clbcatq.dll sxs.dll mscoreei.dll mscorwks.dll msvcr80.dll dhcpcsvc.dll shell32.dll profapi.dll msctf.dll api-ms-win-core-file-l1-2-1.dll mscorlib.dll mscorlib.dll version.dll mscorlib.dll mscorlib.dll user32.dll wintrust.dll crypt32.dll msasn1.dll version.dll riched20.dll imagehlp.dll ncrypt.dll user32.dll version.dll userenv.dll gpapi.dll cryptnet.dll wldap32.dll sensapi.dll api-ms-win-crt-math-l1-1-0.dll system.addin.ni.dll cryptbase.dll system.ni.dll system.drawing.ni.dll system.windows.forms.ni.dll system.addin.ni.dll msxml3.dll microsoft.office.tools.common.v9.0.ni.dll system.drawing.ni.dll user32.dll system.core.ni.dll InkObj.dll presentationcore.dll presentationcore.dll lpk.dll presentationcore.dll presentationcore.dll microsoft.office.tools.word.v9.0.dll microsoft.office.tools.word.v9.0.dll microsoft.office.tools.word.v9.0.ni.dll microsoft.office.tools.word.v9.0.ni.dll microsoft.office.tools.word.v9.0.ni.dll ntdll.dll ntdll.dll kernelbase.dll advapi32.dll advapi32.dll sechost.dll rpcrt4.dll msvcr120_clr0400.dll msshooks.dll ole32.dll gdi32.dll system.transactions.dll cryptsp.dll usp10.dll shcore.dll imm32.dll msctf.dll cryptbase.dll cryptsp.dll rsaenh.dll rpcrtremote.dll clbcatq.dll gdi32.dll mscoreei.dll msvcr120_clr0400.dll msvcr80.dll shlwapi.dll user32.dll cfgmgr32.dll mscorlib.ni.dll mscorjit.dll mscorlib.dll mscorlib.dll msvcrt.dll cryptbase.dll mscorlib.dll presentationframework.royale.ni.dll devdispitemprovider.dll windowsbase.ni.dll imm32.dll presentationframework.ni.dll presentationcore.dll presentationcore.dll presentationcore.dll api-ms-win-core-localization-l1-2-0.dll system.xml.ni.dll cryptbase.dll system.drawing.ni.dll system.deployment.ni.dll presentationui.ni.dll system.printing.ni.dll system.printing.dll system.printing.dll system.printing.dll system.printing.dll reachframework.ni.dll uiautomationtypes.ni.dll rsaenh.dll system.data.dll system.data.dll system.data.dll system.data.dll system.data.dll ws2_32.dll nsi.dll crypt32.dll msasn1.dll accessibility.ni.dll system.configuration.ni.dll mscoreei.dll system.data.sqlxml.ni.dll win32u.dll presentationcffrasterizer.ni.dll system.windows.forms.ni.dll system.runtime.serialization.formatters.soap.ni.dll system.directoryservices.ni.dll system.transactions.ni.dll system.transactions.dll system.transactions.dll system.transactions.dll system.transactions.dll system.transactions.dll system.enterpriseservices.ni.dll system.enterpriseservices.dll system.enterpriseservices.dll system.runtime.remoting.ni.dll advapi32.dll system.web.dll system.web.dll system.web.dll system.web.dll system.web.services.ni.dll system.directoryservices.protocols.ni.dll system.design.ni.dll system.serviceprocess.ni.dll system.web.regularexpressions.ni.dll system.drawing.design.ni.dll system.data.oracleclient.ni.dll imm32.dll system.data.oracleclient.dll system.data.oracleclient.dll system.data.oracleclient.dll System.Core.dll system.configuration.install.ni.dll,normal
 ntdll.dll ntdll.dll gdi32.dll wow64win.dll wow64cpu.dll wow64win.dll mscorlib.dll kernel32.dll KernelBase.dll kernel32.dll kernelbase.dll msvcrt.dll oleaut32.dll ole32.dll gdi32.dll sechost.dll advapi32.dll sechost.dll rpcrt4.dll sspicli.dll cryptbase.dll userenv.dll rpcrt4.dll version.dll imm32.dll powrprof.dll sxs.dll clbcatq.dll mscms.dll rpcrtremote.dll wintrust.dll crypt32.dll mssprxy.dll cryptsp.dll rsaenh.dll msvcrt.dll wshext.dll comctl32.dll shell32.dll shlwapi.dll scrobj.dll msi.dll scrrun.dll ntdll.dll mfc42u.dll kernelbase.dll gdi32.dll user32.dll devrtl.dll oleaut32.dll msvcrt.dll shell32.dll msctf.dll ole32.dll api-ms-win-downlevel-user32-l1-1-0.dll oleaut32.dll cryptbase.dll clbcatq.dll advapi32.dll sechost.dll ntdll.dll ntdll.dll wow64.dll wow64win.dll wow64cpu.dll kernel32.dll kernel32.dll kernel32.dll user32.dll kernel32.dll kernelbase.dll advapi32.dll msvcrt.dll sechost.dll rpcrt4.dll sspicli.dll cryptbase.dll clbcatq.dll ws2_32.dll nsi.dll winnsi.dll dhcpcsvc.dll winmm.dll shell32.dll imm32.dll gdi32.dll user32.dll lpk.dll usp10.dll ole32.dll imm32.dll msctf.dll clbcatq.dll oleaut32.dll cryptsp.dll advapi32.dll rpcrtremote.dll wevtapi.dll ntdll.dll kernel32.dll sppuinotify.dll gdi32.dll windowsbase.dll lpk.dll msvcrt.dll seclogon.dll imm32.dll msctf.dll sensapi.dll oleaut32.dll System.Runtime.Remoting.ni.dll msvcr80.dll shell32.dll advapi32.dll sechost.dll ntdll.dll kernel32.dll lpk.dll advapi32.dll gdi32.dll user32.dll rpcrt4.dll ole32.dll gdi32.dll user32.dll user32.dll usp10.dll imm32.dll msctf.dll wdscore.dll rpcrt4.dll npmproxy.dll shlwapi.dll dbghelp.dll sechost.dll cbscore.dll imm32.dll crypt32.dll msasn1.dll wintrust.dll shlwapi.dll profapi.dll ktmw32.dll clbcatq.dll dpx.dll ole32.dll cryptbase.dll drupdate.dll setupapi.dll cfgmgr32.dll devobj.dll mpr.dll wrpint.dll sxsstore.dll sqmapi.dll winhttp.dll webio.dll winhttp.dll webio.dll user32.dll cryptsp.dll rsaenh.dll rpcrtremote.dll clbcatq.dll cbsapi.dll smipi.dll smiengine.dll ntdll.dll kernel32.dll sechost.dll msvcrt.dll ole32.dll normaliz.dll user32.dll bcryptprimitives.dll msvcrt.dll dnsapi.dll imm32.dll rasman.dll cryptbase.dll mswsock.dll advapi32.dll sechost.dll oleaut32.dll cryptsp.dll rsaenh.dll rpcrtremote.dll mscoree.dll sechost.dll mscorwks.dll msvcr80.dll shell32.dll profapi.dll mscorlib.ni.dll system.ni.dll sxs.dll microsoft.grouppolicy.reporting.ni.dll mscorjit.dll system.management.ni.dll system.deployment.dll credui.dll microsoft.grouppolicy.interop.dll ntasn1.dll urlmon.dll wldap32.dll atl.dll ntdsapi.dll oleaut32.dll ncrypt.dll dnsapi.dll Microsoft.PowerShell.Management.Activities.dll Microsoft.VisualStudio.Tools.Applications.Contract.v9.0.ni.dll netapi32.dll sspicli.dll srvcli.dll wkscli.dll dsrole.dll fde.dll netutils.dll odbc32.dll comctl32.dll mpr.dll odbcint.dll esent.dll mswsock.dll secur32.dll sspicli.dll credssp.dll pwdssp.dll wship6.dll logoncli.dll winnsi.dll rasadhlp.dll msv1_0.dll cryptdll.dll microsoft.security.applicationid.policymanagement.policymodel.ni.dll wsecedit.dll sechost.dll gdi32.dll wsecedit.dll wsecedit.dll wsecedit.dll system.configuration.ni.dll system.xml.ni.dll version.dll SMDiagnostics.ni.dll culture.dll system.web.ni.dll ntdll.dll kernel.appcore.dll wow64.dll wow64win.dll urlmon.dll kernel32.dll usp10.dll kernel32.dll user32.dll kernel32.dll kernelbase.dll rpcrtremote.dll winbrand.dll user32.dll devobj.dll lpk.dll usp10.dll advapi32.dll sechost.dll sspicli.dll sspicli.dll cryptbase.dll msvcrt.dll msctf.dll apphelp.dll,normal
 ntdll.dll kernel32.dll auditpolicygpmanagedstubs.interop.ni.dll gdi32.dll user32.dll lpk.dll microsoft.mediacenter.interop.dll msvcrt.dll imm32.dll msctf.dll imm32.dll rpcrt4.dll oleaut32.dll uxtheme.dll dwmapi.dll msswch.dll advapi32.dll sechost.dll system.ni.dll comctl32.dll shlwapi.dll cryptbase.dll ntdll.dll kernel32.dll gdi32.dll advapi32.dll msvcrt.dll sechost.dll rpcrt4.dll clbcatq.dll user32.dll lpk.dll clbcatq.dll ole32.dll msimg32.dll wmsgapi.dll wtsapi32.dll winmm.dll nsi.dll profapi.dll winsta.dll crypt32.dll msasn1.dll version.dll msctf.dll imm32.dll igd10iumd64.dll comctl32.dll imm32.dll wow64cpu.dll sspicli.dll shell32.dll cryptbase.dll uxtheme.dll StructuredQuery.dll cryptsp.dll rsaenh.dll imagehlp.dll bcrypt.dll bcryptprimitives.dll ncrypt.dll gpapi.dll msvcrt.dll wldap32.dll user32.dll sxs.dll clbcatq.dll bcrypt.dll urlmon.dll api-ms-win-downlevel-ole32-l1-1-0.dll api-ms-win-downlevel-shlwapi-l1-1-0.dll rpcrt4.dll sspicli.dll api-ms-win-downlevel-version-l1-1-0.dll api-ms-win-downlevel-normaliz-l1-1-0.dll normaliz.dll profapi.dll wininet.dll,normal
 winnsi.dll kernel32.dll wow64cpu.dll chrome_elf.dll version.dll msvcrt.dll shell32.dll gdi32.dll gdi32.dll user32.dll lpk.dll usp10.dll kernelbase.dll sechost.dll ole32.dll winmm.dll userenv.dll profapi.dll imm32.dll msvcrt.dll usp10.dll clbcatq.dll oleaut32.dll oleacc.dll uiautomationcore.dll psapi.dll microsoft.jscript.ni.dll wintrust.dll crypt32.dll msasn1.dll dwrite.dll dxgi.dll dwmapi.dll coremessaging.dll winhttp.dll webio.dll msctf.dll sspicli.dll rasadhlp.dll ws2_32.dll nsi.dll dhcpcsvc.dll mscorlib.dll dbghelp.dll comdlg32.dll urlmon.dll wininet.dll iertutil.dll,normal
 ntdll.dll kernel32.dll kernelbase.dll gdi32.dll user32.dll lpk.dll usp10.dll RpcRtRemote.dll imm32.dll cfgmgr32.dll ole32.dll rpcrt4.dll oleaut32.dll Win32_Tpm.dll user32.dll advapi32.dll sechost.dll ntdll.dll,normal
 ntdll.dll kernel32.dll kernelbase.dll advapi32.dll msvcrt.dll sechost.dll SensApi.dll oleaut32.dll kernel32.dll ucrtbase.dll combase.dll bcryptprimitives.dll kernel32.dll gdi32.dll mscorwks.dll user32.dll win32u.dll System.Configuration.dll msasn1.dll wintrust.dll mpclient.dll shlwapi.dll slc.dll bcrypt.dll sppc.dll sspicli.dll rpcrt4.dll userenv.dll msctf.dll gpapi.dll,normal
 ole32.dll rpcrtremote.dll ntdll.dll kernel32.dll Microsoft.VisualStudio.Tools.Applications.Runtime.v9.0.dll msvcrt.dll sechost.dll gdi32.dll user32.dll lpk.dll usp10.dll shlwapi.dll oleaut32.dll imm32.dll,normal
 ntdll.dll kernel32.dll kernelbase.dll kernel32.dll msvcrt.dll gdi32.dll imm32.dll msctf.dll RpcRtRemote.dll rpcrt4.dll kernel.appcore.dll usp10.dll bcryptprimitives.dll sechost.dll uxtheme.dll cryptsp.dll psapi.dll bcrypt.dll clbcatq.dll powrprof.dll bcp47langs.dll winsta.dll system.drawing.dll oleaut32.dll shcore.dll dwmapi.dll shell32.dll shlwapi.dll userenv.dll profapi.dll system.xml.ni.dll duser.dll imm32.dll tipskins.dll api-ms-win-crt-multibyte-l1-1-0.dll gpapi.dll sechost.dll gdiplus.dll windows.ui.dll ninput.dll tiptsf.dll,normal
 api-ms-win-crt-string-l1-1-0.dll ntdll.dll wow64.dll wow64win.dll presentationframework.ni.dll kernel32.dll kernel32.dll kernel32.dll user32.dll kernel32.dll KernelBase.dll advapi32.dll msvcrt.dll sechost.dll system.data.oracleclient.ni.dll imageres.dll ntdll.dll msvcr120_clr0400.dll winsta.dll ole32.dll gdi32.dll user32.dll lpk.dll usp10.dll oleaut32.dll imm32.dll msctf.dll cryptsp.dll qmgr.dll RpcRtRemote.dll clbcatq.dll sxs.dll mscoreei.dll clr.dll shlwapi.dll mscorlib.ni.dll clrjit.dll dpx.dll Microsoft.Powershell.ConsoleHost.dll version.dll sfc.dll mscorlib.dll System.ni.dll System.dll System.dll System.Management.Automation.dll System.Management.Automation.dll devicecenter.dll user32.dll System.Configuration.Install.dll ntdll.dll System.Core.dll System.Core.dll System.Xml.ni.dll System.Xml.dll System.Xml.dll System.Xml.dll System.Xml.dll normaliz.dll System.Xml.dll system.data.dll rsaenh.dll Microsoft.Management.Infrastructure.dll bcrypt.dll bcryptprimitives.dll api-ms-win-core-kernel32-private-l1-1-0.dll ntdll.dll kernel32.dll KernelBase.dll gdi32.dll user32.dll msvcp_win.dll usp10.dll msvcrt.dll System.dll rasadhlp.dll ole32.dll msctf.dll oleaut32.dll,normal
 version.dll ntdll.dll ntshrui.dll wow64win.dll KernelBase.dll cfgmgr32.dll kernel32.dll kernel32.dll user32.dll powrprof.dll kernelbase.dll advapi32.dll msvcrt.dll sechost.dll devdispitemprovider.dll sspicli.dll cryptbase.dll dnsapi.dll ws2_32.dll nsi.dll winnsi.dll dhcpcsvc.dll dhcpcsvc6.dll shell32.dll shlwapi.dll gdi32.dll user32.dll kernel32.dll devicecenter.dll ole32.dll winhttp.dll msctf.dll clbcatq.dll oleaut32.dll cryptsp.dll rsaenh.dll system.web.dll wevtapi.dll,normal
 ntdll.dll msjetoledb40.dll kernelbase.dll advapi32.dll msvcrt.dll sechost.dll secur32.dll msvcr120_clr0400.dll mscoree.dll ole32.dll uxtheme.dll kdcsvc.dll lpk.dll msctf.dll oleaut32.dll imm32.dll msctf.dll cryptbase.dll cryptsp.dll rsaenh.dll rpcrtremote.dll clbcatq.dll sxs.dll mscoreei.dll rpcrt4.dll shlwapi.dll mscorlib.ni.dll clrjit.dll system.ni.dll system.core.ni.dll version.dll kernel32.dll mscorlib.dll presentationframework-systemcore.ni.dll windowsbase.ni.dll presentationcore.ni.dll presentationframework.ni.dll presentationcore.dll presentationcore.dll system.xml.ni.dll advapi32.dll ole32.dll system.configuration.ni.dll ntdll.dll kernel32.dll kernelbase.dll advapi32.dll user32.dll shlwapi.dll rpcrt4.dll msvcr120_clr0400.dll mscoree.dll ole32.dll gdi32.dll user32.dll lpk.dll usp10.dll oleaut32.dll imm32.dll nlsdata0011.dll cryptbase.dll cryptsp.dll user32.dll rpcrtremote.dll lpk.dll sxs.dll mscoreei.dll nsi.dll dhcpcsvc6.dll oleaut32.dll clrjit.dll system.ni.dll system.core.ni.dll rpcrtremote.dll version.dll mscorlib.dll mscorlib.dll kernel32.dll system.design.ni.dll system.xml.ni.dll system.transactions.ni.dll user32.dll system.transactions.dll cryptbase.dll kernel32.dll system.configuration.ni.dll system.numerics.ni.dll system.security.ni.dll,normal
 ntdll.dll kernel32.dll kernel32.dll advapi32.dll msvcrt.dll sechost.dll rpcrt4.dll gdi32.dll user32.dll lpk.dll usp10.dll msswch.dll api-ms-win-security-lsalookup-l2-1-0.dll dwmapi.dll gdiplus.dll ole32.dll oleacc.dll oleaut32.dll shlwapi.dll wmsgapi.dll duser.dll uxtheme.dll imm32.dll sensapi.dll cryptbase.dll dui70.dll comctl32.dll xmllite.dll clbcatq.dll tabskb.dll api-ms-win-core-localization-l1-2-0.dll rsaenh.dll rpcrtremote.dll cfgmgr32.dll ntdll.dll,normal
 ntdll.dll kernel32.dll kernelbase.dll gdi32.dll Microsoft.Vsa.dll combase.dll ucrtbase.dll rpcrt4.dll bcryptprimitives.dll usp10.dll msvcrt.dll user32.dll win32u.dll imm32.dll oleaut32.dll msvcp_win.dll rpcrtremote.dll shcore.dll propsys.dll shell32.dll cfgmgr32.dll crypt32.dll powrprof.dll msvcp_win.dll KernelBase.dll kernel.appcore.dll profapi.dll clbcatq.dll msctf.dll,normal
 ondemandconnroutehelper.dll,normal
 ntdll.dll ntdll.dll system.security.ni.dll wow64win.dll ncrypt.dll kernel32.dll amsi.dll kernel32.dll user32.dll kernel32.dll KernelBase.dll msvcrt.dll winbrand.dll user32.dll gdi32.dll lpk.dll usp10.dll credssp.dll msvcrt.dll rpcrt4.dll sspicli.dll cryptbase.dll msctf.dll msctf.dll apphelp.dll,normal
 ntdll.dll gpapi.dll wow64.dll wow64win.dll wow64cpu.dll profapi.dll kernel32.dll usp10.dll user32.dll kernel32.dll KernelBase.dll advapi32.dll msvcrt.dll sechost.dll sdiagprv.dll kernel32.dll cryptbase.dll dnsapi.dll ws2_32.dll RpcRtRemote.dll winnsi.dll wkscli.dll crypt32.dll shell32.dll shlwapi.dll gdi32.dll user32.dll lpk.dll usp10.dll ole32.dll imm32.dll msctf.dll msctf.dll oleaut32.dll cryptsp.dll rsaenh.dll RpcRtRemote.dll user32.dll ntdll.dll cryptbase.dll KernelBase.dll rpcrt4.dll wevtapi.dll lpk.dll usp10.dll msvcrt.dll imm32.dll msctf.dll ole32.dll rpcrt4.dll oleaut32.dll cryptbase.dll clbcatq.dll psapi.dll winhttp.dll ntdll.dll kernel32.dll KernelBase.dll gdi32.dll user32.dll lpk.dll usp10.dll msvcrt.dll imm32.dll msctf.dll ole32.dll ieui.dll oleaut32.dll cryptbase.dll mscorlib.ni.dll system.serviceprocess.dll sechost.dll ntdll.dll ntdll.dll dui70.dll windows.storage.dll System.configuration.dll kernel32.dll kernel32.dll kernel32.dll shlwapi.dll System.Data.dll KernelBase.dll advapi32.dll msvcrt.dll imm32.dll rpcrt4.dll sspicli.dll cryptbase.dll system.drawing.design.ni.dll gdi32.dll System.Configuration.ni.dll usp10.dll shlwapi.dll shell32.dll ole32.dll samlib.dll mssprxy.dll wininet.dll oleaut32.dll crypt32.dll msasn1.dll imm32.dll msctf.dll ieframe.dll psapi.dll sechost.dll kernel32.dll comdlg32.dll IEShims.dll RpcRtRemote.dll ole32.dll clbcatq.dll propsys.dll setupapi.dll cfgmgr32.dll devobj.dll profapi.dll oleaut32.dll lpk.dll nsi.dll ntdll.dll winnsi.dll rsaenh.dll ieproxy.dll ntdll.dll bcp47langs.dll mlang.dll uxtheme.dll mshtml.dll msls31.dll version.dll ntmarta.dll bcryptprimitives.dll dwmapi.dll shlwapi.dll System.Runtime.Serialization.dll advpack.dll msimtf.dll ole32.dll ole32.dll comctl32.dll rpcrt4.dll msctf.dll imecfm.dll shell32.dll LspWaoIe.dll wtsapi32.dll wsock32.dll,normal
 netapi32.dll wkscli.dll dsrole.dll httpapi.dll version.dll wbemprox.dll webio.dll wsmgcdeps.dll msctf.dll clbcatq.dll shcore.dll ntdll.dll kernelbase.dll shlwapi.dll lpk.dll imm32.dll rpcrt4.dll shell32.dll shlwapi.dll gdi32.dll user32.dll lpk.dll System.Xml.Linq.ni.dll ole32.dll oleaut32.dll lpk.dll profapi.dll userenv.dll cryptbase.dll netutils.dll srvcli.dll firewallapi.dll wsmres.dll,normal
 ntdll.dll kernel32.dll system.configuration.dll KernelBase.dll msv1_0.dll gdi32.dll wininet.dll msvcp_win.dll ucrtbase.dll sechost.dll Wldap32.dll kernelbase.dll rpcrt4.dll bcryptprimitives.dll kernel.appcore.dll sechost.dll uxtheme.dll clbcatq.dll ole32.dll mscorlib.dll oleaut32.dll oleaut32.dll dwmapi.dll twinapi.dll KernelBase.dll TextInputFramework.dll CoreUIComponents.dll CoreMessaging.dll advapi32.dll ntmarta.dll WinTypes.dll usermgrcli.dll windows.storage.dll shlwapi.dll powrprof.dll profapi.dll userenv.dll gpapi.dll TipRes.dll TipRes.dll dui70.dll policymanager.dll duser.dll pnpts.dll msctf.dll atlthunk.dll tiptsf.dll policymanager.dll propsys.dll tabskb.dll system.deployment.dll tipresx.dll tipresx.dll cryptbase.dll,normal
 ntdll.dll ntdll.dll wow64.dll wow64win.dll wow64cpu.dll kernel32.dll kernel32.dll kernel32.dll user32.dll kernel32.dll api-ms-win-downlevel-advapi32-l1-1-0.dll advapi32.dll msvcrt.dll sechost.dll user32.dll sspicli.dll cryptbase.dll slc.dll ws2_32.dll nsi.dll System.Xml.ni.dll wmiutils.dll dhcpcsvc6.dll shell32.dll shlwapi.dll gdi32.dll user32.dll lpk.dll usp10.dll ole32.dll SensApi.dll wintypes.dll clbcatq.dll oleaut32.dll cryptsp.dll rsaenh.dll scrrun.dll wevtapi.dll ntdll.dll wow64win.dll wow64.dll wow64win.dll wow64cpu.dll kernel32.dll api-ms-win-core-string-obsolete-l1-1-0.dll kernel32.dll user32.dll oleaut32.dll KernelBase.dll mscorsvc.dll nsi.dll sechost.dll msasn1.dll sspicli.dll system.enterpriseservices.dll dnsapi.dll ws2_32.dll nsi.dll winnsi.dll dhcpcsvc.dll dhcpcsvc6.dll advapi32.dll shlwapi.dll propsys.dll user32.dll wow64win.dll usp10.dll ole32.dll imm32.dll msctf.dll clbcatq.dll oleaut32.dll iertutil.dll rsaenh.dll RpcRtRemote.dll wevtapi.dll ntdll.dll KernelBase.dll KernelBase.dll advapi32.dll usp10.dll sechost.dll wshbth.dll ole32.dll ucrtbase.dll user32.dll kernelbase.dll usp10.dll imm32.dll msctf.dll wdscore.dll oleaut32.dll shell32.dll shlwapi.dll dbghelp.dll cryptbase.dll CbsCore.dll version.dll crypt32.dll msasn1.dll wintrust.dll userenv.dll dhcpcsvc.dll ktmw32.dll dpx.dll dpx.dll dpx.dll wcp.dll rpcrt4.dll setupapi.dll usp10.dll devobj.dll msctf.dll wrpint.dll sxsstore.dll sqmapi.dll winhttp.dll webio.dll ntdll.dll system.numerics.ni.dll SensApi.dll cryptsp.dll rsaenh.dll RpcRtRemote.dll scrobj.dll CbsApi.dll api-ms-win-downlevel-user32-l1-1-0.dll user32.dll ntdll.dll kernel32.dll wintrust.dll gdi32.dll user32.dll lpk.dll usp10.dll msvcrt.dll imm32.dll msctf.dll ole32.dll sspicli.dll wrpint.dll cryptbase.dll clbcatq.dll advapi32.dll sechost.dll mscorlib.dll kernel32.dll KernelBase.dll gdi32.dll user32.dll cryptsp.dll usp10.dll msvcrt.dll imm32.dll msctf.dll ole32.dll rpcrt4.dll oleaut32.dll cryptbase.dll clbcatq.dll advapi32.dll sechost.dll,normal
 user32.dll kernel32.dll kernelbase.dll cryptsp.dll user32.dll lpk.dll usp10.dll cbsapi.dll mfc42u.dll msctf.dll ole32.dll sechost.dll oleaut32.dll uxtheme.dll cryptbase.dll msswch.dll advapi32.dll sechost.dll winmm.dll comctl32.dll shlwapi.dll cryptbase.dll,normal
 avrt.dll cabinet.dll es.dll aelupsvc.dll aelupsvc.dll aelupsvc.dll,normal
 ntdll.dll kernel32.dll KernelBase.dll gdi32.dll user32.dll sspicli.dll usp10.dll msvcrt.dll imm32.dll kernelbase.dll ole32.dll kernel32.dll oleaut32.dll cryptbase.dll advapi32.dll advapi32.dll sechost.dll ntdll.dll ntdll.dll kernel32.dll wow64win.dll wow64cpu.dll kernel32.dll kernel32.dll ntdll.dll user32.dll kernel32.dll KernelBase.dll wevtapi.dll msvcrt.dll sechost.dll rpcrt4.dll sspicli.dll cryptbase.dll dnsapi.dll ws2_32.dll nsi.dll winnsi.dll dhcpcsvc.dll usp10.dll user32.dll shlwapi.dll gdi32.dll user32.dll lpk.dll usp10.dll ole32.dll advapi32.dll msctf.dll msswch.dll oleaut32.dll cryptsp.dll cryptsp.dll RpcRtRemote.dll wevtapi.dll shlwapi.dll System.Data.SqlXml.dll KernelBase.dll msvcrt.dll api-ms-win-downlevel-advapi32-l1-1-0.dll gdi32.dll msxml3.dll System.Runtime.Serialization.dll usp10.dll rpcrt4.dll wow64cpu.dll version.dll cryptbase.dll clbcatq.dll advapi32.dll sechost.dll oleaut32.dll advapi32.dll rpcrt4.dll kernelbase.dll shlwapi.dll uxtheme.dll GdiPlus.dll dui70.dll duser.dll SndVolSSO.dll user32.dll MMDevAPI.dll propsys.dll setupapi.dll cfgmgr32.dll devobj.dll kernel32.dll xmllite.dll WindowsCodecs.dll smdiagnostics.dll RpcRtRemote.dll wtsapi32.dll PresentationCFFRasterizer.ni.dll ws2_32.dll nsi.dll authui.dll cryptsp.dll lpk.dll oleacc.dll UIAutomationCore.dll shell32.dll msimg32.dll cryptui.dll sspicli.dll SmartcardCredentialProvider.dll certCredProvider.dll rasplap.dll rasapi32.dll rasman.dll rtutils.dll psapi.dll imecfm.dll version.dll WinSCard.dll wkscli.dll netutils.dll dwrite.dll samlib.dll system.data.oracleclient.dll msswch.dll winmm.dll imageres.dll sspicli.dll wintrust.dll profapi.dll msasn1.dll ntdll.dll cryptbase.dll sechost.dll wow64win.dll mlang.dll kernel32.dll kernel32.dll kernel32.dll ole32.dll bcryptprimitives.dll KernelBase.dll msvcrt.dll winbrand.dll cryptsp.dll gdi32.dll lpk.dll usp10.dll wbemsvc.dll sechost.dll rpcrt4.dll sspicli.dll cryptbase.dll ole32.dll msctf.dll apphelp.dll,normal
 ntdll.dll imecfm.dll kernelbase.dll msvcrt.dll conhostv2.dll combase.dll rpcrt4.dll rpcrt4.dll bcryptprimitives.dll gdi32.dll gdi32full.dll user32.dll win32u.dll imm32.dll user32.dll api-ms-win-downlevel-shlwapi-l2-1-0.dll System.Configuration.Install.ni.dll sechost.dll shcore.dll sechost.dll cfgmgr32.dll windows.storage.dll usp10.dll advapi32.dll api-ms-win-core-threadpool-private-l1-1-0.dll mscorlib.dll profapi.dll uxtheme.dll winbrand.dll system.enterpriseservices.dll dwmapi.dll comctl32.dll clbcatq.dll uiautomationcore.dll cryptsp.dll sxs.dll oleacc.dll ole32.dll iertutil.dll version.dll ntmarta.dll crypt32.dll ncrypt.dll msasn1.dll bcrypt.dll user32.dll policymanager.dll msvcp110_win.dll dui70.dll imecfm.dll wer.dll,normal
 ntdll.dll,normal
 ntdll.dll kernel32.dll kernelbase.dll advapi32.dll msvcrt.dll dui70.dll rpcrt4.dll msvcr120_clr0400.dll mscoree.dll ole32.dll gdi32.dll user32.dll dbghelp.dll usp10.dll oleaut32.dll imm32.dll msctf.dll cryptbase.dll advapi32.dll msvcrt.dll RpcRtRemote.dll clbcatq.dll sxs.dll mscoreei.dll clr.dll shlwapi.dll mscorlib.ni.dll clrjit.dll system.ni.dll system.core.ni.dll windowsbase.ni.dll presentationcore.ni.dll version.dll presentationcore.dll cryptbase.dll mscorlib.dll mscorlib.dll system.xaml.ni.dll uiautomationtypes.ni.dll system.configuration.ni.dll system.windows.input.manipulations.ni.dll system.xml.ni.dll uiautomationprovider.ni.dll system.deployment.ni.dll microsoft.mediacenter.shell.ni.dll system.security.ni.dll system.numerics.ni.dll ntdll.dll user32.dll kernelbase.dll advapi32.dll msvcrt.dll secur32.dll rpcrt4.dll msvcr120_clr0400.dll mscoree.dll ole32.dll gdi32.dll user32.dll lpk.dll msvcrt.dll oleaut32.dll imm32.dll msctf.dll cryptbase.dll cryptsp.dll rsaenh.dll rpcrtremote.dll clbcatq.dll sxs.dll mscoreei.dll ndisimplatcim.dll shlwapi.dll mscorlib.ni.dll clrjit.dll rpcrt4.dll system.enterpriseservices.ni.dll version.dll mscorlib.dll RpcRtRemote.dll system.xml.ni.dll user32.dll smdiagnostics.ni.dll system.core.ni.dll system.configuration.ni.dll imm32.dll kernel32.dll cryptsp.dll advapi32.dll msvcrt.dll sechost.dll rpcrt4.dll msvcr120_clr0400.dll mscoree.dll ole32.dll dsprop.dll user32.dll lpk.dll usp10.dll oleaut32.dll netid.dll msctf.dll cryptbase.dll cryptsp.dll profapi.dll rpcrtremote.dll clbcatq.dll sxs.dll mscoreei.dll bcryptprimitives.dll kernel32.dll mscorlib.ni.dll clrjit.dll srvcli.dll system.core.ni.dll system.web.entity.ni.dll version.dll mscorlib.dll mscorlib.dll system.drawing.ni.dll system.web.ni.dll dnsapi.dll system.web.dll system.web.extensions.ni.dll system.data.entity.ni.dll system.data.ni.dll rpcrt4.dll system.data.dll system.data.dll system.configuration.ni.dll microsoft.vsa.ni.dll system.numerics.ni.dll version.dll ntdll.dll gdi32.dll wow64.dll wow64win.dll wow64cpu.dll api-ms-win-crt-runtime-l1-1-0.dll cryptbase.dll kernel32.dll mscoreei.dll nlaapi.dll kernelbase.dll System.Data.OracleClient.dll system.enterpriseservices.dll mscoree.dll advapi32.dll system.core.dll cryptbase.dll msvcr120_clr0400.dll mscoree.dll Microsoft.VisualStudio.Tools.Applications.Contract.v9.0.dll gdi32.dll user32.dll lpk.dll usp10.dll oleaut32.dll imm32.dll msctf.dll cryptsp.dll System.Data.dll rpcrtremote.dll clbcatq.dll sxs.dll apphelp.dll ole32.dll imageres.dll shlwapi.dll shell32.dll profapi.dll Microsoft.VisualC.ni.dll mscorjit.dll mscorlib.dll msasn1.dll version.dll mscorlib.dll mscorlib.dll microsoft.visualstudio.tools.office.runtime.v10.0.dll microsoft.visualstudio.tools.office.runtime.v10.0.dll mscorsec.dll wintrust.dll crypt32.dll msasn1.dll comctl32.dll riched20.dll imagehlp.dll ncrypt.dll mscorlib.dll bcryptprimitives.dll userenv.dll gpapi.dll cryptnet.dll kernel32.dll sensapi.dll microsoft.visualstudio.tools.office.runtime.v10.0.dll system.ni.dll system.addin.ni.dll system.core.ni.dll microsoft.visualstudio.tools.applications.runtime.v10.0.ni.dll nlaapi.dll microsoft.visualstudio.tools.applications.runtime.v10.0.dll system.core.dll system.core.dll system.core.dll system.core.dll system.enterpriseservices.ni.dll system.dll msvcrt.dll system.dll system.addin.dll npmproxy.dll system.addin.dll lpk.dll system.xml.ni.dll cryptbase.dll system.xml.dll system.xml.dll system.xml.dll system.drawing.ni.dll system.windows.forms.ni.dll system.windows.forms.dll dpx.dll System.Drawing.Design.ni.dll system.windows.forms.dll winhttp.dll system.drawing.dll system.drawing.dll system.drawing.dll microsoft.visualstudio.tools.applications.hosting.v10.0.ni.dll microsoft.visualstudio.tools.applications.hosting.v10.0.dll microsoft.visualstudio.tools.applications.hosting.v10.0.dll winmm.dll microsoft.visualstudio.tools.applications.serverdocument.v10.0.dll microsoft.visualstudio.tools.applications.serverdocument.v10.0.dll netprofm.dll winbrand.dll sechost.dll microsoft.visualstudio.tools.applications.runtime.v9.0.dll microsoft.visualstudio.tools.applications.runtime.v9.0.dll rpcrt4.dll system.xml.linq.dll apphelp.dll system.xml.linq.dll clbcatq.dll system.management.automation.dll system.deployment.dll system.deployment.dll system.deployment.dll system.deployment.dll system.security.ni.dll mscoree.dll System.Web.Services.dll secur32.dll system.security.dll gdi32.dll system.configuration.dll system.configuration.dll system.configuration.dll System.Deployment.dll,normal
 ntdll.dll kernel32.dll kernelbase.dll advapi32.dll lpk.dll sechost.dll rpcrt4.dll user32.dll dpapi.dll gdi32.dll gdi32full.dll msvcp_win.dll ucrtbase.dll shell32.dll cfgmgr32.dll msvcrt.dll combase.dll bcryptprimitives.dll Microsoft.Office.Tools.Outlook.Implementation.dll version.dll kernel.appcore.dll powrprof.dll advapi32.dll uxtheme.dll imm32.dll,normal
 nlsdata0011.dll nlslexicons0011.dll nlsmodels0011.dll gdi32.dll msctf.dll nlsdata0000.dll nlsdata000a.dll nlslexicons000a.dll nlsdata0414.dll nlslexicons0414.dll nlsdata0011.dll nlslexicons0011.dll nlsmodels0011.dll rpcrt4.dll nlslexicons0011.dll ws2_32.dll nlsdata0011.dll nlslexicons0011.dll samlib.dll nlsdata0011.dll nlslexicons0011.dll tquery.dll,normal
 clbcatq.dll kernel32.dll kernelbase.dll user32.dll msvcrt.dll gdi32.dll sspicli.dll msctf.dll lpk.dll rpcrt4.dll kernel.appcore.dll cryptbase.dll bcryptprimitives.dll sechost.dll uxtheme.dll cryptsp.dll rsaenh.dll bcrypt.dll clbcatq.dll ole32.dll tipskins.dll bcp47langs.dll winsta.dll sxs.dll oleaut32.dll shcore.dll dwmapi.dll secur32.dll shell32.dll shlwapi.dll userenv.dll system.data.ni.dll netprofm.dll tiptsf.dll cryptbase.dll duser.dll kernelbase.dll sensapi.dll ninput.dll tiptsf.dll shell32.dll,normal
 ntdll.dll ntdll.dll kernel32.dll kernelbase.dll kernelbase.dll System.Data.dll sechost.dll rpcrt4.dll rpcrt4.dll ucrtbase.dll ucrtbase.dll msctf.dll bcryptprimitives.dll bcryptprimitives.dll kernel.appcore.dll scrrun.dll msvcrt.dll user32.dll credui.dll win32u.dll gdi32.dll gdi32full.dll clbcatq.dll System.dll winnsi.dll capabilityaccessmanager.dll wldp.dll wldp.dll crypt32.dll msasn1.dll msasn1.dll wintrust.dll advapi32.dll advapi32.dll clbcatq.dll api-ms-win-core-file-l1-2-0.dll capabilityaccessmanagerclient.dll capabilityaccesshandlers.dll capabilityaccesshandlers.dll policymanager.dll policymanager.dll msvcp110_win.dll msvcp110_win.dll oleaut32.dll ntdll.dll ntdll.dll kernel32.dll schannel.dll kernelbase.dll msvcrt.dll lpk.dll oleaut32.dll msvcp_win.dll ole32.dll userenv.dll ucrtbase.dll combase.dll rpcrt4.dll rpcrt4.dll bcryptprimitives.dll msvcrt.dll advapi32.dll advapi32.dll sechost.dll sechost.dll tquery.dll msvcr80.dll crypt32.dll cryptdll.dll imm32.dll system.deployment.dll sspicli.dll gdi32.dll propsys.dll System.Security.ni.dll kernel.appcore.dll kernel32.dll mssprxy.dll mssprxy.dll,normal
 ntdll.dll ntdll.dll wow64.dll urlmon.dll samlib.dll kernel32.dll kernel32.dll kernel32.dll api-ms-win-core-libraryloader-l1-1-1.dll kernel32.dll kernelbase.dll advapi32.dll msvcrt.dll sechost.dll rpcrt4.dll sspicli.dll system.drawing.dll mscoreei.dll advapi32.dll nsi.dll winnsi.dll dhcpcsvc.dll dhcpcsvc6.dll shell32.dll shlwapi.dll gdi32.dll user32.dll lpk.dll usp10.dll ole32.dll imm32.dll msctf.dll mscorwks.dll oleaut32.dll cryptsp.dll imm32.dll clbcatq.dll ole32.dll,normal
 sechost.dll ntdll.dll wow64.dll wow64win.dll wow64cpu.dll kernel32.dll kernel32.dll kernel32.dll user32.dll kernel32.dll KernelBase.dll kbd106.dll msvcrt.dll sechost.dll gdi32.dll user32.dll cryptbase.dll msvcr120_clr0400.dll mscoree.dll ole32.dll gdi32.dll user32.dll lpk.dll webio.dll oleaut32.dll imm32.dll msctf.dll dmocx.dll rsaenh.dll RpcRtRemote.dll imm32.dll sxs.dll mscoreei.dll cryptsp.dll msvcr80.dll shlwapi.dll System.Core.dll kernel32.dll api-ms-win-core-stringloader-l1-1-1.dll cryptsp.dll mscorlib.dll mscorlib.dll version.dll mscorlib.dll mscorlib.dll api-ms-win-downlevel-shlwapi-l1-1-0.dll System.Drawing.Design.ni.dll System.Drawing.Design.dll System.Drawing.Design.dll System.dll System.dll System.dll System.dll rsaenh.dll System.Drawing.dll System.Drawing.dll System.Drawing.dll System.Drawing.dll System.Windows.Forms.ni.dll System.Windows.Forms.dll System.Windows.Forms.dll System.Windows.Forms.dll System.Windows.Forms.dll System.Configuration.ni.dll System.configuration.dll kernel32.dll msadrh15.dll System.configuration.dll System.Xml.ni.dll System.XML.dll System.XML.dll amsiproxy.dll System.XML.dll,normal
 ntdll.dll kernel32.dll kernelbase.dll apphelp.dll msvcrt.dll wow64.dll rpcrt4.dll user32.dll gdi32.dll ntdll.dll usp10.dll wow64.dll ole32.dll shell32.dll winhttp.dll kernelbase.dll powrprof.dll setupapi.dll webio.dll oleaut32.dll sspicli.dll imm32.dll msctf.dll tdh.dll wevtapi.dll apphelp.dll,normal
 racengn.dll,normal
 ntdll.dll kernel32.dll kernelbase.dll advapi32.dll msvcrt.dll sechost.dll msvcrt.dll crypt32.dll system.windows.forms.dll cryptdll.dll shlwapi.dll netutils.dll wkscli.dll logoncli.dll dwmapi.dll gdi32.dll System.Data.dll lpk.dll clbcatq.dll oleaut32.dll xmllite.dll samlib.dll apphelp.dll sspicli.dll shell32.dll userenv.dll profapi.dll sechost.dll hid.dll user32.dll cfgmgr32.dll mssvp.dll winscard.dll winsta.dll wldap32.dll imm32.dll msctf.dll cryptbase.dll rsaenh.dll vaultcli.dll wintrust.dll srvcli.dll bcrypt.dll bcryptprimitives.dll cryptsp.dll,mimikatz
 wsock32.dll ntdll.dll kernel32.dll kernelbase.dll kernelbase.dll shell32.dll system.drawing.dll msvcrt.dll ncrypt.dll auditpolicygpmanagedstubs.interop.ni.dll ucrtbase.dll shcore.dll shcore.dll rpcrt4.dll rpcrt4.dll combase.dll bcryptprimitives.dll bcryptprimitives.dll windows.storage.dll system.web.extensions.ni.dll advapi32.dll clbcatq.dll netprofm.dll sechost.dll msswch.dll gdi32.dll uxtheme.dll msvcp_win.dll msvcp_win.dll user32.dll win32u.dll System.Core.dll wow64cpu.dll oleaut32.dll wow64cpu.dll filterlib.dll fltlib.dll chrome_elf.dll chrome_elf.dll version.dll winmm.dll ws2_32.dll userenv.dll winmmbase.dll psapi.dll cryptbase.dll imm32.dll chrome.dll chrome_child.dll ws2_32.dll msctf.dll ole32.dll oleaut32.dll wintrust.dll msasn1.dll msasn1.dll crypt32.dll comdlg32.dll comdlg32.dll iphlpapi.dll winmm.dll uiautomationcore.dll uiautomationcore.dll wtsapi32.dll msutb.dll dwrite.dll dxgi.dll dxgi.dll shlwapi.dll comctl32.dll usp10.dll winhttp.dll winhttp.dll urlmon.dll urlmon.dll secur32.dll secur32.dll dhcpcsvc.dll dhcpcsvc.dll nsi.dll nsi.dll propsys.dll propsys.dll imm32.dll bcrypt.dll imm32.dll kernel32.dll system.transactions.dll sspicli.dll,normal
 ntdll.dll kernel32.dll kernelbase.dll gdi32.dll user32.dll lpk.dll usp10.dll msvcrt.dll accessibility.dll microsoft.visualc.ni.dll api-ms-win-core-synch-l1-2-0.dll rpcrt4.dll oleaut32.dll,normal
 ntdll.dll kernel32.dll KernelBase.dll PresentationCore.dll combase.dll rpcrt4.dll bcryptprimitives.dll kernel.appcore.dll msvcrt.dll clbcatq.dll imm32.dll dhcpcsvc.dll lpk.dll gdi32full.dll sechost.dll IDStore.dll bcrypt.dll userenv.dll dhcpcsvc.dll,normal
 ntdll.dll profapi.dll d2d1.dll gdi32.dll usp10.dll combase.dll crypt32.dll msvcrt.dll user32.dll ole32.dll rpcrt4.dll advapi32.dll odbc32.dll usp10.dll oleaut32.dll mmcbase.dll shlwapi.dll uxtheme.dll duser.dll imm32.dll comctl32.dll odbcint.dll dui70.dll comctl32.dll shell32.dll cryptbase.dll urlmon.dll wininet.dll iertutil.dll crypt32.dll oleaut32.dll clbcatq.dll rpcrtremote.dll msxml3.dll profapi.dll apphelp.dll ncrypt.dll atl.dll kernel32.dll ws2_32.dll nsi.dll system.ni.dll imageres.dll wucltux.dll netutils.dll logoncli.dll clrjit.dll wkscli.dll dsrole.dll secur32.dll winsta.dll samlib.dll winbrand.dll rasuser.dll comctl32.dll system.data.oracleclient.dll dsuiext.dll mpr.dll netapi32.dll winnsi.dll mprsnap.dll rtrfiltr.dll sechost.dll rasman.dll cryptui.dll browcli.dll setupapi.dll cfgmgr32.dll devobj.dll kbdnec.dll system.servicemodel.web.dll dsadmin.dll adprop.dll samcli.dll credui.dll mprmsg.dll version.dll oleacc.dll cryptsp.dll rsaenh.dll RpcRtRemote.dll propsys.dll KernelBase.dll dwmapi.dll xmllite.dll adsldp.dll sxs.dll mswsock.dll cscapi.dll PwdSSP.dll wship6.dll ole32.dll cryptbase.dll cryptdll.dll imecfm.dll comdlg32.dll adsmsext.dll gpedit.dll gpedit.dll gpedit.dll dssec.dll kernel32.dll dfscli.dll gpapi.dll ntdll.dll wtsapi32.dll ntmarta.dll comsnap.dll system.dll KernelBase.dll imm32.dll winbrand.dll user32.dll gdi32.dll lpk.dll ntdll.dll advapi32.dll sechost.dll wow64win.dll sspicli.dll cryptbase.dll imm32.dll msctf.dll msvcr120_clr0400.dll ntdll.dll winbio.dll wow64.dll wow64win.dll wow64cpu.dll kernel32.dll wow64win.dll kernel32.dll kernel32.dll user32.dll,normal
 ntdll.dll ntdll.dll wow64.dll profapi.dll wow64cpu.dll kernel32.dll kernel32.dll kernel32.dll normaliz.dll kernel32.dll kernelbase.dll advapi32.dll msvcrt.dll clrjit.dll rpcrt4.dll sspicli.dll cryptbase.dll user32.dll msctf.dll lpk.dll usp10.dll shlwapi.dll shell32.dll smiengine.dll System.Transactions.dll ole32.dll wininet.dll msctf.dll crypt32.dll msasn1.dll api-ms-win-downlevel-version-l1-1-0.dll msvcrt.dll ieframe.dll psapi.dll oleacc.dll comctl32.dll comdlg32.dll ieshims.dll version.dll rpcrtremote.dll dwmapi.dll gdi32.dll user32.dll propsys.dll ntmarta.dll wldap32.dll profapi.dll setupapi.dll cfgmgr32.dll sspicli.dll cryptsp.dll rsaenh.dll ieproxy.dll version.dll normaliz.dll winnsi.dll xmllite.dll nsi.dll dnsapi.dll mscoree.dll sxs.dll system.configuration.dll msls31.dll apphelp.dll ieframe.dll msvcrt.dll ole32.dll rpcrt4.dll user32.dll rasman.dll cryptsp.dll ntdll.dll ntdll.dll rasadhlp.dll dispex.dll winmm.dll napinsp.dll pnrpnsp.dll mmdevapi.dll ksuser.dll avrt.dll mswsock.dll winrnr.dll userenv.dll wintrust.dll sechost.dll shlwapi.dll audioses.dll wship6.dll advapi32.dll midimap.dll tabskb.dll schannel.dll secur32.dll ncrypt.dll bcrypt.dll bcryptprimitives.dll oleaut32.dll cryptnet.dll msctf.dll devrtl.dll iepeers.dll shell32.dll sechost.dll execmodelproxy.dll msxml3.dll vbscript.dll shdocvw.dll shdocvw.dll dsound.dll powrprof.dll mscms.dll api-ms-win-core-synch-l1-2-0.dll rpcrt4.dll dinput8.dll kernel32.dll rsaenh.dll shell32.dll msimg32.dll kernel32.dll user32.dll dui70.dll kernel32.dll user32.dll imm32.dll kernel32.dll rpcrt4.dll dciman32.dll vm3dum.dll dbghelp.dll ws2_32.dll rasadhlp.dll netutils.dll wkscli.dll srvcli.dll kernel32.dll iepeers.dll shell32.dll sechost.dll iepeers.dll shell32.dll advapi32.dll wpc.dll wevtapi.dll wintrust.dll microsoft.office.tools.word.v9.0.ni.dll advapi32.dll acropdf.dll acropdfimpl.dll api-ms-win-core-synch-l1-2-0.dll shell32.dll mpr.dll msvcp140.dll vcruntime140.dll api-ms-win-crt-runtime-l1-1-0.dll ucrtbase.dll api-ms-win-core-timezone-l1-1-0.dll api-ms-win-core-file-l2-1-0.dll api-ms-win-core-localization-l1-2-0.dll api-ms-win-core-processthreads-l1-1-1.dll api-ms-win-core-file-l1-2-0.dll api-ms-win-crt-string-l1-1-0.dll api-ms-win-crt-heap-l1-1-0.dll api-ms-win-crt-stdio-l1-1-0.dll api-ms-win-crt-convert-l1-1-0.dll usp10.dll api-ms-win-crt-math-l1-1-0.dll api-ms-win-crt-multibyte-l1-1-0.dll api-ms-win-crt-time-l1-1-0.dll api-ms-win-crt-filesystem-l1-1-0.dll api-ms-win-crt-environment-l1-1-0.dll advapi32.dll System.configuration.dll msxml3.dll vbscript.dll msimg32.dll mscms.dll api-ms-win-core-synch-l1-2-0.dll cryptbase.dll dinput8.dll kernel32.dll user32.dll shell32.dll kernel32.dll msctf.dll shell32.dll ntdll.dll user32.dll shell32.dll msimg32.dll mscms.dll api-ms-win-core-synch-l1-2-0.dll System.ni.dll dinput8.dll kernel32.dll ntdll.dll shell32.dll kernel32.dll user32.dll shell32.dll kernel32.dll user32.dll shell32.dll windowscodecs.dll iepeers.dll shell32.dll shell32.dll msimg32.dll rpcrt4.dll powrprof.dll ws2_32.dll shell32.dll kernel32.dll user32.dll shell32.dll kernel32.dll lpk.dll shell32.dll mscorlib.dll LspUtil.dll dinput8.dll,normal
 wow64.dll kernel32.dll ws2_32.dll system.configuration.dll msvcrt.dll sechost.dll rpcrt4.dll msvcr120_clr0400.dll oleaut32.dll ole32.dll gdi32.dll user32.dll lpk.dll System.Web.Services.dll oleaut32.dll imm32.dll msctf.dll cryptbase.dll kernelbase.dll rsaenh.dll rpcrtremote.dll clbcatq.dll sxs.dll mscoreei.dll clr.dll shlwapi.dll mscorlib.ni.dll clrjit.dll version.dll mscorlib.dll mscorlib.dll system.ni.dll user32.dll System.Core.ni.dll presentationcore.ni.dll presentationframework.ni.dll presentationcore.dll cryptsp.dll mscorwks.dll uiautomationprovider.ni.dll system.componentmodel.composition.ni.dll system.drawing.ni.dll kernelbase.dll uiautomationtypes.ni.dll system.configuration.ni.dll uiautomationclient.ni.dll system.xml.ni.dll system.numerics.ni.dll system.security.ni.dll,normal
 ntdll.dll advapi32.dll wow64.dll wow64win.dll wow64cpu.dll usp10.dll kernel32.dll kernel32.dll user32.dll apphelp.dll kernelbase.dll msvcrt.dll rsaenh.dll user32.dll api-ms-win-eventlog-legacy-l1-1-0.dll lpk.dll usp10.dll advapi32.dll sechost.dll rpcrt4.dll sspicli.dll cryptbase.dll imm32.dll msctf.dll imm32.dll,normal
 wintrust.dll cbsapi.dll sxs.dll netutils.dll kernel32.dll samcli.dll system.runtime.serialization.formatters.soap.ni.dll ntdll.dll schedcli.dll dsrole.dll security.dll riched20.dll cbsapi.dll cbsapi.dll ntdll.dll ntdll.dll wow64.dll wow64win.dll wow64cpu.dll kernel32.dll kernel32.dll wintrust.dll ole32.dll kernel32.dll api-ms-win-core-file-l2-1-0.dll advapi32.dll msvcrt.dll sechost.dll rpcrt4.dll sspicli.dll cryptbase.dll ws2_32.dll mscoree.dll ole32.dll gdi32.dll user32.dll system.web.dll usp10.dll user32.dll imm32.dll msctf.dll cryptsp.dll rsaenh.dll rpcrtremote.dll clbcatq.dll sxs.dll system.configuration.dll clr.dll sechost.dll mscorlib.ni.dll rpcrt4.dll gdi32.dll system.core.ni.dll system.data.ni.dll kernelbase.dll system.data.dll system.data.dll mscorlib.dll mscorlib.dll system.dll system.dll system.core.dll system.core.dll System.Design.ni.dll system.xml.ni.dll system.xml.dll system.xml.dll api-ms-win-core-timezone-l1-1-0.dll system.transactions.dll system.transactions.dll kernel32.dll mscorlib.dll system.numerics.dll system.numerics.dll system.configuration.ni.dll system.configuration.dll system.configuration.dll system.security.ni.dll system.security.dll system.security.dll system.enterpriseservices.ni.dll,normal
 ntdll.dll kernelbase.dll kernel32.dll user32.dll imm32.dll msctf.dll mscorlib.dll winbrand.dll cryptbase.dll lpk.dll usp10.dll apphelp.dll,normal
 ntdll.dll kernel32.dll KernelBase.dll sensapi.dll advapi32.dll sechost.dll rpcrt4.dll shell32.dll shlwapi.dll gdi32.dll user32.dll lpk.dll usp10.dll wer.dll ole32.dll networkexplorer.dll imm32.dll msctf.dll sppcext.dll SensApi.dll apphelp.dll ntdll.dll kernel32.dll kernel32.dll user32.dllnormaliz.dll ntdll.dll wow64.dll wow64win.dll SensApi.dll kernel32.dll sspicli.dll KernelBase.dll shlwapi.dll ole32.dll msvcrt.dll lpk.dll user32.dll advapi32.dll sechost.dll rpcrt4.dll sspicli.dll cryptbase.dll lpk.dll usp10.dll msimg32.dll version.dll comctl32.dll wow64cpu.dll cryptsp.dll wsock32.dll ws2_32.dll nsi.dll netapi32.dll imm32.dll srvcli.dll wkscli.dll rpcrt4.dll msctf.dll mpr.dll comctl32.dll olepro32.dll clbcatq.dll sxs.dll clbcatq.dll NapiNSP.dll pnrpnsp.dll mswsock.dll dnsapi.dll winrnr.dll cryptsp.dll rsaenh.dll winnsi.dll rasadhlp.dll sechost.dll wtsapi32.dll rpcrt4.dll system.web.regularexpressions.dll setupapi.dll setupapi.dll cryptsp.dll cfgmgr32.dll cfgmgr32.dll msvcrt.dll kbd106.dll devobj.dll propsys.dll wintrust.dll System.Transactions.dll msasn1.dll cryptsp.dll system.ni.dll api-ms-win-downlevel-shlwapi-l1-1-0.dll api-ms-win-downlevel-user32-l1-1-0.dll ntdsmsg.dll api-ms-win-downlevel-version-l1-1-0.dll api-ms-win-downlevel-normaliz-l1-1-0.dll System.Deployment.ni.dll LspUtil.dll uxtheme.dll profapi.dll dwmapi.dll propsys.dll SensApi.dll SensApi.dll SensApi.dll gdi32.dll msvcp110_win.dll ntmarta.dll Wldap32.dll SensApi.dll SensApi.dll SensApi.dll profapi.dll ole32.dll comdlg32.dll oleacc.dll winbrand.dll SensApi.dll SensApi.dll SensApi.dll ntprint.dll wevtapi.dll SensApi.dll SensApi.dll mcstoredb.ni.dll SensApi.dll System.AddIn.Contract.ni.dll sechost.dll profapi.dll SensApi.dll dnsapi.dll SensApi.dll SensApi.dll SensApi.dll SensApi.dll SensApi.dll sspicli.dll msvcr120_clr0400.dll SensApi.dll SensApi.dll SensApi.dll apphelp.dll ieframe.dll mscorjit.dll api-ms-win-downlevel-shlwapi-l1-1-0.dll api-ms-win-downlevel-user32-l1-1-0.dll api-ms-win-downlevel-shell32-l1-1-0.dll api-ms-win-downlevel-version-l1-1-0.dll api-ms-win-downlevel-normaliz-l1-1-0.dllnormaliz.dll sechost.dll api-ms-win-downlevel-ole32-l1-1-0.dll api-ms-win-downlevel-shlwapi-l2-1-0.dll wininet.dll userenv.dll msvcp_win.dll sxs.dll SensApi.dll SensApi.dll System.Configuration.ni.dll SensApi.dll SensApi.dll SensApi.dll dhcpcsvc.dll ws2_32.dll SensApi.dll SensApi.dll SensApi.dll gdi32.dll SensApi.dll SensApi.dll SensApi.dll crypt32.dll SensApi.dll SensApi.dll SensApi.dll advapi32.dll ole32.dll SensApi.dll SensApi.dll SensApi.dll SensApi.dll SensApi.dll SensApi.dll xmllite.dll windows.applicationmodel.dll SensApi.dll SensApi.dll apphelp.dll,normal
 ntdll.dll kernel32.dll kernel32.dll gdi32.dll user32.dll system.windows.forms.ni.dll sspicli.dll msvcrt.dll imm32.dll msctf.dll ole32.dll rpcrt4.dll oleaut32.dll cryptbase.dll clbcatq.dll advapi32.dll sechost.dll ntdll.dll sspicli.dll gdi32.dll wmsgapi.dll wow64cpu.dll kernel32.dll kernel32.dll kernel32.dll radardt.dll kernel32.dll drupdate.dll advapi32.dll msvcrt.dll System.Runtime.Serialization.dll rpcrt4.dll rpcrt4.dll cryptbase.dll dnsapi.dll kernel32.dll nsi.dll winnsi.dll wmsgapi.dll dhcpcsvc6.dll shell32.dll shlwapi.dll gdi32.dll user32.dll lpk.dll shacct.dll ole32.dll imm32.dll msctf.dll clbcatq.dll oleaut32.dll cryptsp.dll rsaenh.dll RpcRtRemote.dll wevtapi.dll ntdll.dll userenv.dll CbsCore.dll advapi32.dll msvcrt.dll cryptsp.dll rpcrt4.dll gdi32.dll user32.dll lpk.dll usp10.dll msswch.dll oleaut32.dll dwmapi.dll GdiPlus.dll ole32.dll oleacc.dll oleaut32.dll sechost.dll wmsgapi.dll searchfolder.dll uxtheme.dll imm32.dll msctf.dll ntdll.dll kernel32.dll dhcpcsvc6.dll user32.dll gdi32.dll lpk.dll usp10.dll msvcrt.dll winsta.dll Accessibility.dll imm32.dll user32.dll profapi.dll sechost.dll kernel32.dll advapi32.dll kbd101.dll kbd106.dll kbdnec.dll kbd106.dll kbd101.dll msctf.dll kbdnec.dll kbd106.dll apphelp.dll UXInit.dll sspicli.dll,normal
 ntdll.dll ntdll.dll wow64.dll cryptbase.dll wow64cpu.dll kernel32.dll kernel32.dll kernel32.dll user32.dll kernel32.dll samlib.dll advapi32.dll msvcrt.dll oleaut32.dll rpcrt4.dll sspicli.dll cryptbase.dll dnsapi.dll ws2_32.dll nsi.dll msasn1.dll dhcpcsvc.dll msvcrt.dll gdi32full.dll presentationcore.dll imm32.dll user32.dll rpcrt4.dll usp10.dll ole32.dll imm32.dll msctf.dll clbcatq.dll oleaut32.dll cryptsp.dll rsaenh.dll RpcRtRemote.dll shlwapi.dll ntdll.dll ntdll.dll ncrypt.dll wow64win.dll wow64cpu.dll kernel32.dll kernel32.dll kernel32.dll user32.dll kernel32.dll usp10.dll msvcrt.dll kernel32.dll user32.dll gdi32.dll lpk.dll usp10.dll adsldpc.dll sechost.dll usp10.dll sspicli.dll cryptbase.dll imm32.dll msctf.dll apphelp.dll,normal
 imageres.dll mssvp.dll mapi32.dll wpdshext.dll audiodev.dll mssvp.dll system.security.ni.dll,normal
 ntdll.dll kernel32.dll KernelBase.dll shlwapi.dll user32.dll advapi32.dll usp10.dll msvcrt.dll System.Transactions.dll msctf.dll ole32.dll rpcrt4.dll oleaut32.dll cryptbase.dll clbcatq.dll advapi32.dll sechost.dll ntdll.dll kernel32.dll KernelBase.dll kernel32.dll rpcrt4.dll rpcrt4.dll sensapi.dll msctf.dll imm32.dll msctf.dll ole32.dll rpcrt4.dll oleaut32.dll profapi.dll clbcatq.dll advapi32.dll sechost.dll ntdll.dll kernel32.dll cryptbase.dll advapi32.dll System.Activities.ni.dll sechost.dll rpcrt4.dll ole32.dll msvcrt.dll user32.dll lpk.dll usp10.dll imm32.dll microsoft.powershell.security.activities.ni.dll wintrust.dll oleaut32.dll shell32.dll shlwapi.dll sspicli.dll cryptbase.dll CbsCore.dll version.dll crypt32.dll ntdll.dll wintrust.dll userenv.dll profapi.dll ktmw32.dll authui.dll fdrespub.dll dpx.dll wcp.dll sechost.dll setupapi.dll ntdll.dll devobj.dll mpr.dll wrpint.dll sxsstore.dll sqmapi.dll microsoft.visualstudio.tools.office.appinfodocument.v9.0.dll wow64.dll winhttp.dll webio.dll SensApi.dll kernel32.dll rsaenh.dll wow64cpu.dll clbcatq.dll CbsApi.dll smipi.dll smiengine.dll ntdll.dll ntdll.dll wow64.dll wow64win.dll wow64cpu.dll kernel32.dll kernel32.dll kernel32.dll user32.dll kernel32.dll KernelBase.dll msvcrt.dll winbrand.dll rpcrt4.dll gdi32.dll lpk.dll usp10.dll advapi32.dll sechost.dll msctf.dll sspicli.dll cryptbase.dll imm32.dll CbsApi.dll advapi32.dll,normal
 ntdll.dll kernel32.dll apds.dll imm32.dll msvcrt.dll sechost.dll rpcrt4.dll msvcr120_clr0400.dll mscoree.dll ole32.dll gdi32.dll user32.dll lpk.dll usp10.dll oleaut32.dll spoolss.dll msctf.dll cryptbase.dll cryptsp.dll rsaenh.dll RpcRtRemote.dll clbcatq.dll sxs.dll mscoreei.dll clr.dll crypt32.dll sechost.dll setupapi.dll System.ni.dll version.dll mscorlib.dll dwmapi.dll winbrand.dll System.Core.ni.dll WindowsBase.ni.dll System.Data.ni.dll kernel32.dll System.Data.dll System.Data.dll cryptbase.dll system.transactions.ni.dll,normal
 ntdll.dll ntdll.dll wow64.dll wow64win.dll cryptsp.dll kernel32.dll kernel32.dll netlogon.dll usp10.dll kernel32.dll kernelbase.dll advapi32.dll msvcrt.dll sechost.dll rpcrt4.dll sspicli.dll system.runtime.serialization.formatters.soap.dll dnsapi.dll ws2_32.dll nsi.dll winnsi.dll dhcpcsvc.dll ntasn1.dll shell32.dll shlwapi.dll gdi32.dll user32.dll tipskins.dll mapi32.dll ole32.dll imm32.dll System.AddIn.Contract.dll clbcatq.dll wow64win.dll cryptsp.dll rsaenh.dll rpcrtremote.dll wevtapi.dll ntdll.dll shlwapi.dll wow64.dll smipi.dll wow64cpu.dll kernel32.dll kernel32.dll msvcrt.dll user32.dll kernel32.dll kernelbase.dll msvcrt.dll oleaut32.dll clbcatq.dll gdi32.dll user32.dll advapi32.dll sechost.dll rpcrt4.dll sspicli.dll cryptbase.dll lpk.dll usp10.dll version.dll wow64.dll msctf.dll sxs.dll msctf.dll vbscript.dll advapi32.dll wintrust.dll igc64.dll clbcatq.dll cryptsp.dll ucrtbase.dll msisip.dll eappcfg.dll comctl32.dll shell32.dll wrpint.dll System.dll msi.dll scrrun.dll,normal
 ntdll.dll wfapigp.dll wow64.dll kernel32.dll kernel32.dll user32.dll sspicli.dll bcryptprimitives.dll msvcr120_clr0400.dll system.drawing.ni.dll ole32.dll gdi32.dll user32.dll SensApi.dll usp10.dll oleaut32.dll imm32.dll nsi.dll wow64win.dll wow64cpu.dll kernel32.dll kernel32.dll cryptsp.dll rsaenh.dll RpcRtRemote.dll clbcatq.dll user32.dll msctf.dll mscoreei.dll mscorwks.dll cryptsp.dll shlwapi.dll sensapi.dll ntdll.dll profapi.dll mscorlib.ni.dll mscorjit.dll mscorlib.dll mscorlib.dll kernelbase.dll mscorlib.dll user32.dll msvcrt.dll System.ni.dll mscoree.dll ntdsapi.dll PresentationCore.ni.dll rpcrt4.dll KernelBase.dll WindowsBase.dll KernelBase.dll WindowsBase.dll WindowsBase.dll System.dll gdi32.dll System.dll System.dll PresentationCore.dll PresentationCore.dll PresentationCore.dll PresentationCore.dll PresentationFramework.dll PresentationFramework.dll PresentationFramework.dll PresentationFramework.dll System.Xml.ni.dll System.XML.dll system.runtime.remoting.ni.dll System.XML.dll ucrtbase.dll UIAutomationProvider.ni.dll UIAutomationProvider.dll imm32.dll UIAutomationProvider.dll advapi32.dll System.Drawing.ni.dll System.Drawing.dll System.Drawing.dll System.Drawing.dll mscorlib.dll System.Deployment.ni.dll System.Deployment.dll System.Deployment.dll lpk.dll System.Deployment.dll PresentationUI.ni.dll usp10.dll PresentationUI.dll System.Printing.ni.dll System.Printing.dll system.web.regularexpressions.dll ole32.dll System.Printing.dll ReachFramework.ni.dll UIAutomationTypes.ni.dll sechost.dll UIAutomationTypes.dll UIAutomationTypes.dll mscorlib.dll System.Runtime.Serialization.ni.dll sspicli.dll user32.dll System.Data.dll System.Data.dll lpk.dll System.Data.dll System.Data.dll ws2_32.dll nsi.dll Accessibility.ni.dll crypt32.dll Accessibility.dll Accessibility.dll EventViewer.ni.dll KernelBase.dll msasn1.dll System.Configuration.ni.dll dhcpcsvc6.dll System.configuration.dll photometadatahandler.dll System.configuration.dll System.Security.ni.dll System.Security.dll System.Security.dll System.Security.dll System.Security.dll Microsoft.VisualC.ni.dll PresentationCFFRasterizer.ni.dll PresentationCFFRasterizer.dll PresentationCFFRasterizer.dll,normal
 ntdll.dll dnsapi.dll kernelbase.dll ntdll.dll user32.dll lpk.dll shcore.dll ntdll.dll sechost.dll msctf.dll ole32.dll rpcrt4.dll oleaut32.dll cryptbase.dll rpcrt4.dll advapi32.dll sechost.dll ntdll.dll kernel32.dll kernelbase.dll gdi32.dll user32.dll lpk.dll usp10.dll msvcrt.dll imm32.dll msctf.dll cfgmgr32.dll rpcrt4.dll oleaut32.dll shcore.dll psapi.dll advapi32.dll sechost.dll ntdll.dll kernel32.dll wow64.dll wow64win.dll wow64cpu.dll kernel32.dll kernel32.dll kernel32.dll user32.dll kernel32.dll kernelbase.dll msvcrt.dll winbrand.dll user32.dll kernelbase.dll lpk.dll usp10.dll uiautomationtypes.dll sechost.dll rpcrt4.dll sspicli.dll cryptbase.dll imm32.dll nsi.dll apphelp.dll,normal
 ntdll.dll kernel32.dll kernelbase.dll gdi32.dll user32.dll lpk.dll usp10.dll msvcrt.dll imm32.dll winhttp.dll mscorlib.ni.dll usp10.dll oleaut32.dll ole32.dll clbcatq.dll msctf.dll sechost.dll,normal
 ntdll.dll version.dll wow64.dll wow64win.dll sechost.dll kernel32.dll kernel32.dll kernel32.dll rsaenh.dll kernel32.dll auditcse.dll msvcrt.dll winbrand.dll usp10.dll gdi32.dll lpk.dll wlgpclnt.dll advapi32.dll sechost.dll rpcrt4.dll sspicli.dll cryptbase.dll imm32.dll msctf.dll apphelp.dll,normal
 ntdll.dll sensapi.dll kernelbase.dll msvcrt.dll conhostv2.dll combase.dll sspicli.dll system.windows.forms.dll bcryptprimitives.dll gdi32.dll ntdll.dll user32.dll win32u.dll imm32.dll oleaut32.dll msvcp_win.dll propsys.dll sechost.dll kernelbase.dll shell32.dll cfgmgr32.dll rpcrt4.dll advapi32.dll advapi32.dll shlwapi.dll kernel.appcore.dll profapi.dll clbcatq.dll msctf.dll,normal
 ntdll.dll kernel32.dll advapi32.dll msvcrt.dll sechost.dll rpcrt4.dll wersvc.dll advapi32.dll ntdll.dll ntmarta.dll gdi32.dll lpk.dll usp10.dll imm32.dll msctf.dll wcp.dll shell32.dll shlwapi.dll ole32.dll nsi.dll mscorlib.dll sspicli.dll apphelp.dll,normal
 ntdll.dll ntdll.dll lpk.dll wow64win.dll wow64cpu.dll kernel32.dll kernel32.dll ws2_32.dll user32.dll kernel32.dll KernelBase.dll msvcrt.dll winbrand.dll msctf.dll gdi32.dll lpk.dll imageres.dll advapi32.dll sechost.dll rpcrt4.dll msctf.dll cryptbase.dll oleacc.dll msctf.dll imm32.dll,normal
 ntdll.dll kernel32.dll ole32.dll oleaut32.dll apphelp.dll imm32.dll shell32.dll kernelbase.dll advapi32.dll gdi32.dll crypt32.dll lpk.dll usp10.dll ReAgent.dll dbghelp.dll cfgmgr32.dll oleacc.dll usp10.dll duser.dll sechost.dll crypt32.dll system.web.ni.dll cryptbase.dll msctf.dll cryptsp.dll rsaenh.dll System.Data.dll profapi.dll wucltux.dll msimg32.dll kbd101.dll advapi32.dll cabinet.dll windowscodecs.dll wintrust.dll gdi32.dll clbcatq.dll wups2.dll actxprxy.dll setupapi.dll cfgmgr32.dll devobj.dll apphelp.dll shdocvw.dll explorerframe.dll propsys.dll dui70.dll sxs.dll shdocvw.dll msvcrt.dll explorerframe.dll cryptbase.dll explorerframe.dll dui70.dll,normal
 sspicli.dll ntdll.dll wow64.dll scrobj.dll nsi.dll kernel32.dll kernel32.dll kernel32.dll user32.dll kernel32.dll kernelbase.dll msvcrt.dll winbrand.dll scrrun.dll gdi32.dll lpk.dll usp10.dll advapi32.dll sechost.dll rpcrt4.dll sspicli.dll wevtapi.dll KernelBase.dll msctf.dll apphelp.dll,normal
 ntdll.dll system.data.oracleclient.dll KernelBase.dll gdi32.dll user32.dll lpk.dll usp10.dll msvcrt.dll imm32.dll msctf.dll ole32.dll rpcrt4.dll oleaut32.dll cryptbase.dll urlmon.dll advapi32.dll sechost.dll msvcrt.dll ntdll.dll wow64.dll kernel32.dll wow64cpu.dll kernel32.dll kernel32.dll kernel32.dll user32.dll msctf.dll KernelBase.dll user32.dll winbrand.dll user32.dll gdi32.dll advapi32.dll usp10.dll advapi32.dll sechost.dll wow64.dll sspicli.dll cryptbase.dll wow64cpu.dll msctf.dll KernelBase.dll,normal
 ntdll.dll kernel32.dll kernelbase.dll dpx.dll msvcrt.dll sechost.dll rpcrt4.dll user32.dll gdi32.dll winmm.dll usp10.dll ole32.dll sechost.dll user32.dll imm32.dll msctf.dll msshooks.dll mscoree.dll system.xml.dll cryptbase.dll smdiagnostics.dll gpapi.dll cryptsp.dll cryptbase.dll rpcrtremote.dll sechost.dll ntdll.dll kernel32.dll kernelbase.dll vcruntime140.dll api-ms-win-crt-runtime-l1-1-0.dll ucrtbase.dll api-ms-win-core-timezone-l1-1-0.dll api-ms-win-eventing-consumer-l1-1-0.dll dnsapi.dll api-ms-win-core-synch-l1-2-0.dll version.dll api-ms-win-core-file-l1-2-0.dll msctf.dll api-ms-win-crt-heap-l1-1-0.dll shlwapi.dll api-ms-win-crt-convert-l1-1-0.dll wow64.dll msvcrt.dll imm32.dll dhcpcsvc.dll msvcp140.dll api-ms-win-crt-locale-l1-1-0.dll api-ms-win-crt-math-l1-1-0.dll api-ms-win-crt-multibyte-l1-1-0.dll msasn1.dll api-ms-win-crt-filesystem-l1-1-0.dll api-ms-win-crt-environment-l1-1-0.dll api-ms-win-crt-utility-l1-1-0.dll ole32.dll gdi32.dll user32.dll lpk.dll usp10.dll gdiplus.dll imm32.dll msctf.dll mso20win32client.dll oleaut32.dll cryptbase.dll setupapi.dll kernel32.dll advapi32.dll msimg32.dll slc.dll sppc.dll msi.dll shell32.dll ntdll.dll imm32.dll system.dll uxtheme.dll wtsapi32.dll winsta.dll dxgi.dll version.dll dwmapi.dll setupapi.dll cfgmgr32.dll devobj.dll wintrust.dll crypt32.dll msasn1.dll vm3dum64.dll vm3dum64.dll d3d10_1.dll d3d10_1core.dll msctf.dll setupapi.dll cfgmgr32.dll Microsoft.VisualStudio.Tools.Office.Contract.v9.0.dll d3d10warp.dll msvcr80.dll vm3dum64.dll cfgmgr32.dll devobj.dll vm3dum64.dll vm3dum64.dll vm3dum64.dll vm3dum64.dll mscorlib.dll vm3dum64_10.dll System.Data.dll vm3dum64_10.dll winmm.dll bcryptprimitives.dll winmm.dll vm3dum64.dll d3d10level9.dll vm3dum64.dll ole32.dll vm3dum64.dll d3d10level9.dll setupapi.dll cfgmgr32.dll devobj.dll clbcatq.dll msimtf.dll msointl30.dll dwrite.dll mscoree.dll mscoreei.dll shlwapi.dll oleaut32.dll profapi.dll propsys.dll rsaenh.dll api-ms-win-core-file-l2-1-0.dll msswch.dll msvcp_win.dll sppuinotify.dll kernel32.dll setupapi.dll user32.dll devobj.dll actxprxy.dll propsys.dll mlang.dll msxml6.dll bcrypt.dll efscore.dll dbghelp.dll urlmon.dll api-ms-win-downlevel-ole32-l1-1-0.dll system.data.sqlxml.ni.dll mscoree.dll api-ms-win-downlevel-user32-l1-1-0.dll api-ms-win-downlevel-version-l1-1-0.dll api-ms-win-downlevel-normaliz-l1-1-0.dll ntdll.dll iertutil.dll wininet.dll userenv.dll uiautomationcore.dll psapi.dll oleacc.dll ntdll.dll kernel32.dll kernelbase.dll msvcrt.dll ole32.dll gdi32.dll user32.dll rsaenh.dll usp10.dll rpcrt4.dll imm32.dll dnsapi.dll cryptbase.dll clbcatq.dll windows.gaming.input.dll sechost.dll oleaut32.dll cryptsp.dll wbemsvc.dll cfgmgr32.dll winbrand.dll comctl32.dll shlwapi.dll userenv.dll profapi.dll idstore.dll sppcomapi.dll kernel32.dll kernelbase.dll advapi32.dll msvcrt.dll nsi.dll rpcrt4.dll msvcr120_clr0400.dll mscoree.dll ole32.dll usp10.dll system.xml.dll lpk.dll filterlib.dll oleaut32.dll imm32.dll profapi.dll cryptbase.dll cryptsp.dll rsaenh.dll rpcrtremote.dll oleaut32.dll rpcrtremote.dll mscoreei.dll mscorwks.dll msvcr80.dll shlwapi.dll System.Windows.Forms.ni.dll profapi.dll mscorlib.ni.dll mscorjit.dll mscorlib.dll microsoft-windows-hal-events.dll certadm.dll mscorlib.dll mscorlib.dll oleaut32.dll microsoft.applicationid.framework.ni.dll system.drawing.ni.dll system.windows.forms.ni.dll system.security.ni.dll accessibility.ni.dll gdi32.dll system.xml.ni.dll sspicli.dll system.deployment.ni.dll msasn1.dll,normal
 ntdll.dll kernel32.dll KernelBase.dll system.windows.forms.dll ngcpopkeysrv.dll sechost.dll rpcrt4.dll msvcr120_clr0400.dll rsaenh.dll ole32.dll user32.dll user32.dll wow64.dll usp10.dll oleaut32.dll imm32.dll msctf.dll cryptbase.dll clr.dll rsaenh.dll RpcRtRemote.dll clbcatq.dll auditcse.dll ntdll.dll clr.dll shlwapi.dll mscorlib.ni.dll clrjit.dll version.dll mscorlib.dll system.data.oracleclient.ni.dll System.ni.dll System.Core.ni.dll System.Activities.ni.dll System.Runtime.DurableInstancing.ni.dll System.Management.ni.dll Microsoft.Management.Infrastructure.ni.dll gdi32.dll System.Transactions.dll sfc.dll system.drawing.dll System.Transactions.dll msctf.dll System.Transactions.dll System.Transactions.dll System.ServiceModel.Internals.ni.dll cryptsp.dll System.Xaml.ni.dll System.Xml.ni.dll System.Runtime.Serialization.ni.dll kernelbase.dll Microsoft.PowerShell.Commands.Management.ni.dll Microsoft.Management.Infrastructure.CimCmdlets.ni.dll api-ms-win-core-xstate-l2-1-0.dll ole32.dll Microsoft.Management.Infrastructure.Native.ni.dll Microsoft.Management.Infrastructure.Native.dll Microsoft.Management.Infrastructure.Native.dll bcrypt.dll bcryptprimitives.dll msvcrt.dll shell32.dll kernel32.dll KernelBase.dll msvcrt.dll ntdll.dll gdi32.dll user32.dll lpk.dll oleaut32.dll duser.dll dui70.dll imm32.dll msctf.dll uxtheme.dll powrprof.dll setupapi.dll system.security.dll dwmapi.dll slc.dll GdiPlus.dll secur32.dll sspicli.dll combase.dll advapi32.dll winsta.dll sechost.dll shlwapi.dll cryptbase.dll imageres.dll rpcrt4.dll profapi.dll shell32.dll apphelp.dll ole32.dll System.Web.dll oleaut32.dll ExplorerFrame.dll cfgmgr32.dll cryptbase.dll vcruntime140.dll api-ms-win-crt-runtime-l1-1-0.dll ucrtbase.dll coremessaging.dll api-ms-win-core-file-l2-1-0.dll rpcrt4.dll srvcli.dll imageres.dll kernel32.dll imageres.dll imageres.dll winmm.dll imageres.dll imageres.dll microsoft.visualstudio.tools.applications.contract.v9.0.ni.dll imm32.dll api-ms-win-core-file-l1-2-0.dll api-ms-win-core-kernel32-legacy-l1-1-0.dll api-ms-win-crt-heap-l1-1-0.dll idstore.dll api-ms-win-crt-convert-l1-1-0.dll imageres.dll api-ms-win-crt-locale-l1-1-0.dll api-ms-win-crt-math-l1-1-0.dll api-ms-win-downlevel-shlwapi-l1-1-0.dll api-ms-win-crt-time-l1-1-0.dll api-ms-win-crt-filesystem-l1-1-0.dll api-ms-win-crt-environment-l1-1-0.dll api-ms-win-crt-utility-l1-1-0.dll GrooveIntlResource.dll EhStorShell.dll oleacc.dll System.Design.dll version.dll msswch.dll winmm.dll atl.dll system.security.ni.dll fvecerts.dll usp10.dll propsys.dll xmllite.dll rpcrt4.dll version.dll api-ms-win-downlevel-ole32-l1-1-0.dll api-ms-win-downlevel-shlwapi-l1-1-0.dll api-ms-win-downlevel-advapi32-l1-1-0.dll api-ms-win-downlevel-user32-l1-1-0.dll wups2.dll oleaut32.dll iertutil.dll kernel32.dll wldap32.dll imageres.dll imm32.dll apphelp.dll imageres.dll imageres.dll imageres.dll imageres.dll imageres.dll mpr.dll cscui.dll apphelp.dll cscapi.dll ntshrui.dll msutb.dll microsoft.office.tools.ni.dll themeui.dll sxs.dll wtsapi32.dll cryptsp.dll rsaenh.dll RpcRtRemote.dll SndVolSSO.dll gdi32.dll MMDevAPI.dll imageres.dll imageres.dll user32.dll actxprxy.dll crypt32.dll msasn1.dll Wldap32.dll shdocvw.dll linkinfo.dll userenv.dll msutb.dll SensApi.dll netutils.dll rpcrt4.dll msls31.dll gameux.dll wer.dll tiptsf.dll ole32.dll msiltcfg.dll kernel32.dll psapi.dll networkexplorer.dll DeviceCenter.dll UIAnimation.dll stobject.dll batmeter.dll nsi.dll winnsi.dll nlaapi.dll mscorjit.dll webio.dll ntdll.dll wintrust.dll npmproxy.dll dhcpcsvc6.dll es.dll dhcpcsvc.dll prnfldr.dll DXP.dll Syncreg.dll fltlib.dll wow64win.dll AltTab.dll WPDShServiceObj.dll PortableDeviceTypes.dll PortableDeviceApi.dll pnidui.dll wevtapi.dll ncsi.dll cscobj.dll credssp.dll taskschd.dll mssprxy.dll ActionCenter.dll imm32.dll cryptbase.dll FXSAPI.dll FXSRESM.dll wlanapi.dll wlanutil.dll WWanAPI.dll wwapi.dll ieframe.dll win32u.dll webcheck.dll SyncCenter.dll wkscli.dll imapi2.dll hgcpl.dll provsvc.dll sechost.dll SearchFolder.dll StructuredQuery.dll kernel32.dll NlsData0011.dll NlsLexicons0011.dll NlsModels0011.dll UIAutomationCore.dll prflbmsg.dll mswsock.dll system.directoryservices.dll api-ms-win-downlevel-shlwapi-l2-1-0.dll tquery.dll mapi32.dll mssvp.dll perfctrs.dll msxml6.dll wpdshext.dll sfc.dll sfc_os.dll wscinterop.dll wscapi.dll werconcpl.dll framedynos.dll ucrtbase.dll hcproviders.dll ieproxy.dll DeviceCenter.dll mssvp.dll mapi32.dll sfc.dll api-ms-win-downlevel-shell32-l1-1-0.dll sfc.dll sfc_os.dll acppage.dll msisip.dll lpk.dll usp10.dll pwrshsip.dll cryptsp.dll synceng.dll cryptext.dll rshx32.dll authz.dll dsrole.dll aclui.dll ntdsapi.dll docprop.dll twext.dll winmm.dll LspDnD64.dll msimg32.dll syncui.dll ntdll.dll acppage.dll sfc.dll sfc_os.dll wsock32.dll rpcrt4.dll imageres.dll sppuinotify.dll system.dll DeviceCenter.dll sppuinotify.dll sppuinotify.dll twext.dll syncui.dll synceng.dll acppage.dll sfc.dll sfc_os.dll VAN.dll wwanmm.dll RASMM.dll rasapi32.dll rasman.dll System.Xml.ni.dll wlanhlp.dll RASMM.dll rasapi32.dll rasman.dll onex.dll eappprxy.dll eappcfg.dll mscoree.dll WlanMM.dll wlanhlp.dll ntdll.dll oleaut32.dll eappcfg.dll winmm.dll sfc_os.dll wow64win.dll drprov.dll ntlanman.dll davclnt.dll davhlpr.dll wpdshext.dll EhStorAPI.dll imageres.dll imageres.dll imageres.dll imageres.dll sensapi.dll shell32.dll syncui.dll userenv.dll acppage.dll sfc.dll sfc_os.dll devrtl.dll sendmail.dll windows.ui.dll zipfldr.dll imageres.dll imageres.dll imageres.dll System.Core.dll oleaut32.dll mydocs.dll zipfldr.dll cryptsp.dll mlang.dll System.dll msxml3.dll sspicli.dll wucltux.dll mapi32.dll wucltux.dll wucltux.dll wucltux.dll nlaapi.dll wucltux.dll wucltux.dll wucltux.dll wucltux.dll wucltux.dll wucltux.dll gdi32.dll imageres.dll wups2.dll wups2.dll wups2.dll imageres.dll api-ms-win-crt-multibyte-l1-1-0.dll sppuinotify.dll urlmon.dll TipRes.dll imageres.dll wups2.dll wups2.dll advapi32.dll sppuinotify.dll imageres.dll wups2.dll wups2.dll sppuinotify.dll cryptsp.dll sppuinotify.dll sppuinotify.dll mssvp.dll mapi32.dll tquery.dll mssvp.dll clbcatq.dll mssvp.dll mapi32.dll user32.dll System.Windows.Forms.dll mssvp.dll mapi32.dll wow64cpu.dll mapi32.dll msvcrt.dll kernel32.dll wups2.dll imageres.dll wups2.dll clr.dll,normal
 mscoree.dll mscoreei.dll clr.dll msvcr120_clr0400.dll msctf.dll ntdll.dll IEShims.dll KernelBase.dll msvcrt.dll advapi32.dll sechost.dll rpcrt4.dll shlwapi.dll gdi32.dll user32.dll user32.dll usp10.dll kernel32.dll System.Data.dll mscoreei.dll cryptsp.dll kernel32.dll,normal
 ntdsapi.dll kernel32.dll SensApi.dll gdi32.dll user32.dll lpk.dll wow64win.dll msvcrt.dll imm32.dll msctf.dll kernel32.dll rpcrt4.dll ws2_32.dll cryptbase.dll clbcatq.dll advapi32.dll sechost.dll ntdll.dll kernel32.dll profapi.dll gdi32.dll user32.dll lpk.dll usp10.dll msvcrt.dll kernelbase.dll msctf.dll setupapi.dll usp10.dll oleaut32.dll wtsapi32.dll clbcatq.dll advapi32.dll sechost.dll ntdll.dll wmp.dll oleaut32.dll advapi32.dll msvcrt.dll sechost.dll rpcrt4.dll winmm.dll gdi32.dll user32.dll lpk.dll usp10.dll imebrokerps.dll imm32.dll wdscore.dll system.xml.dll shell32.dll gdi32.dll ntdll.dll cryptbase.dll gdi32.dll version.dll crypt32.dll msasn1.dll wintrust.dll userenv.dll fastprox.dll ktmw32.dll dpx.dll dpx.dll ntdll.dll schannel.dll drupdate.dll setupapi.dll cfgmgr32.dll devobj.dll mpr.dll mscorlib.dll sxsstore.dll ws2_32.dll cryptsp.dll webio.dll winhttp.dll webio.dll sensapi.dll cryptsp.dll rsaenh.dll rpcrtremote.dll clbcatq.dll cbsapi.dll smipi.dll smiengine.dll ntdll.dll ntdll.dll imagehlp.dll sechost.dll wow64cpu.dll kernel32.dll urlmon.dll kernel32.dll microsoft.powershell.security.ni.dll kernel32.dll kernelbase.dll advapi32.dll msvcrt.dll sechost.dll cryptbase.dll sspicli.dll cryptbase.dll apphelp.dll ws2_32.dll nsi.dll winnsi.dll wow64.dll dhcpcsvc6.dll shell32.dll shlwapi.dll gdi32.dll user32.dll lpk.dll user32.dll ole32.dll imm32.dll user32.dll clbcatq.dll oleaut32.dll cryptsp.dll profapi.dll kernel32.dll wevtapi.dll ntdll.dll ntdll.dll wow64.dll wow64win.dll cryptbase.dll imm32.dll kernel32.dll kernel32.dll user32.dll msls31.dll kernel32.dll sstpsvc.dll oleaut32.dll cryptbase.dll gdi32.dll user32.dll advapi32.dll sechost.dll rpcrt4.dll mscoreei.dll cryptbase.dll lpk.dll usp10.dll user32.dll imm32.dll mcx2dvcs.dll sxs.dll clbcatq.dll vbscript.dll advapi32.dll wintrust.dll crypt32.dll msasn1.dll imm32.dll rsaenh.dll msisip.dll wshext.dll sxs.dll shell32.dll shlwapi.dll scrobj.dll msi.dll scrrun.dll ntdsapi.dll ntdll.dll microsoft.visualc.ni.dll wow64win.dll wow64cpu.dll kernel32.dll sspicli.dll kernel32.dll user32.dll lpk.dll kernelbase.dll msvcrt.dll shell32.dll user32.dll gdi32.dll lpk.dll netapi32.dll advapi32.dll sechost.dll usp10.dll sspicli.dll cryptbase.dll imm32.dll msctf.dll apphelp.dll,normal
 ntdll.dll shlwapi.dll KernelBase.dll advapi32.dll msvcrt.dll sechost.dll kernel32.dll bcryptprimitives.dll gdi32.dll rsaenh.dll usp10.dll mpr.dll ole32.dll oleaut32.dll secur32.dll sspicli.dll ws2_32.dll nsi.dll nsi.dll netutils.dll srvcli.dll wkscli.dll logoncli.dll framedynos.dll imageres.dll ntdsapi.dll version.dll slc.dll imm32.dll KernelBase.dll cryptbase.dll spoolss.dll wbemprox.dll wbemcomn.dll ntdll.dll ntdll.dll wow64.dll wow64win.dll wow64cpu.dll kernel32.dll rasadhlp.dll adtschema.dll user32.dll kernel32.dll winbrand.dll Microsoft.PowerShell.Activities.dll advapi32.dll sechost.dll rpcrt4.dll sspicli.dll ucrtbase.dll imm32.dll rasadhlp.dll apphelp.dll KernelBase.dll msvcrt.dll rpcrt4.dll gdi32.dll lpk.dll,normal
 ntdll.dll ntdll.dll wow64.dll wow64win.dll wow64cpu.dll rpcrt4.dll kernel32.dll kernel32.dll user32.dll kernel32.dll KernelBase.dll msvcrt.dll oleaut32.dll ole32.dll gdi32.dll user32.dll advapi32.dll sechost.dll rpcrt4.dll rsaenh.dll wow64.dll api-ms-win-service-private-l1-1-1.dll usp10.dll version.dll imm32.dll msctf.dll sxs.dll clbcatq.dll winmm.dll ntdll.dll kernel32.dll crypt32.dll msasn1.dll cryptsp.dll rsaenh.dll kernel32.dll comctl32.dll comctl32.dll shell32.dll shlwapi.dll system.core.dll msi.dll scrrun.dll,normal
 advapi32.dll kernel32.dll kernelbase.dll nsi.dll ole32.dll gdi32.dll user32.dll lpk.dll usp10.dll kernel32.dll imm32.dll msctf.dll cryptbase.dll clbcatq.dll advapi32.dll clbcatq.dll msctf.dll schannel.dll cryptui.dll crypt32.dll msasn1.dll sechost.dll kernel32.dll uxtheme.dll gdiplus.dll dui70.dll imecfm.dll sndvolsso.dll hid.dll mmdevapi.dll propsys.dll setupapi.dll cfgmgr32.dll system.data.sqlxml.ni.dll dwmapi.dll user32.dll windowscodecs.dll winbrand.dll vaultcredprovider.dll rpcrtremote.dll wtsapi32.dll winsta.dll riched20.dll shlwapi.dll secur32.dll sspicli.dll winbio.dll spoolss.dll vaultcli.dll netapi32.dll netutils.dll srvcli.dll wkscli.dll samcli.dll certcredprovider.dll rasplap.dll rasapi32.dll rasman.dll ws2_32.dll nsi.dll rtutils.dll oleacc.dll ondemandconnroutehelper.dll psapi.dll cryptsp.dll urlmon.dll shell32.dll sspicli.dll msimg32.dll,normal
 ntdll.dll ntdll.dll wow64.dll wow64win.dll wow64cpu.dll kernel32.dll kernel32.dll kernel32.dll ktmw32.dll kernel32.dll kernelbase.dll advapi32.dll msvcrt.dll ntdll.dll imageres.dll sspicli.dll cryptbase.dll msvcr120_clr0400.dll mscoree.dll ole32.dll api-ms-win-core-heap-l1-1-0.dll wow64win.dll lpk.dll usp10.dll KernelBase.dll imm32.dll msctf.dll cryptsp.dll rsaenh.dll rpcrtremote.dll clbcatq.dll sxs.dll mscoreei.dll clr.dll user32.dll mscorlib.ni.dll ole32.dll gdi32.dll msjetoledb40.dll version.dll mscorlib.dll mscorlib.dll system.management.automation.dll dhcpcsvc6.dll system.ni.dll system.dll system.dll system.core.ni.dll system.core.dll system.core.dll system.core.dll system.core.dll rpcrt4.dll system.core.dll system.configuration.install.ni.dll KernelBase.dll system.configuration.install.dll system.xml.ni.dll gdi32.dll system.xml.dll system.xml.dll system.xml.dll userenv.dll system.xml.dll cfgmgr32.dll system.security.dll npmproxy.dll system.security.dll system.security.dll system.security.dll system.security.dll microsoft.powershell.security.ni.dll ntdll.dll ntdll.dll wow64.dll wow64win.dll wow64cpu.dll msadox.dll kernel32.dll kernel32.dll user32.dll kernel32.dll oleaut32.dll msvcrt.dll ole32.dll gdi32.dll gdi32.dll advapi32.dll usp10.dll KernelBase.dll sspicli.dll cryptbase.dll lpk.dll usp10.dll imm32.dll msctf.dll system.drawing.design.ni.dll oleaut32.dll cryptsp.dll rsaenh.dll RpcRtRemote.dll system.data.sqlxml.dll shell32.dll srvcli.dll actxprxy.dll comctl32.dll,normal
 ntdll.dll ntdll.dll ntdll.dll wow64.dll wow64win.dll wow64cpu.dll kernel32.dll kernel32.dll system.configuration.ni.dll user32.dll kernel32.dll usp10.dll advapi32.dll msvcrt.dll sechost.dll rpcrt4.dll rpcrtremote.dll sendmail.dll system.windows.forms.dll ws2_32.dll nsi.dll winnsi.dll dhcpcsvc.dll dhcpcsvc6.dll shell32.dll shlwapi.dll gdi32.dll user32.dll lpk.dll shlwapi.dll ole32.dll imm32.dll msctf.dll clbcatq.dll wow64win.dll cryptsp.dll rsaenh.dll rpcrtremote.dll msvcrt.dll,normal
 mprsnap.dll lpk.dll advapi32.dll gdi32.dll user32.dll lpk.dll shlwapi.dll msvcrt.dll imm32.dll msctf.dll ole32.dll rpcrt4.dll oleaut32.dll cryptbase.dll clbcatq.dll advapi32.dll sechost.dll ntdll.dll ntdll.dll wow64.dll devobj.dll gdiplus.dll kernel32.dll user32.dll kernel32.dll user32.dll kernel32.dll kernelbase.dll msvcrt.dll winbrand.dll user32.dll KernelBase.dll lpk.dll usp10.dll advapi32.dll sechost.dll oleaut32.dll msctf.dll kernel32.dll imm32.dll msctf.dll apphelp.dll,normal
 ntdll.dll ole32.dll imm32.dll kernel32.dll winbrand.dll shlwapi.dll msctf.dll lpk.dll ws2_32.dll oleaut32.dll kernelbase.dll clbcatq.dll wow64cpu.dll nsi.dll msvcrt.dll user32.dll gdi32.dll usp10.dll msoobeui.dll cryptbase.dll bcrypt.dll cryptsp.dll mswsock.dll wship6.dll rsaenh.dll netutils.dll pcwum.dll version.dll wkscli.dll user32.dll dhcpcsvc6.dll dhcpcsvc.dll kernel32.dll sspicli.dll credssp.dll sensapi.dll lpk.dll webio.dll bcp47lang.dll wshqos.dll wshqos.dll wshqos.dll RpcRtRemote.dll webio.dll xmllite.dll fdrespub.dll wsdapi.dll webservices.dll fundisc.dll httpapi.dll wow64.dll dwmapi.dll,normal
 ntdll.dll kernel32.dll KernelBase.dll advapi32.dll msvcrt.dll sechost.dll rpcrt4.dll shell32.dll user32.dll lpk.dll System.Numerics.dll ole32.dll msimg32.dll wmsgapi.dll system.xml.linq.ni.dll winmm.dll userenv.dll system.runtime.remoting.dll winsta.dll crypt32.dll msasn1.dll MsCtfMonitor.dll msctf.dll imm32.dll system.transactions.ni.dll shlwapi.dll secur32.dll cryptsp.dll wow64.dll cryptbase.dll wintrust.dll mscorlib.dll rsaenh.dll msutb.dll imagehlp.dll bcrypt.dll bcryptprimitives.dll ncrypt.dll gpapi.dll xmllite.dll bcrypt.dll SensApi.dll setupapi.dll oleacc.dll oleaut32.dll devobj.dll ntdll.dll devrtl.dll version.dll clbcatq.dll oleaut32.dll urlmon.dll ole32.dll iertutil.dll ntdll.dll d3d10_1.dll KernelBase.dll kernel32.dll user32.dll lpk.dll usp10.dll msvcrt.dll imm32.dll msctf.dll rpcrtremote.dll rpcrt4.dll oleaut32.dll cryptbase.dll clbcatq.dll rpcrt4.dll sechost.dll ntdll.dll kernel32.dll KernelBase.dll sspicli.dll rsaenh.dll lpk.dll usp10.dll dwmapi.dll imm32.dll msctf.dll samlib.dll nsi.dll kernel32.dll,normal
 ntdll.dll kernel32.dll advapi32.dll gdi32.dll user32.dll cfgmgr32.dll usp10.dll oleaut32.dll imm32.dll msctf.dll ole32.dll rpcrt4.dll oleaut32.dll ntdll.dll kernel.appcore.dll KernelBase.dll gdi32.dll shell32.dll lpk.dll usp10.dll msvcrt.dll sechost.dll msctf.dll system.transactions.ni.dll rpcrt4.dll oleaut32.dll cryptbase.dll clbcatq.dll advapi32.dll sechost.dll ntdll.dll ntdll.dll wow64.dll wow64win.dll wow64cpu.dll uxtheme.dll kernel32.dll kernel32.dll propsys.dll wow64cpu.dll KernelBase.dll advapi32.dll msvcrt.dll cryptbase.dll rpcrt4.dll sspicli.dll cryptbase.dll dnsapi.dll ws2_32.dll nsi.dll ucrtbase.dll dhcpcsvc.dll usp10.dll shell32.dll shlwapi.dll gdi32.dll user32.dll lpk.dll sensapi.dll ole32.dll imm32.dll dhcpcsvc.dll clbcatq.dll oleaut32.dll cryptsp.dll rsaenh.dll clbcatq.dll wevtapi.dll coreuicomponents.dll ntdll.dll wow64.dll wow64win.dll wow64cpu.dll kernel32.dll kernel32.dll kernel32.dll system.runtime.remoting.dll kernel32.dll KernelBase.dll advapi32.dll msvcrt.dll sechost.dll rpcrt4.dll sspicli.dll cryptbase.dll lpk.dll ws2_32.dll nsi.dll System.Data.SqlXml.dll dhcpcsvc.dll dhcpcsvc6.dll shell32.dll shlwapi.dll gdi32.dll user32.dll lpk.dll mscorlib.ni.dll ole32.dll sechost.dll system.directoryservices.ni.dll SensApi.dll oleaut32.dll ntprint.dll imm32.dll kernelbase.dll wevtapi.dll ntdll.dll mscoreei.dll wow64.dll wow64win.dll wow64cpu.dll kernel32.dll kernel32.dll kernel32.dll system.web.services.dll nsi.dll KernelBase.dll msvcrt.dll winbrand.dll user32.dll gdi32.dll lpk.dll api-ms-win-downlevel-version-l1-1-0.dll advapi32.dll sechost.dll rpcrt4.dll sspicli.dll cryptbase.dll imm32.dll msctf.dll apphelp.dll,normal
 ntdll.dll kernel32.dll clrjit.dll cryptbase.dll cryptsp.dll sechost.dll rpcrt4.dll shell32.dll lspweb.dll gdi32.dll user32.dll lpk.dll usp10.dll atl.dll msctf.dll ole32.dll cryptbase.dll uxtheme.dll propsys.dll oleaut32.dll comctl32.dll clbcatq.dll ntmarta.dll wldap32.dll profapi.dll urlmon.dll api-ms-win-downlevel-ole32-l1-1-0.dll api-ms-win-downlevel-shlwapi-l1-1-0.dll api-ms-win-downlevel-advapi32-l1-1-0.dll api-ms-win-downlevel-user32-l1-1-0.dll api-ms-win-downlevel-version-l1-1-0.dll RpcRtRemote.dll api-ms-win-downlevel-normaliz-l1-1-0.dll System.Data.SqlXml.dll iertutil.dll wininet.dll userenv.dll secur32.dll wow64.dll setupapi.dll cfgmgr32.dll system.web.dll mpr.dll urlmon.dll microsoft.jscript.dll api-ms-win-downlevel-user32-l1-1-0.dll api-ms-win-downlevel-version-l1-1-0.dll version.dll rpcrtremote.dll normaliz.dll iertutil.dll wininet.dll ntmarta.dll,normal
 ntdll.dll kernel32.dll KernelBase.dll winbrand.dll msvcrt.dll sechost.dll rpcrt4.dll winnsi.dll shell32.dll shlwapi.dll System.Drawing.Design.dll user32.dll lpk.dll usp10.dll ntdll.dll imm32.dll user32.dll dnsapi.dll ws2_32.dll nsi.dll ktmw32.dll dhcpcsvc6.dll,normal
 msvcrt.dll ntdll.dll mssprxy.dll rasadhlp.dll wow64cpu.dll msimg32.dll kernel32.dll system.dll user32.dll kernel32.dll KernelBase.dll msvcrt.dll winbrand.dll user32.dll gdi32.dll lpk.dll usp10.dll advapi32.dll sechost.dll rpcrt4.dll sspicli.dll cryptbase.dll ole32.dll msctf.dll apphelp.dll,normal
 ntdll.dll system.web.services.dll KernelBase.dll advapi32.dll msvcrt.dll sechost.dll rpcrt4.dll msvcr120_clr0400.dll mscoree.dll themecpl.dll gdi32.dll user32.dll lpk.dll usp10.dll oleaut32.dll imm32.dll msctf.dll cryptbase.dll cryptsp.dll rsaenh.dll RpcRtRemote.dll clbcatq.dll sxs.dll mscoreei.dll clr.dll shlwapi.dll mscorlib.ni.dll System.Web.ni.dll usp10.dll mscorlib.dll userenv.dll wevtapi.dll gdi32.dll System.Xml.ni.dll crypt32.dll System.Numerics.ni.dll dnsapi.dll,normal
 ntdll.dll kernel32.dll kernelbase.dll advapi32.dll msvcrt.dll sechost.dll rpcrt4.dll user32.dll gdi32.dll lpk.dll usp10.dll tquery.dll system.configuration.ni.dll shlwapi.dll msctf.dll msvcrt.dll msasn1.dll mscoree.dll mscoreei.dll shell32.dll system.data.dll oleaut32.dll imm32.dll gdi32.dll cryptsp.dll system.data.dll rpcrtremote.dll mssprxy.dll sxs.dll,normal
 ntdll.dll,normal
 oleaut32.dll kernel32.dll kernelbase.dll advapi32.dll msvcrt.dll ole32.dll rpcrt4.dll msvcr120_clr0400.dll mscoree.dll ole32.dll gdi32.dll user32.dll system.xml.linq.ni.dll usp10.dll oleaut32.dll imm32.dll msctf.dll cryptbase.dll cryptsp.dll rsaenh.dll rpcrtremote.dll clbcatq.dll sxs.dll mscoreei.dll mscorwks.dll msvcr80.dll shlwapi.dll kernel32.dll profapi.dll mscorlib.ni.dll sechost.dll sechost.dll mscorlib.dll version.dll dwmapi.dll mscorlib.dll mscorsec.dll wintrust.dll mmdevapi.dll msasn1.dll comctl32.dll riched20.dll BDATunePIA.dll rsaenh.dll bcrypt.dll bcryptprimitives.dll msvcrt.dll gpapi.dll cryptnet.dll api-ms-win-core-timezone-l1-1-0.dll sensapi.dll system.ni.dll system.addin.ni.dll microsoft.visualstudio.tools.office.addinadapter.v9.0.ni.dll system.addin.contract.ni.dll microsoft.visualstudio.tools.applications.addinadapter.v9.0.ni.dll system.runtime.remoting.ni.dll system.configuration.ni.dll system.xml.ni.dll kernelbase.dll kernel32.dll dnsapi.dll advapi32.dll system.enterpriseservices.dll gdi32.dll rpcrt4.dll msvcr120_clr0400.dll mscoree.dll ole32.dll gdi32.dll user32.dll lpk.dll usp10.dll oleaut32.dll imm32.dll msctf.dll cryptbase.dll cryptsp.dll rsaenh.dll rpcrtremote.dll clbcatq.dll sxs.dll MPSSVC.dll rsaenh.dll msvcr80.dll shlwapi.dll shell32.dll profapi.dll mscorlib.ni.dll rpcrtremote.dll rsaenh.dll oleaut32.dll version.dll kernel32.dll presentationcore.dll mscorsec.dll wintrust.dll crypt32.dll msasn1.dll comctl32.dll shlwapi.dll imagehlp.dll ncrypt.dll user32.dll bcryptprimitives.dll userenv.dll gpapi.dll MPSSVC.dll usp10.dll msvcr80.dll system.addin.contract.ni.dll kernelbase.dll microsoft.visualstudio.tools.office.contract.v9.0.dll microsoft.visualstudio.tools.office.contract.v9.0.dll microsoft.visualstudio.tools.office.contract.v9.0.ni.dll microsoft.visualstudio.tools.office.contract.v9.0.ni.dll microsoft.visualstudio.tools.office.contract.v9.0.ni.dll ntdll.dll kernel32.dll api-ms-win-downlevel-user32-l1-1-0.dll advapi32.dll msvcrt.dll msctf.dll System.Web.ApplicationServices.ni.dll msvcr120_clr0400.dll mscoree.dll ole32.dll gdi32.dll user32.dll lpk.dll usp10.dll oleaut32.dll imm32.dll msctf.dll cryptbase.dll msvcp110_win.dll user32.dll msvcrt.dll clbcatq.dll mscorlib.dll mscoreei.dll mscorwks.dll msvcr80.dll shlwapi.dll shell32.dll profapi.dll mscorlib.ni.dll mscorjit.dll lpk.dll sensapi.dll version.dll mscorlib.dll mscorlib.dll microsoft.build.framework.ni.dll ntdll.dll kernel32.dll kernelbase.dll security.dll twinapi.dll msctf.dll rpcrt4.dll msvcr120_clr0400.dll oleaut32.dll ole32.dll gdi32.dll user32.dll lpk.dll usp10.dll oleaut32.dll wow64.dll msctf.dll cryptbase.dll cryptsp.dll rsaenh.dll rpcrtremote.dll clbcatq.dll sxs.dll mscoreei.dll oleacc.dll msvcr80.dll shlwapi.dll shell32.dll profapi.dll wow64win.dll mscorjit.dll mscorlib.dll mscorlib.dll version.dll mscorlib.dll mscorlib.dll WUDFPlatform.dll microsoft.powershell.commands.utility.ni.dll system.management.automation.ni.dll system.drawing.ni.dll system.xml.ni.dll microsoft.jscript.ni.dll system.web.ni.dll system.web.dll system.web.dll system.web.dll system.web.dll system.configuration.install.ni.dll system.transactions.ni.dll system.transactions.dll system.transactions.dll system.transactions.dll system.transactions.dll psapi.dll api-ms-win-downlevel-shlwapi-l1-1-0.dll system.directoryservices.ni.dll system.data.ni.dll system.data.dll system.data.dll SensApi.dll system.data.dll system.data.dll uxtheme.dll nsi.dll crypt32.dll shell32.dll system.configuration.ni.dll system.security.ni.dll rpcrtremote.dll system.runtime.serialization.formatters.soap.ni.dll ole32.dll version.dll ntdll.dll system.enterpriseservices.ni.dll system.enterpriseservices.dll system.enterpriseservices.dll system.runtime.remoting.ni.dll ntdll.dll system.web.services.ni.dll system.directoryservices.protocols.ni.dll system.design.ni.dll system.serviceprocess.ni.dll mscoreei.dll system.drawing.design.ni.dll imageres.dll gdi32.dll system.data.oracleclient.dll microsoft-windows-homegroupdiagnostic.netlistmgr.interop.dll system.data.oracleclient.dll system.data.oracleclient.dll mscorlib.dll ntdll.dll kernel32.dll kernelbase.dll advapi32.dll msvcrt.dll sechost.dll rpcrt4.dll msvcr120_clr0400.dll ieproxy.dll ole32.dll rpcrt4.dll cfgmgr32.dll usp10.dll dui70.dll oleaut32.dll imm32.dll gdi32.dll cryptbase.dll imm32.dll rsaenh.dll rpcrtremote.dll usp10.dll sxs.dll mscoreei.dll mscorwks.dll msvcr80.dll clbcatq.dll shell32.dll profapi.dll mscorlib.ni.dll mscorjit.dll oleaut32.dll mscorlib.dll version.dll mscorlib.dll mscorlib.dll system.ni.dll napinit.ni.dll system.deployment.dll system.windows.forms.ni.dll system.security.ni.dll accessibility.ni.dll system.configuration.ni.dll system.xml.ni.dll ntshrui.dll system.deployment.ni.dll system.data.sqlxml.ni.dll ntdll.dll kernel32.dll kernelbase.dll advapi32.dll msvcrt.dll sechost.dll rpcrt4.dll msvcr120_clr0400.dll windowsbase.dll ole32.dll UIAutomationCore.dll rpcrtremote.dll lpk.dll usp10.dll oleaut32.dll imm32.dll wow64cpu.dll cryptbase.dll cryptsp.dll system.drawing.design.ni.dll rpcrtremote.dll clbcatq.dll sxs.dll mscoreei.dll imm32.dll shlwapi.dll mscorlib.ni.dll cryptsp.dll system.ni.dll nsi.dll version.dll msvcrt.dll mscorlib.dll sspicli.dll activeds.dll usp10.dll system.xml.ni.dll system.core.ni.dll system.configuration.ni.dll ntdll.dll kernel32.dll kernelbase.dll advapi32.dll msvcrt.dll sechost.dll dnsapi.dll msvcr120_clr0400.dll shlwapi.dll ole32.dll kernel32.dll user32.dll lpk.dll usp10.dll sxsstore.dll imm32.dll msctf.dll cryptbase.dll cryptsp.dll rsaenh.dll rpcrtremote.dll clbcatq.dll sxs.dll kernelbase.dll usp10.dll mscorlib.dll mscorlib.ni.dll clrjit.dll system.ni.dll wow64cpu.dll mscorlib.dll mscorwks.dll System.Xaml.dll winmm.dll presentationcore.ni.dll presentationframework.ni.dll ntmarta.dll presentationcore.dll presentationcore.dll system.xaml.ni.dll system.configuration.ni.dll system.xml.ni.dll ntdll.dll kernel32.dll kernelbase.dll ucrtbase.dll imagehlp.dll sechost.dll iphlpapi.dll ntdll.dll mscoree.dll ole32.dll gdi32.dll user32.dll lpk.dll bcrypt.dll oleaut32.dll devobj.dll msctf.dll cryptbase.dll rsaenh.dll rsaenh.dll rpcrtremote.dll clbcatq.dll sxs.dll sspicli.dll clr.dll wkscli.dll ntdll.dll clrjit.dll system.ni.dll system.xml.ni.dll version.dll mscorlib.dll mscorlib.dll dhcpcsvc.dll system.core.ni.dll system.configuration.ni.dll,normal
 ntdll.dll ole32.dll system.data.sqlxml.dll kernel32.dll msctf.dll bcryptprimitives.dll oleaut32.dll rpcrt4.dll msvcrt.dll user32.dll gdi32.dll comctl32.dll kernelbase.dll user32.dll advapi32.dll sechost.dll cryptbase.dll ntdll.dll ntdll.dll wow64.dll wow64win.dll kernel32.dll kernel32.dll wow64.dll crypt32.dll user32.dll kernel32.dll kernelbase.dll msvcrt.dll comctl32.dll ole32.dll gdi32.dll user32.dll advapi32.dll imm32.dll rpcrt4.dll sspicli.dll cryptbase.dll lpk.dll usp10.dll system.core.ni.dll kernel32.dll version.dll clbcatq.dll advapi32.dll sxs.dll vbscript.dll cryptsp.dll rsaenh.dll bcryptprimitives.dll crypt32.dll msasn1.dll shell32.dll shlwapi.dll msisip.dll wshext.dll cryptsp.dll scrobj.dll msi.dll scrrun.dll,normal
 ntdll.dll shell32.dll kernel32.dll KernelBase.dll gdi32.dll user32.dll lpk.dll usp10.dll msvcrt.dll imm32.dll msctf.dll Wldap32.dll resampledmo.dll oleaut32.dll cryptbase.dll clbcatq.dll advapi32.dll system.web.regularexpressions.ni.dll ntdll.dll kernel32.dll KernelBase.dll advapi32.dll msvcrt.dll sechost.dll rpcrt4.dll gdi32.dll api-ms-win-core-handle-l1-1-0.dll CbsApi.dll usp10.dll msswch.dll advapi32.dll cryptbase.dll GdiPlus.dll ole32.dll oleacc.dll ncrypt.dll shlwapi.dll wmsgapi.dll shell32.dll uxtheme.dll imm32.dll msctf.dll cryptbase.dll ntdll.dll system.xml.dll xmllite.dll clbcatq.dll tabskb.dll cryptsp.dll lpk.dll RpcRtRemote.dll cfgmgr32.dll wintrust.dll InkObj.dll WindowsCodecs.dll,normal
 dsrole.dll dsrole.dll dsrole.dll dsrole.dll dsrole.dll clr.dll,normal
 kernel32.dll windowsbase.dll api-ms-win-downlevel-ole32-l1-1-0.dll Microsoft.VisualStudio.Tools.Office.AddInAdapter.v9.0.ni.dll msvcrt.dll cryptbase.dll rpcrt4.dll rpcrtremote.dll user32.dll lpk.dll usp10.dll winbrand.dll System.Web.dll wmsgapi.dll System.ServiceProcess.ni.dll winmm.dll userenv.dll profapi.dll winsta.dll rasman.dll msasn1.dll msctfmonitor.dll msctf.dll rsaenh.dll bcp47langs.dll comctl32.dll shlwapi.dll secur32.dll sspicli.dll shell32.dll cryptbase.dll wow64win.dll cryptsp.dll msctf.dll imagehlp.dll bcrypt.dll bcryptprimitives.dll vm3dum64.dll gpapi.dll sechost.dll wldap32.dll sensapi.dll setupapi.dll clbcatq.dll oleaut32.dll devobj.dll cabinet.dll rpcrt4.dll version.dll clbcatq.dll oleaut32.dll urlmon.dll wininet.dll iertutil.dll ntdll.dll advapi32.dll wow64.dll wow64win.dll wow64cpu.dll kernel32.dll kernel32.dll kernel32.dll user32.dll kernel32.dll kernelbase.dll msvcrt.dll winbrand.dll comctl32.dll gdi32.dll lpk.dll usp10.dll advapi32.dll ole32.dll rpcrt4.dll sspicli.dll cryptbase.dll imm32.dll msctf.dll apphelp.dll,normal
 msctf.dll crypt32.dll kernel32.dll KernelBase.dll msvcrt.dll rpcrt4.dll win32u.dll user32.dll lpk.dll usp10.dll ole32.dll oleaut32.dll imm32.dll ntdll.dll kernel32.dll KernelBase.dll gdi32.dll msvcrt.dll gpapi.dll usp10.dll sxs.dll gdi32.dll win32u.dll ole32.dll rpcrt4.dll oleaut32.dll cryptbase.dll System.Drawing.dll advapi32.dll sechost.dll,normal
 msftedit.dll,normal
 mscoree.dll mscoreei.dll clr.dll dhcpcsvc6.dll msctf.dll ntdll.dll kernel32.dll KernelBase.dll msvcrt.dll msvcrt.dll SMDiagnostics.ni.dll rpcrt4.dll shlwapi.dll gdi32.dll user32.dll sechost.dll usp10.dll imm32.dll cryptsp.dll fusion.dll cryptsp.dll rsaenh.dll,normal
 ondemandconnroutehelper.dll mscoreei.dll clr.dll msvcp_win.dll msctf.dll msctf.dll ntdll.dll ntdll.dll kernel32.dll api-ms-win-core-shutdown-l1-1-0.dll KernelBase.dll KernelBase.dll msvcrt.dll msvcrt.dll advapi32.dll sechost.dll api-ms-win-core-shlwapi-legacy-l1-1-0.dll rpcrt4.dll shlwapi.dll advapi32.dll gdi32.dll user32.dll user32.dll lpk.dll lpk.dll usp10.dll usp10.dll ole32.dll oleaut32.dll imm32.dll imm32.dll cryptbase.dll apphelp.dll dnsapi.dll kernel32.dll,normal
 ntdll.dll System.Numerics.dll kernelbase.dll msvcrt.dll rpcrt4.dll combase.dll ucrtbase.dll bcryptprimitives.dll oleaut32.dll msvcp_win.dll imm32.dll cryptsp.dll win32u.dll windowscodecs.dll sechost.dll kernel.appcore.dll sechost.dll cryptsp.dll cfgmgr32.dll advapi32.dll msctf.dll mscoreei.dll sxs.dll xmllite.dll clr.dll msvcr120_clr0400.dll ole32.dll mscorlib.ni.dll ole32.dll clrjit.dll mscoree.dll system.ni.dll devobj.dll wmiclnt.dll pstask.dll secur32.dll psapi.dll mscorsvc.dll fusion.dll,normal
 msvcrt.dll ntdll.dll kernel32.dll kernelbase.dll system.directoryservices.protocols.ni.dll user32.dll msvcrt.dll msvcrt.dll shlwapi.dll combase.dll gdi32.dll wkscli.dll rpcrt4.dll imm32.dll msctf.dll imagehlp.dll api-ms-win-core-processthreads-l1-1-1.dll shlwapi.dll msvcrt.dll dwmapi.dll dwmapi.dll shcore.dll shcore.dll,normal
 kernel32.dll winbrand.dll KernelBase.dll advapi32.dll kernel32.dll kernel32.dll rpcrt4.dll wintrust.dll mscoree.dll ole32.dll gdi32.dll user32.dll lpk.dll usp10.dll clbcatq.dll imm32.dll msctf.dll cryptbase.dll ntdll.dll rsaenh.dll RpcRtRemote.dll mscorlib.dll sxs.dll mscoreei.dll mscorwks.dll msvcr80.dll shlwapi.dll nlaapi.dll profapi.dll mscorlib.ni.dll mscorjit.dll system.management.instrumentation.ni.dll mscorlib.dll version.dll mscorlib.dll mscorlib.dll cryptbase.dll Microsoft.MediaCenter.Mheg.ni.dll msctf.dll wow64.dll Microsoft.MediaCenter.Mheg.dll Microsoft.VisualC.ni.dll System.Xml.ni.dll System.Drawing.ni.dll System.Security.ni.dll System.Data.ni.dll mydocs.dll System.Data.dll System.Data.dll advapi32.dll System.Data.dll usp10.dll nsi.dll oleaut32.dll msasn1.dll System.Web.ni.dll RpcRtRemote.dll System.Web.dll System.Web.dll System.Web.dll System.Windows.Forms.ni.dll System.Web.Services.ni.dll advapi32.dll kernel32.dll user32.dll ehiiTv.ni.dll kernelbase.dll System.Data.SqlXml.ni.dll System.Transactions.ni.dll System.Transactions.dll System.Transactions.dll System.Transactions.dll sspicli.dll System.Transactions.dll System.EnterpriseServices.ni.dll System.ni.dll System.EnterpriseServices.dll System.DirectoryServices.ni.dll kernel32.dll System.Runtime.Serialization.Formatters.Soap.ni.dll System.DirectoryServices.Protocols.ni.dll System.Activities.dll system.data.dll System.Web.RegularExpressions.ni.dll System.Drawing.Design.ni.dll System.Data.OracleClient.ni.dll gdi32.dll System.Data.OracleClient.dll System.Data.OracleClient.dll System.Data.OracleClient.dll System.Data.OracleClient.dll Accessibility.ni.dll System.Deployment.ni.dll System.Configuration.Install.ni.dll ehiUserXp.ni.dll BDATunePIA.ni.dll BDATunePIA.dll BDATunePIA.dll BDATunePIA.dll system.xml.dll ehiProxy.ni.dll mcepg.ni.dll mcstore.ni.dll ehiVidCtl.ni.dll kernelbase.dll mcstoredb.dll mcstoredb.dll mcstoredb.dll rasapi32.dll rasman.dll stdole.ni.dll mscorsec.dll wintrust.dll comctl32.dll kernel32.dll imagehlp.dll ncrypt.dll bcrypt.dll bcryptprimitives.dll userenv.dll advapi32.dll cryptnet.dll Wldap32.dll ntdll.dll ntdll.dll kernel32.dll KernelBase.dll advapi32.dll mpr.dll sechost.dll rpcrt4.dll usp10.dll user32.dll ntdll.dll gdi32.dll user32.dll lpk.dll usp10.dll oleaut32.dll imm32.dll ole32.dll cryptbase.dll cryptsp.dll rsaenh.dll RpcRtRemote.dll clbcatq.dll usp10.dll mscoreei.dll shell32.dll msvcr80.dll rsaenh.dll system.runtime.serialization.ni.dll profapi.dll msvcrt.dll mscorjit.dll mscorlib.dll mscorlib.dll version.dll shell32.dll ntdll.dll mscorsec.dll wintrust.dll crypt32.dll logoncli.dll system.transactions.dll windows.storage.search.dll imagehlp.dll sxs.dll rpcrtremote.dll bcryptprimitives.dll userenv.dll gpapi.dll cryptnet.dll Wldap32.dll SensApi.dll System.ni.dll gdi32.dll ole32.dll msvcr120_clr0400.dll Microsoft.VisualStudio.Tools.Applications.Contract.v9.0.ni.dll System.Core.ni.dll rsaenh.dll Microsoft.VisualStudio.Tools.Applications.Runtime.v9.0.ni.dll Microsoft.VisualStudio.Tools.Applications.Runtime.v10.0.ni.dll System.Runtime.Remoting.ni.dll System.Configuration.ni.dll System.Xml.ni.dll winsta.dll rpcrt4.dll gdi32.dll advapi32.dll ws2_32.dll user32.dll rpcrt4.dll msvcr120_clr0400.dll mscoree.dll ole32.dll gdi32.dll user32.dll lpk.dll usp10.dll ntdll.dll api-ms-win-downlevel-shlwapi-l1-1-0.dll msctf.dll cryptbase.dll cryptsp.dll usp10.dll RpcRtRemote.dll clbcatq.dll sxs.dll dnsapi.dll mscorwks.dll msvcr80.dll shlwapi.dll shell32.dll msctf.dll mscorlib.ni.dll mscorjit.dll mscorlib.dll mscorlib.dll version.dll imm32.dll mscorlib.dll mscorsec.dll wintrust.dll crypt32.dll msasn1.dll comctl32.dll riched20.dll imagehlp.dll msvcrt.dll bcrypt.dll bcryptprimitives.dll shell32.dll gpapi.dll cryptnet.dll Wldap32.dll SensApi.dll System.ni.dll System.AddIn.ni.dll ntmarta.dll WindowsBase.ni.dll System.Xml.ni.dll System.Configuration.ni.dll System.Runtime.Remoting.ni.dll System.AddIn.Contract.ni.dll ntdll.dll ntdll.dll wow64.dll wow64win.dll wow64cpu.dll kernel32.dll kernel32.dll usp10.dll user32.dll kernel32.dll KernelBase.dll advapi32.dll msvcrt.dll sechost.dll secur32.dll sspicli.dll ntdll.dll msvcr120_clr0400.dll mscoree.dll crypt32.dll gdi32.dll user32.dll FCRegSvc.dll usp10.dll oleaut32.dll utcutil.dll dhcpcsvc6.dll cryptsp.dll rsaenh.dll cfgmgr32.dll clbcatq.dll rpcrt4.dll mscoreei.dll mscorwks.dll msvcr80.dll shlwapi.dll shell32.dll profapi.dll mscorlib.ni.dll mscorjit.dll mscorlib.dll rpcrtremote.dll version.dll mscorlib.dll mscorlib.dll System.ni.dll System.AddIn.ni.dll mscorsec.dll wintrust.dll crypt32.dll msasn1.dll comctl32.dll Microsoft.VisualStudio.Tools.Office.Outlook.HostAdapter.v10.0.ni.dll riched20.dll imagehlp.dll ncrypt.dll bcrypt.dll system.directoryservices.protocols.dll userenv.dll gpapi.dll cryptnet.dll Wldap32.dll SensApi.dll System.AddIn.dll System.AddIn.dll System.AddIn.dll Microsoft.VisualStudio.Tools.Office.Outlook.HostAdapter.v10.0.dll Microsoft.VisualStudio.Tools.Office.Outlook.HostAdapter.v10.0.dll System.AddIn.dll System.dll System.dll System.dll System.dll System.Core.ni.dll Microsoft.VisualStudio.Tools.Office.HostAdapter.v10.0.ni.dll Microsoft.VisualStudio.Tools.Office.HostAdapter.v10.0.dll Microsoft.VisualStudio.Tools.Office.HostAdapter.v10.0.dll lpk.dll System.Core.dll System.Core.dll System.Core.dll Microsoft.VisualStudio.Tools.Office.Runtime.v10.0.dll Microsoft.VisualStudio.Tools.Office.Runtime.v10.0.dll sensapi.dll Microsoft.VisualStudio.Tools.Office.Contract.v9.0.ni.dll Microsoft.VisualStudio.Tools.Office.Contract.v9.0.dll Microsoft.VisualStudio.Tools.Office.Contract.v9.0.dll System.AddIn.Contract.ni.dll System.Windows.Forms.ni.dll shlwapi.dll clrjit.dll kernel32.dll Microsoft.VisualStudio.Tools.Applications.Adapter.v9.0.ni.dll Microsoft.VisualStudio.Tools.Applications.Adapter.v9.0.dll cryptbase.dll Microsoft.VisualStudio.Tools.Applications.Adapter.v9.0.dll Microsoft.VisualStudio.Tools.Applications.Adapter.v9.0.dll System.Runtime.Remoting.ni.dll sspicli.dll System.Runtime.Remoting.dll System.Configuration.ni.dll System.configuration.dll System.configuration.dll System.configuration.dll xmllite.dll System.Xml.ni.dll System.XML.dll System.XML.dll System.XML.dll System.XML.dll system.configuration.ni.dll ntdll.dll wow64.dll wow64win.dll wow64cpu.dll kernel32.dll kernel32.dll kernel32.dll user32.dll kernel32.dll KernelBase.dll advapi32.dll msvcrt.dll kernel32.dll comdlg32.dll sspicli.dll cryptbase.dll msvcr120_clr0400.dll mscoree.dll ole32.dll gdi32.dll secur32.dll lpk.dll usp10.dll oleaut32.dll imm32.dll msctf.dll cryptsp.dll rsaenh.dll RpcRtRemote.dll clbcatq.dll sxs.dll mscorsec.dll clr.dll shlwapi.dll mscorlib.ni.dll clrjit.dll Microsoft.Office.Tools.Excel.Implementation.dll Microsoft.Office.Tools.Excel.Implementation.dll version.dll api-ms-win-core-stringansi-l1-1-0.dll mscorlib.dll System.ni.dll System.Core.ni.dll authui.dll Microsoft.Office.Tools.Common.Implementation.dll Microsoft.Office.Tools.Common.Implementation.dll Microsoft.Office.Tools.Common.ni.dll combase.dll mscorlib.dll Microsoft.Office.Tools.ni.dll Microsoft.Office.Tools.dll Microsoft.Office.Tools.dll Microsoft.Office.Tools.Excel.ni.dll mapi32.dll Microsoft.Office.Tools.Excel.dll version.dll System.dll System.Drawing.ni.dll msasn1.dll comctl32.dll RpcRtRemote.dll advapi32.dll System.Windows.Forms.dll System.Windows.Forms.dll System.Windows.Forms.dll Microsoft.Office.Tools.v4.0.Framework.dll Microsoft.Office.Tools.v4.0.Framework.dll System.Drawing.dll System.Drawing.dll System.Drawing.dll kernel32.dll System.Drawing.dll System.Drawing.dll Microsoft.VisualStudio.Tools.Applications.Runtime.dll Microsoft.VisualStudio.Tools.Applications.Runtime.dll System.Xml.ni.dll System.Xml.dll System.Xml.dll System.Xml.dll smiengine.dll System.Xml.dll System.Xml.dll System.Core.dll System.Core.dll System.Data.ni.dll System.Data.dll System.Data.dll System.Data.dll System.IdentityModel.ni.dll System.Data.dll System.Data.dll System.Data.dll Microsoft.Office.Tools.Excel.Implementation.ni.dll ntdll.dll msctf.dll wow64.dll wow64win.dll wow64cpu.dll kernel32.dll System.Data.dll kernel32.dll user32.dll iertutil.dll KernelBase.dll msvcrt.dll system.web.services.dll sechost.dll rpcrt4.dll sspicli.dll nsi.dll msvcr120_clr0400.dll mscoree.dll ole32.dll gdi32.dll oleacc.dll lpk.dll usp10.dll oleaut32.dll imm32.dll gdi32full.dll cryptsp.dll rsaenh.dll RpcRtRemote.dll kernelbase.dll sxs.dll kernel32.dll imm32.dll shlwapi.dll wintrust.dll advapi32.dll Microsoft.VisualStudio.Tools.Applications.Hosting.dll Microsoft.VisualStudio.Tools.Applications.Hosting.dll version.dll gdi32.dll mscorlib.dll System.ni.dll System.Xml.ni.dll System.Xml.dll api-ms-win-core-xstate-l1-1-0.dll Microsoft.VisualStudio.Tools.Applications.Runtime.dll System.Xml.dll user32.dll mscoree.dll System.dll System.dll Microsoft.VisualStudio.Tools.Applications.Runtime.dll Microsoft.VisualStudio.Tools.Applications.Runtime.dll wship6.dll System.Core.dll System.Core.dll System.Security.ni.dll System.Security.dll System.Security.dll msvcp_win.dll System.Security.dll System.Security.dll msasn1.dll System.Xml.Linq.ni.dll System.Xml.Linq.dll System.Xml.Linq.dll msvcrt.dll System.Xml.Linq.dll System.Xml.Linq.dll System.Xml.Linq.dll msvcrt.dll System.Deployment.dll System.Deployment.dll System.Deployment.dll System.Deployment.dll System.Deployment.dll System.Deployment.dll Microsoft.VisualStudio.Tools.Applications.Hosting.ni.dll msasn1.dll ntdll.dll wow64.dll System.Configuration.dll wow64cpu.dll kernel32.dll gdi32.dll kernel32.dll System.ServiceModel.ni.dll kernel32.dll KernelBase.dll advapi32.dll imm32.dll sechost.dll rpcrt4.dll cryptbase.dll cryptbase.dll msvcr120_clr0400.dll lpk.dll ole32.dll gdi32.dll user32.dll shlwapi.dll usp10.dll wpdshext.dll ole32.dll msctf.dll cryptsp.dll rsaenh.dll rpcrt4.dll clbcatq.dll sxs.dll mscoreei.dll clrjit.dll shlwapi.dll mscorlib.ni.dll clrjit.dll System.ni.dll System.Core.ni.dll System.Data.Services.Client.ni.dll crypt32.dll shell32.dll System.Data.Services.Client.dll mscorlib.dll mscorlib.dll System.Core.dll System.Core.dll System.dll System.dll WUDFPlatform.dll wow64win.dll System.Xml.dll System.Xml.Linq.ni.dll System.Xml.Linq.dll System.Xml.Linq.dll System.Configuration.ni.dll System.Configuration.dll System.Configuration.dll System.Numerics.ni.dll System.Numerics.dll System.Numerics.dll System.Security.ni.dll System.Security.dll lpk.dll,normal
 mscoree.dll ntdll.dll wow64.dll wow64win.dll wow64cpu.dll kernel32.dll kernel32.dll kernel32.dll user32.dll kernel32.dll KernelBase.dll msvcrt.dll winbrand.dll shlwapi.dll mscoreei.dll lpk.dll usp10.dll System.Drawing.ni.dll sechost.dll rpcrt4.dll sspicli.dll gdi32.dll user32.dll apphelp.dll apphelp.dll,normal
 dhcpcsvc.dll ntdll.dll wow64.dll wow64win.dll wow64cpu.dll kernel32.dll kernel32.dll kernel32.dll api-ms-win-core-realtime-l1-1-0.dll wshbth.dll msvcrt.dll advapi32.dll msvcrt.dll msvcrt.dll rpcrt4.dll sspicli.dll cryptbase.dll dnsapi.dll ws2_32.dll wmsgapi.dll winnsi.dll dhcpcsvc.dll dhcpcsvc6.dll shell32.dll shlwapi.dll system.addin.contract.dll user32.dll lpk.dll usp10.dll taskschd.dll imm32.dll msctf.dll clbcatq.dll sensapi.dll cryptsp.dll rsaenh.dll srvcli.dll wevtapi.dll ntdll.dll system.drawing.ni.dll clbcatq.dll gdi32.dll user32.dll lpk.dll usp10.dll msvcrt.dll imm32.dll setupapi.dll ole32.dll mscorlib.dll oleaut32.dll cryptbase.dll clbcatq.dll advapi32.dll lpk.dll ntdll.dll ntdll.dll wow64.dll wow64win.dll wow64cpu.dll kernel32.dll kernel32.dll System.Windows.Forms.dll user32.dll kernel32.dll kernelbase.dll msvcrt.dll winbrand.dll ntdll.dll gdi32.dll lpk.dll usp10.dll clbcatq.dll sechost.dll rpcrt4.dll sspicli.dll mscorlib.dll sspicli.dll wow64win.dll apphelp.dll,normal
 ntdll.dll ntdll.dll wow64.dll wow64win.dll wow64cpu.dll auditcse.dll atl.dll kernel32.dll user32.dll kernel32.dll clbcatq.dll advapi32.dll msvcrt.dll sechost.dll user32.dll imm32.dll cryptbase.dll sechost.dll mscoree.dll ieproxy.dll gdi32.dll user32.dll sechost.dll winsta.dll oleaut32.dll imm32.dll msctf.dll cryptsp.dll gdi32.dll rpcrtremote.dll clbcatq.dll sxs.dll mscoreei.dll usp10.dll msvcr80.dll shlwapi.dll msvcrt.dll profapi.dll mscorlib.ni.dll ktmw32.dll mscorlib.dll mscorlib.dll version.dll oleaut32.dll uxtheme.dll system.ni.dll napinit.ni.dll system.dll dwmapi.dll system.dll dhcpcsvc6.dll system.drawing.ni.dll system.windows.forms.ni.dll system.windows.forms.dll system.windows.forms.dll system.windows.forms.dll system.windows.forms.dll system.drawing.dll system.drawing.dll advapi32.dll system.drawing.dll system.security.ni.dll system.security.dll system.security.dll system.security.dll usp10.dll accessibility.ni.dll accessibility.dll accessibility.dll sxs.dll accessibility.dll system.configuration.ni.dll MPSSVC.dll system.configuration.dll system.configuration.dll system.configuration.dll system.xml.ni.dll system.xml.dll system.xml.dll system.xml.dll system.xml.dll system.runtime.serialization.formatters.soap.ni.dll wow64.dll system.runtime.serialization.formatters.soap.dll system.deployment.ni.dll lpk.dll rpcrt4.dll wmiutils.dll system.deployment.dll system.data.sqlxml.ni.dll system.data.sqlxml.dll system.data.sqlxml.dll system.data.sqlxml.dll system.data.sqlxml.dll,normal
 version.dll api-ms-win-core-synch-l1-1-0.dll kernel32.dll kernelbase.dll kernelbase.dll apphelp.dll system.transactions.dll lpk.dll combase.dll ucrtbase.dll ucrtbase.dll rpcrt4.dll rpcrt4.dll user32.dll bcryptprimitives.dll kernel.appcore.dll kernel.appcore.dll system.data.dll twinapi.appcore.dll sechost.dll user32.dll rmclient.dll version.dll wintypes.dll wintypes.dll shcore.dll ntdll.dll msvcrt.dll system.core.ni.dll gdi32.dll gdi32full.dll msvcp_win.dll wuwebv.dll advapi32.dll mrmcore.dll api-ms-win-core-realtime-l1-1-0.dll profapi.dll onecoreuapcommonproxystub.dll onecoreuapcommonproxystub.dll windows.ui.dll windows.ui.dll textinputframework.dll inputhost.dll coremessaging.dll coremessaging.dll coreuicomponents.dll coreuicomponents.dll advapi32.dll advapi32.dll ntmarta.dll ntmarta.dll languageoverlayutil.dll languageoverlayutil.dll bcp47mrm.dll bcp47mrm.dll uxtheme.dll kernel32.dll biwinrt.dll mscorlib.dll oleaut32.dll shlwapi.dll msvcp110_win.dll msvcp110_win.dll wincorlib.dll powrprof.dll oleacc.dll wer.dll wow64.dll capauthz.dll shell32.dll msasn1.dll msasn1.dll ntmarta.dll cdp.dll crypt32.dll ws2_32.dll ws2_32.dll winhttp.dll winhttp.dll bcrypt.dll sechost.dll cfgmgr32.dll system.dll sspicli.dll sspicli.dll ncrypt.dll sppcommdlg.dll ntasn1.dll ntasn1.dll cryptsp.dll cryptsp.dll cortana.backgroundtask.dll oledb32.dll cortana.backgroundtask.dll windows.storage.applicationdata.dll windows.storage.applicationdata.dll shell32.dll clipc.dll clipc.dll KernelBase.dll policymanager.dll bcp47lang.dll bcp47langs.dll logoncli.dll cfgmgr32.dll windows.cortana.proxystub.dll windows.cortana.proxystub.dll bingconfigurationclient.dll bingconfigurationclient.dll kernelbase.dll sspicli.dll windows.devices.enumeration.dll gdi32.dll deviceassociation.dll deviceassociation.dll userenv.dll userenv.dll Microsoft.Management.Infrastructure.ni.dll windows.storage.dll mscorlib.ni.dll propsys.dll user32.dll iertutil.dll iertutil.dll filterlib.dll fltlib.dll cryptbase.dll cryptbase.dll riched20.dll onecorecommonproxystub.dll sensapi.dll windows.security.authentication.web.core.dll appxdeploymentclient.dll appxdeploymentclient.dll staterepository.core.dll staterepository.core.dll vaultcli.dll vaultcli.dll rpcrt4.dll windows.media.speech.dll windows.applicationmodel.dll imageres.dll windows.globalization.dll windows.globalization.dll Microsoft.Windows.Diagnosis.Commands.WriteDiagProgress.dll version.dll urlmon.dll mscorlib.dll ntdll.dll devobj.dll cabinet.dll cabinet.dll rsaenh.dll rsaenh.dll profext.dll profext.dll cortanaapi.dll cortanaapi.dll cortanaapi.dll,normal
 ntdll.dll kernel32.dll msvcrt.dll gdi32.dll user32.dll lpk.dll WindowsBase.dll msvcrt.dll imm32.dll msctf.dll system.transactions.ni.dll sensapi.dll combase.dll cryptbase.dll clbcatq.dll advapi32.dll sechost.dll KernelBase.dll ntdll.dll wow64.dll wow64win.dll wow64cpu.dll gdi32.dll kernel32.dll imm32.dll user32.dll kernel32.dll KernelBase.dll advapi32.dll msvcrt.dll sechost.dll rpcrt4.dll sspicli.dll cryptbase.dll taskbarcpl.dll ws2_32.dll nsi.dll System.AddIn.Contract.dll dhcpcsvc.dll dhcpcsvc6.dll shell32.dll imm32.dll gdi32.dll user32.dll wow64.dll usp10.dll ole32.dll imm32.dll dpx.dll msvcr120_clr0400.dll oleaut32.dll cryptsp.dll shcore.dll RpcRtRemote.dll system.core.ni.dll lpk.dll lpk.dll wow64.dll wow64win.dll propsys.dll cryptsp.dll kernel32.dll kernel32.dll kernel32.dll kernel32.dll KernelBase.dll advapi32.dll msvcrt.dll mscorlib.dll sxsstore.dll sspicli.dll cryptbase.dll dnsapi.dll ws2_32.dll nsi.dll winnsi.dll dhcpcsvc.dll dhcpcsvc6.dll shell32.dll shlwapi.dll dwrite.dll version.dll lpk.dll usp10.dll ole32.dll sspicli.dll msctf.dll clbcatq.dll sechost.dll System.Configuration.dll rsaenh.dll system.web.extensions.design.dll advapi32.dll ntdll.dll kernel32.dll KernelBase.dll advapi32.dll msvcrt.dll mscorlib.ni.dll rpcrt4.dll gdi32.dll sechost.dll lpk.dll usp10.dll wmsgapi.dll imm32.dll wmsgapi.dll wtsapi32.dll winmm.dll userenv.dll profapi.dll apphelp.dll kernelbase.dll Microsoft.VisualStudio.Tools.Office.Excel.AddInProxy.v9.0.dll MsCtfMonitor.dll msctf.dll imm32.dll msutb.dll comctl32.dll shlwapi.dll secur32.dll sspicli.dll shell32.dll cryptbase.dll imm32.dll cryptsp.dll mscoreei.dll imagehlp.dll bcrypt.dll system.windows.forms.dll ncrypt.dll gpapi.dll cryptnet.dll Wldap32.dll msasn1.dll setupapi.dll cfgmgr32.dll kernel.appcore.dll devobj.dll cabinet.dll system.dll version.dll ntdll.dll oleaut32.dll urlmon.dll wininet.dll iertutil.dll usp10.dll kernel32.dll KernelBase.dll advapi32.dll samlib.dll sechost.dll kernel32.dll cryptsp.dll gdi32.dll user32.dll lpk.dll usp10.dll imm32.dll msctf.dll wdscore.dll oleaut32.dll shell32.dll shlwapi.dll advapi32.dll cryptbase.dll CbsCore.dll version.dll crypt32.dll msasn1.dll wintrust.dll userenv.dll profapi.dll ktmw32.dll dpx.dll dpx.dll ntdll.dll wcp.dll KernelBase.dll setupapi.dll cfgmgr32.dll devobj.dll mpr.dll wrpint.dll winnsi.dll sqmapi.dll kernel32.dll webio.dll winhttp.dll webio.dll SensApi.dll cryptsp.dll rsaenh.dll RpcRtRemote.dll clbcatq.dll CbsApi.dll smipi.dll smiengine.dll,normal
 imageres.dll kernel32.dll user32.dll gdi32.dll user32.dll lpk.dll usp10.dll msvcrt.dll devrtl.dll msctf.dll ole32.dll usp10.dll oleaut32.dll cryptbase.dll clbcatq.dll advapi32.dll sechost.dll ntdll.dll ntdll.dll rpcrt4.dll wow64win.dll wow64cpu.dll kernel32.dll kernel32.dll kernel32.dll user32.dll kernel32.dll kernelbase.dll msvcrt.dll gdi32.dll cmisetup.dll System.Drawing.dll urlmon.dll clbcatq.dll advapi32.dll sechost.dll rpcrt4.dll sspicli.dll cryptbase.dll System.Xml.dll msctf.dll apphelp.dll,normal
 propsys.dll cryptbase.dll KernelBase.dll advapi32.dll clbcatq.dll sechost.dll rpcrt4.dll gdi32.dll user32.dll lpk.dll usp10.dll ole32.dll msimg32.dll wmsgapi.dll wtsapi32.dll advapi32.dll userenv.dll profapi.dll winsta.dll crypt32.dll msctf.dll MsCtfMonitor.dll gdi32.dll imm32.dll msutb.dll comctl32.dll shlwapi.dll wow64cpu.dll sspicli.dll shell32.dll cryptbase.dll uxtheme.dll ieframe.dll cryptsp.dll user32.dll imagehlp.dll System.configuration.dll bcryptprimitives.dll ncrypt.dll gpapi.dll cryptnet.dll logoncli.dll SensApi.dll version.dll clbcatq.dll imm32.dll urlmon.dll Accessibility.dll api-ms-win-downlevel-shlwapi-l1-1-0.dll api-ms-win-downlevel-advapi32-l1-1-0.dll api-ms-win-downlevel-user32-l1-1-0.dll api-ms-win-downlevel-version-l1-1-0.dll kernel32.dll iertutil.dll wininet.dll,normal
 ntdll.dll kernel32.dll ws2_32.dll advapi32.dll gdi32.dll sspicli.dll system.directoryservices.protocols.dll msvcrt.dll api-ms-win-downlevel-advapi32-l1-1-0.dll advapi32.dll sechost.dll rpcrt4.dll shell32.dll msctf.dll iertutil.dll api-ms-win-downlevel-version-l1-1-0.dll version.dll api-ms-win-downlevel-user32-l1-1-0.dll api-ms-win-downlevel-normaliz-l1-1-0.dllnormaliz.dll api-ms-win-downlevel-shlwapi-l1-1-0.dll api-ms-win-core-sysinfo-l1-2-1.dll msctf.dll apphelp.dll cryptbase.dll ole32.dll oleaut32.dll apphelp.dll uxtheme.dll api-ms-win-downlevel-ole32-l1-1-0.dll urlmon.dll wininet.dll userenv.dll profapi.dll dwmapi.dll secur32.dll sspicli.dll ieframe.dll IEShims.dll winhttp.dll kernel32.dll api-ms-win-downlevel-advapi32-l2-1-0.dll ws2_32.dll user32.dll rpcrt4.dll api-ms-win-downlevel-shlwapi-l2-1-0.dll mswsock.dll wship6.dll clbcatq.dll ncrypt.dll cryptsp.dll rsaenh.dll RpcRtRemote.dll netprofm.dll nlaapi.dll npmproxy.dll dnsapi.dll rasadhlp.dll d3d10warp.dll netapi32.dll netutils.dll srvcli.dll version.dll apphelp.dll appxdeploymentclient.dll kernel32.dll msswch.dll winmm.dll ieui.dll WindowsCodecs.dll oleacc.dll duser.dll msvcr120_clr0400.dll kernelbase.dll ExplorerFrame.dll system.drawing.design.ni.dll dhcpcsvc.dll propsys.dll setupapi.dll advapi32.dll devobj.dll Wldap32.dll mlang.dll ntmarta.dll gdi32.dll dhcpcsvc.dll wshqos.dll wshqos.dll wshqos.dll credssp.dll schannel.dll ncrypt.dll bcrypt.dll bcryptprimitives.dll gdi32.dll gpapi.dll cryptnet.dll SensApi.dll mssprxy.dll System.Data.Services.Client.dll api-ms-win-crt-runtime-l1-1-0.dll ucrtbase.dll api-ms-win-core-timezone-l1-1-0.dll api-ms-win-core-file-l2-1-0.dll rpcrt4.dll api-ms-win-core-synch-l1-2-0.dll system.drawing.ni.dll api-ms-win-core-file-l1-2-0.dll api-ms-win-crt-string-l1-1-0.dll api-ms-win-crt-heap-l1-1-0.dll clbcatq.dll api-ms-win-crt-convert-l1-1-0.dll xmllite.dll msswch.dll winmm.dll msswch.dll kernel32.dll tquery.dll StructuredQuery.dll linkinfo.dll wevtapi.dll win32u.dll msvcrt.dll mscoree.dll Wpc.dll samcli.dll kernel32.dll accessibility.dll msxml3.dll msxml3.dll msxml3.dll dwmapi.dll msxml3.dll msswch.dll winmm.dll msswch.dll winmm.dll tquery.dll advapi32.dll ieapfltr.dll msxml6.dll msctf.dll winshfhc.dll cryptsp.dll webio.dll MpOAV.dll MpClient.dll,normal
 mmdevapi.dll,normal
 ntdll.dll ntdll.dll shlwapi.dll wow64win.dll wow64cpu.dll kernel32.dll kernel32.dll rsaenh.dll System.Transactions.dll kernel32.dll kernelbase.dll advapi32.dll msvcrt.dll sechost.dll rpcrt4.dll sspicli.dll cryptbase.dll msvcr120_clr0400.dll mscoree.dll ole32.dll sspicli.dll user32.dll vaultsvc.dll usp10.dll oleaut32.dll imm32.dll user32.dll clbcatq.dll rsaenh.dll rpcrtremote.dll clbcatq.dll sxs.dll mscoreei.dll wevtapi.dll shlwapi.dll mscorlib.ni.dll kernelbase.dll microsoft.powershell.security.dll microsoft.powershell.security.dll system.management.automation.dll system.management.automation.dll version.dll user32.dll mscorlib.dll system.ni.dll winnsi.dll secur32.dll system.xml.ni.dll system.xml.dll SMDiagnostics.ni.dll System.Core.ni.dll system.security.dll system.security.dll system.core.ni.dll system.configuration.ni.dll bcryptprimitives.dll system.configuration.dll system.core.dll system.core.dll,normal
 rsaenh.dll kernel32.dll kernelbase.dll ws2_32.dll msvcrt.dll ntdll.dll nsi.dll vcruntime140.dll api-ms-win-crt-runtime-l1-1-0.dll mswsock.dll ucrtbase.dll api-ms-win-core-timezone-l1-1-0.dll shlwapi.dll api-ms-win-core-localization-l1-2-0.dll oleaut32.dll api-ms-win-core-processthreads-l1-1-1.dll PresentationFramework-SystemXmlLinq.ni.dll cryptsp.dll api-ms-win-crt-string-l1-1-0.dll api-ms-win-crt-stdio-l1-1-0.dll api-ms-win-crt-convert-l1-1-0.dll api-ms-win-crt-math-l1-1-0.dll api-ms-win-crt-locale-l1-1-0.dll user32.dll gdi32.dll lpk.dll dps.dll imm32.dll msctf.dll,HTran
 wow64cpu.dll presentationcore.dll KernelBase.dll gdi32.dll user32.dll lpk.dll usp10.dll kernel32.dll gdi32.dll msctf.dll ole32.dll rpcrt4.dll oleaut32.dll cryptbase.dll clbcatq.dll system.data.oracleclient.dll sechost.dll,normal
 RpcRtRemote.dll cryptbase.dll kernel32.dll wow64win.dll msvcrt.dll rpcrt4.dll wow64.dll user32.dll lpk.dll usp10.dll wow64.dll oleaut32.dll kernel32.dll ntdll.dll ntdll.dll wow64.dll wow64win.dll wow64cpu.dll kernel32.dll kernel32.dll kernel32.dll user32.dll kernel32.dll kernelbase.dll advapi32.dll ole32.dll gdi32.dll user32.dll advapi32.dll api-ms-win-core-localization-l1-2-1.dll SensApi.dll profapi.dll cryptbase.dll lpk.dll usp10.dll KernelBase.dll msctf.dll clbcatq.dll oleaut32.dll sechost.dll rsaenh.dll rpcrtremote.dll oleaut32.dll shell32.dll imm32.dll actxprxy.dll comctl32.dll,normal
 ntdll.dll kernel32.dll wtsapi32.dll gdi32.dll presentationcffrasterizer.ni.dll lpk.dll msctf.dll msvcrt.dll imm32.dll msctf.dll ole32.dll rpcrt4.dll lpk.dll cryptbase.dll clbcatq.dll advapi32.dll sechost.dll,normal
 ntdll.dll kernel32.dll KernelBase.dll gdi32.dll user32.dll usermgrcli.dll usp10.dll msvcrt.dll imm32.dll msctf.dll system.web.dll rpcrt4.dll oleaut32.dll cryptbase.dll clbcatq.dll kernel32.dll sechost.dll mscorwks.dll kernel32.dll KernelBase.dll gdi32.dll user32.dll oleaut32.dll usp10.dll cryptsp.dll imm32.dll ntdll.dll ole32.dll rpcrt4.dll oleaut32.dll rpcrt4.dll clbcatq.dll system.deployment.dll sechost.dll System.Transactions.ni.dll kernel32.dll lpk.dll gdi32.dll user32.dll lpk.dll usp10.dll msvcrt.dll imm32.dll mscoreei.dll ole32.dll rpcrt4.dll oleaut32.dll cryptbase.dll gdi32.dll advapi32.dll sechost.dll dhcpcsvc6.dll system.management.ni.dll shell32.dll gdi32.dll user32.dll lpk.dll usp10.dll msvcrt.dll imm32.dll msctf.dll ole32.dll sechost.dll wincorlib.dll cryptbase.dll user32.dll rsaenh.dll sechost.dll ntdll.dll kernel32.dll KernelBase.dll gdi32.dll user32.dll sspicli.dll usp10.dll msvcrt.dll imageres.dll msctf.dll ole32.dll kernel32.dll cfgmgr32.dll cryptbase.dll imm32.dll advapi32.dll sechost.dll ntdll.dll cryptsp.dll wow64.dll wow64win.dll wow64cpu.dll kernel32.dll kernel32.dll kernel32.dll user32.dll kernel32.dll RpcEpMap.dll msvcrt.dll oleaut32.dll ole32.dll gdi32.dll user32.dll advapi32.dll sechost.dll api-ms-win-crt-string-l1-1-0.dll sspicli.dll cryptbase.dll lpk.dll CertEnroll.dll version.dll imm32.dll oleaut32.dll sxs.dll clbcatq.dll vbscript.dll System.AddIn.ni.dll wintrust.dll crypt32.dll msasn1.dll user32.dll rsaenh.dll msisip.dll wshext.dll comctl32.dll shell32.dll shlwapi.dll System.Web.Extensions.ni.dll advapi32.dll scrrun.dll ntdll.dll ntdll.dll kernelbase.dll wow64win.dll wow64cpu.dll kernel32.dll user32.dll kernel32.dll user32.dll ntdll.dll dpx.dll advapi32.dll msvcrt.dll sechost.dll rpcrt4.dll sspicli.dll cryptbase.dll dnsapi.dll ws2_32.dll mscorsec.dll winnsi.dll dhcpcsvc.dll mswstr10.dll shell32.dll kernel32.dll gdi32.dll user32.dll lpk.dll usp10.dll ole32.dll ntdll.dll kernelbase.dll ntdll.dll oleaut32.dll uxtheme.dll ntlanman.dll RpcRtRemote.dll wevtapi.dll ntdll.dll kernel32.dll KernelBase.dll gdi32.dll user32.dll lpk.dll usp10.dll msvcrt.dll mscorlib.dll msctf.dll ole32.dll rpcrt4.dll rpcrt4.dll msidle.dll clbcatq.dll advapi32.dll sechost.dll ntdll.dll ntdll.dll wow64.dll wow64win.dll wow64cpu.dll kernel32.dll kernel32.dll kernel32.dll user32.dll kernel32.dll KernelBase.dll advapi32.dll msshooks.dll sechost.dll rpcrt4.dll sspicli.dll cryptbase.dll dnsapi.dll ws2_32.dll nsi.dll winnsi.dll winnsi.dll dhcpcsvc6.dll shell32.dll shlwapi.dll gdi32.dll user32.dll lpk.dll usp10.dll ole32.dll imm32.dll ntdll.dll clbcatq.dll oleaut32.dll kernel32.dll sxs.dll RpcRtRemote.dll system.runtime.serialization.dll,normal
 ntdll.dll kernel32.dll user32.dll advapi32.dll msvcrt.dll sechost.dll rpcrt4.dll ntdll.dll gdi32.dll user32.dll lpk.dll usp10.dll system.configuration.dll msctf.dll oleaut32.dll wdscore.dll fastprox.dll dbghelp.dll chrome_child.dll advapi32.dll apphelp.dll crypt32.dll msasn1.dll wintrust.dll CbsCore.dll shlwapi.dll System.Data.OracleClient.dll onecorecommonproxystub.dll igd10iumd64.dll dpx.dll dpx.dll dpx.dll wcp.dll system.web.extensions.ni.dll devobj.dll mpr.dll atl.dll DrUpdate.dll sechost.dll winhttp.dll webio.dll winhttp.dll webio.dll SensApi.dll srclient.dll slc.dll vssapi.dll vsstrace.dll wrpint.dll sxsstore.dll sqmapi.dll cryptsp.dll clbcatq.dll RpcRtRemote.dll clbcatq.dll ws2_32.dll,normal
 imagehlp.dll mscoreei.dll clr.dll msvcr120_clr0400.dll msctf.dll rpcrt4.dll kernel32.dll KernelBase.dll msvcrt.dll advapi32.dll secur32.dll rpcrt4.dll shlwapi.dll lpk.dll user32.dll lpk.dll usp10.dll authui.dll cryptbase.dll user32.dll cryptsp.dll rsaenh.dll ntdll.dll idstore.dll kernel32.dll user32.dll ntdll.dll wow64.dll profapi.dll wow64cpu.dll comctl32.dll kernel32.dll KernelBase.dll FirewallAPI.dll kernel32.dll msvcr120_clr0400.dll gdi32.dll user32.dll advapi32.dll wow64.dll rpcrt4.dll sspicli.dll cryptbase.dll lpk.dll usp10.dll msvcr80.dll perfos.dll comctl32.dll shell32.dll shlwapi.dll wsock32.dll wevtapi.dll nsi.dll netapi32.dll netutils.dll srvcli.dll wkscli.dll imm32.dll msctf.dll apphelp.dll system.transactions.dll olepro32.dll clbcatq.dll cryptsp.dll rsaenh.dll RpcRtRemote.dll RpcRtRemote.dll winsta.dll setupapi.dll oleacc.dll devobj.dll uxtheme.dll imm32.dll propsys.dll ntmarta.dll microsoft.office.tools.word.implementation.ni.dll mssprxy.dll,normal
 msftedit.dll winmm.dll,normal
 ntdll.dll wsock32.dll KernelBase.dll kernel32.dll msvcrt.dll sechost.dll msctf.dll user32.dll gdi32.dll lpk.dll mapi32.dll ole32.dll mrt100_app.dll ws2_32.dll msshooks.dll imm32.dll msctf.dll cryptbase.dll system.core.ni.dll clbcatq.dll tquery.dll cryptsp.dll rsaenh.dll user32.dll mscorlib.dll mssph.dll mapi32.dll authz.dll shlwapi.dll Wldap32.dll shell32.dll comctl32.dll propsys.dll setupapi.dll cfgmgr32.dll gdi32.dll profapi.dll,normal
 cryptsp.dll kernel32.dll kernelbase.dll gdi32.dll sspicli.dll lpk.dll usp10.dll setupapi.dll imm32.dll setupapi.dll ole32.dll api-ms-win-core-file-l1-2-0.dll oleaut32.dll cryptbase.dll clbcatq.dll advapi32.dll sechost.dll ntdll.dll kernel32.dll kernelbase.dll msvcrt.dll sechost.dll gdi32.dll user32.dll lpk.dll usp10.dll rpcrt4.dll imm32.dll msctf.dll cryptbase.dll clbcatq.dll clbcatq.dll sechost.dll oleaut32.dll cryptsp.dll rsaenh.dll system.transactions.dll shacct.dll shlwapi.dll imm32.dll System.Net.Http.dll idstore.dll advapi32.dll system.runtime.serialization.dll kernel32.dll sechost.dll advapi32.dll msvcrt.dll srvcli.dll usp10.dll msctf.dll msctf.dll ole32.dll gdi32.dll user32.dll lpk.dll usp10.dll oleaut32.dll version.dll msctf.dll cryptbase.dll cryptsp.dll rsaenh.dll user32.dll clbcatq.dll sxs.dll clrjit.dll mscorwks.dll advapi32.dll shlwapi.dll shell32.dll profapi.dll kernelbase.dll kernel32.dll system.addin.ni.dll mscorlib.dll version.dll mscorlib.dll bcryptprimitives.dll ehividctl.ni.dll samlib.dll bdatunepia.ni.dll bdatunepia.dll bdatunepia.dll bdatunepia.dll System.Xml.dll ntshrui.dll wintrust.dll crypt32.dll msasn1.dll KernelBase.dll riched20.dll imagehlp.dll ncrypt.dll bcrypt.dll bcryptprimitives.dll userenv.dll gpapi.dll cryptnet.dll ntdll.dll kernel32.dll microsoft.visualc.ni.dll sspicli.dll sechost.dll system.security.ni.dll system.data.sqlxml.ni.dll ntdll.dll kernel32.dll ws2_32.dll advapi32.dll msvcrt.dll sechost.dll rpcrt4.dll msvcr120_clr0400.dll mscoree.dll ole32.dll gdi32.dll user32.dll lpk.dll usp10.dll mrmcorer.dll imm32.dll msctf.dll cryptbase.dll cryptsp.dll rsaenh.dll rpcrtremote.dll clbcatq.dll system.web.dll mscoreei.dll mscorwks.dll msvcr80.dll shlwapi.dll shell32.dll profapi.dll mscorlib.ni.dll mscorjit.dll mscorlib.dll usp10.dll version.dll mscorlib.dll mscorlib.dll system.ni.dll system.addin.ni.dll clbcatq.dll microsoft.visualstudio.tools.applications.runtime.v10.0.ni.dll mscorsec.dll winsta.dll crypt32.dll msasn1.dll comctl32.dll riched20.dll imagehlp.dll ncrypt.dll System.Drawing.dll bcryptprimitives.dll userenv.dll sensapi.dll cryptnet.dll wldap32.dll sensapi.dll system.configuration.ni.dll System.Configuration.ni.dll system.security.ni.dll msvcp110_win.dll KernelBase.dll ntdll.dll kernel32.dll kernelbase.dll advapi32.dll rpcrt4.dll sechost.dll gdi32.dll msvcr120_clr0400.dll ntdll.dll ole32.dll gdi32.dll user32.dll system.security.dll usp10.dll oleaut32.dll imm32.dll msctf.dll cryptbase.dll cryptsp.dll kernel32.dll kernel32.dll clbcatq.dll sxs.dll mscoreei.dll rpcrt4.dll rpcrt4.dll winbrand.dll clrjit.dll system.ni.dll system.core.ni.dll system.activities.presentation.ni.dll version.dll mscorlib.dll mscorlib.dll urlmon.dll windowsbase.ni.dll presentationcore.ni.dll normaliz.dll presentationcore.dll presentationcore.dll system.activities.ni.dll system.xml.ni.dll ntdll.dll system.servicemodel.internals.ni.dll system.drawing.ni.dll sspicli.dll oleaut32.dll uiautomationprovider.ni.dll system.servicemodel.internals.dll reachframework.ni.dll system.printing.ni.dll system.printing.dll system.printing.dll system.servicemodel.activities.ni.dll system.configuration.ni.dll system.numerics.ni.dll system.componentmodel.composition.ni.dll system.security.ni.dll rpcrtremote.dll ntdll.dll wow64.dll ntdll.dll clbcatq.dll kernel32.dll kernel32.dll kernel32.dll system.data.dll kernel32.dll bcp47langs.dll advapi32.dll msvcrt.dll sechost.dll rpcrt4.dll gdi32.dll System.Data.dll msvcr120_clr0400.dll mscoree.dll ole32.dll gdi32.dll user32.dll lpk.dll gdi32.dll oleaut32.dll microsoft.visualstudio.tools.office.hostadapter.v10.0.dll msctf.dll rpcrt4.dll rsaenh.dll rpcrtremote.dll clbcatq.dll sxs.dll mscoreei.dll mrt100.dll shlwapi.dll adtschema.dll clrjit.dll RpcRtRemote.dll system.runtime.serialization.ni.dll version.dll system.runtime.serialization.dll system.runtime.serialization.dll mscorlib.dll mscorlib.dll system.dll system.dll system.xml.ni.dll system.xml.dll system.xml.dll system.servicemodel.internals.ni.dll system.servicemodel.internals.dll system.servicemodel.internals.dll smdiagnostics.ni.dll smdiagnostics.dll ieproxy.dll system.core.ni.dll system.configuration.ni.dll system.configuration.dll system.configuration.dll system.core.dll mscoreei.dll,normal
 ntdll.dll ntdll.dll eappcfg.dll user32.dll wow64cpu.dll kernel32.dll gdi32.dll dmutil.dll kernel32.dll igd10iumd64.dll kernelbase.dll advapi32.dll msvcrt.dll sechost.dll windowsbase.dll sspicli.dll cryptbase.dll comctl32.dll system.data.ni.dll user32.dll lpk.dll api-ms-win-core-url-l1-1-0.dll mfc42u.dll shell32.dll oleaut32.dll ole32.dll kernel32.dll shell32.dll shlwapi.dll wininet.dll urlmon.dll kernel32.dll wow64.dll ole32.dll winmm.dll ws2_32.dll nsi.dll imm32.dll wintrust.dll odbcint.dll uxtheme.dll riched32.dll riched20.dll dwmapi.dll comctl32.dll clbcatq.dll shell32.dll shell32.dll user32.dll tiptsf.dll msado15.dll msdart.dll bcryptprimitives.dll mscorlib.ni.dll rsaenh.dll rpcrtremote.dll oledb32.dll bcrypt.dll oledb32r.dll comsvcs.dll atl.dll bcryptprimitives.dll msjetoledb40.dll msjet40.dll mswstr10.dll msjter40.dll msjint40.dll msadox.dll msadrh15.dll msjtes40.dll gdiplus.dll vbajet32.dll expsrv.dll usp10.dll msadcer.dll,caidao
 uiautomationprovider.dll kernel32.dll windowsbase.ni.dll msvcrt.dll combase.dll rpcrt4.dll kernel.appcore.dll bcryptprimitives.dll twinapi.appcore.dll sechost.dll userenv.dll profapi.dll bcrypt.dll wintypes.dll user32.dll gdi32.dll imm32.dll msctf.dll shcore.dll cryptsp.dll system.directoryservices.ni.dll ucrtbase.dll mrmcorer.dll windows.ui.dll sspicli.dll oleaut32.dll bcp47langs.dll uxtheme.dll usp10.dll KernelBase.dll contentdeliverymanager.background.dll advapi32.dll ole32.dll shlwapi.dll shell32.dll windows.storage.dll powrprof.dll cfgmgr32.dll slc.dll veeventdispatcher.dll wincorlib.dll policymanager.dll sppc.dll msvcp110_win.dll xmllite.dll windows.storage.applicationdata.dll logoncli.dll cryptbase.dll wow64win.dll wow64.dll propsys.dll ntdll.dll threadpoolwinrt.dll system.web.ni.dll windows.applicationmodel.background.systemeventsbroker.dll systemeventsbrokerclient.dll,normal
 ntdll.dll kernel32.dll kernelbase.dll msvcrt.dll conhostv2.dll combase.dll ucrtbase.dll wkscli.dll bcryptprimitives.dll gdi32.dll gdi32full.dll user32.dll batmeter.dll mshtml.dll oleaut32.dll msvcp_win.dll propsys.dll ole32.dll shcore.dll shell32.dll advapi32.dll shlwapi.dll kernel.appcore.dll profapi.dll uxtheme.dll cfgmgr32.dll windows.storage.dll powrprof.dll msctf.dll version.dll user32.dll,normal
 msctf.dll explorerframe.dll windows.globalization.dll bcp47langs.dll devobj.dll msftedit.dll ntshrui.dll cscapi.dll globinputhost.dll tiptsf.dll apphelp.dll searchfolder.dll structuredquery.dll user32.dll mssvp.dll ntmarta.dll mapi32.dll actxprxy.dll mrmcorer.dll user32.dll twinapi.dll winmm.dll winmmbase.dll kernelbase.dll setupapi.dll ehstorshell.dll cscui.dll cscdll.dll networkexplorer.dll msftedit.dll cfgmgr32.dll msdart.dll iconcodecservice.dll api-ms-win-crt-filesystem-l1-1-0.dll,normal
 ntdll.dll ntdll.dll system.drawing.dll sspicli.dll wow64cpu.dll kernel32.dll kernel32.dll imm32.dll rpcrt4.dll kernel32.dll kernelbase.dll advapi32.dll user32.dll sechost.dll rpcrt4.dll sspicli.dll cryptbase.dll dnsapi.dll ws2_32.dll system.deployment.ni.dll winnsi.dll dhcpcsvc.dll dhcpcsvc6.dll shell32.dll shlwapi.dll gdi32.dll user32.dll lpk.dll usp10.dll ole32.dll imm32.dll msctf.dll clbcatq.dll oleaut32.dll rsaenh.dll rsaenh.dll rpcrtremote.dll System.Data.OracleClient.dll ntdll.dll ntdll.dll wow64.dll wow64win.dll wow64cpu.dll kernel32.dll kernel32.dll kernel32.dll user32.dll kernel32.dll kernelbase.dll advapi32.dll System.Runtime.DurableInstancing.dll sechost.dll shlwapi.dll sspicli.dll cryptbase.dll dnsapi.dll ws2_32.dll nsi.dll kernel32.dll dhcpcsvc.dll mscorlib.dll shell32.dll shlwapi.dll ole32.dll System.Data.OracleClient.dll lpk.dll usp10.dll ole32.dll imm32.dll msctf.dll oleaut32.dll oleaut32.dll cryptsp.dll rsaenh.dll shlwapi.dll wevtapi.dll Accessibility.dll ntdll.dll wow64.dll wow64win.dll wow64cpu.dll ntdll.dll CoreMessaging.dll ntdll.dll dwmapi.dll KernelBase.dll kernelbase.dll advapi32.dll msctf.dll sechost.dll rpcrt4.dll sspicli.dll wow64.dll msvcr120_clr0400.dll ws2_32.dll nsi.dll mscorlib.ni.dll dhcpcsvc.dll dhcpcsvc6.dll shell32.dll shlwapi.dll gdi32.dll user32.dll lpk.dll usp10.dll system.data.entity.dll gdi32.dll msctf.dll clbcatq.dll oleaut32.dll cryptsp.dll user32.dll rpcrtremote.dll wevtapi.dll ntdll.dll kernel32.dll api-ms-win-core-kernel32-legacy-l1-1-0.dll gdi32.dll user32.dll rpcrtremote.dll usp10.dll msvcrt.dll cryptsp.dll msctf.dll ole32.dll rpcrt4.dll oleaut32.dll cryptbase.dll clbcatq.dll msshooks.dll sechost.dll ntdll.dll kernel32.dll kernelbase.dll gdi32.dll nsi.dll lpk.dll usp10.dll advapi32.dll imm32.dll msctf.dll ole32.dll rpcrt4.dll oleaut32.dll ntdll.dll clbcatq.dll advapi32.dll imm32.dll windows.internal.ui.logon.proxystub.dll kernel32.dll kernelbase.dll gdi32.dll sensapi.dll lpk.dll usp10.dll msvcrt.dll accessibility.dll msctf.dll ole32.dll msctf.dll oleaut32.dll System.Data.dll clbcatq.dll system.configuration.install.dll msvcrt.dll ntdll.dll kernel32.dll imm32.dll clbcatq.dll msvcrt.dll sechost.dll cryptbase.dll RpcRtRemote.dll sqmapi.dll user32.dll lpk.dll usp10.dll imm32.dll rasman.dll wdscore.dll oleaut32.dll shell32.dll clbcatq.dll nsi.dll cryptbase.dll cbscore.dll version.dll crypt32.dll imageres.dll wintrust.dll msctf.dll profapi.dll ktmw32.dll dpx.dll dpx.dll dpx.dll wcp.dll drupdate.dll setupapi.dll cfgmgr32.dll cryptbase.dll advapi32.dll wrpint.dll sxsstore.dll sqmapi.dll winhttp.dll system.transactions.dll winhttp.dll webio.dll sensapi.dll dbghelp.dll cryptbase.dll rpcrtremote.dll clbcatq.dll cbsapi.dll advapi32.dll smiengine.dll ntdll.dll auditcse.dll kernelbase.dll gdi32.dll user32.dll lpk.dll usp10.dll msvcrt.dll imm32.dll msctf.dll ole32.dll system.directoryservices.ni.dll oleaut32.dll cryptbase.dll clbcatq.dll crypt32.dll sechost.dll CbsApi.dll kernel32.dll tipskins.dll gdi32.dll user32.dll ehiwmp.ni.dll api-ms-win-core-namedpipe-l1-1-0.dll msvcrt.dll imm32.dll msctf.dll ole32.dll rpcrt4.dll oleaut32.dll cryptsp.dll clbcatq.dll advapi32.dll kernel32.dll ntdll.dll ntdll.dll wow64.dll MMDevAPI.dll wow64cpu.dll kernel32.dll kernel32.dll kernel32.dll user32.dll kernel32.dll kernelbase.dll advapi32.dll msvcrt.dll mscorjit.dll rpcrt4.dll system.core.dll System.Core.dll dnsapi.dll shell32.dll nsi.dll winnsi.dll dhcpcsvc.dll dhcpcsvc6.dll shell32.dll shlwapi.dll version.dll user32.dll lpk.dll usp10.dll ole32.dll ntdll.dll xmllite.dll clbcatq.dll oleaut32.dll cryptsp.dll rsaenh.dll cryptbase.dll framedynos.dll,normal
 ntdll.dll kernel32.dll msswch.dll ole32.dll imm32.dll ole32.dll user32.dll msvcrt.dll msctf.dll mscorlib.dll usp10.dll rpcrt4.dll kernelbase.dll ntdll.dll ntdll.dll system.data.sqlxml.dll wow64win.dll wow64cpu.dll kernel32.dll clr.dll kernel32.dll user32.dll kernel32.dll mscorlib.dll advapi32.dll System.Deployment.ni.dll sechost.dll rpcrt4.dll sspicli.dll cryptbase.dll msvcr120_clr0400.dll mscoree.dll ole32.dll actxprxy.dll user32.dll lpk.dll usp10.dll ntdll.dll setupapi.dll shell32.dll cryptsp.dll rsaenh.dll rpcrtremote.dll clbcatq.dll mscoreei.dll clr.dll sxs.dll shell32.dll mscorlib.ni.dll clrjit.dll user32.dll microsoft.powershell.workflow.servicecore.dll microsoft.powershell.diagnostics.activities.dll microsoft.powershell.diagnostics.activities.dll system.ni.dll winbrand.dll rasapi32.dll version.dll msvcrt.dll system.activities.dll mscorlib.dll mscorlib.dll imm32.dll system.dll system.core.dll system.core.dll microsoft.powershell.commands.diagnostics.ni.dll system.management.automation.dll nsi.dll system.xml.ni.dll system.xml.dll system.xml.dll system.configuration.ni.dll system.configuration.dll msftedit.dll,normal
 ntdll.dll kernel32.dll microsoft.office.tools.common.implementation.dll imm32.dll ws2_32.dll sechost.dll nsi.dll user32.dll msvcrt.dll winnsi.dll msctf.dll advapi32.dll usp10.dll system.data.entity.dll KernelBase.dll profapi.dll RpcRtRemote.dll msvcrt.dll kbd101.dll kbd106.dll kbd106.dll system.addin.ni.dll kbd106.dll kbdnec.dll kbdnec.dll wow64win.dll cryptbase.dll apphelp.dll sspicli.dll secur32.dll user32.dll mswsock.dll wship6.dll d3d10level9.dll wtsapi32.dll winsta.dll ntdll.dll imm32.dll kernel32.dll sechost.dll msctf.dll lpk.dll d3d10level9.dll advapi32.dll rpcrt4.dll System.Drawing.dll msvcrt.dll user32.dll gdi32.dll usp10.dll KernelBase.dll profapi.dll RpcRtRemote.dll msvcrt.dll winnsi.dll System.XML.dll kbd106.dll kbd106.dll urlmon.dll kbdnec.dll kbdnec.dll WlS0WndH.dll cryptbase.dll apphelp.dll sspicli.dll kernel32.dll cryptsp.dll mswsock.dll SensApi.dll credssp.dll,normal
 System.Deployment.ni.dll kernel32.dll kernelbase.dll cryptbase.dll msvcrt.dll System.ni.dll rpcrt4.dll msvcr120_clr0400.dll shlwapi.dll ole32.dll gdi32.dll user32.dll kbdnec.dll PeerDistSh.dll oleaut32.dll imm32.dll msctf.dll cryptbase.dll cryptsp.dll rsaenh.dll rpcrtremote.dll userenv.dll sxs.dll mscoreei.dll mscorwks.dll imm32.dll shlwapi.dll shell32.dll propsys.dll mscorlib.ni.dll mscorjit.dll mscorlib.dll wow64cpu.dll version.dll mscorlib.dll mscorlib.dll system.ni.dll system.design.ni.dll system.data.ni.dll system.data.dll system.data.dll system.data.dll system.data.dll system.data.dll ws2_32.dll nsi.dll dhcpcsvc.dll msasn1.dll msvcrt.dll system.drawing.ni.dll syncui.dll system.drawing.design.ni.dll system.web.ni.dll user32.dll system.web.dll system.web.dll slc.dll system.configuration.ni.dll system.net.http.dll system.data.oracleclient.dll system.data.oracleclient.dll system.data.oracleclient.dll system.data.oracleclient.dll system.data.oracleclient.dll system.runtime.serialization.formatters.soap.ni.dll accessibility.ni.dll secur32.dll,normal
 ntdll.dll kernel32.dll kernelbase.dll gdi32.dll npmproxy.dll lpk.dll usp10.dll msvcrt.dll kernel32.dll msctf.dll ole32.dll rpcrt4.dll oleaut32.dll wow64cpu.dll clbcatq.dll mscorlib.dll sechost.dll ntdll.dll msxml3.dll kernelbase.dll gdi32.dll user32.dll lpk.dll usp10.dll ncrypt.dll imm32.dll msctf.dll ole32.dll advapi32.dll oleaut32.dll user32.dll clbcatq.dll advapi32.dll sechost.dll shell32.dll ntdll.dll wow64.dll mscorlib.dll wow64cpu.dll kernel32.dll kernel32.dll shlwapi.dll user32.dll kernel32.dll kernelbase.dll spoolss.dll msftedit.dll ole32.dll gdi32.dll user32.dll advapi32.dll cryptbase.dll rpcrt4.dll sspicli.dll cryptbase.dll System.AddIn.dll usp10.dll version.dll imm32.dll lpk.dll sxs.dll clbcatq.dll vbscript.dll advapi32.dll propsys.dll crypt32.dll msasn1.dll cryptsp.dll rsaenh.dll msisip.dll wshext.dll comctl32.dll shell32.dll shlwapi.dll Microsoft.VisualStudio.Tools.Applications.Adapter.v9.0.dll msi.dll ntdll.dll,normal
 ntdll.dll system.web.dll kernelbase.dll msvcrt.dll conhostv2.dll advapi32.dll ucrtbase.dll gdi32.dll bcryptprimitives.dll gdi32.dll system.windows.forms.dll user32.dll win32u.dll imm32.dll oleaut32.dll netutils.dll propsys.dll sechost.dll shcore.dll shell32.dll api-ms-win-downlevel-normaliz-l1-1-0.dll windows.storage.dll powrprof.dll advapi32.dll shlwapi.dll kernel.appcore.dll kernel32.dll clbcatq.dll imm32.dll,normal
 System.AddIn.ni.dll kernel32.dll kernelbase.dll winhttp.dll user32.dll sechost.dll rpcrt4.dll msvcr120_clr0400.dll mscoree.dll wbemprox.dll gdi32.dll user32.dll lpk.dll usp10.dll secur32.dll imm32.dll msctf.dll shlwapi.dll cryptsp.dll rsaenh.dll duser.dll clbcatq.dll sxs.dll mscoreei.dll mscorwks.dll msvcr80.dll system.configuration.dll shell32.dll profapi.dll mscorlib.ni.dll mscorjit.dll mscorlib.dll mscorlib.dll version.dll mscorlib.dll mscorlib.dll sechost.dll system.ni.dll windowsbase.ni.dll presentationcore.ni.dll presentationframework.ni.dll samcli.dll system.drawing.dll presentationcore.dll presentationcore.dll ntdll.dll apphelp.dll kernelbase.dll advapi32.dll msvcrt.dll sechost.dll rpcrt4.dll msvcr120_clr0400.dll system.directoryservices.protocols.dll ole32.dll wow64win.dll wow64.dll wow64win.dll msctf.dll oleaut32.dll kernelbase.dll msctf.dll cryptbase.dll cryptsp.dll rsaenh.dll rpcrtremote.dll clbcatq.dll sxs.dll mscoreei.dll clr.dll shlwapi.dll mscorlib.ni.dll clrjit.dll system.ni.dll wow64win.dll mscorlib.dll mscorlib.dll system.web.datavisualization.design.ni.dll system.web.datavisualization.ni.dll system.drawing.ni.dll system.windows.forms.ni.dll ntdll.dll system.design.ni.dll system.drawing.design.ni.dll ntdll.dll system.web.ni.dll system.web.dll system.web.dll system.xml.ni.dll ntdll.dll ntdll.dll wow64.dll wow64win.dll wow64cpu.dll kernel32.dll kernel32.dll kernel32.dll user32.dll sspicli.dll kernelbase.dll advapi32.dll msvcrt.dll sspicli.dll rpcrt4.dll comctl32.dll cryptbase.dll msvcr120_clr0400.dll mscoree.dll ole32.dll gdi32.dll user32.dll lpk.dll usp10.dll oleaut32.dll mswsock.dll msctf.dll cryptsp.dll rsaenh.dll rpcrtremote.dll clbcatq.dll sxs.dll mscoreei.dll mscorwks.dll System.Xml.Linq.dll msctf.dll shell32.dll profapi.dll mscorlib.ni.dll mscorjit.dll mscorlib.dll mscorlib.dll version.dll sspicli.dll mscorlib.dll system.ni.dll system.printing.ni.dll dhcpcsvc6.dll system.printing.dll system.printing.dll system.printing.dll wkscli.dll system.dll system.dll system.dll pcwum.dll windowsbase.ni.dll presentationcore.ni.dll presentationframework.ni.dll wow64.dll dwmapi.dll imm32.dll presentationframework.dll user32.dll System.Deployment.ni.dll windowsbase.dll windowsbase.dll TSWorkspace.dll presentationcore.dll presentationcore.dll presentationcore.dll system.drawing.ni.dll system.drawing.dll msls31.dll ntdll.dll system.drawing.dll system.xml.ni.dll system.xml.dll dui70.dll system.xml.dll system.xml.dll System.XML.dll reachframework.dll reachframework.dll uiautomationprovider.ni.dll oleaut32.dll uiautomationprovider.dll uiautomationprovider.dll uiautomationprovider.dll oleacc.dll system.deployment.dll system.deployment.dll system.deployment.dll system.deployment.dll presentationui.ni.dll presentationui.dll presentationui.dll uiautomationtypes.ni.dll uiautomationtypes.dll System.Xml.ni.dll lmhsvc.dll uiautomationtypes.dll version.dll system.data.dll system.data.dll system.data.dll system.data.dll system.data.dll ws2_32.dll nsi.dll user32.dll msasn1.dll accessibility.ni.dll accessibility.dll accessibility.dll accessibility.dll accessibility.dll system.configuration.ni.dll system.configuration.dll system.configuration.dll system.configuration.dll netprofm.dll system.security.ni.dll kernelbase.dll sechost.dll system.security.dll system.security.dll system.data.sqlxml.ni.dll system.data.sqlxml.dll system.data.sqlxml.dll system.data.sqlxml.dll system.data.sqlxml.dll System.IdentityModel.dll presentationcffrasterizer.dll presentationcffrasterizer.dll psapi.dll system.windows.forms.dll system.windows.forms.dll system.windows.forms.dll comctl32.dll system.runtime.serialization.formatters.soap.ni.dll clbcatq.dll system.runtime.serialization.formatters.soap.dll system.directoryservices.ni.dll system.directoryservices.dll system.directoryservices.dll system.directoryservices.dll system.directoryservices.dll system.transactions.ni.dll sechost.dll system.transactions.dll system.transactions.dll system.transactions.dll system.transactions.dll system.enterpriseservices.ni.dll ntshrui.dll system.enterpriseservices.dll system.runtime.remoting.ni.dll lpk.dll system.runtime.remoting.dll system.web.ni.dll rsaenh.dll system.web.dll system.web.dll dmxmlhelputils.dll system.web.services.ni.dll appresolver.dll system.web.services.dll system.web.services.dll system.web.services.dll system.directoryservices.protocols.ni.dll system.directoryservices.protocols.dll system.directoryservices.protocols.dll msimg32.dll system.directoryservices.protocols.dll system.design.ni.dll system.design.dll system.design.dll wow64cpu.dll system.deployment.ni.dll system.serviceprocess.dll ole32.dll system.web.regularexpressions.dll system.web.regularexpressions.dll system.web.regularexpressions.dll system.web.regularexpressions.dll system.drawing.design.ni.dll msvcrt.dll system.drawing.design.dll system.data.oracleclient.ni.dll version.dll system.data.oracleclient.dll system.data.oracleclient.dll system.data.oracleclient.dll kernelbase.dll ntdll.dll system.configuration.install.dll system.configuration.install.dll ntdll.dll ntdll.dll wow64.dll wow64win.dll wow64cpu.dll kernel32.dll kernel32.dll system.configuration.install.ni.dll user32.dll kernel32.dll kernelbase.dll advapi32.dll msvcrt.dll profapi.dll rpcrt4.dll ws2_32.dll advapi32.dll msvcr120_clr0400.dll mscoree.dll ole32.dll gdi32.dll usp10.dll lpk.dll msctf.dll oleaut32.dll imm32.dll wintrust.dll lpk.dll rsaenh.dll rpcrtremote.dll cbscore.dll ole32.dll mscorlib.ni.dll clrjit.dll sxs.dll ntdll.dll shlwapi.dll mssvp.dll system.core.ni.dll mscorlib.dll msadce.dll system.dll system.dll CbsCore.dll sechost.dll version.dll microsoft.build.framework.ni.dll microsoft.build.ni.dll kernelbase.dll system.xml.dll system.xml.dll microsoft.build.engine.ni.dll system.configuration.ni.dll system.configuration.dll mscorlib.dll system.numerics.ni.dll system.numerics.dll updatepolicy.dll system.data.oracleclient.dll system.security.dll system.security.dll,normal
 system.ni.dll kernel32.dll ole32.dll dot3api.dll user32.dll shlwapi.dll oleaut32.dll advapi32.dll sechost.dll ws2_32.dll nsi.dll imm32.dll gdi32.dll usp10.dll KernelBase.dll wldap32.dll System.Transactions.dll shlwapi.dll system.drawing.dll rpcrtremote.dll cryptbase.dll ktmw32.dll secur32.dll msctf.dll bcrypt.dll duser.dll mswsock.dll dnsapi.dll comres.dll setupapi.dll firewallapi.dll version.dll ntmarta.dll advapi32.dll winsta.dll clusapi.dll resutils.dll xolehlp.dll msdtcprx.dll mtxclu.dll msdtctm.dll msdtclog.dll msctf.dll msdtcvsp1res.dll mtxoci.dll,normal
 wbemprox.dll auditcse.dll,normal
 imecfm.dll kernel32.dll kernelbase.dll shell32.dll user32.dll lpk.dll usp10.dll msvcrt.dll imm32.dll msctf.dll msimg32.dll rpcrt4.dll oleaut32.dll cryptbase.dll kernel32.dll mscorlib.dll sechost.dll ntdll.dll kernel32.dll mscoreei.dll cryptsp.dll user32.dll lpk.dll usp10.dll msvcrt.dll imm32.dll mf.dll sensapi.dll rpcrt4.dll oleaut32.dll MsCtfMonitor.dll kernelbase.dll advapi32.dll ws2_32.dll ntdll.dll ntdll.dll wow64.dll wow64cpu.dll wow64cpu.dll kernel32.dll oleacc.dll kernel32.dll winsetup.dll kernel32.dll kernelbase.dll advapi32.dll msvcrt.dll sechost.dll mscoree.dll kernel32.dll cryptbase.dll dnsapi.dll ws2_32.dll nsi.dll winnsi.dll acppage.dll ntdll.dll shell32.dll advapi32.dll cryptsp.dll user32.dll lpk.dll usp10.dll ole32.dll imm32.dll msctf.dll clbcatq.dll dnsapi.dll kernel32.dll rsaenh.dll rpcrtremote.dll wevtapi.dll ntdll.dll wdscore.dll wow64.dll wow64win.dll windowsbase.dll inkobj.dll kernel32.dll kernel32.dll ole32.dll sxsstore.dll user32.dll advapi32.dll msvcrt.dll sechost.dll rpcrt4.dll sspicli.dll cryptbase.dll dnsapi.dll wow64win.dll nsi.dll sensapi.dll dhcpcsvc.dll dhcpcsvc6.dll shell32.dll ntdll.dll gdi32.dll SensApi.dll lpk.dll usp10.dll ole32.dll imm32.dll msctf.dll clbcatq.dll oleaut32.dll cryptsp.dll rsaenh.dll rpcrtremote.dll cryptnet.dll ntdll.dll ntdll.dll wow64.dll wow64win.dll wow64cpu.dll kernel32.dll kernel32.dll kernel32.dll user32.dll kernel32.dll kernelbase.dll advapi32.dll msvcrt.dll sechost.dll rpcrt4.dll sspicli.dll mscorlib.dll dnsapi.dll ws2_32.dll nsi.dll ntdll.dll dhcpcsvc.dll dhcpcsvc6.dll shell32.dll shlwapi.dll gdi32.dll ole32.dll lpk.dll usp10.dll ole32.dll imm32.dll msctf.dll clbcatq.dll oleaut32.dll cryptsp.dll nlslexicons0009.dll d3d10level9.dll wevtapi.dll ntdll.dll api-ms-win-eventing-controller-l1-1-0.dll kernelbase.dll gdi32.dll user32.dll lpk.dll usp10.dll msvcrt.dll cfgmgr32.dll msctf.dll ole32.dll rpcrt4.dll oleaut32.dll cryptbase.dll clbcatq.dll advapi32.dll System.dll ntdll.dll ntdll.dll wow64.dll wow64win.dll wow64cpu.dll shlwapi.dll sechost.dll kernel32.dll user32.dll dhcpcsvc.dll kernelbase.dll msvcrt.dll usp10.dll user32.dll gdi32.dll lpk.dll usp10.dll kernel32.dll sechost.dll rpcrt4.dll usp10.dll cryptbase.dll imm32.dll msctf.dll system.data.oracleclient.dll,normal
 ntdll.dll kernel32.dll kernelbase.dll msvcrt.dll ole32.dll gdi32.dll user32.dll lpk.dll usp10.dll rpcrt4.dll microsoft.office.tools.word.dll msctf.dll System.dll clbcatq.dll advapi32.dll sechost.dll oleaut32.dll cryptsp.dll rpcrtremote.dll NlsLexicons0009.dll uxtheme.dll shacct.dll comctl32.dll shlwapi.dll userenv.dll profapi.dll KernelBase.dll ntdll.dll kernel32.dll kernelbase.dll winmm.dll winbrand.dll user32.dll gdi32.dll mscorlib.dll usp10.dll imm32.dll lpk.dll advapi32.dll,normal
 ntdll.dll kernel32.dll kernelbase.dll gdi32.dll user32.dll lpk.dll usp10.dll msvcrt.dll imm32.dll rpcrtremote.dll mapi32.dll rpcrt4.dll oleaut32.dll ntdll.dll msvcrt.dll kernelbase.dll wow64win.dll wow64cpu.dll kernel32.dll rsaenh.dll kernel32.dll user32.dll mscorlib.dll mscorlib.dll advapi32.dll msvcrt.dll usercpl.dll rpcrt4.dll sspicli.dll system.dll wow64win.dll ws2_32.dll ws2_32.dll winnsi.dll dhcpcsvc.dll dhcpcsvc6.dll shell32.dll shlwapi.dll gdi32.dll user32.dll lpk.dll usp10.dll ole32.dll imm32.dll msctf.dll clbcatq.dll oleaut32.dll cryptsp.dll wpdshext.dll rpcrtremote.dll ntdll.dll ntdll.dll ntdll.dll wow64.dll wow64win.dll usp10.dll kernel32.dll lpk.dll sechost.dll user32.dll user32.dll kernelbase.dll sppc.dll dismprov.dll ole32.dll gdi32.dll user32.dll advapi32.dll mscorlib.dll rpcrt4.dll sspicli.dll msctf.dll spoolss.dll usp10.dll version.dll imm32.dll msctf.dll sxs.dll clbcatq.dll vbscript.dll advapi32.dll wintrust.dll ntdll.dll kernelbase.dll dui70.dll rsaenh.dll msisip.dll wshext.dll comctl32.dll kernel32.dll shlwapi.dll scrobj.dll msi.dll scrrun.dll ntdll.dll kernel32.dll microsoft.visualstudio.tools.office.appinfodocument.v9.0.dll System.Data.dll user32.dll lpk.dll usp10.dll msvcrt.dll imm32.dll msctf.dll ole32.dll rpcrt4.dll oleaut32.dll ntdll.dll clbcatq.dll advapi32.dll slc.dll ntdll.dll ntdll.dll sechost.dll KernelBase.dll wow64cpu.dll kernel32.dll kernel32.dll kernel32.dll user32.dll kernel32.dll kernelbase.dll msvcrt.dll winbrand.dll user32.dll gdi32.dll lpk.dll usp10.dll System.Drawing.dll sechost.dll user32.dll sspicli.dll cryptbase.dll imm32.dll msctf.dll apphelp.dll,normal
 ntdll.dll searchfolder.dll wow64.dll wow64win.dll wow64cpu.dll kernel32.dll kernel32.dll kernel32.dll user32.dll kernel32.dll kernelbase.dll msi.dll nsi.dll advapi32.dll msvcrt.dll rpcrt4.dll sppc.dll cryptbase.dll user32.dll kernelbase.dll lpk.dll usp10.dll usp10.dll ole32.dll psapi.dll version.dll wininet.dll urlmon.dll oleaut32.dll crypt32.dll msasn1.dll iertutil.dll oleaut32.dll version.dll shell32.dll wintrust.dll rpcrt4.dll profapi.dll iertutil.dll msctf.dll secur32.dll comctl32.dll uxtheme.dll,normal
 ntdll.dll ntdll.dll msvcr120_clr0400.dll wow64win.dll system.xml.ni.dll kernelbase.dll kernel32.dll kernel32.dll user32.dll kernel32.dll kernelbase.dll msvcrt.dll winbrand.dll user32.dll netutils.dll lpk.dll usp10.dll System.ServiceModel.Activation.ni.dll sechost.dll kernel32.dll sspicli.dll cryptbase.dll imm32.dll msctf.dll apphelp.dll,normal
 ntdll.dll kernel32.dll kernelbase.dll gdi32.dll user32.dll lpk.dll usp10.dll msvcrt.dll imm32.dll msvcr80.dll ws2_32.dll rpcrt4.dll mscoree.dll cryptbase.dll clbcatq.dll System.Transactions.dll sechost.dll ntdll.dll ntdll.dll wow64.dll wow64win.dll wow64cpu.dll kernel32.dll kernel32.dll kernel32.dll user32.dll msctf.dll rsaenh.dll msvcrt.dll winbrand.dll user32.dll gdi32.dll lpk.dll clbcatq.dll advapi32.dll sechost.dll wuapi.dll sspicli.dll cryptbase.dll imm32.dll wtsapi32.dll apphelp.dll,normal
 ntdll.dll ntdll.dll kernel32.dll kernelbase.dll kernelbase.dll apphelp.dll msvcrt.dll msvcrt.dll sechost.dll sechost.dll rpcrt4.dll rpcrt4.dll shlwapi.dll clbcatq.dll ucrtbase.dll ucrtbase.dll bcryptprimitives.dll bcryptprimitives.dll gdi32.dll gdi32full.dll msvcp_win.dll msvcp_win.dll user32.dll win32u.dll shacct.dll shell32.dll cfgmgr32.dll shcore.dll shcore.dll windows.storage.dll windows.storage.dll advapi32.dll advapi32.dll api-ms-win-core-file-l2-1-1.dll kernel.appcore.dll api-ms-win-core-file-l2-1-0.dll api-ms-win-crt-locale-l1-1-0.dll system.web.regularexpressions.ni.dll mscorlib.dll sspicli.dll sspicli.dll userenv.dll userenv.dll imm32.dll cryptbase.dll uxtheme.dll oleaut32.dll comctl32.dll netapi32.dll urlmon.dll iertutil.dll user32.dll cryptbase.dll cryptbase.dll clbcatq.dll acgenral.dll mpr.dll mpr.dll mmcbase.dll mmcbase.dll wintrust.dll logoncli.dll system.xml.dll system.directoryservices.protocols.dll vcruntime140.dll crypt32.dll wkscli.dll version.dll bcrypt.dll bcrypt.dll ws2_32.dll ws2_32.dll duser.dll lpk.dll msctf.dll lpk.dll mfc42u.dll gdi32.dll apphelp.dll kernel32.dll propsys.dll gdi32.dll mlang.dll dcomp.dll system.enterpriseservices.wrapper.dll dxgi.dll SMDiagnostics.ni.dll kernel32.dll shlwapi.dll twinapi.appcore.dll twinapi.appcore.dll rmclient.dll system.windows.forms.ni.dll mmcndmgr.dll msado15.dll msxml6.dll msxml6.dll xmllite.dll xmllite.dll els.dll dsrole.dll srvcli.dll propsys.dll ntdsapi.dll user32.dll system.transactions.dll sechost.dll wldap32.dll riched32.dll riched32.dll riched20.dll riched20.dll msls31.dll dwmapi.dll dwmapi.dll comctl32.dll dataexchange.dll dataexchange.dll d3d11.dll sechost.dll atlthunk.dll propsys.dll atlthunk.dll mscoree.dll mscoree.dll mscoreei.dll mscoreei.dll SCardSvr.dll imm32.dll kernel32.dll msvcr120_clr0400.dll sxs.dll mscorlib.dll mscorlib.ni.dll cryptsp.dll msctf.dll rsaenh.dll clbcatq.dll wldp.dll wldp.dll system.dll system.ni.dll mmcex.dll kernel32.dll mmcfxcommon.dll mmcfxcommon.ni.dll kernel32.dll cryptbase.dll system.configuration.dll system.configuration.dll system.configuration.ni.dll system.xml.dll system.xml.ni.dll system.drawing.dll rpcrt4.dll bcryptprimitives.dll system.windows.forms.ni.dll diasymreader.dll diasymreader.dll cryptsp.dll lpk.dll clrjit.dll clrjit.dll kernel32.dll eventviewer.ni.dll windowscodecs.dll miguicontrols.dll miguicontrols.ni.dll gdiplus.dll system.serviceprocess.dll wow64win.dll wow64win.dll wevtapi.dll wecapi.dll wecapi.dll edputil.dll sspicli.dll coremessaging.dll coremessaging.dll coreuicomponents.dll coreuicomponents.dll ntmarta.dll ntmarta.dll wintypes.dll wintypes.dll wintypes.dll wintypes.dll wintypes.dll wintypes.dll comdlg32.dll comdlg32.dll imjptip.dll user32.dll policymanager.dll msvcp110_win.dll msvcp110_win.dll imjpapi.dll imjkapi.dll imjppred.dll dui70.dll wer.dll imetip.dll msvcrt.dll imecfm.dll dwrite.dll imesearchdll.dll mtf.dll ntdll.dll uiautomationcore.dll uiautomationcore.dll mscand20.dll imebrokerps.dll imebrokerps.dll imjplmp.dll riched20.dll nsi.dll wscapi.dll msls31.dll System.AddIn.Contract.dll system.web.dll system.web.dll system.web.dll system.web.dll system.web.dll secur32.dll secur32.dll sechost.dll explorerframe.dll thumbcache.dll thumbcache.dll windows.globalization.dll windows.globalization.dll bcp47lang.dll bcp47langs.dll api-ms-win-downlevel-ole32-l1-1-0.dll msvcrt.dll msftedit.dll globinputhost.dll api-ms-win-eventing-consumer-l1-1-0.dll tiptsf.dll api-ms-win-downlevel-normaliz-l1-1-0.dll linkinfo.dll windows.staterepositoryps.dll windows.staterepositoryps.dll windows.storage.search.dll windows.storage.search.dll webio.dll searchfolder.dll setupapi.dll structuredquery.dll mssprxy.dll mssprxy.dll mssvp.dll mssvp.dll onecorecommonproxystub.dll onecorecommonproxystub.dll ntshrui.dll gdi32.dll advapi32.dll dropboxext.dll samcli.dll kernel32.dll ntshrui.dll samlib.dll VaultCredProvider.dll onecoreuapcommonproxystub.dll twinapi.dll twinapi.dll dropboxext.dll dropboxext64.27.0.dll photometadatahandler.dll kernelbase.dll mswsock.dll vcruntime140.dll msvcp140.dll msvcp140.dll grooveex.dll coml2.dll winmm.dll winmmbase.dll winmmbase.dll cryptbase.dll setupapi.dll GrooveIntlResource.dll winsta.dll ole32.dll cldapi.dll cldapi.dll setupapi.dll atl.dll tquery.dll grooveintlresource.dll grooveintlresource.dll drprov.dll system.messaging.ni.dll ntlanman.dll advapi32.dll ehstorshell.dll davclnt.dll davclnt.dll davhlpr.dll cscui.dll cscui.dll System.ServiceProcess.ni.dll zipfldr.dll,normal
 imecfm.dll kernel32.dll KernelBase.dll gdi32.dll user32.dll lpk.dll usp10.dll msvcrt.dll imm32.dll msctf.dll ole32.dll system.ni.dll oleaut32.dll ntdll.dll ntdll.dll wow64.dll mmdevapi.dll api-ms-win-core-processenvironment-l1-1-0.dll kernel32.dll kernel32.dll kernel32.dll user32.dll kernel32.dll KernelBase.dll imageres.dll msvcrt.dll sechost.dll rpcrt4.dll sspicli.dll cryptbase.dll dnsapi.dll ws2_32.dll nsi.dll imm32.dll xmllite.dll dhcpcsvc6.dll shell32.dll shlwapi.dll gdi32.dll user32.dll system.dll advapi32.dll ole32.dll imm32.dll msctf.dll shell32.dll kernel.appcore.dll cryptsp.dll rsaenh.dll rpcrt4.dll wevtapi.dll ntdll.dll ntdll.dll wow64.dll mscorlib.dll wow64cpu.dll kernel32.dll kernel32.dll kernel32.dll api-ms-win-crt-utility-l1-1-0.dll kernel32.dll KernelBase.dll msvcrt.dll oleaut32.dll imagehlp.dll gdi32.dll user32.dll advapi32.dll sechost.dll rpcrt4.dll sspicli.dll cryptbase.dll lpk.dll usp10.dll version.dll imm32.dll msctf.dll sxs.dll rpcrt4.dll vbscript.dll secur32.dll wintrust.dll crypt32.dll cryptbase.dll user32.dll advapi32.dll rpcrt4.dll wshext.dll comctl32.dll shell32.dll shlwapi.dll scrobj.dll msi.dll user32.dll ntdll.dll kernel32.dll KernelBase.dll sechost.dll user32.dll system.data.oracleclient.dll usp10.dll msvcrt.dll imm32.dll msctf.dll ole32.dll ole32.dll oleaut32.dll cryptbase.dll clbcatq.dll KernelBase.dll sechost.dll ntdll.dll ntdll.dll wow64.dll wow64win.dll wow64cpu.dll uiribbon.dll kernel32.dll kernel32.dll user32.dll kernel32.dll KernelBase.dll wow64.dll winbrand.dll gdi32.dll gdi32.dll lpk.dll usp10.dll advapi32.dll msvcrt.dll rpcrt4.dll user32.dll advapi32.dll shlwapi.dll msctf.dll apphelp.dll,normal
 ntdll.dll certCredProvider.dll kernelbase.dll user32.dll cryptsp.dll lpk.dll advapi32.dll msvcrt.dll shlwapi.dll netplwiz.dll shell32.dll iertutil.dll rpcrt4.dll ntdll.dll imm32.dll msctf.dll comctl32.dll uxtheme.dll mscorlib.dll crypt32.dll rsaenh.dll cryptbase.dll dsrole.dll samcli.dll samlib.dll netutils.dll msswch.dll winmm.dll oleaut32.dll,normal
 cryptbase.dll kernel32.dll wininet.dll advapi32.dll msvcrt.dll sechost.dll rpcrt4.dll user32.dll gdi32.dll lpk.dll kernel.appcore.dll ole32.dll oleaut32.dll shlwapi.dll imm32.dll msctf.dll msshooks.dll mscoree.dll ole32.dll cryptbase.dll clbcatq.dll mssprxy.dll System.Activities.Presentation.ni.dll cryptsp.dll logoncli.dll RpcRtRemote.dll,normal
 ntdll.dll reachframework.ni.dll kernelbase.dll kernel32.dll msvcrt.dll sechost.dll rpcrt4.dll msvcrt.dll kernel32.dll lpk.dll msimg32.dll ole32.dll oleaut32.dll tquery.dll shlwapi.dll imm32.dll msctf.dll msshooks.dll msvcrt.dll acppage.dll cryptbase.dll clbcatq.dll cryptsp.dll rsaenh.dll wldap32.dll mssprxy.dll sxs.dll ntdll.dll ntdll.dll wow64.dll wow64win.dll wow64cpu.dll kernel32.dll msvcrt.dll kernel32.dll user32.dll nsi.dll kernelbase.dll msvcrt.dll ole32.dll gdi32.dll user32.dll advapi32.dll KernelBase.dll rpcrt4.dll msctf.dll cryptbase.dll lpk.dll usp10.dll imm32.dll msctf.dll clbcatq.dll system.data.ni.dll cryptsp.dll rsaenh.dll odbc32.dll uxtheme.dll shell32.dll shlwapi.dll dhcpcsvc6.dll comctl32.dll,normal
 ntdll.dll kernel32.dll kernelbase.dll gdi32.dll kernelbase.dll lpk.dll usp10.dll msvcrt.dll urlmon.dll msctf.dll advapi32.dll rpcrt4.dll oleaut32.dll,normal
 msvcr120_clr0400.dll mscoree.dll kernel32.dll version.dll clr.dll clr.dll taskschd.dll msctf.dll clbcatq.dll ntdll.dll msctf.dll kernelbase.dll msvcrt.dll advapi32.dll sechost.dll sspicli.dll shlwapi.dll gdi32.dll gdi32.dll lpk.dll usp10.dll ole32.dll oleaut32.dll System.Data.dll sspicli.dll cryptbase.dll wow64win.dll mscorsvc.dll,normal
 advapi32.dll kernel32.dll KernelBase.dll advapi32.dll msvcrt.dll sechost.dll rpcrt4.dll ole32.dll gdi32.dll user32.dll lpk.dll usp10.dll imm32.dll msctf.dll wdscore.dll oleaut32.dll netprofm.dll shlwapi.dll dbghelp.dll advapi32.dll vaultcli.dll Accessibility.ni.dll WindowsCodecs.dll kernel32.dll wintrust.dll userenv.dll profapi.dll mscorsec.dll dpx.dll dpx.dll msvcrt.dll wcp.dll appraiser.dll wbemprox.dll cfgmgr32.dll rpcrt4.dll mpr.dll wrpint.dll sxsstore.dll msvcr120_clr0400.dll winhttp.dll webio.dll winhttp.dll webio.dll SensApi.dll version.dll rsaenh.dll RpcRtRemote.dll clbcatq.dll CbsApi.dll user32.dll smiengine.dll ntdll.dll ntdll.dll wow64.dll wow64win.dll wow64cpu.dll kernel32.dll kernel32.dll kernel32.dll winmm.dll kernel32.dll KernelBase.dll kernelbase.dll gdi32.dll user32.dll gdi32.dll msvcrt.dll kernel32.dll oleaut32.dll sechost.dll rpcrt4.dll sspicli.dll cryptbase.dll msvcr90.dll msctf.dll apphelp.dll,normal
 ntdll.dll rsaenh.dll wow64.dll wow64win.dll KernelBase.dll kernel32.dll kernel32.dll kernel32.dll user32.dll sspicli.dll KernelBase.dll cryptbase.dll winbrand.dll sechost.dll gdi32.dll lpk.dll usp10.dll cfgmgr32.dll sechost.dll rpcrt4.dll sspicli.dll cryptbase.dll imm32.dll msctf.dll apphelp.dll,normal
 ntdll.dll msvcrt.dll kernelbase.dll advapi32.dll ntdll.dll sechost.dll rpcrt4.dll clbcatq.dll clbcatq.dll version.dll usp10.dll msswch.dll winmm.dll dwmapi.dll System.Configuration.Install.dll ole32.dll oleacc.dll oleaut32.dll shlwapi.dll wmsgapi.dll duser.dll uxtheme.dll imm32.dll msctf.dll,normal
 sechost.dll ntdll.dll wow64.dll wow64win.dll wow64cpu.dll kernel32.dll kernel32.dll kernel32.dll user32.dll kernel32.dll KernelBase.dll msvcrt.dll winbrand.dll user32.dll winmm.dll gdi32.dll kernel32.dll advapi32.dll sechost.dll ntdll.dll windows.staterepositoryps.dll cryptbase.dll imm32.dll msctf.dll apphelp.dll,normal
 ntdll.dll kernel32.dll kernelbase.dll rsaenh.dll msvcrt.dll sechost.dll usp10.dll atl.dll user32.dll gdi32.dll lpk.dll usp10.dll ole32.dll oleaut32.dll mscoree.dll shlwapi.dll kernel32.dll advapi32.dll cryptbase.dll clbcatq.dll shell32.dll userenv.dll profapi.dll comctl32.dll profapi.dll setupapi.dll cfgmgr32.dll devobj.dll ntmarta.dll wldap32.dll apphelp.dll shdocvw.dll linkinfo.dll bcrypt.dll srvcli.dll cscapi.dll slc.dll cryptsp.dll rsaenh.dll mscorwks.dll System.Configuration.ni.dll mscorlib.ni.dll sechost.dll microsoft.powershell.consolehost.ni.dll powrprof.dll version.dll psapi.dll oleaut32.dll ntmarta.dll system.transactions.ni.dll system.transactions.dll wow64win.dll wtsapi32.dll kernel32.dll microsoft.powershell.security.ni.dll culture.dll mscorjit.dll system.xml.ni.dll system.management.ni.dll system.directoryservices.ni.dll shfolder.dll system.core.dll sspicli.dll system.data.ni.dll system.configuration.ni.dll ws2_32.dll nsi.dll crypt32.dll msasn1.dll rpcrtremote.dll version.dll system.configuration.ni.dll rasapi32.dll rasman.dll rtutils.dll msimg32.dll sensapi.dll winnsi.dll dhcpcsvc6.dll dhcpcsvc.dll credssp.dll rpcrt4.dll kernel32.dll sechost.dll dnsapi.dll rasadhlp.dll system.security.dll system.security.ni.dll cryptbase.dll system.configuration.install.ni.dll wmiutils.dll rpcrtremote.dll wbemprox.dll wminet_utils.dll wminet_utils.dll gdi32.dll fastprox.dll nlaapi.dll napinsp.dll winrnr.dll ntdsapi.dll,empire
 kernel32.dll kernel32.dll clbcatq.dll msvcrt.dll conhostv2.dll combase.dll ucrtbase.dll shlwapi.dll sspicli.dll gdi32.dll ntdll.dll user32.dll win32u.dll imm32.dll oleaut32.dll msvcp_win.dll sechost.dll shcore.dll propsys.dll shell32.dll cfgmgr32.dll windows.storage.dll oleaut32.dll wow64cpu.dll shlwapi.dll kernel.appcore.dll profapi.dll clbcatq.dll msctf.dll,normal
 msvcrt.dll srumapi.dll srumapi.dll srumapi.dll,normal
 clr.dll kernel32.dll KernelBase.dll winnsi.dll user32.dll lpk.dll usp10.dll msvcrt.dll imm32.dll wow64.dll ole32.dll lpk.dll alttab.dll cryptbase.dll oleaut32.dll advapi32.dll sechost.dll ntdll.dll kernel32.dll advapi32.dll advapi32.dll msvcrt.dll sechost.dll kernel32.dll Sens.dll gdi32.dll user32.dll kernel.appcore.dll system.drawing.dll user32.dll msctf.dll setupapi.dll oleaut32.dll shell32.dll shlwapi.dll secur32.dll cryptbase.dll CbsCore.dll version.dll crypt32.dll msasn1.dll wintrust.dll msctf.dll profapi.dll ktmw32.dll dpx.dll dpx.dll dpx.dll wcp.dll DrUpdate.dll setupapi.dll imm32.dll devobj.dll mpr.dll wrpint.dll sxsstore.dll sqmapi.dll winhttp.dll webio.dll winhttp.dll webio.dll SensApi.dll cryptsp.dll rsaenh.dll advapi32.dll clbcatq.dll pnrpnsp.dll usp10.dll smiengine.dll,normal
 ntdll.dll ntdll.dll wow64.dll wow64win.dll wow64cpu.dll scrrun.dll shell32.dll kernel32.dll user32.dll kernel32.dll ondemandconnroutehelper.dll advapi32.dll lpk.dll sechost.dll sechost.dll sspicli.dll cryptbase.dll msvcr120_clr0400.dll mscoree.dll ole32.dll gdi32.dll user32.dll lpk.dll kernel32.dll oleaut32.dll imm32.dll msctf.dll cryptsp.dll rsaenh.dll rpcrtremote.dll clbcatq.dll user32.dll mscoreei.dll clr.dll api-ms-win-core-localization-l1-2-0.dll System.Drawing.dll clrjit.dll version.dll mscorlib.dll mscorlib.dll RpcRtRemote.dll system.dll system.dll microsoft.powershell.editor.dll microsoft.powershell.editor.dll system.core.ni.dll rsaenh.dll presentationcore.ni.dll presentationframework.ni.dll sspicli.dll presentationframework.dll windowsbase.dll windowsbase.dll system.core.dll system.core.dll presentationcore.dll wtsapi32.dll system.xaml.ni.dll system.xaml.dll bcryptprimitives.dll uiautomationprovider.ni.dll sspicli.dll uiautomationprovider.dll system.componentmodel.composition.ni.dll system.componentmodel.composition.dll system.componentmodel.composition.dll accessibility.ni.dll ktmw32.dll accessibility.dll system.drawing.ni.dll system.drawing.dll system.drawing.dll uiautomationtypes.ni.dll usp10.dll uiautomationtypes.dll uiautomationclient.ni.dll system.configuration.ni.dll system.configuration.dll system.configuration.dll system.xml.ni.dll mpr.dll system.xml.dll system.numerics.ni.dll system.numerics.dll system.numerics.dll system.security.ni.dll system.security.dll api-ms-win-crt-locale-l1-1-0.dll,normal
 logoncli.dll secur32.dll,normal
 imm32.dll ntdll.dll wow64.dll wow64win.dll wow64cpu.dll kernel32.dll kernel32.dll usp10.dll user32.dll msctf.dll KernelBase.dll userenv.dll winbrand.dll user32.dll msvcrt.dll lpk.dll usp10.dll advapi32.dll sechost.dll rpcrt4.dll microsoft.visualstudio.tools.applications.runtime.v9.0.dll cryptbase.dll imm32.dll msctf.dll apphelp.dll,normal
 ntdll.dll kernel32.dll kernelbase.dll advapi32.dll msvcrt.dll sspicli.dll rpcrt4.dll gdi32.dll mscoree.dll ole32.dll gdi32.dll user32.dll usp10.dll usp10.dll system.ni.dll imm32.dll msctf.dll rpcrt4.dll cryptsp.dll rsaenh.dll rpcrtremote.dll imm32.dll kernel32.dll mscoreei.dll cryptsp.dll msvcr80.dll shlwapi.dll shell32.dll profapi.dll mscorlib.ni.dll mscorjit.dll mscorlib.dll mscorlib.dll version.dll kernel32.dll imm32.dll microsoft.mediacenter.itvvm.ni.dll system.ni.dll microsoft.mediacenter.ni.dll ehiitv.ni.dll kernel32.dll system.drawing.ni.dll microsoft.mediacenter.itv.hosting.ni.dll tabskb.dll system.runtime.remoting.ni.dll ehrecobj.ni.dll system.web.ni.dll system.web.dll system.web.dll sxs.dll system.web.dll ehiuserxp.ni.dll gdi32.dll user32.dll system.security.ni.dll system.data.ni.dll system.data.ni.dll system.data.dll system.data.dll system.data.dll cryptnet.dll system.data.dll ws2_32.dll System.Deployment.dll crypt32.dll msasn1.dll imm32.dll KernelBase.dll system.enterpriseservices.ni.dll system.enterpriseservices.dll system.enterpriseservices.dll system.design.ni.dll system.serviceprocess.ni.dll system.windows.forms.ni.dll system.web.regularexpressions.ni.dll microsoft.visualc.ni.dll system.transactions.ni.dll system.transactions.dll system.transactions.dll system.transactions.dll system.transactions.dll system.transactions.dll msimg32.dll system.drawing.design.ni.dll system.data.oracleclient.ni.dll system.data.oracleclient.dll system.data.oracleclient.dll system.data.oracleclient.dll system.data.oracleclient.dll dhcpcsvc6.dll RpcRtRemote.dll system.deployment.ni.dll system.configuration.install.ni.dll ehiproxy.ni.dll mcepg.ni.dll mcstore.ni.dll bdatunepia.ni.dll shlwapi.dll bdatunepia.dll imageres.dll sxs.dll mcstoredb.ni.dll mcstoredb.dll rsaenh.dll mcstoredb.dll rasapi32.dll rasman.dll msvcrt.dll kernel32.dll profapi.dll comctl32.dll riched20.dll imagehlp.dll msctf.dll rsaenh.dll bcryptprimitives.dll userenv.dll gpapi.dll rsaenh.dll wldap32.dll sensapi.dll ntdll.dll wow64win.dll lpk.dll advapi32.dll msvcrt.dll sechost.dll msvcr120_clr0400.dll SensApi.dll Microsoft.Management.Infrastructure.dll ole32.dll gdi32.dll user32.dll lpk.dll usp10.dll oleaut32.dll imm32.dll msctf.dll cryptbase.dll cryptsp.dll rsaenh.dll rpcrtremote.dll SensApi.dll rpchttp.dll mscoreei.dll inkobj.dll shlwapi.dll mscorlib.ni.dll clrjit.dll system.ni.dll version.dll mscorlib.dll mscorlib.dll rpcrt4.dll system.drawing.ni.dll system.windows.forms.ni.dll system.directoryservices.dll system.runtime.serialization.ni.dll system.core.ni.dll system.configuration.ni.dll ntdll.dll ntdll.dll wow64.dll msasn1.dll wow64cpu.dll kernel32.dll kernel32.dll shell32.dll user32.dll kernel32.dll lpk.dll wevtapi.dll msctf.dll sechost.dll system.enterpriseservices.ni.dll sspicli.dll cryptbase.dll msvcr120_clr0400.dll gdi32.dll ole32.dll gdi32.dll rsaenh.dll lpk.dll usp10.dll kernelbase.dll imm32.dll msvcr120_clr0400.dll cryptsp.dll kernel32.dll rpcrtremote.dll clbcatq.dll user32.dll shcore.dll SensApi.dll msvcr80.dll shlwapi.dll microsoft.mediacenter.itv.hosting.ni.dll profapi.dll mscorlib.ni.dll mscoree.dll mscorlib.dll wow64win.dll version.dll mscorlib.dll mscorlib.dll system.ni.dll mscorsec.dll wintrust.dll crypt32.dll msasn1.dll comctl32.dll ktmw32.dll imagehlp.dll msxml3.dll bcrypt.dll bcryptprimitives.dll tquery.dll gpapi.dll cryptnet.dll wldap32.dll system.directoryservices.protocols.dll system.dll lpk.dll system.dll system.dll microsoft.build.framework.ni.dll microsoft.build.framework.dll microsoft.build.framework.dll microsoft.build.engine.ni.dll system.configuration.ni.dll kernel32.dll system.configuration.dll system.configuration.dll system.configuration.dll system.xml.ni.dll apphelp.dll lpk.dll system.xml.dll microsoft.build.engine.dll microsoft.build.engine.dll system.xml.dll system.security.ni.dll system.security.dll system.security.dll system.security.dll system.security.dll system.data.sqlxml.ni.dll system.data.sqlxml.dll system.data.sqlxml.dll system.data.sqlxml.dll clbcatq.dll,normal
 ntdll.dll ntdll.dll winsta.dll wow64win.dll wow64cpu.dll ntdll.dll uxtheme.dll kernel32.dll user32.dll kernel32.dll sspicli.dll msvcrt.dll winbrand.dll user32.dll gdi32.dll lpk.dll msvcrt.dll advapi32.dll sechost.dll rpcrt4.dll sspicli.dll cryptbase.dll imm32.dll msctf.dll apphelp.dll,normal
 ntdll.dll kernel32.dll mscorlib.dll msvcrt.dll msvcrt.dll sechost.dll rpcrt4.dll wow64cpu.dll gdi32.dll lpk.dll usp10.dll shell32.dll shlwapi.dll rsaenh.dll wtsapi32.dll mpr.dll ole32.dll imm32.dll msctf.dll usp10.dll cryptbase.dll cryptsp.dll rsaenh.dll,normal
 mscorlib.dll kernel32.dll kernelbase.dll msvcrt.dll mscoreei.dll rpcrt4.dll oleaut32.dll shcore.dll wer.dll system.data.entity.ni.dll advapi32.dll user32.dll msswch.dll cryptsp.dll bcrypt.dll ntdll.dll cryptbase.dll bcryptprimitives.dll ntmarta.dll,normal
 cfgmgr32.dll searchfolder.dll networkexplorer.dll samcli.dll ktmw32.dll imm32.dll shacct.dll mpclient.dll microsoft.visualc.ni.dll msutb.dll shellext.dll eppmanifest.dll syncui.dll synceng.dll sendmail.dll mydocs.dll dlnashext.dll devdispitemprovider.dll playtodevice.dll wpdshext.dll ehstorapi.dll cryptsp.dll sqmapi.dll,normal
 ntdll.dll mssprxy.dll wow64.dll wow64win.dll usp10.dll kernel32.dll mscorlib.dll kernel32.dll user32.dll kernel32.dll KernelBase.dll msvcrt.dll winbrand.dll user32.dll gdi32.dll lpk.dll usp10.dll user32.dll sechost.dll lpk.dll msvcrt.dll cryptbase.dll imm32.dll msctf.dll apphelp.dll,normal
 eppmanifest.dll gdi32.dll mydocs.dll wpdshext.dll,normal
 ntdll.dll kernel32.dll nsi.dll winhttp.dll winhttp.dll sechost.dll rpcrt4.dll msvcr120_clr0400.dll mscoree.dll iertutil.dll gdi32.dll user32.dll lpk.dll mrmcorer.dll oleaut32.dll clr.dll msctf.dll cryptbase.dll cryptsp.dll rsaenh.dll RpcRtRemote.dll clbcatq.dll sxs.dll bcrypt.dll mscorwks.dll msvcr80.dll shlwapi.dll shell32.dll profapi.dll mscorlib.ni.dll mscorjit.dll twinapi.appcore.dll mscorlib.dll usp10.dll mscorlib.dll mscorlib.dll System.ni.dll Microsoft.ManagementConsole.ni.dll System.Configuration.Install.ni.dll MMCFxCommon.ni.dll winrnr.dll System.Windows.Forms.ni.dll System.Runtime.Serialization.Formatters.Soap.ni.dll System.Configuration.ni.dll System.Xml.ni.dll System.Security.ni.dll System.Data.SqlXml.ni.dll Accessibility.ni.dll System.Deployment.ni.dll powrprof.dll kernel32.dll KernelBase.dll advapi32.dll oleaut32.dll kernel.appcore.dll rpcrt4.dll msvcr120_clr0400.dll mscoree.dll ole32.dll gdi32.dll user32.dll lpk.dll api-ms-win-service-core-l1-1-1.dll api-ms-win-downlevel-shlwapi-l1-1-0.dll imm32.dll msctf.dll cryptbase.dll cryptsp.dll rsaenh.dll RpcRtRemote.dll clbcatq.dll sxs.dll ntdll.dll mscorwks.dll msvcr80.dll shlwapi.dll shell32.dll profapi.dll mscorlib.ni.dll mscorjit.dll mscorlib.dll mscorlib.dll rpcrt4.dll ehiactivscp.ni.dll ntdll.dll System.ni.dll System.Web.DynamicData.Design.ni.dll System.Design.ni.dll wow64win.dll System.Web.dll smiengine.dll System.Web.dll System.Web.dll System.Core.ni.dll System.ComponentModel.DataAnnotations.ni.dll System.Web.Abstractions.ni.dll System.Web.Extensions.ni.dll System.Web.Routing.ni.dll System.Web.DynamicData.ni.dll System.Data.ni.dll System.Data.dll System.Data.dll System.Data.dll user32.dll System.Data.dll ws2_32.dll nsi.dll crypt32.dll msasn1.dll ondemandconnroutehelper.dll msctf.dll ProtectionManagement.dll System.Drawing.Design.ni.dll System.Configuration.ni.dll winmm.dll oleaut32.dll System.Data.OracleClient.dll System.Data.OracleClient.dll System.Xml.ni.dll System.Data.OracleClient.dll System.Runtime.Serialization.Formatters.Soap.ni.dll Accessibility.ni.dll System.Web.RegularExpressions.ni.dll System.Security.ni.dll System.Data.SqlXml.ni.dll Microsoft.VisualC.ni.dll oleaut32.dll wow64cpu.dll sechost.dll System.Transactions.dll ole32.dll System.Transactions.dll System.EnterpriseServices.ni.dll shlwapi.dll System.EnterpriseServices.dll System.DirectoryServices.ni.dll System.Runtime.Remoting.ni.dll oleaut32.dll System.DirectoryServices.Protocols.ni.dll System.ServiceProcess.ni.dll nsi.dll System.Deployment.ni.dll system.directoryservices.dll System.Data.Entity.ni.dll System.Xml.Linq.ni.dll System.ServiceModel.ni.dll System.Runtime.Serialization.ni.dll System.ServiceModel.Web.ni.dll System.Data.Services.Client.ni.dll System.Data.Services.Design.ni.dll SMDiagnostics.ni.dll System.IdentityModel.ni.dll System.Messaging.ni.dll System.IdentityModel.Selectors.ni.dll Microsoft.Transactions.Bridge.ni.dll clbcatq.dll ntdll.dll usp10.dll wow64.dll cryptbase.dll wow64cpu.dll kernel32.dll sspicli.dll kernel32.dll imm32.dll kernel32.dll kernelbase.dll advapi32.dll dnsapi.dll Microsoft.Management.Infrastructure.Native.dll rpcrt4.dll sspicli.dll cryptbase.dll msvcr120_clr0400.dll mscoree.dll ole32.dll gdi32.dll user32.dll lpk.dll usp10.dll rpcrt4.dll imm32.dll msctf.dll msctf.dll rsaenh.dll RpcRtRemote.dll clbcatq.dll sxs.dll mscoreei.dll cryptsp.dll shlwapi.dll,normal
 mscorlib.dll shlwapi.dll kernel32.dll KernelBase.dll msvcrt.dll rpcrt4.dll gdi32.dll user32.dll lpk.dll usp10.dll ole32.dll oleaut32.dll imm32.dll ntdll.dll ntdll.dll shlwapi.dll wow64win.dll wow64cpu.dll kernel32.dll kernel32.dll kernel32.dll api-ms-win-crt-time-l1-1-0.dll kernel32.dll msvcr120_clr0400.dll msvcrt.dll winbrand.dll user32.dll gdi32.dll lpk.dll dhcpcsvc6.dll system.data.oracleclient.dll sechost.dll rpcrt4.dll sspicli.dll mscorlib.dll imm32.dll msctf.dll apphelp.dll,normal
 ntdll.dll kernelbase.dll advapi32.dll msvcrt.dll sechost.dll Microsoft.VisualStudio.Tools.Applications.AddInAdapter.v9.0.dll gdi32.dll wow64cpu.dll usp10.dll d2d1.dll oleaut32.dll tquery.dll tquery.dll shlwapi.dll msshooks.dll msshooks.dll imm32.dll msctf.dll ntdll.dll msidle.dll Microsoft.WSMan.Runtime.dll user32.dll clbcatq.dll cryptsp.dll rsaenh.dll kernel32.dll mssprxy.dll mssph.dll mapi32.dll drprov.dll kernel32.dll wldap32.dll sud.dll comctl32.dll propsys.dll linkinfo.dll sechost.dll networkexplorer.dll setupapi.dll imm32.dll devobj.dll profapi.dll,normal
 ntdll.dll ntdll.dll System.Windows.Forms.dll msctf.dll wow64cpu.dll kernel32.dll kernel32.dll kernel32.dll winmm.dll System.Data.dll KernelBase.dll advapi32.dll msvcrt.dll winbrand.dll rpcrt4.dll gpapi.dll cryptbase.dll odbcint.dll mscoree.dll ole32.dll sechost.dll user32.dll lpk.dll usp10.dll oleaut32.dll imm32.dll msctf.dll cryptsp.dll rsaenh.dll cryptbase.dll clbcatq.dll sxs.dll mscoreei.dll clr.dll shlwapi.dll mscorlib.ni.dll clrjit.dll Microsoft.PowerShell.Activities.dll Microsoft.PowerShell.Activities.dll sspicli.dll mscorlib.dll msvcrt.dll kernelbase.dll Microsoft.Powershell.Workflow.ServiceCore.dll System.ni.dll System.Core.ni.dll System.Activities.ni.dll System.Activities.dll sechost.dll System.Activities.dll System.Activities.dll System.Activities.dll System.Activities.dll ws2_32.dll nsi.dll System.Management.Automation.dll System.Management.dll System.Management.Automation.dll Microsoft.Management.Infrastructure.ni.dll Microsoft.Management.Infrastructure.dll Microsoft.Management.Infrastructure.dll System.Activities.Presentation.ni.dll System.Activities.Presentation.dll System.Activities.Presentation.dll WindowsBase.ni.dll PresentationCore.ni.dll WindowsBase.dll PresentationFramework.dll sechost.dll PresentationFramework.dll PresentationFramework.dll PresentationFramework.dll PresentationFramework.dll PresentationCore.dll PresentationCore.dll PresentationCore.dll kernel32.dll PresentationCore.dll system.configuration.install.dll cryptbase.dll WindowsBase.dll WindowsBase.dll WindowsBase.dll uxtheme.dll WindowsBase.dll System.dll System.dll rpcrtremote.dll System.Xaml.dll System.Xaml.dll System.Xaml.dll System.Xaml.dll ntdll.dll System.Xaml.dll UIAutomationTypes.ni.dll UIAutomationTypes.dll UIAutomationTypes.dll UIAutomationTypes.dll rsaenh.dll UIAutomationTypes.dll profapi.dll usp10.dll System.Core.ni.dll System.Xml.dll System.Xml.dll System.Xml.dll sensapi.dll System.Xml.dll usp10.dll webio.dll Microsoft.Management.Infrastructure.CimCmdlets.ni.dll ws2_32.dll Microsoft.Management.Infrastructure.CimCmdlets.dll Microsoft.PowerShell.Utility.Activities.dll Microsoft.PowerShell.Utility.Activities.dll System.Transactions.ni.dll shlwapi.dll System.Transactions.dll System.Transactions.dll System.Transactions.dll System.Transactions.dll System.Transactions.dll wow64.dll System.ServiceModel.Internals.ni.dll System.ServiceModel.Internals.dll windows.cortana.pal.desktop.dll System.ServiceModel.Internals.dll System.ServiceModel.Internals.dll System.ServiceModel.Internals.dll System.ServiceModel.Internals.dll Microsoft.PowerShell.Activities.ni.dll,normal
 ntdll.dll system.transactions.ni.dll imm32.dll kernel32.dll sechost.dll system.directoryservices.protocols.ni.dll advapi32.dll Wldap32.dll setupapi.dll lpk.dll ws2_32.dll oleaut32.dll advapi32.dll clbcatq.dll rpcrt4.dll wpdshext.dll imageres.dll user32.dll gdi32.dll ActionCenterCPL.dll shell32.dll crypt32.dll wintrust.dll microsoft-windows-homegroupdiagnostic.netlistmgr.interop.ni.dll KernelBase.dll devobj.dll userenv.dll profapi.dll msasn1.dll RpcRtRemote.dll winsta.dll cryptbase.dll sspicli.dll msswch.dll userenv.dll windows.storage.dll apphelp.dll wmsgapi.dll msvcrt.dll kernelbase.dll msvcrt.dll cryptbase.dll bcrypt.dll netjoin.dll kerberos.dll cryptsp.dll mswsock.dll wship6.dll dnsapi.dll logoncli.dll imageres.dll bcryptprimitives.dll netutils.dll credssp.dll ubpm.dll devrtl.dll windows.cloudstore.dll mscorwks.dll version.dll ntmarta.dll nlaapi.dll netapi32.dll wcp.dll sxs.dll winnsi.dll dhcpcsvc6.dll dhcpcsvc.dll webio.dll rtutils.dll winhttp.dll webio.dll rasadhlp.dll atl.dll dsrole.dll wshqos.dll wshqos.dll rpcrt4.dll wshqos.dll wow64.dll system.enterpriseservices.ni.dll uxtheme.dll propsys.dll xmllite.dll profsvc.dll samcli.dll WinSCard.dll avrt.dll vbscript.dll rpcrt4.dll themeservice.dll UIAutomationCore.dll slc.dll Sens.dll shsvcs.dll schedsvc.dll ktmw32.dll fveapi.dll tbs.dll crypt32.dll wiarpc.dll taskcomp.dll vssapi.dll imm32.dll samlib.dll ntdsapi.dll sechost.dll wmiutils.dll wbemcomn2.dll wbemprox.dll ProtectionManagement.dll user32.dll fastprox.dll sqmapi.dll wdscore.dll srvsvc.dll browser.dll netmsg.dll mscorlib.dll hnetcfg.dll wbemcore.dll ntdll.dll kernelbase.dll netprofm.dll sscore.dll clusapi.dll wtsapi32.dll resutils.dll repdrvfs.dll npmproxy.dll aelupsvc.dll SessEnv.dll certprop.dll kernel32.dll ncobjapi.dll wbemess.dll wevtapi.dll system.management.ni.dll qmgr.dll tiptsf.dll mscms.dll upnp.dll qmgrprxy.dll appinfo.dll actxprxy.dll cabinet.dll windows.security.authentication.onlineid.dll esent.dll mspatcha.dll wups2.dll user32.dll msctf.dll version.dll wups2.dll msxml3.dll wer.dll sppc.dll slwga.dll urlmon.dll api-ms-win-downlevel-ole32-l1-1-0.dll api-ms-win-downlevel-shlwapi-l1-1-0.dll lpk.dll api-ms-win-downlevel-user32-l1-1-0.dll api-ms-win-downlevel-version-l1-1-0.dll api-ms-win-downlevel-normaliz-l1-1-0.dllnormaliz.dll iertutil.dll wininet.dll cryptnet.dll SensApi.dll schannel.dll advpack.dll api-ms-win-core-synch-l1-2-0.dll vcruntime140.dll api-ms-win-crt-runtime-l1-1-0.dll ucrtbase.dll jscript.dll ws2_32.dll api-ms-win-core-localization-l1-2-0.dll api-ms-win-core-synch-l1-2-0.dll msasn1.dll api-ms-win-core-file-l1-2-0.dll api-ms-win-crt-string-l1-1-0.dll setupapi.dll api-ms-win-crt-stdio-l1-1-0.dll api-ms-win-crt-convert-l1-1-0.dll CbsApi.dll imagehlp.dll msi.dll advpack.dll rasapi32.dll rasman.dll srclient.dll spp.dll vss_ps.dll es.dll ws2_32.dll CbsApi.dll rpcrtremote.dll,normal
 mscoree.dll mscoreei.dll clr.dll msvcr120_clr0400.dll ntdll.dll wow64.dll rpcrtremote.dll usp10.dll System.Data.dll user32.dll system.configuration.dll oleaut32.dll kernel32.dll msvcrt.dll gdi32.dll user32.dll advapi32.dll sechost.dll sechost.dll sspicli.dll cryptbase.dll lpk.dll usp10.dll dhcpcsvc6.dll msctf.dll mshtml.dll version.dll clbcatq.dll msctf.dll mscoree.dll rasman.dll fusion.dll clr.dll clr.dll msvcr120_clr0400.dll ntdll.dll ntdll.dll kernel32.dll kernel32.dll kernel32.dll KernelBase.dll ntdll.dll advapi32.dll sechost.dll rpcrt4.dll shlwapi.dll gdi32.dll user32.dll user32.dll advapi32.dll usp10.dll imm32.dll ntprint.dll fusion.dll cryptsp.dll rsaenh.dll mscorsvc.dll taskschd.dll ntdll.dll sechost.dll KernelBase.dll advapi32.dll mscorlib.dll kernel32.dll sspicli.dll user32.dll gdi32.dll lpk.dll usp10.dll ole32.dll oleaut32.dll shlwapi.dll msshooks.dll imm32.dll msvcrt.dll crypt32.dll msidle.dll clbcatq.dll cabinet.dll mapi32.dll authz.dll tquery.dll cryptsp.dll wow64win.dll RpcRtRemote.dll advapi32.dll,normal
 ntdll.dll kernel32.dll kernelbase.dll advapi32.dll msvcrt.dll sechost.dll rpcrt4.dll user32.dll msvcp_win.dll shcore.dll usp10.dll oleaut32.dll ole32.dll version.dll imm32.dll msctf.dll cryptbase.dll sxs.dll clbcatq.dll user32.dll user32.dll crypt32.dll msasn1.dll devobj.dll rsaenh.dll comctl32.dll comdlg32.dll shlwapi.dll ole32.dll dismprov.dll ntdll.dll msshooks.dll sspicli.dll lpk.dll sechost.dll ws2_32.dll msvcrt.dll wbemprox.dll wmiutils.dll rpcrtremote.dll wbemsvc.dll fastprox.dll ntdsapi.dll scrrun.dll adsldp.dll activeds.dll msvcrt.dll wldap32.dll msctf.dll netapi32.dll netutils.dll srvcli.dll wkscli.dll windows.storage.dll wbemdisp.dll,normal
 ntdll.dll kernel32.dll kernel32.dll gdi32.dll user32.dll setupapi.dll usp10.dll msvcrt.dll imm32.dll msctf.dll ole32.dll rpcrt4.dll oleaut32.dll tabskb.dll clbcatq.dll imageres.dll sechost.dll ntdll.dll ntdll.dll CustomMarshalers.ni.dll wow64win.dll dmapisetextimpl.dll dui70.dll kernel32.dll hid.dll clbcatq.dll kernel32.dll kernelbase.dll msvcrt.dll winbrand.dll user32.dll Wldap32.dll lpk.dll usp10.dll advapi32.dll sechost.dll rpcrt4.dll sspicli.dll cryptbase.dll imm32.dll msctf.dll api-ms-win-core-handle-l1-1-0.dll,normal
 ntdll.dll kernel32.dll kernelbase.dll,normal
 ntdll.dll profapi.dll sechost.dll wow64win.dll wow64cpu.dll kernel32.dll kernel32.dll kernel32.dll user32.dll kernel32.dll kernelbase.dll msvcrt.dll winbrand.dll user32.dll gdi32.dll lpk.dll usp10.dll advapi32.dll Accessibility.dll ntdll.dll sspicli.dll cryptbase.dll cryptbase.dll msctf.dll apphelp.dll,normal
 ntdll.dll kernel32.dll rpcrt4.dll rsaenh.dll msvcrt.dll sechost.dll rpcrt4.dll dnsapi.dll ws2_32.dll nsi.dll rpcrt4.dll dhcpcsvc.dll dhcpcsvc6.dll shell32.dll cryptbase.dll gdi32.dll user32.dll lpk.dll lpk.dll ole32.dll imm32.dll msctf.dll ntdll.dll ntdll.dll wow64.dll uiautomationprovider.ni.dll wow64cpu.dll kernel32.dll kernel32.dll kernel32.dll taskschd.dll kernel32.dll kernelbase.dll kernel32.dll gdi32.dll lpk.dll usp10.dll msvcrt.dll kernelbase.dll sechost.dll rpcrt4.dll sspicli.dll win32u.dll dwmapi.dll shlwapi.dll imm32.dll msctf.dll python27.dll dhcpcsvc.dll sensapi.dll system.runtime.serialization.formatters.soap.dll msasn1.dll msvcr90.dll cryptsp.dll rsaenh.dll mswsock.dll usp10.dll ws2_32.dll ole32.dll kernelbase.dll profapi.dll nlaapi.dll napinsp.dll pnrpnsp.dll wmsgapi.dll dxgi.dll wshbth.dll version.dll secur32.dll pywintypes27.dll ntdll.dll updatepolicy.dll kernelbase.dll ntmarta.dll CbsMsg.dll sechost.dll rpcrt4.dll rpcrt4.dll gdi32.dll cryptbase.dll usp10.dll ole32.dll shell32.dll shlwapi.dll imm32.dll msctf.dll cryptbase.dll uxtheme.dll clbcatq.dll imageres.dll comctl32.dll cryptsp.dll rsaenh.dll rpcrtremote.dll actxprxy.dll clusapi.dll cfgmgr32.dll devobj.dll wintrust.dll crypt32.dll msasn1.dll usp10.dll powrprof.dll slc.dll wkscli.dll kernel32.dll nsi.dll wtsapi32.dll msctf.dll shdocvw.dll explorerframe.dll duser.dll dui70.dll mscoreei.dll,normal
 tiptsf.dll kernel32.dll kernelbase.dll advapi32.dll system.enterpriseservices.dll sechost.dll rpcrt4.dll ole32.dll gdi32.dll user32.dll lpk.dll system.windows.forms.dll imm32.dll mscoree.dll wdscore.dll oleaut32.dll shell32.dll sysntfy.dll ntdll.dll cryptbase.dll cbscore.dll version.dll crypt32.dll nsi.dll System.AddIn.Contract.dll gdi32.dll profapi.dll ktmw32.dll dpx.dll dpx.dll dpx.dll wcp.dll drupdate.dll setupapi.dll nlslexicons000c.dll devobj.dll mpr.dll wrpint.dll winrnr.dll sqmapi.dll winhttp.dll webio.dll winhttp.dll webio.dll sensapi.dll rsaenh.dll rsaenh.dll msvcrt.dll clbcatq.dll cbsapi.dll smipi.dll api-ms-win-downlevel-ole32-l1-1-0.dll,normal
 system.configuration.ni.dll ntdll.dll wow64.dll wow64win.dll msvcp140.dll kernel32.dll kernel32.dll kernel32.dll user32.dll kernel32.dll wlanapi.dll msvcrt.dll winbrand.dll system.data.sqlxml.dll gdi32.dll imm32.dll usp10.dll advapi32.dll sechost.dll System.XML.dll sspicli.dll cryptbase.dll msvcrt.dll msctf.dll apphelp.dll,normal
 ntdll.dll ntdll.dll wow64.dll wow64win.dll shell32.dll oleaut32.dll kernel32.dll system.management.ni.dll user32.dll kernel32.dll kernelbase.dll msvcr80.dll msvcrt.dll imagehlp.dll rpcrt4.dll rpcrt4.dll version.dll dnsapi.dll ws2_32.dll nsi.dll System.dll dhcpcsvc.dll dhcpcsvc6.dll oleacc.dll user32.dll gdi32.dll user32.dll clrjit.dll msctf.dll ole32.dll wow64cpu.dll msctf.dll clbcatq.dll oleaut32.dll cryptsp.dll rsaenh.dll usp10.dll wevtapi.dll ntdll.dll sspicli.dll system.windows.forms.dll advapi32.dll msvcrt.dll sechost.dll bcryptprimitives.dll msvcr120_clr0400.dll cfgmgr32.dll ole32.dll gdi32.dll user32.dll lpk.dll usp10.dll oleaut32.dll imm32.dll msctf.dll rpcrt4.dll cryptsp.dll rsaenh.dll rpcrtremote.dll clbcatq.dll sxs.dll mscoreei.dll clr.dll shlwapi.dll rpcrtremote.dll msvcrt.dll system.ni.dll version.dll mscorlib.dll usp10.dll system.xml.ni.dll system.core.ni.dll system.servicemodel.ni.dll microsoft.businessdata.ni.dll dui70.dll kernel32.dll kernel32.dll system.configuration.ni.dll system.data.dll system.data.dll system.data.dll ntdll.dll kernel32.dll kernelbase.dll advapi32.dll msvcrt.dll sechost.dll rpcrt4.dll msvcr120_clr0400.dll mscoree.dll ole32.dll oleaut32.dll user32.dll ntdll.dll usp10.dll oleaut32.dll imm32.dll sspicli.dll cryptbase.dll cryptsp.dll rsaenh.dll rpcrtremote.dll clbcatq.dll sxs.dll mscoreei.dll clr.dll shlwapi.dll mscorlib.ni.dll clrjit.dll system.ni.dll shlwapi.dll msvcrt.dll system.io.compression.filesystem.ni.dll rpcrt4.dll wbemcomn2.dll system.core.ni.dll system.configuration.ni.dll api-ms-win-service-management-l2-1-0.dll ntdll.dll ntdll.dll system.web.dll wow64win.dll wow64cpu.dll user32.dll kernel32.dll kernel32.dll user32.dll kernel32.dll kernelbase.dll advapi32.dll msvcrt.dll cryptbase.dll rpcrt4.dll sspicli.dll cryptbase.dll msvcr120_clr0400.dll mscoree.dll ole32.dll gdi32.dll version.dll msadrh15.dll usp10.dll advapi32.dll imm32.dll ole32.dll system.xml.dll msctf.dll rpcrtremote.dll clbcatq.dll sxs.dll mscoreei.dll clr.dll shlwapi.dll advapi32.dll clrjit.dll system.ni.dll system.core.ni.dll version.dll system.data.services.ni.dll winhttp.dll mscorlib.dll microsoft.jscript.dll devmgr.dll system.core.dll system.core.dll system.data.services.dll system.data.services.dll system.xml.ni.dll system.xml.dll system.xml.dll system.servicemodel.ni.dll system.servicemodel.dll system.servicemodel.dll cryptnet.dll system.data.services.client.dll system.data.services.client.dll system.servicemodel.web.ni.dll clbcatq.dll system.servicemodel.web.dll system.servicemodel.activation.ni.dll rpcrt4.dll system.servicemodel.activation.dll system.runtime.serialization.ni.dll lpk.dll system.runtime.serialization.dll system.data.entity.ni.dll system.data.entity.dll system.data.entity.dll system.xml.linq.ni.dll system.xml.linq.dll system.xml.linq.dll system.configuration.ni.dll system.configuration.dll system.configuration.dll system.web.ni.dll system.web.dll system.web.dll system.data.linq.ni.dll msctf.dll system.data.linq.dll system.data.ni.dll system.data.dll system.data.dll system.data.dll ole32.dll system.numerics.dll system.numerics.dll system.security.ni.dll mscorlib.dll kernel32.dll,normal
 ole32.dll kernel32.dll KernelBase.dll rpcrt4.dll user32.dll lpk.dll usp10.dll msvcrt.dll windows.web.dll msctf.dll ole32.dll rpcrt4.dll wow64win.dll cryptbase.dll clbcatq.dll advapi32.dll sechost.dll ntdll.dll shell32.dll wow64.dll sechost.dll wow64cpu.dll kernel32.dll kernel32.dll kernel32.dll user32.dll kernel32.dll webio.dll msvcrt.dll winbrand.dll user32.dll gdi32.dll lpk.dll msvcrt.dll system.windows.forms.ni.dll sechost.dll rpcrt4.dll shell32.dll cryptbase.dll imm32.dll msctf.dll apphelp.dll,normal
 ntdll.dll ntdll.dll wow64.dll wow64win.dll wow64cpu.dll kernel32.dll kernel32.dll kernel32.dll user32.dll kernel32.dll kernelbase.dll advapi32.dll msvcrt.dll kernelbase.dll imm32.dll sspicli.dll cryptbase.dll dnsapi.dll ws2_32.dll nsi.dll clbcatq.dll dhcpcsvc.dll dhcpcsvc6.dll shell32.dll shlwapi.dll userenv.dll user32.dll lpk.dll usp10.dll ole32.dll imm32.dll msctf.dll dui70.dll oleaut32.dll cryptsp.dll rsaenh.dll kernel32.dll wevtapi.dll ntdll.dll mscorlib.dll kernelbase.dll advapi32.dll msvcrt.dll cryptbase.dll rpcrt4.dll gdi32.dll user32.dll lpk.dll msctf.dll ole32.dll msimg32.dll wmsgapi.dll wtsapi32.dll winmm.dll userenv.dll Microsoft.Management.Infrastructure.ni.dll winsta.dll crypt32.dll msasn1.dll cryptbase.dll msctf.dll imm32.dll windowsbase.dll comctl32.dll shlwapi.dll secur32.dll sspicli.dll shell32.dll cryptbase.dll combase.dll cryptsp.dll rsaenh.dll imagehlp.dll bcrypt.dll bcryptprimitives.dll ncrypt.dll gpapi.dll cryptnet.dll wldap32.dll sensapi.dll setupapi.dll cfgmgr32.dll oleaut32.dll imageres.dll cabinet.dll devrtl.dll version.dll clbcatq.dll oleaut32.dll wkscli.dll wininet.dll PresentationFramework.dll ntdll.dll kernel32.dll PresentationFramework.Royale.ni.dll cfgmgr32.dll ws2_32.dll lpk.dll ntmarta.dll wldap32.dll mscoree.dll gdi32.dll rsaenh.dll rpcrtremote.dll sechost.dll shell32.dll user32.dll gdi32.dll lpk.dll cryptbase.dll oleaut32.dll ole32.dll imm32.dll msctf.dll cryptbase.dll clbcatq.dll wbemprox.dll wbemsvc.dll fastprox.dll comctl32.dll msctf.dll ncobjapi.dll wmiutils.dll user32.dll ntdll.dll ntdll.dll wow64.dll kernel32.dll wow64cpu.dll kernel32.dll kernel32.dll cryptsp.dll user32.dll kernel32.dll kernel32.dll advapi32.dll kernel32.dll sechost.dll rpcrt4.dll sspicli.dll cryptbase.dll dnsapi.dll ws2_32.dll oleaut32.dll ntdll.dll system.directoryservices.protocols.dll dhcpcsvc6.dll shell32.dll system.xml.dll gdi32.dll user32.dll lpk.dll usp10.dll system.activities.dll imm32.dll msctf.dll clbcatq.dll windowsbase.dll cryptsp.dll rsaenh.dll system.drawing.dll wevtapi.dll ntdll.dll ntdll.dll wow64.dll wow64win.dll wow64cpu.dll kernel32.dll shell32.dll kernel32.dll kernelbase.dll netapi32.dll kernelbase.dll mscorwks.dll oleaut32.dll ole32.dll FntCache.dll user32.dll advapi32.dll sechost.dll gdi32.dll sspicli.dll msasn1.dll riched20.dll msvcrt.dll version.dll msasn1.dll system.xml.dll clbcatq.dll msshooks.dll cryptsp.dll rsaenh.dll sxs.dll dxgi.dll shlwapi.dll kernel32.dll wintrust.dll rpcrtremote.dll msasn1.dll msisip.dll wshext.dll wdscore.dll scrobj.dll msi.dll scrrun.dll,normal
 ntdll.dll kernel32.dll KernelBase.dll advapi32.dll msvcrt.dll kernel32.dll rpcrt4.dll usp10.dll gdi32.dll lpk.dll usp10.dll ole32.dll npmproxy.dll msvcrt.dll rpcrtremote.dll sspicli.dll imm32.dll msctf.dll cryptbase.dll uxtheme.dll,normal
 ntdll.dll kernel32.dll KernelBase.dll system.dll user32.dll lpk.dll usp10.dll msvcrt.dll imm32.dll tquery.dll ole32.dll rpcrt4.dll presentationcore.ni.dll cryptbase.dll clbcatq.dll advapi32.dll api-ms-win-security-lsapolicy-l1-1-0.dll,normal
 ntdll.dll kernel32.dll kernelbase.dll gdi32.dll user32.dll lpk.dll usp10.dll bcryptprimitives.dll imm32.dll msctf.dll usp10.dll rpcrt4.dll oleaut32.dll cryptbase.dll clbcatq.dll advapi32.dll sechost.dll ntdll.dll user32.dll wow64.dll wow64win.dll ncryptsslp.dll lpk.dll kernel32.dll ipmiprr.dll user32.dll kernel32.dll kernelbase.dll advapi32.dll System.Data.dll sechost.dll rpcrt4.dll filterlib.dll cryptbase.dll dnsapi.dll ws2_32.dll sensapi.dll winnsi.dll dhcpcsvc.dll user32.dll shell32.dll shlwapi.dll gdi32.dll user32.dll lpk.dll usp10.dll oleaut32.dll clbcatq.dll msctf.dll clbcatq.dll oleaut32.dll msctf.dll System.Xml.ni.dll rpcrtremote.dll oleaut32.dll,normal
 ntdll.dll ole32.dll wow64.dll wow64win.dll wow64cpu.dll kernel32.dll kernel32.dll kernel32.dll user32.dll kernel32.dll lpk.dll setupapi.dll kernel32.dll system.servicemodel.internals.ni.dll clbcatq.dll lpk.dll usp10.dll advapi32.dll sechost.dll rpcrt4.dll sspicli.dll cryptbase.dll imm32.dll msctf.dll apphelp.dll,normal
 ntdll.dll rpcrt4.dll KernelBase.dll advapi32.dll system.web.regularexpressions.dll imm32.dll rpcrt4.dll user32.dll user32.dll lpk.dll usp10.dll dwmapi.dll oleaut32.dll tquery.dll shlwapi.dll imm32.dll msctf.dll cryptbase.dll sspicli.dll nsi.dll clbcatq.dll cryptsp.dll rsaenh.dll RpcRtRemote.dll mssprxy.dll api-ms-win-downlevel-advapi32-l1-1-0.dll msvcrt.dll api-ms-win-downlevel-user32-l1-1-0.dll api-ms-win-downlevel-shell32-l1-1-0.dll gdi32.dll api-ms-win-downlevel-version-l1-1-0.dll version.dll api-ms-win-downlevel-normaliz-l1-1-0.dllnormaliz.dll iertutil.dll comctl32.dll ieframe.dll api-ms-win-downlevel-ole32-l1-1-0.dll system.windows.forms.ni.dll sspicli.dll mscorlib.dll propsys.dll wininet.dll System.Security.ni.dll eappcfg.dll api-ms-win-downlevel-advapi32-l2-1-0.dll devobj.dll rpcrt4.dll kernel32.dll wow64.dll wow64win.dll wevtapi.dll kernel32.dll kernel32.dll kernelbase.dll user32.dll kernel32.dll KernelBase.dll msvcrt.dll System.Runtime.DurableInstancing.dll ole32.dll gdi32.dll user32.dll advapi32.dll sechost.dll rpcrt4.dll sspicli.dll cryptbase.dll lpk.dll setupapi.dll ntdll.dll System.Data.dll msctf.dll sxs.dll clbcatq.dll advapi32.dll wintrust.dll comctl32.dll vbscript.dll msasn1.dll cryptsp.dll rsaenh.dll comctl32.dll shell32.dll shlwapi.dll msisip.dll wshext.dll scrobj.dll msi.dll scrrun.dll ntdll.dll kernel32.dll KernelBase.dll winmm.dll msvcp_win.dll sechost.dll rpcrt4.dll msvcr120_clr0400.dll oleaut32.dll ole32.dll gdi32.dll user32.dll lpk.dll usp10.dll oleaut32.dll imm32.dll msctf.dll cryptbase.dll cryptsp.dll rsaenh.dll imageres.dll msvcr120_clr0400.dll scrrun.dll mscoreei.dll rpcrt4.dll msvcr80.dll shlwapi.dll shell32.dll urlmon.dll mscorlib.ni.dll mscorjit.dll mscorlib.dll sechost.dll cryptbase.dll mscorlib.dll mscorlib.dll mscorsec.dll wintrust.dll System.AddIn.dll msasn1.dll KernelBase.dll riched20.dll imagehlp.dll msswch.dll bcrypt.dll bcryptprimitives.dll userenv.dll gpapi.dll cryptnet.dll ntdll.dll SensApi.dll System.ni.dll System.AddIn.ni.dll gdi32full.dll System.AddIn.Contract.ni.dll rpcrt4.dll System.Runtime.Remoting.ni.dll System.Configuration.ni.dll imagehlp.dll ntdll.dll sspicli.dll KernelBase.dll msvcr120_clr0400.dll msvcrt.dll dnsapi.dll rpcrt4.dll msvcr120_clr0400.dll mscoree.dll ole32.dll gdi32.dll user32.dll lpk.dll usp10.dll oleaut32.dll imm32.dll msctf.dll cryptbase.dll cryptsp.dll mscorjit.dll mscoreei.dll mscorlib.ni.dll sxs.dll mscoreei.dll secur32.dll shlwapi.dll msasn1.dll clrjit.dll System.ni.dll version.dll mscorlib.dll mscorlib.dll System.Xml.ni.dll System.Core.ni.dll System.Configuration.ni.dll PresentationBuildTasks.ni.dll,normal
 mscorlib.dll ntdll.dll version.dll msvcrt.dll wow64cpu.dll propsys.dll kernel32.dll kernel32.dll user32.dll kernel32.dll kernelbase.dll lpk.dll winbrand.dll wow64win.dll gdi32.dll lpk.dll usp10.dll advapi32.dll sechost.dll rpcrt4.dll sspicli.dll cryptbase.dll imm32.dll msctf.dll apphelp.dll,normal
 CbsApi.dll CbsApi.dll netapi32.dll shell32.dll srvcli.dll samcli.dll logoncli.dll browcli.dll schedcli.dll dsrole.dll security.dll secur32.dll CbsApi.dll CbsApi.dll ntdll.dll system.transactions.dll wow64.dll wow64win.dll wow64cpu.dll kernel32.dll sqmapi.dll kernel32.dll user32.dll kernel32.dll KernelBase.dll advapi32.dll msvcrt.dll sechost.dll rpcrt4.dll sspicli.dll msasn1.dll msvcr120_clr0400.dll mscoree.dll ole32.dll gdi32.dll user32.dll bcryptprimitives.dll usp10.dll oleaut32.dll imm32.dll msctf.dll cryptsp.dll rsaenh.dll RpcRtRemote.dll ntdll.dll sechost.dll mscoreei.dll clr.dll rsaenh.dll sspicli.dll clrjit.dll lpk.dll System.Core.ni.dll msasn1.dll system.windows.forms.dll System.Data.dll System.Data.dll wow64.dll mscorlib.dll msasn1.dll workfoldersshell.dll secur32.dll npmproxy.dll System.Data.dll System.Xml.ni.dll System.Xml.dll System.Xml.dll version.dll kernel32.dll System.Transactions.dll System.Transactions.dll System.Numerics.ni.dll System.Numerics.dll riched20.dll System.Configuration.ni.dll oleaut32.dll System.Configuration.dll System.Security.ni.dll System.Security.dll System.Security.dll System.EnterpriseServices.ni.dll,normal
 kernelbase.dll ntdll.dll wow64.dll wow64win.dll wow64cpu.dll dhcpcsvc6.dll kernel.appcore.dll kernel32.dll windows.staterepositoryps.dll kernel32.dll kernelbase.dll ucrtbase.dll msvcrt.dll sechost.dll rpcrt4.dll sspicli.dll cryptbase.dll dnsapi.dll ws2_32.dll nsi.dll winnsi.dll crypt32.dll dhcpcsvc6.dll shell32.dll rsaenh.dll kernelbase.dll user32.dll lpk.dll usp10.dll ole32.dll imm32.dll msctf.dll system.directoryservices.dll oleaut32.dll cryptsp.dll rsaenh.dll rpcrtremote.dll wevtapi.dll,normal
 imm32.dll sechost.dll kernelbase.dll msvcrt.dll combase.dll msvcrt.dll rpcrt4.dll comctl32.dll shcore.dll imagehlp.dll shlwapi.dll gdi32.dll gdi32full.dll user32.dll win32u.dll imm32.dll uxtheme.dll msctf.dll ntasn1.dll oleaut32.dll msvcp_win.dll startupscan.dll dwmapi.dll,normal
 mscoree.dll mscoreei.dll clr.dll msvcr120_clr0400.dll msctf.dll clbcatq.dll wintrust.dll kernelbase.dll msvcrt.dll advapi32.dll sechost.dll rpcrt4.dll shlwapi.dll gdi32.dll user32.dll kernel32.dll msctf.dll kernel32.dll cryptbase.dll fusion.dll cryptsp.dll ieframe.dll,normal
 ntdll.dll clbcatq.dll kernel32.dll msisip.dll kernelbase.dll msvcrt.dll msvcrt.dll combase.dll ws2_32.dll ucrtbase.dll rpcrt4.dll rpcrt4.dll bcryptprimitives.dll bcryptprimitives.dll kernel.appcore.dll kernel.appcore.dll cryptbase.dll twinapi.appcore.dll sechost.dll kernel32.dll rmclient.dll rmclient.dll shcore.dll version.dll user32.dll win32u.dll gdi32.dll gdi32full.dll msvcp_win.dll msvcp_win.dll oleaut32.dll wintypes.dll wshqos.dll mrmcore.dll mrmcorer.dll profapi.dll onecoreuapcommonproxystub.dll onecoreuapcommonproxystub.dll windows.ui.dll Microsoft.VisualStudio.Tools.Applications.Runtime.v9.0.dll textinputframework.dll rpcrt4.dll coremessaging.dll coremessaging.dll coreuicomponents.dll coreuicomponents.dll advapi32.dll mscoreei.dll ntmarta.dll apphelp.dll languageoverlayutil.dll languageoverlayutil.dll rpcrt4.dll bcp47mrm.dll api-ms-win-crt-convert-l1-1-0.dll biwinrt.dll oleaut32.dll contentdeliverymanager.background.dll mcx2dvcs.dll slc.dll wldp.dll powrprof.dll cdp.dll cdp.dll msvcrt.dll ws2_32.dll cfgmgr32.dll crypt32.dll wincorlib.dll bcrypt.dll bcrypt.dll sppc.dll sppc.dll crypt32.dll secur32.dll msasn1.dll ncrypt.dll ncrypt.dll msasn1.dll ntasn1.dll uxtheme.dll uxtheme.dll windows.storage.applicationdata.dll windows.storage.applicationdata.dll sspicli.dll system.security.dll threadpoolwinrt.dll threadpoolwinrt.dll windows.applicationmodel.background.timebroker.dll windows.applicationmodel.background.timebroker.dll bcrypt.dll policymanager.dll windows.applicationmodel.background.systemeventsbroker.dll windows.applicationmodel.background.systemeventsbroker.dll msvcp110_win.dll mscorwks.dll winhttp.dll winhttp.dll iphlpapi.dll wintrust.dll logoncli.dll,normal
 ntdll.dll ntdll.dll wow64.dll wow64win.dll wow64cpu.dll kernel32.dll kernel32.dll kernel32.dll sechost.dll kernel32.dll kernel32.dll advapi32.dll msvcrt.dll sechost.dll rpcrt4.dll sspicli.dll cryptbase.dll dnsapi.dll msasn1.dll kernel32.dll kernel32.dll dhcpcsvc.dll ntdll.dll shell32.dll shlwapi.dll gdi32.dll user32.dll lpk.dll msctf.dll ole32.dll imm32.dll mscoreei.dll clbcatq.dll kernel32.dll cryptsp.dll rsaenh.dll RpcRtRemote.dll wevtapi.dll,normal
 cryptbase.dll kernel32.dll msvcp_win.dll rpchttp.dll msvcrt.dll sechost.dll rpcrt4.dll user32.dll gdi32.dll lpk.dll usp10.dll ole32.dll oleaut32.dll tquery.dll shlwapi.dll imm32.dll msctf.dll msshooks.dll duser.dll kernelbase.dll kernel32.dll rsaenh.dll rpcrtremote.dll mscoree.dll mscoreei.dll mssprxy.dll ntdll.dll,normal
 ntdll.dll kernel32.dll KernelBase.dll gdi32.dll user32.dll lpk.dll configurationclient.dll netprofm.dll imm32.dll msctf.dll ole32.dll rpcrt4.dll wtsapi32.dll cryptbase.dll clbcatq.dll advapi32.dll msctf.dll ntdll.dll ntdll.dll wow64.dll wow64win.dll lpk.dll kernel32.dll kernel32.dll kernel32.dll user32.dll kernel32.dll crypt32.dll msvcrt.dll oleaut32.dll ole32.dll gdi32.dll user32.dll advapi32.dll sechost.dll rpcrt4.dll sspicli.dll cryptbase.dll system.xml.linq.ni.dll cfgmgr32.dll version.dll imm32.dll msctf.dll sxs.dll clbcatq.dll vbscript.dll advapi32.dll wintrust.dll onex.dll msasn1.dll cryptsp.dll rsaenh.dll msisip.dll wshext.dll comctl32.dll shell32.dll shlwapi.dll scrobj.dll msi.dll scrrun.dll sspicli.dll kernel32.dll KernelBase.dll shell32.dll msvcrt.dll sechost.dll rpcrt4.dll System.Web.Routing.dll lpk.dll sechost.dll System.Configuration.dll msswch.dll winmm.dll wship6.dll ntdll.dll ntdll.dll oleacc.dll oleaut32.dll cryptsp.dll wmsgapi.dll duser.dll uxtheme.dll imm32.dll msctf.dll ntdll.dll kernel32.dll KernelBase.dll gdi32.dll oleaut32.dll lpk.dll gdi32.dll msvcrt.dll imm32.dll KernelBase.dll mssvp.dll wow64cpu.dll oleaut32.dll cryptbase.dll clbcatq.dll advapi32.dll system.security.ni.dll ntdll.dll vbajet32.dll wow64.dll wow64win.dll wow64cpu.dll kernel32.dll kernel32.dll chrome_child.dll user32.dll kernel32.dll sechost.dll shlwapi.dll msvcrt.dll system.configuration.ni.dll rpcrt4.dll sspicli.dll cryptbase.dll msvcrt.dll dhcpcsvc.dll authui.dll winnsi.dll dhcpcsvc.dll kernel.appcore.dll shell32.dll shlwapi.dll gdi32.dll user32.dll lpk.dll usp10.dll wow64cpu.dll imm32.dll msctf.dll clbcatq.dll lpk.dll cryptsp.dll rsaenh.dll RpcRtRemote.dll wevtapi.dll dnsapi.dll kernel32.dll KernelBase.dll gdi32.dll user32.dll lpk.dll usp10.dll explorerframe.dll mfc42u.dll ole32.dll rpcrt4.dll oleaut32.dll wow64cpu.dll mscoreei.dll sechost.dll mmcbase.dll shlwapi.dll uxtheme.dll imm32.dll msctf.dll odbcint.dll dui70.dll comctl32.dll shell32.dll duser.dll cryptbase.dll ehsso.dll wininet.dll iertutil.dll linkinfo.dll kernel32.dll rpcrt4.dll mmcndmgr.dll msxml3.dll oleaut32.dll msvcrt.dll cryptsp.dll rsaenh.dll RpcRtRemote.dll setupapi.dll cfgmgr32.dll devobj.dll System.dll propsys.dll dwmapi.dll xmllite.dll nsi.dll mscoree.dll mscorwks.dll mcstoredb.dll oleaut32.dll mscorlib.ni.dll sxs.dll System.ni.dll System.Configuration.ni.dll SMdiagnostics.dll MMCFxCommon.ni.dll System.Xml.ni.dll cryptbase.dll System.Windows.Forms.ni.dll Culture.dll diasymreader.dll GdiPlus.dll Microsoft.ManagementConsole.ni.dll srmlib.dll srmlib.dll Microsoft.CertificateServices.Setup.Interop.dll Microsoft.CertificateServices.Setup.Interop.dll System.Web.RegularExpressions.dll srmlib.dll Interop.DfsrHelper.dll Interop.DfsrHelper.dll mscorjit.dll comctl32.dll Microsoft.BestPractices.ni.dll shcore.dll Wldap32.dll shfolder.dll msvcrt.dll dhcpcsvc.dll ws2_32.dll nsi.dll mswsock.dll comdlg32.dll secur32.dll wship6.dll sspicli.dll credui.dll wevtapi.dll kernel32.dll netapi32.dll ole32.dll srvcli.dll wkscli.dll samcli.dll logoncli.dll System.Data.SqlXml.dll devrtl.dll winnsi.dll WindowsCodecs.dll dnsapi.dll wdc.dll wdc.dll wdc.dll pdh.dll kernel32.dll msvcrt.dll tdh.dll utildll.dll wtsapi32.dll devmgr.dll devmgr.dll devmgr.dll vcruntime140_app.dll api-ms-win-downlevel-shlwapi-l1-1-0.dll userenv.dll System.ServiceProcess.ni.dll MIGUIControls.ni.dll wecapi.dll wshext.dll dsrole.dll svrmgrnc.dll osbaseln.dll CbsApi.dll advapi32.dll nlaapi.dll FirewallAPI.dll rasctrs.dll gdi32.dll wintrust.dll wups.dll slc.dll RpcRtRemote.dll cscapi.dll usp10.dll filemgmt.dll filemgmt.dll atl.dll localsec.dll userenv.dll localsec.dll wbemcntl.dll wbemcntl.dll winsta.dll MMFUtil.dll activeds.dll adsldpc.dll NapiNSP.dll winrnr.dll kernel32.dll System.Drawing.Design.ni.dll adsnt.dll mpr.dll ole32.dll userenv.dll sensapi.dll PwdSSP.dll wshqos.dll wshqos.dll wshqos.dll wshqos.dll cryptdll.dll CustomMarshalers.ni.dll CustomMarshalers.dll ieframe.dll psapi.dll imm32.dll msls31.dll msimtf.dll napinsp.dll winmm.dll MMDevAPI.dll dmdskmgr.dll dmdskmgr.dll imagehlp.dll dmutil.dll dmdskres.dll lpk.dll blbmmc.ni.dll blbproxy.dll blbproxy.dll blbproxy.dll blbproxy.ni.dll perfproc.dll perfdisk.dll ntdsperf.dll perfos.dll perfnet.dll clbcatq.dll loadperf.dll shlwapi.dll lpk.dll secur32.dll ntdll.dll ntdll.dll wow64.dll wow64win.dll wow64cpu.dll kernel32.dll kernel32.dll gdi32.dll user32.dll webio.dll KernelBase.dll sechost.dll msvcrt.dll sechost.dll samcli.dll msctf.dll cryptbase.dll user32.dll ws2_32.dll nsi.dll winnsi.dll msi.dll dhcpcsvc6.dll system.data.sqlxml.dll shlwapi.dll gdi32.dll user32.dll npmproxy.dll usp10.dll ole32.dll imm32.dll msctf.dll clbcatq.dll system.web.regularexpressions.dll cryptsp.dll cryptbase.dll ole32.dll wevtapi.dll ntdll.dll system.addin.ni.dll wow64.dll ntdll.dll wow64cpu.dll system.enterpriseservices.dll kernel32.dll ws2_32.dll user32.dll kernel32.dll KernelBase.dll gdi32.dll msvcrt.dll user32.dll gdi32.dll lpk.dll usp10.dll advapi32.dll system.drawing.dll rpcrt4.dll sspicli.dll cryptbase.dll imm32.dll msctf.dll apphelp.dll,normal
 windows.applicationmodel.background.systemeventsbroker.dll mssvp.dll mapi32.dll mssvp.dll mapi32.dll,normal
 msctf.dll imm32.dll ntdll.dll ntdll.dll kernel32.dll KernelBase.dll kernelbase.dll kernelbase.dll mscorsec.dll msvcrt.dll rpcrt4.dll rpcrt4.dll wdscore.dll gdi32.dll user32.dll user32.dll lpk.dll lpk.dll usp10.dll usp10.dll kernel32.dll ole32.dll winhttp.dll oleaut32.dll imm32.dll imm32.dll ntdll.dll kernel32.dll kernel32.dll user32.dll kernelbase.dll wow64.dll wow64win.dll wow64cpu.dll msvcrt.dll kernel32.dll kernelbase.dll wer.dll advapi32.dll msvcrt.dll sxs.dll user32.dll advapi32.dll sechost.dll bcryptprimitives.dll sspicli.dll actxprxy.dll lpk.dll usp10.dll shell32.dll shlwapi.dll ws2_32.dll nsi.dll wldap32.dll msctf.dll clbcatq.dll msasn1.dll cryptsp.dll rsaenh.dll wow64.dll dhcpcsvc.dll dhcpcsvc6.dll rpcrtremote.dll wevtapi.dll,normal
 KernelBase.dll kernel32.dll KernelBase.dll advapi32.dll ntdll.dll sechost.dll rpcrt4.dll ole32.dll sechost.dll kernel32.dll lpk.dll usp10.dll System.Data.ni.dll msctf.dll wdscore.dll cryptbase.dll shell32.dll sechost.dll dbghelp.dll cryptbase.dll CbsCore.dll api-ms-win-core-comm-l1-1-0.dll crypt32.dll msasn1.dll wintrust.dll userenv.dll ntdll.dll ktmw32.dll dpx.dll sechost.dll dpx.dll wcp.dll DrUpdate.dll setupapi.dll cfgmgr32.dll devobj.dll mpr.dll kernel32.dll sxsstore.dll sqmapi.dll winhttp.dll wuapi.dll api-ms-win-core-errorhandling-l1-1-1.dll webio.dll SensApi.dll cryptsp.dll dbghelp.dll RpcRtRemote.dll clbcatq.dll CbsApi.dll setupapi.dll smiengine.dll,normal
 sfc.dll sfc_os.dll miguiresource.dll devicecenter.dll devicecenter.dll mssvp.dll mapi32.dll wpdshext.dll mscorlib.dll msctf.dll,normal
 ntdll.dll ntdll.dll kernel32.dll wow64.dll webio.dll msvcp_win.dll msvcp_win.dll usp10.dll ucrtbase.dll combase.dll gdi32.dll rpcrt4.dll bcryptprimitives.dll bcryptprimitives.dll bcrypt.dll wow64.dll msvcrt.dll devobj.dll crypt32.dll sxs.dll msasn1.dll advapi32.dll wdscore.dll bcrypt.dll bcrypt.dll sechost.dll sechost.dll kernel.appcore.dll mscorlib.dll lpk.dll chakra.dll user32.dll wintypes.dll wintypes.dll win32u.dll user32.dll iertutil.dll msctf.dll gdi32full.dll ws2_32.dll ws2_32.dll msdelta.dll msdelta.dll wintrust.dll cryptsp.dll system.runtime.serialization.formatters.soap.ni.dll imm32.dll mscorlib.dll windows.storage.dll windows.storage.dll shlwapi.dll usp10.dll powrprof.dll filterlib.dll fltlib.dll windows.globalization.dll windows.globalization.dll oleaut32.dll bcp47mrm.dll wow64win.dll System.XML.dll bcp47langs.dll sxs.dll shlwapi.dll winrttracing.dll winrttracing.dll windows.web.http.dll windows.web.http.dll cryptbase.dll cryptbase.dll canonurl.dll canonurl.dll smartscreenps.dll smartscreenps.dll wbemcntl.dll windows.security.authentication.onlineid.dll dpapi.dll dpapi.dll user32.dll system.data.oracleclient.dll netutils.dll slc.dll slc.dll ntdll.dll sppc.dll policymanager.dll policymanager.dll msvcp110_win.dll msvcp110_win.dll wininet.dll wininet.dll system.data.dll sspicli.dll ondemandconnroutehelper.dll ondemandconnroutehelper.dll iphlpapi.dll winhttp.dll winhttp.dll mswsock.dll mswsock.dll firewallapi.dll fwbase.dll fwbase.dll winnsi.dll winnsi.dll nsi.dll nsi.dll rsaenh.dll rsaenh.dll urlmon.dll urlmon.dll dnsapi.dll rasadhlp.dll secur32.dll kernelbase.dll schannel.dll schannel.dll mskeyprotect.dll mskeyprotect.dll ncrypt.dll setupapi.dll ntasn1.dll ntasn1.dll cryptnet.dll kernelbase.dll ncryptsslp.dll certenroll.dll wow64win.dll dsparse.dll certca.dll wldap32.dll mlang.dll,normal
 ntdll.dll ole32.dll imm32.dll mscorlib.dll sechost.dll msctf.dll microsoft.visualbasic.dll lpk.dll ws2_32.dll system.identitymodel.dll advapi32.dll rpcrt4.dll nsi.dll msvcrt.dll cryptsp.dll gdi32.dll usp10.dll wsock32.dll KernelBase.dll devobj.dll api-ms-win-crt-locale-l1-1-0.dll cryptbase.dll sspicli.dll secur32.dll clbcatq.dll winhttp.dll crypt32.dll msasn1.dll srvcli.dll cryptsp.dll mswsock.dll wship6.dll dnsapi.dll credssp.dll powrprof.dll sxs.dll winsta.dll shlwapi.dll bcrypt.dll WlS0WndH.dll version.dll userenv.dll profapi.dll gpapi.dll devrtl.dll SPInf.dll netutils.dll cryptsp.dll gdi32.dll wtsapi32.dll rasadhlp.dll atl.dll dsrole.dll FirewallAPI.dll wsock32.dll WSDApi.dll webservices.dll fundisc.dll wkscli.dll cscapi.dll umb.dll localspl.dll System.AddIn.dll PrintIsolationProxy.dll msctf.dll wmsgapi.dll shell32.dll wow64win.dll usbmon.dll WSDMon.dll fdPnp.dll winprint.dll wow64win.dll msvcp_win.dll,normal
 ntdll.dll ntdll.dll wow64.dll wow64win.dll rasapi32.dll kernel32.dll kernel32.dll kernel32.dll user32.dll kernel32.dll system.deployment.dll apphelp.dll advapi32.dll comctl32.dll gdi32.dll mfc42u.dll msvcrt.dll shlwapi.dll sxs.dll shell32.dll user32.dll wininet.dll winmm.dll ws2_32.dll sechost.dll rpcrt4.dll msvcrt.dll combase.dll shlwapi.dll iertutil.dll system.printing.dll winmmbase.dll nsi.dll sechost.dll profapi.dll cfgmgr32.dll devobj.dll cryptbase.dll system.runtime.remoting.dll imm32.dll msctf.dll kernel.appcore.dll shlwapi.dll riched32.dll riched20.dll usp10.dll msls31.dll dwmapi.dll shcore.dll version.dll bcrypt.dll nlaapi.dll propsys.dll ntmarta.dll kernel32.dll imecfm.dll wer.dll shcore.dll tiptsf.dll system.ni.dll msdart.dll oledb32.dll gpapi.dll comsvcs.dll clbcatq.dll msjetoledb40.dll msjet40.dll msjter40.dll mswstr10.dll msjint40.dll crypt32.dll msasn1.dll dpapi.dll cryptsp.dll system.web.services.dll msadox.dll rsaenh.dll msjtes40.dll vbajet32.dll expsrv.dll msdadiag.dll imecfm.dll wer.dll msadce.dll msadcer.dll System.Configuration.ni.dll avrt.dll ieframe.dll mlang.dll msxml6.dll setupapi.dll,caidao
 user32.dll ntdll.dll wow64.dll wow64win.dll cryptbase.dll kernel32.dll kernel32.dll kernel32.dll System.Web.dll kernel32.dll kernelbase.dll advapi32.dll devmgr.dll sechost.dll rpcrt4.dll sspicli.dll cryptbase.dll msvcr120_clr0400.dll oleaut32.dll sspicli.dll schedcli.dll user32.dll lpk.dll usp10.dll oleaut32.dll imm32.dll System.ServiceModel.Internals.dll cryptsp.dll rpcrt4.dll rpcrtremote.dll clbcatq.dll lpk.dll mscoreei.dll clr.dll shlwapi.dll mscorlib.ni.dll clrjit.dll wow64cpu.dll mscorlib.ni.dll version.dll mscorlib.dll mscorlib.dll microsoft.office.tools.ni.dll system.ni.dll system.dll system.dll system.core.ni.dll microsoft.visualstudio.tools.applications.runtime.ni.dll system.core.dll winnsi.dll clbcatq.dll System.Data.dll system.windows.forms.dll system.windows.forms.dll system.drawing.dll system.drawing.dll microsoft.visualstudio.tools.applications.hosting.ni.dll ntdll.dll msvcrt.dll system.configuration.dll system.xml.ni.dll system.xml.dll system.xml.dll,normal
 user32.dll mssvp.dll imecfm.dll wpdshext.dll audiodev.dll mssvp.dll mapi32.dll,normal
 sensapi.dll sensapi.dll,normal
 ntdll.dll kernel32.dll kernelbase.dll kernel32.dll msvcrt.dll sechost.dll dnsapi.dll msvcr120_clr0400.dll mscoree.dll ole32.dll gdi32.dll user32.dll lpk.dll usp10.dll cryptsp.dll imm32.dll msctf.dll kernel32.dll cryptsp.dll rsaenh.dll rpcrtremote.dll ws2_32.dll sxs.dll mscoreei.dll wow64cpu.dll usp10.dll shlwapi.dll shell32.dll profapi.dll mscorlib.ni.dll mscorjit.dll clbcatq.dll mscorlib.dll version.dll mscorlib.dll mscorlib.dll CbsCore.dll gdi32.dll ole32.dll presentationcore.ni.dll presentationframework.ni.dll presentationcore.dll presentationcore.dll presentationcore.dll presentationcore.dll,normal
 eppmanifest.dll sendmail.dll mydocs.dll kernel32.dll ondemandconnroutehelper.dll,normal
 ntdll.dll diagcpl.dll KernelBase.dll kernel.appcore.dll msvcrt.dll sechost.dll rpcrt4.dll msvcr120_clr0400.dll winnsi.dll ole32.dll gdi32.dll user32.dll lpk.dll rsaenh.dll system.configuration.dll imm32.dll msctf.dll crypt32.dll PresentationUI.ni.dll rsaenh.dll RpcRtRemote.dll clbcatq.dll sxs.dll mscoreei.dll mscorwks.dll msvcr80.dll shlwapi.dll shell32.dll profapi.dll gdi32full.dll mscorjit.dll mscorlib.dll cryptsp.dll twinapi.appcore.dll d3d10level9.dll mscorlib.dll PresentationFramework.Royale.ni.dll System.ni.dll System.XML.dll PresentationCore.ni.dll msvcr120_clr0400.dll PresentationCore.dll PresentationCore.dll PresentationCore.dll PresentationCore.dll ntdll.dll ntdll.dll kernel32.dll wow64.dll kernel32.dll user32.dll wow64win.dll mydocs.dll mscoree.dll wow64cpu.dll RpcRtRemote.dll sxs.dll user32.dll kernel32.dll KernelBase.dll mscoreei.dll clr.dll shlwapi.dll advapi32.dll msvcrt.dll nsi.dll winnsi.dll sspicli.dll vm3dum64.dll lpk.dll gdi32.dll msvcrt.dll lpk.dll wow64cpu.dll oleaut32.dll imm32.dll mscorlib.ni.dll clrjit.dll msctf.dll Microsoft.Powershell.Core.Activities.dll ncryptsslp.dll rsaenh.dll Microsoft.Powershell.Core.Activities.dll mscorlib.dll mscorlib.dll Microsoft.Powershell.Workflow.ServiceCore.dll Microsoft.Powershell.Workflow.ServiceCore.dll System.ni.dll System.Core.ni.dll System.Activities.ni.dll kernelbase.dll System.Activities.dll System.Activities.dll System.Activities.dll System.Activities.dll System.Activities.dll SmartcardCredentialProvider.dll System.Management.Automation.dll System.Management.Automation.dll version.dll System.Management.ni.dll cryptsp.dll System.Management.dll System.Core.dll ntdll.dll System.Core.dll System.Core.dll lpk.dll System.Core.dll Microsoft.Management.Infrastructure.ni.dll Microsoft.Management.Infrastructure.dll Microsoft.Management.Infrastructure.dll mscoree.dll System.dll System.ServiceModel.Internals.ni.dll System.ServiceModel.Internals.dll System.ServiceModel.Internals.dll System.ServiceModel.Internals.dll System.ServiceModel.Internals.dll System.ServiceModel.Internals.dll System.ServiceModel.Internals.dll System.Transactions.ni.dll System.Transactions.dll System.Transactions.dll System.Transactions.dll System.Transactions.dll clbcatq.dll System.Transactions.dll System.Transactions.dll Microsoft.PowerShell.Core.Activities.ni.dll ntdll.dll kernel32.dll KernelBase.dll advapi32.dll wow64win.dll sechost.dll rpcrt4.dll rsaenh.dll gdi32.dll lpk.dll usp10.dll ole32.dll oleaut32.dll mscorsvc.dll msshooks.dll ntdll.dll msctf.dll cryptbase.dll sspicli.dll clbcatq.dll tquery.dll cryptsp.dll ntdll.dll msctf.dll mssprxy.dll ReachFramework.dll advapi32.dll api-ms-win-downlevel-shlwapi-l1-1-0.dll api-ms-win-downlevel-user32-l1-1-0.dll api-ms-win-downlevel-shell32-l1-1-0.dll microsoft.visualstudio.tools.office.hostadapter.v10.0.ni.dll api-ms-win-downlevel-version-l1-1-0.dll version.dll api-ms-win-downlevel-normaliz-l1-1-0.dllnormaliz.dll api-ms-win-base-util-l1-1-0.dll wow64.dll api-ms-win-downlevel-shlwapi-l2-1-0.dll api-ms-win-downlevel-ole32-l1-1-0.dll secur32.dll sspicli.dll version.dll msasn1.dll wininet.dll sechost.dll profapi.dll api-ms-win-downlevel-advapi32-l2-1-0.dll,normal
 ntdll.dll kernel32.dll KernelBase.dll advapi32.dll msvcrt.dll msasn1.dll rpcrt4.dll devobj.dll user32.dll lpk.dll usp10.dll shlwapi.dll shell32.dll ole32.dll oleaut32.dll imm32.dll dui70.dll ntdll.dll msctf.dll uxtheme.dll gdi32.dll cfgmgr32.dll setupapi.dll mcstoredb.dll slc.dll GdiPlus.dll secur32.dll sspicli.dll imageres.dll winsta.dll cryptbase.dll comctl32.dll apphelp.dll clbcatq.dll cryptsp.dll sechost.dll rpcrtremote.dll ExplorerFrame.dll netapi32.dll actxprxy.dll,normal
 RpcRtRemote.dll imm32.dll comctl32.dll tapi32.dll ntmarta.dll ntprint.dll mscms.dll,normal
 advapi32.dll ntdll.dll kernel32.dll kernelbase.dll oleaut32.dll msvcrt.dll msvcrt.dll KernelBase.dll ucrtbase.dll ucrtbase.dll rpcrt4.dll rpcrt4.dll bcryptprimitives.dll bcryptprimitives.dll ntdll.dll kernel.appcore.dll wtsapi32.dll twinapi.appcore.dll lpk.dll sechost.dll rmclient.dll rmclient.dll wintypes.dll wintypes.dll shcore.dll shcore.dll accessibility.dll api-ms-win-downlevel-user32-l1-1-0.dll gdi32.dll gdi32full.dll msvcp_win.dll sechost.dll imm32.dll mrmcore.dll mrmcorer.dll profapi.dll onecoreuapcommonproxystub.dll onecoreuapcommonproxystub.dll gdi32.dll wpdshext.dll textinputframework.dll inputhost.dll coreuicomponents.dll coreuicomponents.dll coremessaging.dll coremessaging.dll advapi32.dll advapi32.dll ntmarta.dll ntmarta.dll languageoverlayutil.dll languageoverlayutil.dll bcp47mrm.dll bcp47mrm.dll uxtheme.dll uxtheme.dll biwinrt.dll microsoft.visualc.ni.dll oleaut32.dll msvcrt.dll policymanager.dll policymanager.dll system.data.services.client.dll msvcrt.dll msvcrt.dll sspicli.dll gdi32.dll wldp.dll system.security.dll cdp.dll cdp.dll gpapi.dll ws2_32.dll ws2_32.dll msasn1.dll msasn1.dll cfgmgr32.dll wintrust.dll sppc.dll sppc.dll ws2_32.dll winhttp.dll msctf.dll msvcp110_win.dll bcrypt.dll bcrypt.dll rpcrtremote.dll ncrypt.dll version.dll ntasn1.dll ntasn1.dll windows.storage.applicationdata.dll windows.storage.applicationdata.dll logoncli.dll rpcrt4.dll threadpoolwinrt.dll advapi32.dll cryptbase.dll windows.applicationmodel.background.systemeventsbroker.dll windows.applicationmodel.background.systemeventsbroker.dll,normal
 ntdll.dll System.Runtime.DurableInstancing.dll sechost.dll advapi32.dll msvcrt.dll sxs.dll rpcrt4.dll user32.dll credssp.dll lpk.dll usp10.dll oleaut32.dll ole32.dll bcrypt.dll ws2_32.dll nsi.dll imm32.dll kernel32.dll psapi.dll ws2_32.dll cscapi.dll cryptsp.dll dhcpcsvc6.dll wow64.dll ntdsapi.dll msvcr90.dll msvcp90.dll vsocklib.dll wbemprox.dll wbemcomn2.dll fastprox.dll wbemsvc.dll wmiutils.dll loadperf.dll wmiprov.dll wbemcomn.dll System.Drawing.Design.dll vmguestlib.dll,normal
 ntdll.dll kernel32.dll imm32.dll kernel32.dll sechost.dll shlwapi.dll propsys.dll wldap32.dll rpcrt4.dll ws2_32.dll oleaut32.dll advapi32.dll clbcatq.dll rpcrt4.dll nsi.dll msvcrt.dll settingsynccore.dll perfproc.dll usp10.dll cfgmgr32.dll kernelbase.dll rpcrt4.dll msvcrt.dll rpcrtremote.dll cryptbase.dll sspicli.dll system.web.regularexpressions.ni.dll authz.dll bcrypt.dll cryptsp.dll msasn1.dll mswsock.dll wship6.dll netlogon.dll netlogon.dll rsaenh.dll gdi32.dll gpapi.dll pcwum.dll version.dll ntmarta.dll nlaapi.dll msvcrt.dll dhcpcsvc6.dll dhcpcsvc.dll wtsapi32.dll firewallapi.dll taskschd.dll rsaenh.dll SensApi.dll lmhsvc.dll lmhsvc.dll lmhsvc.dll dhcpcore.dll kernel32.dll twinapi.appcore.dll wdscore.dll dhcpcore.dll dhcpcore.dll dhcpcore.dll dhcpcore.dll dhcpcore.dll dhcpcore.dll mpssvc.dll wfapigp.dll sspicli.dll mscms.dll mscms.dll pcasvc.dll pcasvc.dll pcasvc.dll pcasvc.dll servicemodelevents.dll servicemodelevents.dll peerdistsh.dll peerdistsh.dll peerdistsh.dll vsocklib.dll peerdistsh.dll peerdistsh.dll peerdistsh.dll peerdistsh.dll sechost.dll peerdistsh.dll peerdistsh.dll peerdistsh.dll peerdistsh.dll system.web.ni.dll sstpsvc.dll sstpsvc.dll clbcatq.dll provsvc.dll provsvc.dll System.Transactions.dll provsvc.dll provsvc.dll provsvc.dll provsvc.dll netprofm.dll oleaut32.dll npmproxy.dll diagperf.dll pnpts.dll gpapi.dll system.messaging.ni.dll winsta.dll,normal
 ntdll.dll kernel32.dll kernelbase.dll advapi32.dll msvcrt.dll sechost.dll rpcrt4.dll rsaenh.dll bcryptprimitives.dll shlwapi.dll gdi32full.dll msvcp_win.dll ucrtbase.dll ole32.dll combase.dll comres.dll oleaut32.dll shell32.dll cfgmgr32.dll shcore.dll msvcrt.dll shlwapi.dll kernel.appcore.dll powrprof.dll lpk.dll oleacc.dll uxtheme.dll advapi32.dll imm32.dll playsndsrv.dll,normal
 system.configuration.dll kernel32.dll kernelbase.dll msvcrt.dll ole32.dll gdi32.dll advapi32.dll lpk.dll usp10.dll gdi32.dll imm32.dll profapi.dll cryptbase.dll ktmw32.dll advapi32.dll cryptbase.dll oleaut32.dll wpdshext.dll rsaenh.dll rpcrtremote.dll uxtheme.dll thumbcache.dll shell32.dll shlwapi.dll psapi.dll propsys.dll comctl32.dll,normal
 ntdll.dll ntdll.dll wow64.dll urlmon.dll SensApi.dll rpcrt4.dll kernel32.dll kernel32.dll user32.dll kernel32.dll kernelbase.dll advapi32.dll msvcrt.dll sechost.dll rpcrt4.dll rpcrt4.dll mssprxy.dll wow64.dll ws2_32.dll system.windows.forms.ni.dll version.dll dhcpcsvc.dll dhcpcsvc6.dll d2d1.dll shell32.dll user32.dll lpk.dll usp10.dll msvcrt.dll smdiagnostics.dll msctf.dll kernel32.dll oleaut32.dll user32.dll msvcrt.dll rpcrtremote.dll wevtapi.dll shlwapi.dll user32.dll kernel32.dll kernelbase.dll advapi32.dll msvcrt.dll sechost.dll rpcrt4.dll msvcr120_clr0400.dll mscoree.dll ole32.dll gdi32.dll user32.dll lpk.dll usp10.dll oleaut32.dll imm32.dll msctf.dll cryptbase.dll oleacc.dll rsaenh.dll rpcrtremote.dll clbcatq.dll sxs.dll System.Data.ni.dll mscorwks.dll msvcr80.dll shlwapi.dll shell32.dll msvcr80.dll mscorlib.ni.dll mscorjit.dll mscorlib.dll mscorlib.dll RpcRtRemote.dll mscorlib.dll mscorlib.dll system.ni.dll secur32.dll IDStore.dll netutils.dll System.Web.ni.dll system.data.dll system.data.dll comctl32.dll ws2_32.dll nsi.dll crypt32.dll msasn1.dll system.xml.ni.dll clr.dll system.transactions.dll system.transactions.dll kernel32.dll system.transactions.dll cfgmgr32.dll system.runtime.serialization.ni.dll system.configuration.ni.dll system.data.entity.ni.dll system.security.ni.dll ole32.dll microsoft.visualc.ni.dll system.enterpriseservices.ni.dll wldap32.dll system.enterpriseservices.dll sfc.dll system.runtime.remoting.ni.dll system.web.ni.dll system.web.dll system.web.dll system.web.dll system.web.dll system.runtime.serialization.formatters.soap.ni.dll system.drawing.ni.dll system.web.services.ni.dll system.directoryservices.protocols.ni.dll system.design.ni.dll system.serviceprocess.ni.dll system.windows.forms.ni.dll system.web.regularexpressions.ni.dll system.drawing.design.ni.dll shcore.dll system.data.oracleclient.dll system.data.oracleclient.dll system.data.oracleclient.dll kbdnec.dll system.data.oracleclient.dll accessibility.ni.dll rsaenh.dll bdatunepia.ni.dll smdiagnostics.ni.dll clbcatq.dll kernel32.dll kernelbase.dll advapi32.dll wbemprox.dll sechost.dll rpcrt4.dll msvcr120_clr0400.dll MPSSVC.dll ole32.dll gdi32.dll imm32.dll advapi32.dll mscorlib.dll oleaut32.dll cbsapi.dll msctf.dll cryptbase.dll cryptsp.dll System.Web.dll rpcrtremote.dll clbcatq.dll sxs.dll KernelBase.dll clr.dll shlwapi.dll setupapi.dll shcore.dll system.ni.dll system.core.ni.dll version.dll mscorlib.dll mscorlib.dll advapi32.dll system.management.ni.dll oleaut32.dll system.configuration.ni.dll system.xml.ni.dll system.numerics.ni.dll oleaut32.dll ntdll.dll ntdll.dll system.xml.linq.dll wow64win.dll kernel32.dll kernel32.dll kernel32.dll kernel32.dll user32.dll kernel32.dll kernelbase.dll ktmw32.dll msvcrt.dll ehiitv.ni.dll rpcrt4.dll sspicli.dll cryptbase.dll dmprocessxmlfiltered.dll mscoree.dll ole32.dll sechost.dll user32.dll lpk.dll usp10.dll oleaut32.dll imm32.dll msctf.dll cryptsp.dll rsaenh.dll rpcrtremote.dll clbcatq.dll kernel32.dll apphelp.dll mscorwks.dll msvcr80.dll shlwapi.dll shell32.dll profapi.dll mscorlib.ni.dll mscorjit.dll mscorlib.dll mscorlib.dll version.dll olepro32.dll oleaut32.dll system.ni.dll system.dll system.dll system.dll system.dll system.configuration.ni.dll system.configuration.dll system.configuration.dll ole32.dll system.configuration.dll system.xml.ni.dll system.xml.dll system.xml.dll system.xml.dll system.xml.dll,normal
 ntdll.dll ntdll.dll drupdate.dll kernelbase.dll kernelbase.dll user32.dll advapi32.dll msvcrt.dll kernel32.dll user32.dll ole32.dll oleaut32.dll tquery.dll tquery.dll wow64cpu.dll msasn1.dll msshooks.dll msshooks.dll imm32.dll sechost.dll sechost.dll rpcrt4.dll rpcrt4.dll shlwapi.dll combase.dll shlwapi.dll imm32.dll kernel32.dll kernel.appcore.dll cryptbase.dll cryptbase.dll bcryptprimitives.dll bcryptprimitives.dll sxs.dll System.Security.dll wow64cpu.dll cryptsp.dll rsaenh.dll rsaenh.dll bcrypt.dll setupapi.dll ntdll.dll mssprxy.dll mssph.dll mssph.dll mapi32.dll authz.dll authz.dll,normal
 imm32.dll ntdll.dll wow64.dll wow64win.dll wow64cpu.dll KernelBase.dll msasn1.dll kernel32.dll user32.dll wow64cpu.dll KernelBase.dll msvcrt.dll winbrand.dll user32.dll gdi32.dll lpk.dll usp10.dll advapi32.dll sechost.dll combase.dll sspicli.dll cryptbase.dll imm32.dll msctf.dll apphelp.dll,normal
 ntdll.dll kernel32.dll KernelBase.dll msvcrt.dll ole32.dll gdi32.dll user32.dll lpk.dll UIAutomationCore.dll rpcrt4.dll imm32.dll msctf.dll rpcrt4.dll wmiutils.dll advapi32.dll ws2_32.dll kernel32.dll cryptsp.dll cfgmgr32.dll imm32.dll shacct.dll comctl32.dll cryptsp.dll userenv.dll profapi.dll samlib.dll shell32.dll ntmarta.dll Wldap32.dll,normal
 ntdll.dll kernel32.dll kernelbase.dll kernelbase.dll msvcrt.dll sechost.dll rpcrt4.dll ole32.dll combase.dll ucrtbase.dll bcryptprimitives.dll shacct.dll gdi32full.dll user32.dll win32u.dll imm32.dll msvcp_win.dll atl.dll mscoree.dll imm32.dll setupapi.dll shlwapi.dll kernel.appcore.dll version.dll advapi32.dll msvcr120_clr0400.dll psapi.dll ole32.dll mscorlib.dll system.core.ni.dll microsoft.powershell.consolehost.ni.dll cryptsp.dll rsaenh.dll bcrypt.dll windowsbase.ni.dll system.management.automation.ni.dll system.data.dll psapi.dll samlib.dll mscorlib.dll windows.storage.dll powrprof.dll shcore.dll profapi.dll dimsjob.dll msasn1.dll crypt32.dll System.Transactions.dll amsi.dll mpoav.dll microsoft.management.infrastructure.ni.dll vcruntime140.dll system.management.ni.dll system.directoryservices.ni.dll system.numerics.ni.dll atl.dll sspicli.dll system.data.ni.dll system.data.dll ws2_32.dll clrjit.dll microsoft.powershell.security.ni.dll ntdll.dll system.transactions.dll secur32.dll sspicli.dll microsoft.csharp.dll microsoft.csharp.ni.dll wldp.dll uxtheme.dll mpclient.dll userenv.dll microsoft.powershell.commands.utility.ni.dll system.configuration.install.ni.dll System.Data.Services.Client.dll rasman.dll wow64cpu.dll kernel32.dll ondemandconnroutehelper.dll nsi.dll cryptbase.dll dhcpcsvc6.dll dhcpcsvc.dll system.security.dll system.security.ni.dll microsoft.powershell.commands.management.ni.dll user32.dll wbemcomn.dll gdi32.dll wminet_utils.dll wminet_utils.dll napinsp.dll dnsapi.dll provsvc.dll nlaapi.dll advapi32.dll wbemsvc.dll System.Configuration.ni.dll,empire
 windows.security.authentication.onlineid.dll windows.networking.connectivity.dll npmproxy.dll nsi.dll winnsi.dll msvcrt.dll wwapi.dll wcmapi.dll rmclient.dll,normal
 ntdll.dll kernel32.dll kernelbase.dll advapi32.dll msvcrt.dll sechost.dll rpcrt4.dll crypt32.dll ntdll.dll msasn1.dll ole32.dll System.Data.dll kernel32.dll gdi32.dll gdi32full.dll user32.dll win32u.dll oleaut32.dll msvcp_win.dll shlwapi.dll shell32.dll cfgmgr32.dll windows.storage.dll oleaut32.dll cryptdll.dll PortableDeviceApi.dll win32u.dll shcore.dll profapi.dll setupapi.dll userenv.dll version.dll dwmapi.dll userenv.dll cryptbase.dll netutils.dll bcrypt.dll sspicli.dll sechost.dll secur32.dll wldap32.dll msjint40.dll winscard.dll winsta.dll tquery.dll srvcli.dll wkscli.dll system.transactions.dll rsaenh.dll wintypes.dll wintrust.dll vaultcli.dll,mimikatz
 ntdll.dll kernel32.dll KernelBase.dll advapi32.dll msvcrt.dll sechost.dll rpcrt4.dll user32.dll gdi32.dll lpk.dll msi.dll mpr.dll ole32.dll oleaut32.dll secur32.dll sspicli.dll dhcpcsvc6.dll nsi.dll cryptbase.dll wow64cpu.dll api-ms-win-core-com-l1-1-0.dll wkscli.dll logoncli.dll rpcrt4.dll usp10.dll ntdsapi.dll version.dll system.xml.ni.dll wow64.dll cryptbase.dll slc.dll clbcatq.dll wbemprox.dll powrprof.dll ntdll.dll kernel32.dll KernelBase.dll wevtapi.dll user32.dll kernel32.dll usp10.dll msvcrt.dll msvcrt.dll msctf.dll ole32.dll rpcrt4.dll oleaut32.dll cryptbase.dll clbcatq.dll advapi32.dll sechost.dll,normal
 msctf.dll ntdll.dll kernel32.dll kernelbase.dll kernelbase.dll msvcrt.dll System.Runtime.Remoting.ni.dll combase.dll ucrtbase.dll ucrtbase.dll cryptnet.dll rpcrt4.dll wow64cpu.dll bcryptprimitives.dll kernel.appcore.dll wldp.dll twinapi.appcore.dll twinapi.appcore.dll sechost.dll sechost.dll rmclient.dll usp10.dll wintypes.dll wintypes.dll shcore.dll shcore.dll user32.dll aelupsvc.dll dsound.dll gdi32full.dll kernelbase.dll bcryptprimitives.dll mssvp.dll mrmcore.dll usp10.dll advapi32.dll onecoreuapcommonproxystub.dll onecoreuapcommonproxystub.dll windows.ui.dll windows.ui.dll inputhost.dll textinputframework.dll coreuicomponents.dll coreuicomponents.dll advapi32.dll advapi32.dll coreuicomponents.dll coreuicomponents.dll coremessaging.dll coremessaging.dll lpk.dll coremessaging.dll ntmarta.dll ntmarta.dll languageoverlayutil.dll languageoverlayutil.dll oleaut32.dll bcp47mrm.dll uxtheme.dll imm32.dll msvcrt.dll biwinrt.dll oleaut32.dll contentdeliverymanager.background.dll slc.dll slc.dll sspicli.dll sspicli.dll policymanager.dll policymanager.dll ole32.dll wldp.dll cdp.dll cdp.dll setupapi.dll sppc.dll sppc.dll ws2_32.dll system.dll kernel32.dll msasn1.dll msasn1.dll wincorlib.dll msvcp110_win.dll winnsi.dll wintrust.dll System.Data.dll d3d10level9.dll iphlpapi.dll winhttp.dll winhttp.dll system.design.ni.dll ncrypt.dll cbsapi.dll ntasn1.dll KernelBase.dll windows.storage.applicationdata.dll oleaut32.dll threadpoolwinrt.dll threadpoolwinrt.dll windows.applicationmodel.background.timebroker.dll windows.applicationmodel.background.timebroker.dll gdi32.dll windows.applicationmodel.background.systemeventsbroker.dll,normal
 ntdll.dll ntdll.dll KernelBase.dll user32.dll msvcrt.dll gdi32.dll imm32.dll msctf.dll combase.dll rpcrt4.dll kernelbase.dll cryptbase.dll bcryptprimitives.dll cryptsp.dll uxtheme.dll cryptsp.dll user32.dll bcrypt.dll clbcatq.dll ole32.dll user32.dll BCP47Langs.dll winsta.dll mscorlib.dll oleaut32.dll SHCore.dll dwmapi.dll twinapi.dll shell32.dll shlwapi.dll userenv.dll profapi.dll ws2_32.dll wow64win.dll comctl32.dll duser.dll GdiPlus.dll Windows.UI.dll msctf.dll KernelBase.dll oleacc.dll,normal
 ntdll.dll hgcpl.dll wow64.dll wow64win.dll wow64cpu.dll kernel32.dll kernel32.dll kernel32.dll user32.dll kernel32.dll KernelBase.dll kernel32.dll ole32.dll gdi32.dll gdi32.dll ntdll.dll advapi32.dll lpk.dll mpclient.dll mofinstall.dll cryptbase.dll lpk.dll usp10.dll version.dll mpr.dll msasn1.dll msimg32.dll shell32.dll shlwapi.dll ws2_32.dll system.xaml.dll wsock32.dll netutils.dll srvcli.dll imm32.dll msctf.dll user32.dll netapi32.dll dwmapi.dll wkscli.dll oleaut32.dll,normal
 ntdll.dll kernel32.dll kernelbase.dll ole32.dll combase.dll ucrtbase.dll cryptbase.dll bcryptprimitives.dll gdi32.dll gdi32full.dll msctf.dll win32u.dll kernel32.dll kernel32.dll ntdll.dll conhostv2.dll propsys.dll shcore.dll shell32.dll kbdnec.dll sechost.dll windows.storage.dll powrprof.dll advapi32.dll shlwapi.dll kernel.appcore.dll profapi.dll clbcatq.dll msctf.dll,normal
 advapi32.dll system.runtime.serialization.formatters.soap.dll davclnt.dll davhlpr.dll cscapi.dll kbd101.dll kbd106.dll kbd106.dll kbdnec.dll,normal
 ntdll.dll kernelbase.dll user32.dll lpk.dll usp10.dll msvcrt.dll sxs.dll msctf.dll rpcrt4.dll winbrand.dll gdi32.dll Microsoft.PowerShell.Activities.dll wow64win.dll apphelp.dll,normal
 ole32.dll propsys.dll kernelbase.dll gdi32.dll user32.dll sechost.dll usp10.dll ntdll.dll imm32.dll msctf.dll ole32.dll rpcrt4.dll oleaut32.dll cryptbase.dll version.dll advapi32.dll sechost.dll bcryptprimitives.dll kernel32.dll kernelbase.dll sxs.dll msasn1.dll lpk.dll usp10.dll imm32.dll version.dll msctf.dll lpk.dll rpcrt4.dll oleaut32.dll ntdll.dll msvcrt.dll igd10iumd64.dll wow64win.dll wow64cpu.dll kernel32.dll kernel32.dll kernel32.dll user32.dll kernel32.dll kernelbase.dll msvcrt.dll crypt32.dll ole32.dll gdi32.dll user32.dll advapi32.dll sechost.dll rpcrt4.dll sspicli.dll system.xml.ni.dll PresentationCore.dll sxs.dll version.dll imm32.dll msctf.dll sxs.dll clbcatq.dll usp10.dll advapi32.dll wintrust.dll crypt32.dll shcore.dll cryptsp.dll rsaenh.dll lpk.dll wshext.dll comctl32.dll shell32.dll ole32.dll scrobj.dll msi.dll scrrun.dll ntdll.dll ntdll.dll wow64.dll wow64win.dll user32.dll kernel32.dll kernel32.dll kernelbase.dll user32.dll kernel32.dll kernelbase.dll msvcrt.dll winbrand.dll user32.dll gdi32.dll lpk.dll usp10.dll advapi32.dll wevtapi.dll rpcrt4.dll sspicli.dll cryptbase.dll imm32.dll msctf.dll apphelp.dll,normal
 ntdll.dll kernel32.dll kernelbase.dll msvcrt.dll cryptbase.dll advapi32.dll sechost.dll version.dll,normal
 uxtheme.dll kernel32.dll kernelbase.dll kernelbase.dll msvcrt.dll ntmarta.dll rpcrt4.dll msvcr120_clr0400.dll comctl32.dll ole32.dll gdi32.dll user32.dll lpk.dll nsi.dll oleaut32.dll imm32.dll msctf.dll cryptbase.dll cryptsp.dll microsoft.office.tools.v9.0.ni.dll rpcrtremote.dll clbcatq.dll sxs.dll scrobj.dll mscorwks.dll ntdll.dll shlwapi.dll shell32.dll profapi.dll cryptsp.dll mscorjit.dll mscorlib.dll mscorlib.dll msctf.dll mscorlib.dll System.Web.dll system.ni.dll system.addin.ni.dll microsoft.visualstudio.tools.office.outlook.hostadapter.v10.0.ni.dll mscorsec.dll cryptbase.dll crypt32.dll msasn1.dll comctl32.dll riched20.dll imagehlp.dll ncrypt.dll bcrypt.dll bcryptprimitives.dll userenv.dll System.Core.dll cryptnet.dll winbrand.dll sensapi.dll system.core.ni.dll comdlg32.dll microsoft.visualstudio.tools.office.contract.v9.0.ni.dll lpk.dll kernel32.dll system.runtime.remoting.ni.dll system.configuration.ni.dll system.xml.ni.dll,normal
 vaultsvc.dll,normal
 ntdll.dll kernel32.dll kernelbase.dll rpcrt4.dll system.data.oracleclient.dll shell32.dll usp10.dll msvcrt.dll ole32.dll rpcrt4.dll oleaut32.dll advapi32.dll kernel32.dll mfc42u.dll duser.dll imm32.dll msctf.dll dui70.dll accessibility.ni.dll odbc32.dll mmcbase.dll shlwapi.dll cryptbase.dll uxtheme.dll urlmon.dll wininet.dll odbcint.dll iertutil.dll clbcatq.dll apphelp.dll atl.dll ntdsapi.dll bcryptprimitives.dll gdi32.dll activeds.dll adsldpc.dll dsrole.dll dnsapi.dll sspicli.dll filemgmt.dll wbemcntl.dll wow64win.dll rpcrt4.dll pdh.dll pdhui.dll sspicli.dll pla.dll shell32.dll tdh.dll winnsi.dll utildll.dll wtsapi32.dll dmdskmgr.dll dmutil.dll samcli.dll dmdskres2.dll devmgr.dll newdev.dll crypt32.dll msasn1.dll propsys.dll mmcndmgr.dll api-ms-win-crt-runtime-l1-1-0.dll kernelbase.dll msxml3.dll profapi.dll nsi.dll version.dll netutils.dll WindowsBase.dll srvcli.dll wkscli.dll secur32.dll mmcex.ni.dll mmcfxcommon.ni.dll winsta.dll samlib.dll version.dll dui70.dll System.Core.dll riched32.dll microsoft.csharp.dll riched20.dll elsext.dll shlwapi.dll mycomput.dll uiautomationtypes.dll localsec.dll comdlg32.dll credui.dll wevtapi.dll sechost.dll eventviewer.ni.dll setupapi.dll oleaut32.dll mscorsvc.dll netapi32.dll kernel32.dll shfolder.dll KernelBase.dll devrtl.dll rasuser.dll comctl32.dll dsprop.dll taskscheduler.ni.dll dsuiext.dll mprsnap.dll rtrfiltr.dll clbcatq.dll rasman.dll cryptui.dll slc.dll rtutils.dll servdeps.dll oleacc.dll cryptsp.dll rsaenh.dll gdi32.dll mlang.dll mscoree.dll mscorwks.dll lpk.dll mscorlib.ni.dll winmm.dll system.ni.dll system.configuration.ni.dll system.xml.ni.dll iesetup.dll system.windows.forms.ni.dll vbscript.dll diasymreader.dll gdiplus.dll windowscodecs.dll userenv.dll msvcrt.dll adsnt.dll system.directoryservices.protocols.ni.dll imecfm.dll taskschd.dll custommarshalers.ni.dll custommarshalers.dll mscorjit.dll kernel32.dll riched20.dll msctf.dll microsoft.visualc.ni.dll psapi.dll uxtheme.dll ntmarta.dll msls31.dll msimtf.dll mswsock.dll apphelp.dll vbscript.dll system.directoryservices.ni.dll perfos.dll perfdisk.dll rasctrs.dll tapiperf.dll sechost.dll pcwum.dll perfctrs.dll dxtrans.dll ddrawex.dll ddraw.dll ole32.dll wintrust.dll dxtmsft.dll wvc.dll msimg32.dll dmocx.dll imageres.dll mcxdriv.dll imageres.dll imageres.dll imageres.dll imageres.dll user32.dll imm32.dll imageres.dll clbcatq.dll cfgmgr32.dll imageres.dll mdminst.dll imageres.dll imageres.dll sysclass.dll netcfgx.dll sti_ci.dll batt.dll ntdll.dll secur32.dll sccls.dll system.ni.dll bthci.dll sxs.dll,normal
 eppmanifest.dll sendmail.dll mydocs.dll oleaut32.dll sfc.dll cfgmgr32.dll wpdshext.dll,normal
 ntdll.dll microsoft.jscript.ni.dll kernel32.dll kernelbase.dll advapi32.dll user32.dll msvcrt.dll system.dll ntdll.dll oleaut32.dll gdi32.dll combase.dll rpcrt4.dll rpcrt4.dll imm32.dll msctf.dll ole32.dll dhcpcsvc6.dll sechost.dll kernel.appcore.dll UIAutomationCore.dll cryptbase.dll cryptbase.dll bcryptprimitives.dll bcryptprimitives.dll uxtheme.dll uxtheme.dll clbcatq.dll shlwapi.dll cryptsp.dll rsaenh.dll rsaenh.dll nsi.dll bcrypt.dll propsys.dll winnsi.dll,normal
 ntdll.dll kernel32.dll kernelbase.dll ondemandconnroutehelper.dll bdatunepia.dll sechost.dll rpcrt4.dll oleaut32.dll msvcp_win.dll shell32.dll combase.dll bcryptprimitives.dll ole32.dll kernel32.dll gdi32full.dll user32.dll win32u.dll crypt32.dll msasn1.dll wintrust.dll mpclient.dll secur32.dll slc.dll clbcatq.dll sppc.dll version.dll userenv.dll profapi.dll iphlpsvc.dll kernel.appcore.dll usp10.dll cryptbase.dll msvcrt.dll rpcrt4.dll windows.security.authentication.onlineid.dll dpapi.dll,normal
 ntdll.dll ntdll.dll version.dll System.Data.OracleClient.dll wevtapi.dll shell32.dll msvcrt.dll msvcrt.dll cfgmgr32.dll dpx.dll ucrtbase.dll shcore.dll shcore.dll rpcrt4.dll rpcrt4.dll combase.dll bcryptprimitives.dll bcryptprimitives.dll windows.storage.dll system.data.dll advapi32.dll advapi32.dll system.drawing.dll sechost.dll lpk.dll ehividctl.ni.dll system.management.ni.dll msvcp_win.dll msvcp_win.dll user32.dll ws2_32.dll kernel.appcore.dll kernel.appcore.dll profapi.dll powrprof.dll filterlib.dll fltlib.dll chrome_elf.dll chrome_elf.dll version.dll winmm.dll lpk.dll userenv.dll winmmbase.dll cryptbase.dll cryptbase.dll imm32.dll chrome.dll mssvp.dll ws2_32.dll presentationcore.ni.dll ole32.dll oleaut32.dll wintrust.dll msasn1.dll msasn1.dll crypt32.dll cryptbase.dll comdlg32.dll cryptbase.dll oleacc.dll wow64cpu.dll uiautomationcore.dll wtsapi32.dll wtsapi32.dll usp10.dll dxgi.dll dxgi.dll dbghelp.dll comctl32.dll usp10.dll winhttp.dll winhttp.dll urlmon.dll urlmon.dll secur32.dll secur32.dll dhcpcsvc.dll dhcpcsvc.dll mrmdeploy.dll nsi.dll rsaenh.dll dsrole.dll bcrypt.dll system.data.ni.dll iertutil.dll iertutil.dll sspicli.dll sspicli.dll,normal
 ntdll.dll ntdll.dll wow64.dll wow64win.dll wow64cpu.dll kernel32.dll kernel32.dll kernel32.dll msvcrt.dll kernel32.dll kernelbase.dll msvcrt.dll wow64win.dll user32.dll Microsoft.Windows.Diagnosis.Commands.UpdateDiagRootcause.dll lpk.dll usp10.dll advapi32.dll oleaut32.dll msctf.dll sspicli.dll cryptbase.dll system.transactions.dll msctf.dll apphelp.dll,normal
 coreuicomponents.dll kernel32.dll kernelbase.dll gdi32.dll user32.dll lpk.dll usp10.dll dpx.dll imm32.dll msctf.dll ole32.dll rpcrt4.dll kernel32.dll cryptbase.dll clbcatq.dll System.Runtime.Remoting.dll sechost.dll,normal
 ntdll.dll kernel32.dll sensapi.dll user32.dll kernelbase.dll sppc.dll wbemcomn.dll ntdll.dll api-ms-win-service-private-l1-1-0.dll wow64win.dll system.data.oracleclient.dll combase.dll rpcrt4.dll kernel32.dll kernel32.dll sspicli.dll msctf.dll api-ms-win-crt-time-l1-1-0.dll sechost.dll wow64cpu.dll msvcr120_clr0400.dll mscoree.dll mscoreei.dll user32.dll shlwapi.dll wow64win.dll mscorsvc.dll ole32.dll win32u.dll sqmapi.dll gdi32.dll gdi32full.dll advapi32.dll msvcrt.dll rpcrt4.dll sensapi.dll taskschd.dll xmllite.dll,normal
 ntdll.dll kernel32.dll kernelbase.dll windows.storage.dll userenv.dll sechost.dll win32u.dll ole32.dll gdi32.dll user32.dll kernel32.dll usp10.dll imm32.dll msctf.dll wdscore.dll sud.dll shell32.dll shlwapi.dll dbghelp.dll cryptbase.dll clbcatq.dll version.dll cryptbase.dll msasn1.dll wintrust.dll userenv.dll profapi.dll ktmw32.dll dpx.dll dpx.dll dpx.dll wcp.dll drupdate.dll setupapi.dll cfgmgr32.dll devobj.dll mpr.dll wrpint.dll sxsstore.dll sqmapi.dll wevtapi.dll wuapi.dll sechost.dll webio.dll sensapi.dll cryptsp.dll rsaenh.dll rpcrtremote.dll clbcatq.dll cbsapi.dll nsi.dll smiengine.dll ntdll.dll mfc42.dll sqmapi.dll msvcp_win.dll wow64cpu.dll kernel32.dll kernel32.dll kernel32.dll user32.dll kernel32.dll kernelbase.dll msvcrt.dll vsstrace.dll System.Xml.dll gdi32.dll lpk.dll usp10.dll shlwapi.dll spp.dll rpcrt4.dll kernel32.dll cryptbase.dll imm32.dll msctf.dll apphelp.dll,normal
 wow64.dll kernel32.dll kernelbase.dll gdi32.dll user32.dll lpk.dll kernel32.dll msvcrt.dll clbcatq.dll msctf.dll ole32.dll rpcrt4.dll oleaut32.dll ole32.dll clbcatq.dll advapi32.dll slc.dll System.Xml.ni.dll kernel32.dll msvcrt.dll advapi32.dll gdi32.dll lpk.dll usp10.dll msvcrt.dll mscorlib.dll msctf.dll ole32.dll rpcrt4.dll oleaut32.dll msvcp_win.dll gdi32.dll advapi32.dll sechost.dll ntdll.dll ntdll.dll wow64.dll mobilebroadbandaccountapi.dll wow64cpu.dll system.drawing.ni.dll kernel32.dll kernel32.dll user32.dll version.dll rpcrt4.dll advapi32.dll msvcrt.dll sechost.dll rpcrt4.dll shell32.dll cryptbase.dll sechost.dll ws2_32.dll version.dll winnsi.dll dhcpcsvc.dll dhcpcsvc6.dll shell32.dll shlwapi.dll gdi32.dll user32.dll lpk.dll winsta.dll ole32.dll imm32.dll msctf.dll clbcatq.dll ncryptsslp.dll cryptsp.dll rsaenh.dll rpcrtremote.dll wevtapi.dll ntdll.dll ntdll.dll wow64.dll wow64win.dll wow64cpu.dll kernel32.dll kernel32.dll kernel32.dll user32.dll kernel32.dll kernelbase.dll msvcrt.dll winbrand.dll user32.dll gdi32.dll lpk.dll sechost.dll advapi32.dll kernel32.dll rpcrt4.dll sspicli.dll cryptbase.dll imm32.dll msctf.dll apphelp.dll,normal
 ntdll.dll ntdll.dll lpk.dll kernel32.dll uxtheme.dll kernel32.dll kernel32.dll kernel32.dll user32.dll kernel32.dll KernelBase.dll advapi32.dll wow64.dll shlwapi.dll msctf.dll sspicli.dll cryptbase.dll dnsapi.dll usp10.dll nsi.dll winnsi.dll Microsoft.MediaCenter.iTv.Hosting.ni.dll dhcpcsvc6.dll shell32.dll mscoree.dll gdi32.dll user32.dll lpk.dll usp10.dll userenv.dll imm32.dll api-ms-win-core-processthreads-l1-1-0.dll clbcatq.dll oleaut32.dll cryptsp.dll rsaenh.dll RpcRtRemote.dll dhcpcore.dll advapi32.dll ntdll.dll gdi32.dll wow64win.dll wow64cpu.dll kernel32.dll kernel32.dll sspicli.dll user32.dll kernel32.dll KernelBase.dll advapi32.dll msvcrt.dll sechost.dll rpcrt4.dll sspicli.dll cryptbase.dll dnsapi.dll ws2_32.dll nsi.dll winnsi.dll dbghelp.dll dhcpcsvc6.dll shell32.dll shlwapi.dll gdi32.dll usp10.dll lpk.dll usp10.dll ole32.dll imm32.dll msctf.dll clbcatq.dll oleaut32.dll rpcrt4.dll rsaenh.dll accessibility.dll msvcrt.dll shlwapi.dll kernel32.dll KernelBase.dll oleaut32.dll user32.dll lpk.dll usp10.dll msvcrt.dll imm32.dll msctf.dll ole32.dll system.core.ni.dll oleaut32.dll cryptbase.dll rasapi32.dll advapi32.dll sechost.dll ntdll.dll system.xml.ni.dll wow64.dll wow64win.dll mydocs.dll kernel32.dll kernel32.dll kernel32.dll kernel32.dll System.ni.dll wow64win.dll msvcrt.dll winbrand.dll user32.dll gdi32.dll lpk.dll usp10.dll advapi32.dll system.security.dll rpcrt4.dll sspicli.dll cryptbase.dll imm32.dll msctf.dll apphelp.dll,normal
 clbcatq.dll devrtl.dll sendmail.dll mydocs.dll acppage.dll sfc.dll sfc_os.dll lpk.dll searchfolder.dll,normal
 ntdll.dll kernel32.dll gdi32.dll advapi32.dll msvcrt.dll sechost.dll rpcrt4.dll comctl32.dll msimg32.dll user32.dll lpk.dll usp10.dll mfc42u.dll rpcrt4.dll cryptbase.dll odbc32.dll shell32.dll shlwapi.dll wininet.dllnormaliz.dll spoolss.dll wow64win.dll msasn1.dll iertutil.dll winmm.dll ws2_32.dll nsi.dll rpcrt4.dll msctf.dll odbcint.dll mscorwks.dll uxtheme.dll riched32.dll wrpint.dll dwmapi.dll comctl32.dll clbcatq.dll oleacc.dll imecfm.dll version.dll rsaenh.dll msado15.dll msdart.dll cryptsp.dll shlwapi.dll wow64win.dll nsi.dll uxtheme.dll ucrtbase.dll comsvcs.dll atl.dll bcryptprimitives.dll msjetoledb40.dll user32.dll mswstr10.dll msjter40.dll msjint40.dll msadox.dll msadrh15.dll msjtes40.dll vbajet32.dll expsrv.dll imecfm.dll oleaut32.dll msadcer.dll aepic.dll apphelp.dll ieframe.dll psapi.dll ntmarta.dll wldap32.dll setupapi.dll cfgmgr32.dll devobj.dll,caidao
 ntdll.dll kernel32.dll wrpint.dll advapi32.dll msvcrt.dll sechost.dll rpcrt4.dll api-ms-win-core-processenvironment-l1-1-0.dll user32.dll lpk.dll usp10.dll ole32.dll wkscli.dll wmsgapi.dll apphelp.dll comctl32.dll userenv.dll profapi.dll oleaut32.dll crypt32.dll msasn1.dll msctfmonitor.dll msctf.dll imm32.dll msutb.dll comctl32.dll ntdll.dll secur32.dll sspicli.dll shell32.dll cryptbase.dll msimg32.dll actxprxy.dll usp10.dll rsaenh.dll imagehlp.dll bcrypt.dll bcryptprimitives.dll ncrypt.dll gpapi.dll cryptnet.dll wldap32.dll sensapi.dll ws2_32.dll clbcatq.dll oleaut32.dll urlmon.dll api-ms-win-downlevel-ole32-l1-1-0.dll ntdll.dll api-ms-win-downlevel-advapi32-l1-1-0.dll api-ms-win-downlevel-user32-l1-1-0.dll api-ms-win-downlevel-version-l1-1-0.dll api-ms-win-downlevel-normaliz-l1-1-0.dll normaliz.dll iertutil.dll rpcrt4.dll,normal
 wpdshext.dll ntdll.dll kernel32.dll user32.dll shlwapi.dll msvcrt.dll msvcrt.dll oleaut32.dll gdi32.dll tquery.dll msvcp_win.dll msvcp_win.dll mscms.dll ucrtbase.dll combase.dll sechost.dll iertutil.dll combase.dll advapi32.dll advapi32.dll bcryptprimitives.dll bcryptprimitives.dll sechost.dll sechost.dll Microsoft.Management.Infrastructure.CimCmdlets.ni.dll mssvp.dll profapi.dll windows.storage.dll shlwapi.dll gdi32.dll gdi32full.dll user32.dll win32u.dll kernel.appcore.dll kernel.appcore.dll shcore.dll shcore.dll profapi.dll powrprof.dll filterlib.dll fltlib.dll imm32.dll msidle.dll clbcatq.dll ole32.dll mssph.dll mssph.dll setupapi.dll oleaut32.dll mssprxy.dll mssprxy.dll,normal
 ntdll.dll kernel32.dll KernelBase.dll gdi32.dll api-ms-win-core-shutdown-l1-1-0.dll lpk.dll kernel32.dll PresentationCore.dll imm32.dll msctf.dll ole32.dll rpcrt4.dll winbrand.dll cryptbase.dll clbcatq.dll advapi32.dll ntdll.dll ntdll.dll ntdll.dll wow64.dll wow64win.dll wow64cpu.dll rasadhlp.dll kernel32.dll kernel32.dll user32.dll kernel32.dll KernelBase.dll System.Xaml.dll msvcrt.dll sechost.dll rpcrt4.dll sspicli.dll cryptbase.dll dnsapi.dll ws2_32.dll spoolss.dll winnsi.dll dhcpcsvc.dll advapi32.dll shell32.dll shlwapi.dll gdi32.dll msctf.dll lpk.dll usp10.dll ole32.dll imm32.dll System.Xml.ni.dll sensapi.dll oleaut32.dll cryptsp.dll imm32.dll rpcrt4.dll wwapi.dll rpcrtremote.dll msctf.dll wow64.dll user32.dll wow64cpu.dll ws2_32.dll kernel32.dll kernel32.dll comdlg32.dll kernel32.dll KernelBase.dll msvcrt.dll winbrand.dll user32.dll cryptbase.dll lpk.dll usp10.dll advapi32.dll sechost.dll rpcrt4.dll sspicli.dll cryptbase.dll imm32.dll msctf.dll apphelp.dll,normal
 ntdll.dll kernel32.dll kernelbase.dll profapi.dll ole32.dll gdi32.dll user32.dll lpk.dll Microsoft.Build.Tasks.v4.0.ni.dll msctf.dll oleaut32.dll imm32.dll sspicli.dll cryptbase.dll sechost.dll advapi32.dll clbcatq.dll wow64win.dll dimsjob.dll taskschd.dll sspicli.dll nsi.dll netprofm.dll nlaapi.dll filterlib.dll usp10.dll rpcrtremote.dll pautoenr.dll cryptsp.dll uxtheme.dll certcli.dll atl.dll crypt32.dll msasn1.dll certenroll.dll dsrole.dll system.windows.forms.dll secur32.dll logoncli.dll netutils.dll cryptbase.dll mswsock.dll credssp.dll cryptdll.dll bcrypt.dll bcryptprimitives.dll kerberos.dll wship6.dll secur32.dll winnsi.dll rasadhlp.dll,normal
 ntdll.dll npmproxy.dll kernelbase.dll advapi32.dll msvcrt.dll atl.dll ole32.dll oleaut32.dll shlwapi.dll setupapi.dll pnrpnsp.dll rpcrt4.dll gdi32.dll combase.dll imm32.dll msctf.dll api-ms-win-downlevel-advapi32-l2-1-0.dll cryptbase.dll bcryptprimitives.dll uxtheme.dll ntdll.dll clbcatq.dll shcore.dll userenv.dll profapi.dll system.transactions.dll version.dll usp10.dll linkinfo.dll cryptsp.dll WindowsCodecs.dll ntdll.dll sspicli.dll srvcli.dll ntshrui.dll user32.dll cfgmgr32.dll System.DirectoryServices.dll ntmarta.dll mscoreei.dll version.dll psapi.dll system.management.ni.dll rsaenh.dll msvcr120_clr0400.dll mscorlib.ni.dll system.ni.dll system.core.ni.dll microsoft.powershell.consolehost.ni.dll System.Web.DynamicData.dll system.numerics.ni.dll gdi32.dll system.directoryservices.ni.dll gdi32.dll uxtheme.dll system.configuration.install.ni.dll system.transactions.ni.dll cabinet.dll gdi32.dll system.configuration.ni.dll microsoft.powershell.security.dll microsoft.powershell.security.ni.dll KernelBase.dll wldp.dll system.data.ni.dll system.data.dll ws2_32.dll crypt32.dll nsi.dll msasn1.dll microsoft.powershell.commands.utility.ni.dll diasymreader.dll rasapi32.dll rasman.dll rtutils.dll mswsock.dll winhttp.dll winnsi.dll dhcpcsvc6.dll dhcpcsvc.dll system.security.dll system.security.ni.dll mf.dll wmiutils.dll wbemcomn.dll wbemprox.dll wminet_utils.dll wminet_utils.dll tcpipcfg.dll dnsapi.dll winrnr.dll nlaapi.dll rasadhlp.dll kernel32.dll fastprox.dll,empire
 ntdll.dll kernel32.dll KernelBase.dll gdi32.dll gdi32.dll lpk.dll usp10.dll msvcrt.dll imm32.dll wcp.dll ole32.dll cryptbase.dll oleaut32.dll user32.dll clbcatq.dll advapi32.dll sechost.dll system.web.regularexpressions.dll ntdll.dll wow64.dll wow64win.dll wow64cpu.dll kernel32.dll kernel32.dll kernel32.dll ole32.dll kernel32.dll KernelBase.dll msvcrt.dll winbrand.dll user32.dll kernel32.dll lpk.dll uxtheme.dll advapi32.dll sechost.dll rpcrt4.dll sspicli.dll cryptbase.dll imm32.dll msctf.dll ws2_32.dll,normal
 ntdll.dll sspicli.dll kernelbase.dll lpk.dll msvcrt.dll sechost.dll rpcrt4.dll shell32.dll shlwapi.dll gdi32.dll user32.dll cryptsp.dll usp10.dll imm32.dll msctf.dll ole32.dll cryptbase.dll oleaut32.dll rpcrt4.dll urlmon.dll api-ms-win-downlevel-ole32-l1-1-0.dll mscorlib.dll version.dll sensapi.dll devobj.dll gdi32.dll api-ms-win-downlevel-user32-l1-1-0.dll gdi32.dll rpcrt4.dll presentationcore.dll iertutil.dll wininet.dll mcstoredb.dll setupapi.dll cfgmgr32.dll uxtheme.dll comctl32.dll profapi.dll api-ms-win-downlevel-advapi32-l1-1-0.dll secur32.dll sspicli.dll kernel32.dll accessibility.dll imageres.dll nlaapi.dll msvcrt.dll rpcrt4.dll mscoreei.dll user32.dll lpk.dll usp10.dll ole32.dll oleaut32.dll shell32.dll ntdll.dll kernel32.dll kernelbase.dll oleaut32.dll sechost.dll sechost.dll rpcrt4.dll msvcr120_clr0400.dll mscoree.dll ole32.dll shell32.dll user32.dll system.core.dll shell32.dll oleaut32.dll user32.dll msctf.dll cryptbase.dll cryptsp.dll rsaenh.dll rpcrtremote.dll clbcatq.dll wow64win.dll mscoreei.dll windows.applicationmodel.dll msvcr80.dll shlwapi.dll shell32.dll profapi.dll mscorlib.ni.dll mscorjit.dll mscorlib.dll mscorlib.dll version.dll mscorlib.dll mscorlib.dll presentationframework.royale.ni.dll system.ni.dll windowsbase.ni.dll wow64cpu.dll presentationframework.ni.dll imageres.dll presentationcore.dll user32.dll System.Data.dll system.xml.ni.dll uiautomationprovider.ni.dll system.drawing.ni.dll system.deployment.ni.dll gdi32full.dll system.printing.ni.dll system.printing.dll system.printing.dll system.printing.dll system.printing.dll reachframework.ni.dll sechost.dll system.data.ni.dll system.data.dll dhcpcsvc.dll system.data.dll system.data.dll UIAutomationCore.dll ws2_32.dll nsi.dll crypt32.dll msasn1.dll accessibility.ni.dll system.configuration.ni.dll kernel.appcore.dll system.data.sqlxml.ni.dll microsoft.visualc.ni.dll presentationcffrasterizer.ni.dll system.windows.forms.ni.dll system.runtime.serialization.formatters.soap.ni.dll system.directoryservices.ni.dll system.transactions.ni.dll wwapi.dll system.transactions.dll gdi32.dll system.transactions.dll system.transactions.dll rsaenh.dll system.enterpriseservices.dll ntdll.dll system.runtime.remoting.ni.dll mscss7en.dll system.web.dll system.web.dll system.web.dll system.web.dll system.web.services.ni.dll system.directoryservices.protocols.ni.dll system.design.ni.dll system.serviceprocess.ni.dll system.web.regularexpressions.ni.dll system.drawing.design.ni.dll system.data.oracleclient.ni.dll UIAnimation.dll system.data.oracleclient.dll system.data.oracleclient.dll system.data.oracleclient.dll system.data.oracleclient.dll system.configuration.install.ni.dll ntdll.dll kernel32.dll kernelbase.dll gdi32.dll user32.dll lpk.dll usp10.dll msvcrt.dll imm32.dll msctf.dll ole32.dll SensApi.dll urlmon.dll kernelbase.dll clbcatq.dll advapi32.dll api-ms-win-core-wow64-l1-1-0.dll,normal
 ntdll.dll kernel32.dll wow64.dll wow64win.dll wow64cpu.dll kernel32.dll kernel32.dll kernel32.dll user32.dll kernel32.dll KernelBase.dll advapi32.dll msvcrt.dll sechost.dll rpcrt4.dll msxml3.dll cryptbase.dll dnsapi.dll ws2_32.dll sechost.dll winnsi.dll dhcpcsvc.dll execmodelproxy.dll shell32.dll shlwapi.dll imageres.dll user32.dll lpk.dll usp10.dll ole32.dll imm32.dll cryptsp.dll clbcatq.dll NlsModels0011.dll cryptsp.dll rsaenh.dll ws2_32.dll ntdll.dll ntdll.dll kernel32.dll KernelBase.dll gdi32.dll user32.dll lpk.dll clbcatq.dll msvcrt.dll combase.dll msctf.dll imm32.dll rpcrt4.dll oleaut32.dll ntdll.dll kernel32.dll KernelBase.dll GdiPlus.dll user32.dll lpk.dll usp10.dll msvcrt.dll ole32.dll msvcr80.dll ole32.dll rpcrt4.dll oleaut32.dll sspicli.dll secur32.dll advapi32.dll sechost.dll msvcrt.dll ntdll.dll cryptbase.dll wow64win.dll kernel32.dll kernel32.dll kernel32.dll kernel32.dll kernelbase.dll ole32.dll KernelBase.dll advapi32.dll msvcrt.dll sechost.dll rpcrt4.dll sspicli.dll uxtheme.dll dnsapi.dll ws2_32.dll cryptsp.dll winnsi.dll cryptsp.dll dhcpcsvc6.dll msvcrt.dll shlwapi.dll gdi32.dll user32.dll clrjit.dll usp10.dll ole32.dll imm32.dll msctf.dll clbcatq.dll System.Management.Automation.dll cryptsp.dll rsaenh.dll oleaut32.dll cryptbase.dll ntdll.dll ntdll.dll uiautomationprovider.dll ntdll.dll ntdll.dll kernel32.dll kernel32.dll kernel32.dll user32.dll kernel32.dll KernelBase.dll advapi32.dll msvcrt.dll ntdll.dll rpcrt4.dll shlwapi.dll cryptbase.dll dnsapi.dll ws2_32.dll msasn1.dll winnsi.dll usp10.dll xmllite.dll RpcRtRemote.dll System.Web.Routing.ni.dll gdi32.dll user32.dll lpk.dll rsaenh.dll ole32.dll gpsvc.dll msctf.dll clbcatq.dll oleaut32.dll cryptsp.dll rsaenh.dll RpcRtRemote.dll wevtapi.dll ntdll.dll kernel.appcore.dll mscorlib.dll KernelBase.dll advapi32.dll kernel32.dll sechost.dll rpcrt4.dll vsstrace.dll user32.dll lpk.dll usp10.dll ole32.dll msimg32.dll wtsapi32.dll winmm.dll userenv.dll profapi.dll winsta.dll crypt32.dll msasn1.dll msctf.dll imm32.dll msutb.dll wow64cpu.dll usp10.dll sspicli.dll shell32.dll cryptbase.dll wintrust.dll mscorlib.dll rsaenh.dll wmsgapi.dll Wldap32.dll SensApi.dll MsCtfMonitor.dll setupapi.dll System.Runtime.Serialization.dll oleaut32.dll devobj.dll version.dll clbcatq.dll oleaut32.dll kernel32.dll imagehlp.dll bcrypt.dll bcryptprimitives.dll ncrypt.dll ntdll.dll cryptnet.dll cabinet.dll devrtl.dll oleaut32.dll wininet.dll iertutil.dll ntdll.dll ntdll.dll wow64.dll wow64win.dll System.XML.dll kernel32.dll WsmRes.dll lpk.dll user32.dll kernel32.dll wevtapi.dll msvcrt.dll oleaut32.dll ole32.dll gdi32.dll user32.dll advapi32.dll sechost.dll rpcrt4.dll sspicli.dll cryptbase.dll lpk.dll ntdll.dll msvcp_win.dll imm32.dll msctf.dll sxs.dll powrprof.dll vbscript.dll RpcRtRemote.dll wintrust.dll crypt32.dll usp10.dll cryptsp.dll rsaenh.dll msisip.dll oleaut32.dll comctl32.dll shell32.dll shlwapi.dll scrobj.dll msi.dll scrrun.dll ntdll.dll kernel32.dll ws2_32.dll msimsg.dll user32.dll lpk.dll usp10.dll msvcrt.dll imm32.dll msctf.dll ole32.dll rpcrt4.dll oleaut32.dll ntdll.dll ntdll.dll msvcr120_clr0400.dll wow64win.dll wow64cpu.dll kernel32.dll kernel32.dll msctf.dll wincorlib.dll kernel32.dll KernelBase.dll advapi32.dll msvcrt.dll sechost.dll rpcrt4.dll wintrust.dll cryptbase.dll oleaut32.dll ws2_32.dll nsi.dll winnsi.dll mscorlib.dll dhcpcsvc6.dll termsrv.dll shlwapi.dll gdi32.dll user32.dll lpk.dll spoolss.dll ole32.dll imm32.dll msctf.dll rpcrtremote.dll oleaut32.dll cryptsp.dll api-ms-win-core-timezone-l1-1-0.dll user32.dll wevtapi.dll ntdll.dll ntdll.dll wow64.dll wow64win.dll wow64cpu.dll kernel32.dll microsoft.vsa.ni.dll kernel32.dll user32.dll kernel32.dll KernelBase.dll dbghelp.dll msvcrt.dll sechost.dll rpcrt4.dll sspicli.dll userenv.dll dnsapi.dll ws2_32.dll msctf.dll winnsi.dll dhcpcsvc.dll dhcpcsvc6.dll ntdll.dll shlwapi.dll gdi32.dll user32.dll system.web.ni.dll usp10.dll ole32.dll msvcrt.dll msctf.dll clbcatq.dll oleaut32.dll cryptsp.dll rsaenh.dll RpcRtRemote.dll wevtapi.dll,normal
 ntdll.dll,normal
 ntdll.dll kernel32.dll kernelbase.dll msvcrt.dll sechost.dll rpcrt4.dll kernel.appcore.dll msvcrt.dll advapi32.dll system.web.services.ni.dll kernel.appcore.dll clbcatq.dll user32.dll win32u.dll gdi32.dll gdi32full.dll cryptbase.dll,normal
 adtschema.dll auditcse.dll gpsvc.dll clbcatq.dll gpsvc.dll auditcse.dll msdtcVSp1res.dll gpsvc.dll auditcse.dll adtschema.dll auditcse.dll gpsvc.dll adtschema.dll gpsvc.dll auditcse.dll adtschema.dll gpsvc.dll auditcse.dll gpsvc.dll rpcrt4.dll adtschema.dll CertEnroll.dll CertEnroll.dll schedsvc.dll adtschema.dll auditcse.dll gpsvc.dll gpsvc.dll adtschema.dll auditcse.dll schedsvc.dll kernel32.dll api-ms-win-downlevel-advapi32-l2-1-0.dll adtschema.dll auditcse.dll psapi.dll system.data.dll gpsvc.dll sensapi.dll auditcse.dll gpsvc.dll adtschema.dll auditcse.dll adtschema.dll gpsvc.dll auditcse.dll schedsvc.dll aeevts.dll dnsapi.dll auditcse.dll adtschema.dll schedsvc.dll gpsvc.dll auditcse.dll adtschema.dll auditcse.dll adtschema.dll gpsvc.dll schedsvc.dll adtschema.dll gpsvc.dll auditcse.dll adtschema.dll oleaut32.dll oleaut32.dll adtschema.dll gpsvc.dll auditcse.dll kernel32.dll winbrand.dll auditcse.dll adtschema.dll auditcse.dll gpsvc.dll nsi.dll auditcse.dll gpsvc.dll adtschema.dll CertEnroll.dll CertEnroll.dll auditcse.dll System.Xml.Linq.dll dnsapi.dll adtschema.dll gpsvc.dll auditcse.dll adtschema.dll esent.dll auditcse.dll adtschema.dll gpsvc.dll auditcse.dll adtschema.dll gpsvc.dll auditcse.dll adtschema.dll auditcse.dll gpsvc.dll adtschema.dll gpsvc.dll auditcse.dll adtschema.dll gpsvc.dll auditcse.dll kernelbase.dll kdcsvc.dll adtschema.dll kernel32.dll auditcse.dll wevtapi.dll wevtapi.dll wevtapi.dll advapi32.dll wevtapi.dll wevtapi.dll adwsres.dll Microsoft.VisualStudio.Tools.Applications.AddInAdapter.v9.0.ni.dll dfsrress.dll sspicli.dll wecsvc.dll Microsoft.VisualC.ni.dll sppc.dll aeevts.dll apilogen.dll kernel32.dll api-ms-win-downlevel-normaliz-l1-1-0.dll loadperf.dll rtm.dll wship6.dll qmgr.dll sechost.dll system.xml.dll CertPolEng.dll ci.dll VaultCredProvider.dll cofiredm.dll cofiredm.dll SyncInfrastructure.dll netprofm.dll dps.dll auditcse.dll pcwum.dll pla.dll sdiageng.dll sdiagprv.dll netdiagfx.dll webio.dll WUDFPlatform.dll winhttp.dll msvcrt.dll certadm.dll gdi32.dll fms.dll rpcrtremote.dll shcore.dll wevtapi.dll hgcpl.dll iphlpsvc.dll microsoft-windows-kernel-power-events.dll ncsi.dll pnidui.dll sechost.dll msv1_0.dll lpk.dll ntprint.dll RacEngn.dll shlwapi.dll radardt.dll RstrtMgr.dll scwengb.dll svrmgrnc.dll osbaseln.dll schedsvc.dll umrdp.dll mstscax.dll termsrv.dll profsvc.dll MPSSVC.dll mscms.dll wuaueng.dll mscorlib.ni.dll vm3dum64.dll oleres.dll wininet.dll rpcrt4.dll msctf.dll webservices.dll UIAutomationCore.dll CbsMsg.dll wevtapi.dll credui.dll propsys.dll netdiagfx.dll iphlpsvc.dll setupetw.dll clusapi.dll connect.dll logoncli.dll cfgmgr32.dll Display.dll xwizards.dll duser.dll adtschema.dll rpchttp.dll SCardSvr.dll kernel32.dll eqossnap.dll dps.dll pnidui.dll oleres.dll adsldpc.dll ntshrui.dll appidapi.dll MPSSVC.dll dnsapi.dll schedsvc.dll l2nacp.dll WinMgmtR.dll WinMgmtR.dll MPSSVC.dll apphelp.dll setupetw.dll KernelBase.dll ieframe.dll lsasrv.dll lsasrv.dll mprmsg.dll winbrand.dll uxtheme.dll MPSSVC.dll ktmw32.dll dui70.dll lsasrv.dll MPSSVC.dll napipsec.dll Win32_Tpm.dll RpcEpMap.dll sspicli.dll userenv.dll nettrace.dll WindowsCodecs.dll prflbmsg.dll msswch.dll VAN.dll msvcrt.dll shsvcs.dll netlogon.dll gdi32.dll perfdisk.dll certcli.dll mscorlib.dll mscoree.dll els.dll els.dll wecsvc.dll ActionQueue.dll usercpl.dll imm32.dll onex.dll ntdsmsg.dll cmisetup.dll dhcpcsvc6.dll msobjs.dll umpnpmgr.dll umpnpmgr.dll efscore.dll umpo.dll themecpl.dll kernel32.dll mscorlib.dll DxpTaskSync.dll fdPHost.dll system.web.regularexpressions.dll PortableDeviceSyncProvider.dll PortableDeviceSyncProvider.dll kdcsvc.dll Magnification.dll DiagCpl.dll FirewallControlPanel.dll winmm.dll wdc.dll stobject.dll SndVolSSO.dll rtm.dll clbcatq.dll system.windows.forms.dll loadperf.dll UIAnimation.dll tbssvc.dll efssvc.dll dimsjob.dll napinsp.dll rpcrt4.dll energy.dll taskbarcpl.dll DeviceUxRes.dll clbcatq.dll dwmcore.dll dwmcore.dll comres.dll System.ni.dll System.ServiceModel.Channels.dll comres.dll rsaenh.dll microsoft-windows-kernel-processor-power-events.dll whealogr.dll iertutil.dll wdscore.dll pautoenr.dll certprop.dll dsound.dll mscorlib.ni.dll ntdll.dll mciavi32.dll apilogen.dll powercpl.dll System.Data.dll System.ni.dll csrsrv.dll windows.devices.enumeration.dll msdtcVSp1res.dll fundisc.dll FDResPub.dll DocumentPerformanceEvents.dll dwmredir.dll kerberos.dll winhttp.dll sechost.dll rsaenh.dll pots.dll winsrv.dll IPBusEnum.dll npmproxy.dll WABSyncProvider.dll vssapi.dll Sens.dll system.core.dll werconcpl.dll FntCache.dll w32time.dll wersvc.dll appinfo.dll quartz.dll tabskb.dll UIRibbon.dll gpsvc.dll oleaccrc.dll perfproc.dll system.design.dll ActionCenterCPL.dll imm32.dll winsetup.dll user32.dll gpsvc.dll auditcse.dll setupapi.dll pla.dll gdi32.dll msvcrt.dll adtschema.dll gpsvc.dll auditcse.dll termsrv.dll umrdp.dll umrdp.dll umrdp.dll shell32.dll umrdp.dll ntprint.dll adtschema.dll usp10.dll auditcse.dll KernelBase.dll gpsvc.dll davhlpr.dll shell32.dll gpsvc.dll auditcse.dll adtschema.dll gpsvc.dll auditcse.dll pla.dll wevtapi.dll wevtapi.dll nsi.dll wecsvc.dll wevtapi.dll wevtapi.dll fundisc.dll wecsvc.dll spoolss.dll wevtapi.dll wevtapi.dll els.dll EppManifest.dll authui.dll crypt32.dll apilogen.dll appidapi.dll appidapi.dll kernelbase.dll pla.dll AudioSes.dll taskschd.dll qmgr.dll dimsroam.dll bcrypt.dll ci.dll shell32.dll cofiredm.dll cofiredm.dll ole32.dll system.data.dll osbaseln.dll SyncInfrastructure.dll dps.dll pcwum.dll oleaut32.dll System.dll netdiagfx.dll WUDFPlatform.dll eapsvc.dll certadm.dll certadm.dll fms.dll fdeploy.dll wevtfwd.dll apds.dll msctf.dll iphlpsvc.dll wldap32.dll ncsi.dll wkscli.dll netprofm.dll nlasvc.dll gdi32.dll kernel32.dll ntprint.dll RacEngn.dll TSWorkspace.dll radardt.dll RstrtMgr.dll mpclient.dll schedsvc.dll umrdp.dll mstscax.dll termsrv.dll profapi.dll webio.dll MPSSVC.dll mscms.dll iertutil.dll winhttp.dll ntdll.dll dot3svc.dll oleres.dll UIAutomationCore.dll wininet.dll schedsvc.dll Wldap32.dll webservices.dll imm32.dll api-ms-win-core-file-l2-1-0.dll shell32.dll CbsMsg.dll wintrust.dll netdiagfx.dll bcryptprimitives.dll setupetw.dll logoncli.dll usercpl.dll msvcrt.dll duser.dll Display.dll rpchttp.dll umrdp.dll dps.dll SCardSvr.dll kernel32.dll pnidui.dll wdc.dll oleres.dll adsldpc.dll SndVolSSO.dll comctl32.dll MPSSVC.dll eqossnap.dll ieframe.dll user32.dll mscorlib.dll ActionCenter.dll EhStorShell.dll mmcex.ni.dll WinMgmtR.dll WinMgmtR.dll comres.dll lsasrv.dll lsasrv.dll apphelp.dll FCRegSvc.dll setupetw.dll LspWeb.dll mshtml.dll clusapi.dll sechost.dll dui70.dll lpk.dll lsasrv.dll MPSSVC.dll napipsec.dll usp10.dll RpcEpMap.dll msutb.dll system.security.dll kernel32.dll nettrace.dll comres.dll dwmapi.dll win32u.dll prflbmsg.dll comres.dll shell32.dll ntevt.dll gpsvc.dll comres.dll shsvcs.dll KernelBase.dll shsvcs.dll perfdisk.dll adwsres.dll dfsrress.dll els.dll els.dll wecsvc.dll oleaut32.dll ActionQueue.dll netlogon.dll ole32.dll onex.dll ntdsmsg.dll cmisetup.dll setupapi.dll adtschema.dll msobjs.dll user32.dll umpnpmgr.dll efscore.dll umpo.dll themecpl.dll sstpsvc.dll wlgpclnt.dll DxpTaskSync.dll msftedit.dll ReAgent.dll PortableDeviceSyncProvider.dll RpcRtRemote.dll kdcsvc.dll Magnification.dll DiagCpl.dll FirewallControlPanel.dll imageres.dll rtm.dll ipnathlp.dll perfos.dll loadperf.dll advapi32.dll tbssvc.dll bcp47mrm.dll dimsjob.dll apphelp.dll imm32.dll energy.dll taskbarcpl.dll DeviceUxRes.dll shlwapi.dll dwmcore.dll dwmcore.dll msoobeui.dll wmsgapi.dll whealogr.dll netevent.dll tcpmon.dll pautoenr.dll certprop.dll dsound.dll mciavi32.dll mprmsg.dll system.core.ni.dll ktmw32.dll ktmw32.dll powercpl.dll sud.dll csrsrv.dll npmproxy.dll msdtcVSp1res.dll msdtcVSp1res.dll fundisc.dll FDResPub.dll DocumentPerformanceEvents.dll dwmredir.dll kerberos.dll perfnet.dll zipfldr.dll rdpendp.dll pots.dll winsrv.dll shlwapi.dll WABSyncProvider.dll Sens.dll shwebsvc.dll werconcpl.dll FntCache.dll profapi.dll system.xaml.dll ole32.dll VAN.dll system.security.dll netcenter.dll UIRibbon.dll gdi32full.dll perfproc.dll ipmiprr.dll ActionCenterCPL.dll themeui.dll winsetup.dll adtschema.dll auditcse.dll usp10.dll pla.dll wevtapi.dll wevtapi.dll wevtapi.dll wecsvc.dll wevtapi.dll adwsres.dll kernel32.dll dfsrress.dll els.dll els.dll wecsvc.dll wevtapi.dll wevtapi.dll apilogen.dll appidapi.dll aeevts.dll appidapi.dll AudioSes.dll qmgr.dll crypt32.dll advapi32.dll CertPolEng.dll ci.dll cofiredm.dll cofiredm.dll authui.dll SyncInfrastructure.dll ntprint.dll pcwum.dll pla.dll sdiageng.dll version.dll msctf.dll WUDFPlatform.dll eapsvc.dll certadm.dll certadm.dll fms.dll fdeploy.dll wevtfwd.dll wevtapi.dll winbrand.dll hgcpl.dll kernelbase.dll microsoft-windows-kernel-power-events.dll shell32.dll clrjit.dll pnidui.dll netprofm.dll nlasvc.dll idstore.dll api-ms-win-core-wow64-l1-1-0.dll ntprint.dll RacEngn.dll System.Data.SqlXml.dll radardt.dll msctf.dll kernel32.dll scwengb.dll svrmgrnc.dll clbcatq.dll umrdp.dll osbaseln.dll mstscax.dll termsrv.dll profsvc.dll webio.dll MPSSVC.dll mscms.dll wuaueng.dll winhttp.dll WsmRes.dll dot3svc.dll oleres.dll webservices.dll CbsMsg.dll UIAutomationCore.dll samsrv.dll setupetw.dll imm32.dll Display.dll Wldap32.dll rpchttp.dll msctf.dll user32.dll eqossnap.dll ntshrui.dll kernel32.dll l2nacp.dll WinMgmtR.dll ieframe.dll credui.dll WinMgmtR.dll propsys.dll lsasrv.dll FCRegSvc.dll RpcEpMap.dll netdiagfx.dll advapi32.dll clusapi.dll microsoft.visualstudio.tools.applications.serverdocument.v10.0.ni.dll napipsec.dll Win32_Tpm.dll nettrace.dll prflbmsg.dll ntevt.dll shsvcs.dll perfdisk.dll certcli.dll kernel32.dll logoncli.dll usercpl.dll system.transactions.dll netlogon.dll xwizards.dll ws2_32.dll ntdsmsg.dll cmisetup.dll perfctrs.dll duser.dll kernelbase.dll msobjs.dll umpnpmgr.dll efscore.dll umpo.dll themecpl.dll sstpsvc.dll wlgpclnt.dll usp10.dll kernel32.dll fdPHost.dll ReAgent.dll umrdp.dll PortableDeviceSyncProvider.dll kernel32.dll Magnification.dll DiagCpl.dll FirewallControlPanel.dll dps.dll rpcrt4.dll shsvcs.dll oleres.dll stobject.dll adsldpc.dll kernel32.dll user32.dll advapi32.dll MPSSVC.dll ieframe.dll perfos.dll loadperf.dll UIAnimation.dll tbssvc.dll efssvc.dll msctf.dll dimsjob.dll microsoft-windows-hal-events.dll secur32.dll CertEnroll.dll energy.dll taskbarcpl.dll MPSSVC.dll DeviceUxRes.dll SndVolSSO.dll msimsg.dll gdi32.dll msoobeui.dll microsoft-windows-kernel-processor-power-events.dll appidapi.dll whealogr.dll netevent.dll tcpmon.dll pautoenr.dll certprop.dll gdi32.dll setupetw.dll comres.dll RpcRtRemote.dll setupapi.dll mciavi32.dll dwmcore.dll mprmsg.dll system.ni.dll dot3gpclnt.dll ktmw32.dll powercpl.dll nsi.dll csrsrv.dll kernel32.dll wow64win.dll msdtcVSp1res.dll fundisc.dll FDResPub.dll DocumentPerformanceEvents.dll lsasrv.dll MPSSVC.dll umpnpmgr.dll dwmredir.dll kerberos.dll RpcEpMap.dll perfnet.dll zipfldr.dll kernel32.dll rdpendp.dll winrnr.dll shell32.dll IPBusEnum.dll userenv.dll WABSyncProvider.dll PortableDeviceSyncProvider.dll msutb.dll Sens.dll shwebsvc.dll werconcpl.dll comres.dll combase.dll kernelbase.dll FntCache.dll w32time.dll wersvc.dll dwmapi.dll appinfo.dll sensapi.dll quartz.dll msdtcVSp1res.dll comres.dll shsvcs.dll netcenter.dll UIRibbon.dll gpsvc.dll oleaccrc.dll perfproc.dll System.Web.RegularExpressions.dll ole32.dll msctf.dll ActionCenterCPL.dll themeui.dll winsetup.dll setupapi.dll dfsrress.dll els.dll els.dll sxs.dll ole32.dll ole32.dll profsvc.dll adwsres.dll adwsres.dll ntdll.dll usp10.dll adwsres.dll adwsres.dll pwrshmsg.dll pwrshmsg.dll psapi.dll pwrshmsg.dll pwrshmsg.dll pwrshmsg.dll profsvc.dll schedsvc.dll combase.dll wevtapi.dll wevtapi.dll wevtapi.dll clbcatq.dll wevtapi.dll wevtapi.dll els.dll adwsres.dll els.dll wecsvc.dll dfsrress.dll wevtapi.dll settingsynccore.dll apilogen.dll appidapi.dll appidapi.dll profapi.dll aeevts.dll dps.dll AudioSes.dll authui.dll wow64.dll qmgr.dll dimsroam.dll shell32.dll CertPolEng.dll ci.dll secur32.dll ole32.dll ncsi.dll sxs.dll netprofm.dll SyncInfrastructure.dll auditcse.dll pcwum.dll svrmgrnc.dll usp10.dll schedsvc.dll pla.dll sdiageng.dll netplwiz.dll profsvc.dll mscorwks.dll webio.dll kernel32.dll winhttp.dll ntdll.dll certadm.dll gdi32.dll fms.dll kernel32.dll wevtfwd.dll gpsvc.dll apds.dll RpcRtRemote.dll microsoft-windows-kernel-power-events.dll nlasvc.dll bcryptprimitives.dll PSEvents.dll ntprint.dll RacEngn.dll TSWorkspace.dll radardt.dll RstrtMgr.dll scwengb.dll wow64.dll mstscax.dll termsrv.dll MPSSVC.dll mscms.dll wuaueng.dll WsmRes.dll dot3svc.dll imapi2.dll oleres.dll schedsvc.dll Wldap32.dll ntshrui.dll ActionCenter.dll webservices.dll sechost.dll CbsMsg.dll onecoreuapcommonproxystub.dll propsys.dll netdiagfx.dll samsrv.dll iphlpsvc.dll setupetw.dll dhcpcsvc6.dll logoncli.dll comdlg32.dll duser.dll Display.dll rpchttp.dll umrdp.dll uxtheme.dll dps.dll msvcp140.dll pnidui.dll eqossnap.dll l2nacp.dll sechost.dll stobject.dll adsldpc.dll rsaenh.dll WinMgmtR.dll WinMgmtR.dll MPSSVC.dll ieframe.dll credui.dll kernel32.dll dimsjob.dll CertEnroll.dll lsasrv.dll sspicli.dll MPSSVC.dll FCRegSvc.dll RpcEpMap.dll dwmcore.dll apphelp.dll sechost.dll BDATunePIA.dll clusapi.dll connect.dll wow64cpu.dll api-ms-win-core-libraryloader-l1-1-1.dll napipsec.dll Win32_Tpm.dll csrsrv.dll dui70.dll cryptsp.dll lsasrv.dll MPSSVC.dll dwmredir.dll RpcEpMap.dll nettrace.dll zipfldr.dll winsrv.dll userenv.dll ntshrui.dll ntevt.dll accessibility.dll system.deployment.dll shsvcs.dll msctf.dll ActionQueue.dll shsvcs.dll ncrypt.dll usercpl.dll adwsres.dll dfsrress.dll els.dll els.dll wecsvc.dll netlogon.dll xwizards.dll imm32.dll user32.dll cmisetup.dll sspicli.dll adtschema.dll msobjs.dll umpnpmgr.dll umpnpmgr.dll efscore.dll umpo.dll themecpl.dll sstpsvc.dll wlgpclnt.dll DxpTaskSync.dll gdi32.dll ReAgent.dll winmm.dll PortableDeviceSyncProvider.dll gdi32.dll Magnification.dll DiagCpl.dll mscorlib.dll kernel32.dll SndVolSSO.dll rtm.dll ipnathlp.dll perfos.dll ehividctl.ni.dll UIAnimation.dll cryptsp.dll efssvc.dll crypt32.dll energy.dll secur32.dll kernel32.dll lpk.dll mscorsec.dll comres.dll comres.dll comres.dll msoobeui.dll microsoft-windows-kernel-processor-power-events.dll advapi32.dll netevent.dll tcpmon.dll msisip.dll System.Drawing.ni.dll mshtml.dll ntdll.dll mciavi32.dll comctl32.dll advapi32.dll ktmw32.dll ktmw32.dll powercpl.dll sud.dll msdtcVSp1res.dll msdtcVSp1res.dll fundisc.dll FDResPub.dll ntdll.dll kerberos.dll wintrust.dll rdpendp.dll pots.dll IPBusEnum.dll msutb.dll WABSyncProvider.dll kernelbase.dll Sens.dll system.web.dll werconcpl.dll msctf.dll clrjit.dll wersvc.dll appinfo.dll nsi.dll wow64.dll tabskb.dll netcenter.dll system.windows.forms.ni.dll oleaccrc.dll perfproc.dll ipmiprr.dll ActionCenterCPL.dll themeui.dll crypt32.dll winsetup.dll profsvc.dll adtschema.dll msobjs.dll adtschema.dll dnsapi.dll adtschema.dll fontglyphanimator.dll CertEnroll.dll System.Core.ni.dll gpsvc.dll api-ms-win-core-kernel32-legacy-l1-1-0.dll PresentationCFFRasterizer.dll ntdll.dll user32.dll gpsvc.dll auditcse.dll adtschema.dll usp10.dll system.dll schedsvc.dll adtschema.dll gpsvc.dll auditcse.dll lpk.dll wevtapi.dll wevtapi.dll wecsvc.dll wevtapi.dll wevtapi.dll usp10.dll els.dll adwsres.dll wecsvc.dll sensapi.dll wevtapi.dll wevtapi.dll authui.dll apilogen.dll crypt32.dll System.Windows.Forms.ni.dll mssprxy.dll aeevts.dll AudioSes.dll qmgr.dll gpsvc.dll dimsroam.dll CertPolEng.dll ci.dll shell32.dll cofiredm.dll bcrypt.dll kernel32.dll SyncInfrastructure.dll auditcse.dll svrmgrnc.dll system.xml.ni.dll pcwum.dll schedsvc.dll pla.dll mscorwks.dll npmproxy.dll mscms.dll webio.dll drupdate.dll winhttp.dll WUDFPlatform.dll eapsvc.dll certadm.dll certadm.dll fms.dll fdeploy.dll cryptbase.dll rsaenh.dll sechost.dll iphlpsvc.dll microsoft-windows-kernel-power-events.dll ncsi.dll rpcrt4.dll nlasvc.dll msv1_0.dll PSEvents.dll crypt32.dll RacEngn.dll cryptbase.dll radardt.dll cryptbase.dll presentationcore.dll osbaseln.dll umrdp.dll mstscax.dll kernel32.dll wow64.dll gdi32.dll wuaueng.dll WsmRes.dll kernel.appcore.dll UIAutomationCore.dll wbemsvc.dll oleres.dll ole32.dll Wldap32.dll ntshrui.dll webservices.dll ieframe.dll propsys.dll wow64cpu.dll netdiagfx.dll scrobj.dll onecoreuapcommonproxystub.dll ntdll.dll logoncli.dll setupetw.dll comdlg32.dll duser.dll adtschema.dll Display.dll rpchttp.dll umrdp.dll dps.dll advapi32.dll pnidui.dll shlwapi.dll dnsapi.dll usp10.dll appidapi.dll MPSSVC.dll sspicli.dll l2nacp.dll WinMgmtR.dll WinMgmtR.dll ieframe.dll credui.dll schedsvc.dll dimsjob.dll system.ni.dll ole32.dll lsasrv.dll lsasrv.dll FCRegSvc.dll RpcEpMap.dll apphelp.dll pautoenr.dll setupetw.dll clusapi.dll connect.dll MPSSVC.dll napipsec.dll Win32_Tpm.dll dui70.dll oleaut32.dll MPSSVC.dll lpk.dll zipfldr.dll nettrace.dll prflbmsg.dll userenv.dll ntevt.dll netdiagfx.dll shsvcs.dll perfdisk.dll dwmapi.dll ActionQueue.dll shsvcs.dll user32.dll npmproxy.dll shlwapi.dll adwsres.dll dfsrress.dll els.dll msctf.dll wecsvc.dll xwizards.dll onex.dll ntdsmsg.dll sechost.dll perfctrs.dll msobjs.dll uiautomationcore.dll umpnpmgr.dll efscore.dll umpo.dll themecpl.dll sstpsvc.dll msisip.dll DxpTaskSync.dll fdPHost.dll ReAgent.dll PortableDeviceSyncProvider.dll PortableDeviceSyncProvider.dll nsi.dll Magnification.dll DiagCpl.dll KernelBase.dll netshell.dll ntdll.dll dhcpcsvc6.dll system.numerics.ni.dll kernel32.dll ipnathlp.dll perfos.dll loadperf.dll UIAnimation.dll tbssvc.dll efssvc.dll microsoft-windows-hal-events.dll msvcrt.dll taskbarcpl.dll DeviceUxRes.dll msimsg.dll dwmcore.dll dwmcore.dll comres.dll wow64cpu.dll comres.dll comres.dll msoobeui.dll microsoft-windows-kernel-processor-power-events.dll whealogr.dll netevent.dll RpcRtRemote.dll certprop.dll dsound.dll mshtml.dll ntdll.dll mciavi32.dll mrmcorer.dll dot3gpclnt.dll ktmw32.dll ktmw32.dll powercpl.dll sud.dll csrsrv.dll csrsrv.dll advapi32.dll msdtcVSp1res.dll fundisc.dll FDResPub.dll kernelbase.dll dwmredir.dll kerberos.dll perfnet.dll sspicli.dll pots.dll winsrv.dll IPBusEnum.dll msvcp_win.dll WABSyncProvider.dll pdh.dll Sens.dll authz.dll werconcpl.dll FntCache.dll Microsoft.VisualStudio.Tools.Applications.ServerDocument.v9.0.dll wersvc.dll appinfo.dll wevtapi.dll kernel32.dll tabskb.dll netcenter.dll mscorwks.dll oleaccrc.dll perfproc.dll ipmiprr.dll ActionCenterCPL.dll clrjit.dll winsetup.dll RstrtMgr.dll,normal
 ntdll.dll kernelbase.dll wow64.dll wow64win.dll wow64cpu.dll kernel32.dll kernel32.dll kernel32.dll user32.dll kernel32.dll smiengine.dll authui.dll msvcrt.dll sechost.dll rpcrt4.dll sspicli.dll cryptbase.dll dnsapi.dll ws2_32.dll rpcrt4.dll cryptdll.dll sensapi.dll dhcpcsvc6.dll shell32.dll shlwapi.dll clbcatq.dll user32.dll winhttp.dll usp10.dll ole32.dll imm32.dll msctf.dll clbcatq.dll oleaut32.dll cryptsp.dll rsaenh.dll rpcrtremote.dll crypt32.dll,normal
 ntdll.dll kernel32.dll kernelbase.dll advapi32.dll msvcrt.dll sechost.dll rpcrt4.dll msvcr120_clr0400.dll mscoree.dll System.Windows.Forms.dll user32.dll user32.dll lpk.dll usp10.dll System.Web.dll imm32.dll msctf.dll cryptbase.dll cryptsp.dll system.drawing.ni.dll rpcrtremote.dll clbcatq.dll sxs.dll mscoreei.dll mscorwks.dll kernel32.dll shlwapi.dll gdi32.dll textinputframework.dll mscorlib.ni.dll mscorjit.dll mscorlib.dll kernel32.dll version.dll mscorlib.dll mscorlib.dll system.ni.dll windowsbase.ni.dll presentationcore.ni.dll presentationframework.ni.dll presentationcore.dll presentationcore.dll advapi32.dll System.Configuration.dll system.xml.ni.dll clbcatq.dll msoobeui.dll system.deployment.ni.dll presentationui.ni.dll cryptbase.dll accessibility.dll system.printing.dll system.printing.dll system.printing.dll reachframework.ni.dll sechost.dll system.data.ni.dll System.Drawing.Design.ni.dll ntlanman.dll system.data.dll system.data.dll system.data.dll ws2_32.dll nsi.dll mscoree.dll msasn1.dll system.drawing.dll system.configuration.ni.dll system.security.ni.dll cryptsp.dll microsoft.visualc.ni.dll usp10.dll System.DirectoryServices.Protocols.dll usp10.dll system.directoryservices.ni.dll cfgmgr32.dll system.transactions.dll system.transactions.dll system.transactions.dll sechost.dll kernelbase.dll system.enterpriseservices.ni.dll system.enterpriseservices.dll system.enterpriseservices.dll system.runtime.remoting.ni.dll system.web.ni.dll system.web.dll system.web.dll system.web.dll system.web.dll system.web.services.ni.dll system.directoryservices.protocols.ni.dll system.design.ni.dll system.serviceprocess.ni.dll system.web.regularexpressions.ni.dll system.drawing.design.ni.dll system.data.oracleclient.ni.dll system.data.oracleclient.dll system.data.oracleclient.dll system.data.oracleclient.dll system.data.oracleclient.dll usp10.dll profapi.dll,normal
 ntdll.dll kernel32.dll sechost.dll msvcrt.dll oleaut32.dll msvcp_win.dll kernel32.dll combase.dll user32.dll bcryptprimitives.dll advapi32.dll sechost.dll ole32.dll msvcr80.dll gdi32full.dll usp10.dll win32u.dll msvcr120_clr0400.dll dpx.dll imm32.dll kernel.appcore.dll uxtheme.dll wow64.dll system.windows.forms.ni.dll windows.storage.dll shlwapi.dll shcore.dll powrprof.dll profapi.dll appresolver.dll bcp47langs.dll api-ms-win-core-datetime-l1-1-1.dll elscore.dll propsys.dll slc.dll userenv.dll cryptsp.dll urlmon.dll sppc.dll api-ms-win-core-processthreads-l1-1-1.dll cryptbase.dll Microsoft.Management.Infrastructure.Native.dll ntshrui.dll linkinfo.dll ntshrui.dll sspicli.dll srvcli.dll version.dll policymanager.dll msvcp110_win.dll smiengine.dll ntmarta.dll mscoreei.dll combase.dll user32.dll msvcr120_clr0400.dll mscorlib.ni.dll wow64cpu.dll microsoft.powershell.consolehost.dll WinSCard.dll rsaenh.dll sspicli.dll clrjit.dll system.management.automation.dll system.management.automation.dll system.management.automation.dll system.management.automation.dll system.core.dll system.core.dll system.core.dll system.core.dll system.dll system.dll psapi.dll policymanager.dll msasn1.dll crypt32.dll gpapi.dll system.management.automation.resources.dll imm32.dll shlwapi.dll rsaenh.dll microsoft.management.infrastructure.dll microsoft.management.infrastructure.dll sspicli.dll system.numerics.dll system.xml.dll system.xml.dll system.directoryservices.dll system.directoryservices.dll system.management.dll System.Xml.ni.dll system.data.dll system.data.dll ws2_32.dll microsoft.powershell.consolehost.resources.dll system.data.dll ws2_32.dll mscorlib.resources.dll mscorlib.resources.dll microsoft.powershell.security.dll microsoft.powershell.security.dll system.transactions.dll system.transactions.dll sechost.dll shlwapi.dll system.configuration.dll system.configuration.dll wldp.dll mpclient.dll kbdnec.dll microsoft.powershell.psreadline.dll microsoft.powershell.psreadline.dll urlmon.dll iertutil.dll msiso.dll microsoft.csharp.dll microsoft.csharp.dll user32.dll mpr.dll msidle.dll system.configuration.install.dll,normal
 bcryptprimitives.dll ntdll.dll kernel32.dll profapi.dll rpcrt4.dll winmm.dll msvcrt.dll msvcrt.dll ole32.dll wininet.dll system.security.dll iertutil.dll iertutil.dll gdi32.dll combase.dll rpcrt4.dll rpcrt4.dll sechost.dll sechost.dll userenv.dll userenv.dll profapi.dll mssvp.dll msctf.dll secur32.dll secur32.dll oleaut32.dll windows.security.authentication.onlineid.dll shell32.dll winbrand.dll shcore.dll shcore.dll ws2_32.dll ws2_32.dll nsi.dll ntdll.dll ondemandconnroutehelper.dll ondemandconnroutehelper.dll kernel.appcore.dll system.xml.ni.dll winhttp.dll winhttp.dll mscorlib.dll urlmon.dll advapi32.dll advapi32.dll iphlpapi.dll winnsi.dll winnsi.dll oleaut32.dll dnsapi.dll netprofm.dll mswsock.dll,normal
 ntdll.dll ntdll.dll kernel32.dll wow64win.dll wow64cpu.dll shlwapi.dll kernel32.dll kernel32.dll user32.dll kernel32.dll advapi32.dll msvcrt.dll winbrand.dll ntdll.dll reachframework.dll lpk.dll usp10.dll advapi32.dll sechost.dll rpcrt4.dll sspicli.dll cryptbase.dll System.Runtime.Remoting.dll msctf.dll apphelp.dll,normal
 cfgmgr32.dll user32.dll comctl32.dll system.windows.forms.dll rsaenh.dll kernel32.dll gdi32.dll system.data.dll msvcrt.dll sspicli.dll combase.dll crypt32.dll userenv.dll msimg32.dll wmsgapi.dll wtsapi32.dll winmm.dll sechost.dll bcryptprimitives.dll comctl32.dll sechost.dll rpcrt4.dll msasn1.dll dnsapi.dll winmmbase.dll msctf.dll msutb.dll imm32.dll wevtapi.dll system.data.dll wbemcomn.dll kernel.appcore.dll ntdll.dll bcryptprimitives.dll uxtheme.dll wintrust.dll cryptsp.dll system.data.dll bcrypt.dll imagehlp.dll clbcatq.dll urlmon.dll ole32.dll iertutil.dll wininet.dll dwmapi.dll credui.dll authui.dll dui70.dll powrprof.dll duser.dll atl.dll kbd101.dll lpk.dll msacm32.dll propsys.dll api-ms-win-core-file-l2-1-0.dll ksuser.dll avrt.dll audioses.dll msctfp.dll version.dll kernel32.dll oleacc.dll ntmarta.dll imecfm.dll inputswitch.dll kernelbase.dll xmllite.dll dwrite.dll uianimation.dll d3d11.dll dxgi.dll d3d10warp.dll dcomp.dll imecfm.dll wer.dll tiptsf.dll,normal
 ntdll.dll kernel32.dll sxs.dll gdi32.dll user32.dll lpk.dll usp10.dll msvcrt.dll api-ms-win-downlevel-advapi32-l2-1-0.dll ntdll.dll ole32.dll rpcrt4.dll oleaut32.dll cryptbase.dll clbcatq.dll advapi32.dll user32.dll ntdll.dll kernel32.dll KernelBase.dll gdi32.dll user32.dll lpk.dll clbcatq.dll usp10.dll ondemandconnroutehelper.dll comctl32.dll ole32.dll System.EnterpriseServices.dll oleaut32.dll cryptbase.dll clbcatq.dll rsaenh.dll sechost.dll ntdll.dll System.IdentityModel.dll wow64.dll wow64win.dll wow64cpu.dll kernel32.dll ntdll.dll msctf.dll user32.dll kernel32.dll KernelBase.dll msvcrt.dll winbrand.dll user32.dll gdi32.dll lpk.dll user32.dll advapi32.dll shell32.dll accessibility.ni.dll sspicli.dll cryptbase.dll imm32.dll msctf.dll apphelp.dll,normal
 ntdll.dll sspicli.dll sechost.dll gdi32.dll user32.dll lpk.dll usp10.dll wow64.dll imm32.dll ole32.dll d3d10level9.dll rpcrt4.dll oleaut32.dll cryptbase.dll clbcatq.dll advapi32.dll sechost.dll,normal
 urlmon.dll ntdll.dll wow64.dll wow64win.dll wow64cpu.dll wow64.dll rpcrt4.dll kernel32.dll user32.dll kernel32.dll KernelBase.dll advapi32.dll msvcrt.dll sechost.dll rpcrt4.dll sensapi.dll cryptbase.dll dnsapi.dll imageres.dll nsi.dll winnsi.dll dhcpcsvc.dll clbcatq.dll advapi32.dll shlwapi.dll gdi32.dll user32.dll lpk.dll usp10.dll ole32.dll lpk.dll msctf.dll clbcatq.dll oleaut32.dll cryptsp.dll wow64win.dll dhcpcsvc.dll wevtapi.dll,normal
 ntdll.dll ntdll.dll wow64.dll wow64win.dll combase.dll nsi.dll kernel32.dll kernel32.dll user32.dll kernel32.dll kernelbase.dll advapi32.dll msvcrt.dll sechost.dll rpcrt4.dll sspicli.dll cryptbase.dll comctl32.dll gdi32.dll tquery.dll lpk.dll KernelBase.dll mfc42u.dll ole32.dll oleaut32.dll lpk.dll sechost.dll shlwapi.dll wininet.dll urlmon.dll crypt32.dll msasn1.dll msvcrt.dll winmm.dll ws2_32.dll ole32.dll imm32.dll mpr.dll odbcint.dll riched32.dll riched20.dll ole32.dll mscoree.dll shell32.dll combase.dll apphelp.dll shell32.dll uxtheme.dll msado15.dll msdart.dll cryptsp.dll kernelbase.dll rpcrtremote.dll oledb32.dll KernelBase.dll oledb32r.dll comsvcs.dll atl.dll bcryptprimitives.dll msjetoledb40.dll user32.dll mswstr10.dll setupapi.dll msjint40.dll msctf.dll msadrh15.dll msjtes40.dll version.dll vbajet32.dll ole32.dll kernel32.dll msadce.dll msadcer.dll propsys.dll apphelp.dll sensapi.dll ieframe.dll ieframe.dll ieframe.dll bcp47mrm.dll oleacc.dll ntmarta.dll wldap32.dll setupapi.dll kernel.appcore.dll devobj.dll,caidao
 dhcpcsvc.dll kernel32.dll oleaut32.dll imm32.dll imm32.dll ole32.dll kernel32.dll sechost.dll clbcatq.dll nsi.dll rmclient.dll imm32.dll advapi32.dll msctf.dll sensapi.dll system.security.dll wldap32.dll shdocvw.dll devobj.dll cfgmgr32.dll kernelbase.dll crypt32.dll msasn1.dll rpcrtremote.dll cryptbase.dll sspicli.dll secur32.dll srvcli.dll bcrypt.dll cryptsp.dll dnsapi.dll logoncli.dll schannel.dll rsaenh.dll netutils.dll credssp.dll winsta.dll setupapi.dll powrprof.dll ntmarta.dll netapi32.dll kernel32.dll winnsi.dll CbsApi.dll dhcpcsvc.dll wtsapi32.dll msvcrt.dll crypt32.dll samcli.dll ntdsapi.dll uxtheme.dll sensapi.dll wbemcomn2.dll fastprox.dll wbemsvc.dll wmiutils.dll ncobjapi.dll cimwin32.dll framedynos.dll security.dll cscapi.dll schedcli.dll wmi.dll msimg32.dll wsock32.dll dwmapi.dll System.Transactions.dll provthrd.dll sfc.dll perfos.dll clbcatq.dll wmipcima.dll uxtheme.dll cbsapi.dll netapi32.dll netutils.dll srvcli.dll wincredui.dll logoncli.dll dsrole.dll rpcrt4.dll schedcli.dll kernel32.dll profapi.dll lpk.dll shlwapi.dll shell32.dll dskquota.dll,normal
 sfc.dll sfc_os.dll,normal
 ntdll.dll kernel32.dll kernelbase.dll version.dll Microsoft.PowerShell.Workflow.ServiceCore.ni.dll kernel32.dll rpcrt4.dll gdi32.dll user32.dll lpk.dll rpcrtremote.dll msswch.dll winmm.dll dwmapi.dll ole32.dll ole32.dll oleaut32.dll shlwapi.dll wmsgapi.dll duser.dll uxtheme.dll dhcpcsvc6.dll ws2_32.dll rpcrt4.dll system.security.dll comctl32.dll oleacc.dll xmllite.dll wow64win.dll sxs.dll cryptsp.dll rsaenh.dll rpcrtremote.dll cfgmgr32.dll system.xml.ni.dll system.security.dll ntdll.dll wow64.dll wow64win.dll wow64cpu.dll oleaut32.dll kernel32.dll api-ms-win-devices-config-l1-1-0.dll user32.dll kernel32.dll kernelbase.dll msvcrt.dll clrjit.dll KernelBase.dll gdi32.dll user32.dll advapi32.dll sechost.dll rpcrt4.dll sspicli.dll sspicli.dll lpk.dll lpk.dll version.dll imm32.dll msctf.dll sxs.dll clbcatq.dll msvcp_win.dll advapi32.dll oleaut32.dll advapi32.dll perfdisk.dll kernel32.dll rsaenh.dll system.directoryservices.dll wshext.dll microsoft.office.tools.common.dll shell32.dll shlwapi.dll scrobj.dll msi.dll scrrun.dll msshooks.dll clbcatq.dll kernelbase.dll cryptbase.dll kernel32.dll sechost.dll rpcrt4.dll msvcr120_clr0400.dll ucrtbase.dll ole32.dll gdi32.dll user32.dll lpk.dll biwinrt.dll oleaut32.dll imm32.dll msctf.dll mscorlib.dll cryptsp.dll rsaenh.dll rpcrtremote.dll clbcatq.dll sxs.dll mscoreei.dll gdi32.dll shlwapi.dll mscorlib.ni.dll clrjit.dll system.ni.dll system.enterpriseservices.ni.dll ntlanman.dll mscorlib.dll mscorlib.dll system.transactions.ni.dll system.transactions.dll system.transactions.dll system.transactions.dll system.xml.ni.dll bcrypt.dll system.runtime.remoting.ni.dll system.core.ni.dll system.configuration.ni.dll ntdll.dll ntdll.dll wow64.dll wow64win.dll imm32.dll kernel32.dll kernel32.dll kernel32.dll user32.dll kernel32.dll shell32.dll advapi32.dll msvcrt.dll imm32.dll rpcrt4.dll sspicli.dll cryptbase.dll imageres.dll mscoree.dll ole32.dll gdi32.dll user32.dll lpk.dll usp10.dll oleaut32.dll dsrole.dll kernelbase.dll cryptsp.dll rsaenh.dll rpcrtremote.dll clbcatq.dll kernel32.dll mscoreei.dll mscorwks.dll msvcr80.dll kernelbase.dll shell32.dll profapi.dll user32.dll webio.dll mscorlib.dll mscorlib.dll version.dll mscorlib.dll mscorlib.dll system.ni.dll system.runtime.serialization.ni.dll oleaut32.dll system.runtime.serialization.dll system.runtime.serialization.dll msctf.dll profapi.dll system.dll system.dll clbcatq.dll system.xml.ni.dll system.xml.dll winmm.dll system.xml.dll system.xml.dll system.configuration.ni.dll system.configuration.dll kernel32.dll system.configuration.dll rsaenh.dll smdiagnostics.ni.dll smdiagnostics.dll smdiagnostics.dll smdiagnostics.dll smdiagnostics.dll system.security.ni.dll system.security.dll system.security.dll system.security.dll system.security.dll system.data.sqlxml.ni.dll msctf.dll system.data.sqlxml.dll system.data.sqlxml.dll user32.dll ntdll.dll ntdll.dll wldap32.dll system.enterpriseservices.dll rpcrt4.dll kernel32.dll kernel32.dll kernel32.dll user32.dll kernel32.dll kernelbase.dll advapi32.dll odbc32.dll sechost.dll kernel32.dll sspicli.dll kernelbase.dll msvcr120_clr0400.dll mscoree.dll ole32.dll gdi32.dll user32.dll lpk.dll usp10.dll rpcrt4.dll kernel32.dll msctf.dll cryptsp.dll rsaenh.dll rpcrtremote.dll clbcatq.dll sxs.dll mscoreei.dll bcrypt.dll shlwapi.dll mscorlib.ni.dll clrjit.dll system.ni.dll system.core.ni.dll version.dll system.data.entity.design.ni.dll mscorlib.dll mscorlib.dll system.dll system.dll system.core.dll system.core.dll system.data.entity.design.dll system.data.entity.design.dll system.data.entity.ni.dll sxs.dll system.data.entity.dll system.xml.ni.dll system.xml.dll system.xml.dll system.data.ni.dll system.data.dll system.data.dll system.data.dll kernel32.dll system.web.dll KernelBase.dll lpk.dll system.xml.linq.dll system.xml.linq.dll system.data.datasetextensions.ni.dll system.data.datasetextensions.dll system.data.datasetextensions.dll cryptsp.dll system.configuration.dll ntdll.dll sspicli.dll system.numerics.dll system.numerics.dll atl.dll system.security.dll system.security.dll ntdll.dll system.ni.dll kernel32.dll wow64win.dll wow64cpu.dll kernel32.dll kernel32.dll rpcrtremote.dll user32.dll kernel32.dll kernelbase.dll advapi32.dll msvcrt.dll sechost.dll sechost.dll sspicli.dll cryptbase.dll msvcr120_clr0400.dll mscoree.dll ole32.dll gdi32.dll user32.dll lpk.dll msvcrt.dll oleaut32.dll imm32.dll msctf.dll cryptsp.dll lpk.dll rpcrtremote.dll clbcatq.dll sxs.dll termsrv.dll clr.dll shlwapi.dll mscorlib.ni.dll clrjit.dll system.ni.dll mcepg.ni.dll version.dll mscorlib.dll wow64.dll system.dll system.dll system.management.instrumentation.ni.dll system.core.dll system.core.dll ole32.dll sechost.dll system.configuration.dll Microsoft.VisualStudio.Tools.Applications.Adapter.v9.0.dll xmllite.dll system.xml.dll system.xml.dll system.numerics.ni.dll system.numerics.dll system.numerics.dll system.runtime.durableinstancing.dll sensapi.dll system.security.dll system.configuration.install.ni.dll,normal
 ntdll.dll ntdll.dll ntdll.dll kernelbase.dll msasn1.dll ws2_32.dll ws2_32.dll sechost.dll sechost.dll pnidui.dll rpcrt4.dll nsi.dll nsi.dll vcruntime140.dll vcruntime140.dll ucrtbase.dll ucrtbase.dll ucrtbase.dll apphelp.dll wintrust.dll ucrtbase.dll ucrtbase.dll ucrtbase.dll mswsock.dll mswsock.dll,HTran
 ntdll.dll user32.dll advapi32.dll msvcrt.dll combase.dll rpcrt4.dll kernel.appcore.dll cryptbase.dll winsta.dll clbcatq.dll sechost.dll cryptsp.dll rsaenh.dll ole32.dll user32.dll gdi32.dll imm32.dll msctf.dll uxtheme.dll thumbcache.dll oleaut32.dll shcore.dll shell32.dll propsys.dll advapi32.dll dhcpcsvc6.dll,normal
 ntdll.dll kernel32.dll KernelBase.dll gdi32.dll user32.dll lpk.dll fdeploy.dll msvcrt.dll imm32.dll msctf.dll credssp.dll rpcrt4.dll oleaut32.dll ntdll.dll cryptsp.dll setupapi.dll wow64win.dll user32.dll vcruntime140.dll kernel32.dll kernel32.dll eqossnap.dll kernel32.dll KernelBase.dll msvcrt.dll winbrand.dll user32.dll gdi32.dll lpk.dll usp10.dll advapi32.dll mscorjit.dll rpcrt4.dll msvcrt.dll cryptbase.dll imm32.dll msctf.dll apphelp.dll,normal
 ntdll.dll ntdll.dll mscorwks.dll wow64win.dll wow64cpu.dll kernel32.dll kernel32.dll kernel32.dll user32.dll gpapi.dll KernelBase.dll msvcrt.dll winbrand.dll user32.dll gdi32.dll lpk.dll usp10.dll WinSCard.dll sechost.dll rpcrt4.dll ReAgent.dll shlwapi.dll user32.dll kernel32.dll apphelp.dll,normal
 ntdll.dll cryptsp.dll oleaut32.dll gdi32.dll user32.dll lpk.dll usp10.dll msvcrt.dll imm32.dll msctf.dll sspicli.dll rpcrt4.dll oleaut32.dll cryptbase.dll clbcatq.dll sechost.dll sechost.dll rpcrt4.dll cbsapi.dll kernelbase.dll gdi32.dll user32.dll lpk.dll usp10.dll msvcrt.dll imm32.dll msctf.dll ole32.dll rpcrt4.dll oleaut32.dll cryptbase.dll clbcatq.dll user32.dll sechost.dll ntdll.dll ntdll.dll wow64.dll mscorlib.dll wow64cpu.dll kernel32.dll kernel32.dll sxs.dll user32.dll clbcatq.dll kernelbase.dll msvcrt.dll winbrand.dll user32.dll kernel32.dll lpk.dll usp10.dll advapi32.dll sechost.dll rpcrt4.dll sspicli.dll imm32.dll imm32.dll msctf.dll wow64win.dll,normal
 secur32.dll ntdll.dll wow64.dll RpcRtRemote.dll wow64cpu.dll kernel32.dll kernel32.dll kernel32.dll user32.dll kernel32.dll kernelbase.dll rpcrt4.dll msvcrt.dll sechost.dll rpcrt4.dll sspicli.dll cryptbase.dll dnsapi.dll kernel32.dll nsi.dll winnsi.dll dhcpcsvc.dll dhcpcsvc6.dll shell32.dll PresentationCore.dll gdi32.dll RpcRtRemote.dll lpk.dll usp10.dll ole32.dll imm32.dll msctf.dll gdi32.dll oleaut32.dll cryptsp.dll mscorlib.dll rpcrtremote.dll oleaut32.dll oleaut32.dll shlwapi.dll kernelbase.dll mscorlib.ni.dll kernel32.dll sechost.dll rpcrt4.dll ole32.dll gdi32.dll user32.dll lpk.dll usp10.dll imm32.dll msctf.dll wdscore.dll oleaut32.dll shell32.dll shlwapi.dll cryptnet.dll cryptbase.dll cbscore.dll version.dll crypt32.dll msasn1.dll wintrust.dll userenv.dll wwapi.dll dui70.dll dpx.dll dpx.dll dpx.dll system.configuration.ni.dll ntdll.dll setupapi.dll advapi32.dll devobj.dll mpr.dll gdi32.dll sxsstore.dll sqmapi.dll user32.dll webio.dll winhttp.dll webio.dll sspicli.dll mscoree.dll kernel32.dll rpcrtremote.dll clbcatq.dll cbsapi.dll smipi.dll crypt32.dll ntdll.dll kernel32.dll crypt32.dll gdi32.dll dui70.dll lpk.dll imm32.dll msvcrt.dll imm32.dll shell32.dll ole32.dll rpcrt4.dll ole32.dll cryptbase.dll clbcatq.dll advapi32.dll sechost.dll ntdll.dll kernel32.dll kernelbase.dll gdi32.dll user32.dll lpk.dll version.dll msvcrt.dll imm32.dll msctf.dll ole32.dll rpcrt4.dll oleaut32.dll kernel32.dll powrprof.dll advapi32.dll mscorjit.dll ole32.dll kernel32.dll kernelbase.dll gdi32.dll user32.dll lpk.dll system.configuration.dll msvcrt.dll imm32.dll msctf.dll oleaut32.dll rpcrt4.dll oleaut32.dll cryptbase.dll ws2_32.dll advapi32.dll sechost.dll ntdll.dll ntdll.dll shcore.dll wow64win.dll wow64cpu.dll kernel32.dll kernel32.dll gdi32.dll user32.dll kernel32.dll kernelbase.dll msvcrt.dll winbrand.dll msvcrt.dll gdi32.dll lpk.dll usp10.dll nsi.dll wfapigp.dll rpcrt4.dll bcrypt.dll cryptbase.dll imm32.dll msctf.dll wevtapi.dll,normal
 ntdll.dll kernel32.dll kernelbase.dll lpk.dll msvcrt.dll shell32.dll rpcrt4.dll kernel32.dll ntdll.dll ole32.dll gdi32.dll user32.dll KernelBase.dll usp10.dll oleaut32.dll imm32.dll msctf.dll cryptbase.dll advapi32.dll rsaenh.dll rpcrtremote.dll clbcatq.dll sxs.dll msauserext.dll mscorwks.dll wow64win.dll shlwapi.dll shell32.dll oleaut32.dll msctf.dll mscorjit.dll mscorlib.dll System.Data.ni.dll version.dll mscorlib.dll mscorlib.dll system.drawing.design.dll wintrust.dll crypt32.dll msasn1.dll comctl32.dll riched20.dll imagehlp.dll ncrypt.dll gdi32.dll bcryptprimitives.dll userenv.dll gpapi.dll cryptnet.dll wldap32.dll dpx.dll stdole.dll stdole.dll stdole.ni.dll stdole.ni.dll stdole.ni.dll,normal
 ntdll.dll wdscore.dll kernelbase.dll gdi32.dll user32.dll lpk.dll oleaut32.dll msvcrt.dll comctl32.dll shlwapi.dll ole32.dll rpcrt4.dll oleaut32.dll shell32.dll gdiplus.dll uxtheme.dll imm32.dll msctf.dll dwmapi.dll cryptbase.dll netapi32.dll KernelBase.dll msvcrt.dll propsys.dll kernel32.dll cfgmgr32.dll devobj.dll clr.dll windowscodecs.dll audioses.dll winmm.dll ntdll.dll avrt.dll wpdshext.dll midimap.dll,normal
 npmproxy.dll,normal
 cryptbase.dll kernel32.dll kernelbase.dll msvcrt.dll conhostv2.dll combase.dll ucrtbase.dll ws2_32.dll msctf.dll gdi32.dll gdi32full.dll imm32.dll win32u.dll imm32.dll oleaut32.dll msvcp_win.dll propsys.dll sechost.dll shcore.dll System.ni.dll kernel.appcore.dll profapi.dll cfgmgr32.dll windows.storage.dll lpk.dll shlwapi.dll clbcatq.dll msctf.dll setupapi.dll,normal
 oleaut32.dll kernel32.dll kernel32.dll SensApi.dll msvcrt.dll combase.dll sechost.dll oleaut32.dll advapi32.dll shell32.dll shlwapi.dll profapi.dll gdi32.dll rpcrt4.dll sspicli.dll imm32.dll msctf.dll kernel.appcore.dll cryptbase.dll bcryptprimitives.dll clbcatq.dll cryptsp.dll clr.dll bcrypt.dll sensapi.dll,normal
 ntdll.dll rsaenh.dll kernelbase.dll advapi32.dll msvcrt.dll sechost.dll kernel32.dll gdi32.dll smdiagnostics.ni.dll lpk.dll usp10.dll ole32.dll msimg32.dll user32.dll gdi32.dll winmm.dll userenv.dll profapi.dll api-ms-win-core-file-l2-1-0.dll imm32.dll msasn1.dll msctfmonitor.dll sxsstore.dll imm32.dll oleaut32.dll comctl32.dll shlwapi.dll secur32.dll sspicli.dll shell32.dll cryptbase.dll uxtheme.dll wintrust.dll cryptsp.dll ws2_32.dll imagehlp.dll bcrypt.dll bcryptprimitives.dll api-ms-win-core-file-l1-2-1.dll gpapi.dll cryptnet.dll wldap32.dll sensapi.dll version.dll api-ms-win-downlevel-shell32-l1-1-0.dll ole32.dll reachframework.dll api-ms-win-downlevel-ole32-l1-1-0.dll ntdll.dll api-ms-win-downlevel-advapi32-l1-1-0.dll api-ms-win-downlevel-user32-l1-1-0.dll api-ms-win-downlevel-version-l1-1-0.dll api-ms-win-downlevel-normaliz-l1-1-0.dll normaliz.dll iertutil.dll bcryptprimitives.dll ntdll.dll kernel32.dll kernelbase.dll secur32.dll msvcrt.dll user32.dll sensapi.dll api-ms-win-core-processthreads-l1-1-1.dll gdi32.dll user32.dll lpk.dll usp10.dll imm32.dll msctf.dll oleaut32.dll wdscore.dll shell32.dll shlwapi.dll dbghelp.dll npmproxy.dll version.dll crypt32.dll certadm.dll msasn1.dll wintrust.dll userenv.dll profapi.dll ktmw32.dll dpx.dll imm32.dll dpx.dll wcp.dll setupapi.dll cfgmgr32.dll devobj.dll mpr.dll drupdate.dll srclient.dll spp.dll vssapi.dll atl.dll winhttp.dll webio.dll winhttp.dll user32.dll sensapi.dll cryptsp.dll user32.dll rpcrtremote.dll clbcatq.dll sxs.dll wrpint.dll sxsstore.dll sqmapi.dll advapi32.dll sspicli.dll smiengine.dll,normal
 ntdll.dll presentationui.ni.dll wow64.dll wow64win.dll dhcpcsvc.dll kernel32.dll kernel32.dll kernel32.dll user32.dll kernel32.dll user32.dll msvcrt.dll advapi32.dll user32.dll gdi32.dll lpk.dll usp10.dll cfgmgr32.dll sechost.dll rpcrt4.dll sspicli.dll cryptbase.dll imm32.dll wow64.dll apphelp.dll,normal
 ntdll.dll shlwapi.dll wow64.dll wow64win.dll version.dll kernel32.dll kernel32.dll kernel32.dll user32.dll kernel32.dll kernelbase.dll apphelp.dll advapi32.dll comctl32.dll gdi32.dll mfc42u.dll kernel32.dll ole32.dll oleaut32.dll shell32.dll rpcrt4.dll wininet.dll imagehlp.dll System.Security.ni.dll sechost.dll rpcrt4.dll oleaut32.dll clbcatq.dll shlwapi.dll iertutil.dll winmmbase.dll nsi.dll rpcrt4.dll cryptbase.dll oleaut32.dll imm32.dll msctf.dll uxtheme.dll rpcrtremote.dll riched20.dll usp10.dll msls31.dll dwmapi.dll dhcpcsvc.dll clbcatq.dll System.Runtime.Serialization.dll oleacc.dll propsys.dll shell32.dll ntmarta.dll synceng.dll rsaenh.dll wer.dll shcore.dll msado15.dll system.security.ni.dll oledb32.dll bcrypt.dll comsvcs.dll msjetoledb40.dll msjet40.dll user32.dll mswstr10.dll msjint40.dll crypt32.dll msasn1.dll dpapi.dll cryptsp.dll rsaenh.dll msadox.dll msadrh15.dll msjtes40.dll vbajet32.dll expsrv.dll usp10.dll wincorlib.dll wer.dll msadce.dll msadcer.dll ieframe.dll urlmon.dll cfgmgr32.dll setupapi.dll cfgmgr32.dll devobj.dll,caidao
 gdi32.dll ntdll.dll kernel32.dll kernelbase.dll ntdll.dll advapi32.dll advapi32.dll msvcrt.dll msvcrt.dll d3d10warp.dll oleaut32.dll user32.dll tquery.dll tquery.dll gpapi.dll gdi32.dll msshooks.dll shlwapi.dll cryptbase.dll sechost.dll rpcrt4.dll rpcrt4.dll gdi32.dll msctf.dll kernel.appcore.dll kernel.appcore.dll cryptbase.dll cryptbase.dll bcryptprimitives.dll dnsapi.dll clbcatq.dll cryptsp.dll cryptsp.dll combase.dll wow64cpu.dll bcrypt.dll bcrypt.dll mssprxy.dll mssprxy.dll shcore.dll kernelbase.dll,normal
 wow64cpu.dll kernel32.dll KernelBase.dll gdi32.dll user32.dll lpk.dll usp10.dll system.web.regularexpressions.ni.dll wmiutils.dll msctf.dll ole32.dll cryptbase.dll oleaut32.dll ntdll.dll kernel32.dll KernelBase.dll auditpolicygpmanagedstubs.interop.dll ole32.dll gdi32.dll user32.dll lpk.dll usp10.dll clbcatq.dll imm32.dll msctf.dll System.Drawing.Design.ni.dll clbcatq.dll advapi32.dll sechost.dll oleaut32.dll cryptsp.dll rsaenh.dll RpcRtRemote.dll nss3.dll advapi32.dll msvcrt.dll userenv.dll profapi.dll IDStore.dll shacct.dll,normal
 wintrust.dll gdi32.dll imm32.dll msctf.dll cmdext.dll,normal
 ntdll.dll ntdll.dll wow64.dll wow64win.dll wow64cpu.dll MMDevAPI.dll kernel32.dll System.Data.dll user32.dll kernel32.dll system.xml.dll shlwapi.dll SensApi.dll ole32.dll gdi32.dll user32.dll advapi32.dll sechost.dll usp10.dll sspicli.dll cryptbase.dll lpk.dll usp10.dll accessibility.dll imm32.dll msctf.dll sxs.dll clbcatq.dll shdocvw.dll advapi32.dll wintrust.dll crypt32.dll msasn1.dll cryptsp.dll rsaenh.dll msisip.dll wshext.dll comctl32.dll shell32.dll cfgmgr32.dll msctf.dll SensApi.dll wow64win.dll,normal
 ntdll.dll kernel32.dll KernelBase.dll advapi32.dll msvcrt.dll sechost.dll msvcrt.dll httpapi.dll System.Runtime.DurableInstancing.dll system.data.entity.dll usp10.dll ole32.dll system.xml.dll shlwapi.dll esent.dll imm32.dll msctf.dll psapi.dll ole32.dll cryptsp.dll cryptbase.dll kernel32.dll sspicli.dll cryptsp.dll credssp.dll user32.dll mssrch.dll clbcatq.dll accessibility.dll kbd101.dll kbd106.dll kbdnec.dll rpcrt4.dll powrprof.dll setupapi.dll cfgmgr32.dll devobj.dll cryptsp.dll rsaenh.dll RpcRtRemote.dll uiautomationtypes.dll imm32.dll ondemandconnroutehelper.dll winsta.dll Wldap32.dll ntmarta.dll atl.dll samcli.dll netutils.dll advapi32.dll vssapi.dll System.dll samlib.dll cfgmgr32.dll userenv.dll sxs.dll userenv.dll crypt32.dll msasn1.dll NaturalLanguage6.dll NlsData0011.dll NlsLexicons0011.dll NlsModels0011.dll shlwapi.dll elsTrans.dll elslad.dll oleaut32.dll chtbrkr.dll Query.dll chsbrkr.dll comctl32.dll setupapi.dll devobj.dll NlsData000a.dll NlsLexicons000a.dll wintrust.dll NlsData0018.dll NlsLexicons0018.dll Microsoft.PowerShell.Utility.Activities.dll NlsLexicons001b.dll shell32.dll gdi32.dll NlsData0011.dll user32.dll NlsModels0011.dll SMdiagnostics.dll NlsLexicons000a.dll NlsData0000.dll powrprof.dll,normal
 ntdll.dll kernel32.dll kernelbase.dll advapi32.dll msvcrt.dll profapi.dll rpcrt4.dll bcryptprimitives.dll winnsi.dll oleaut32.dll msvcp_win.dll api-ms-win-crt-environment-l1-1-0.dll combase.dll ole32.dll crypt32.dll msasn1.dll slc.dll bcrypt.dll sppc.dll bcrypt.dll profapi.dll version.dll gdi32.dll gdi32full.dll tiptsf.dll win32u.dll RpcRtRemote.dll version.dll cabinet.dll kernel.appcore.dll,normal
 shell32.dll kernel32.dll KernelBase.dll gdi32.dll user32.dll lpk.dll System.Core.ni.dll system.security.dll api-ms-win-downlevel-shell32-l1-1-0.dll msctf.dll ole32.dll usp10.dll oleaut32.dll ntdll.dll cryptbase.dll KernelBase.dll gdi32.dll user32.dll lpk.dll usp10.dll sechost.dll imm32.dll msctf.dll System.IdentityModel.dll rpcrt4.dll searchfolder.dll ntdll.dll kernel32.dll KernelBase.dll gdi32.dll user32.dll wmiutils.dll usp10.dll system.core.ni.dll imm32.dll msctf.dll ole32.dll rpcrt4.dll oleaut32.dll cryptbase.dll clbcatq.dll advapi32.dll sechost.dll shlwapi.dll ntdll.dll wow64.dll wow64win.dll msvcrt.dll kernel32.dll dpx.dll kernel32.dll user32.dll kernel32.dll KernelBase.dll cryptbase.dll oleaut32.dll wldap32.dll d3d10warp.dll user32.dll rpcrt4.dll sechost.dll rpcrt4.dll sspicli.dll cryptbase.dll lpk.dll usp10.dll wbemprox.dll sspicli.dll msctf.dll twinapi.appcore.dll ieframe.dll uxtheme.dll advapi32.dll wintrust.dll crypt32.dll msasn1.dll cryptsp.dll rsaenh.dll msisip.dll wshext.dll comctl32.dll shell32.dll shlwapi.dll scrobj.dll msi.dll scrrun.dll kernel32.dll ntdll.dll user32.dll wow64win.dll nlaapi.dll kernel32.dll kernel32.dll shlwapi.dll user32.dll kernel32.dll KernelBase.dll msvcrt.dll kernelbase.dll user32.dll gdi32.dll lpk.dll usp10.dll advapi32.dll rpcrt4.dll rpcrt4.dll system.directoryservices.dll cryptbase.dll imm32.dll sqmapi.dll apphelp.dll,normal
 ntdll.dll gdi32.dll kernel32.dll cryptsp.dll kernelbase.dll shell32.dll msvcrt.dll msvcrt.dll cfgmgr32.dll,normal
 ntdll.dll kernel32.dll msctf.dll gdi32.dll ntdll.dll msvcrt.dll sechost.dll oleaut32.dll combase.dll msctf.dll rpcrt4.dll uxtheme.dll tiptsf.dll dwmapi.dll comctl32.dll ole32.dll sechost.dll kernel.appcore.dll advapi32.dll bcryptprimitives.dll clbcatq.dll oleacc.dll advapi32.dll staterepository.core.dll shlwapi.dll shlwapi.dll propsys.dll msvcp_win.dll ntmarta.dll dui70.dll imecfm.dll wer.dll,normal
 ntdll.dll kernel32.dll KernelBase.dll advapi32.dll msvcrt.dll sechost.dll structuredquery.dll user32.dll win32u.dll gdi32.dll gdi32full.dll mscorwks.dll ucrtbase.dll mscorlib.dll bcryptprimitives.dll winnsi.dll cfgmgr32.dll windows.storage.dll powrprof.dll comctl32.dll system.numerics.ni.dll SHCore.dll profapi.dll ole32.dll imm32.dll uxtheme.dll msctf.dll oleaut32.dll msvcp_win.dll dwmapi.dll,normal
 sensapi.dll sensapi.dll,normal
 ntdll.dll ntdll.dll kernel32.dll kernelbase.dll kernelbase.dll msvcrt.dll msctf.dll oleaut32.dll msvcp_win.dll msvcp_win.dll lpk.dll ucrtbase.dll combase.dll rpcrt4.dll rpcrt4.dll bcryptprimitives.dll bcryptprimitives.dll advapi32.dll advapi32.dll crypt32.dll System.Messaging.ni.dll tquery.dll tquery.dll cryptdll.dll cryptdll.dll imm32.dll user32.dll win32u.dll msctf.dll gdi32full.dll rsaenh.dll kernel.appcore.dll clbcatq.dll kernel32.dll user32.dll,normal
 ntdll.dll kernel32.dll system.runtime.serialization.dll advapi32.dll msvcrt.dll ntdll.dll rpcrt4.dll user32.dll api-ms-win-core-fibers-l1-1-0.dll lpk.dll usp10.dll ole32.dll ntdll.dll tquery.dll tquery.dll shlwapi.dll ntdll.dll msctf.dll msshooks.dll ntdll.dll mscoree.dll user32.dll cryptbase.dll clbcatq.dll cryptsp.dll rsaenh.dll rpcrtremote.dll mssprxy.dll sxs.dll,normal
 msftedit.dll mssvp.dll mapi32.dll Microsoft.Office.Tools.v9.0.dll mapi32.dll,normal
 System.Core.ni.dll kernel32.dll KernelBase.dll advapi32.dll msvcrt.dll sechost.dll rpcrt4.dll ole32.dll gdi32.dll user32.dll lpk.dll usp10.dll imm32.dll msctf.dll logoncli.dll nsi.dll rtutils.dll shlwapi.dll dbghelp.dll cryptbase.dll System.Numerics.ni.dll version.dll crypt32.dll msasn1.dll msvcp_win.dll userenv.dll cryptbase.dll ktmw32.dll dpx.dll dpx.dll dpx.dll ucrtbase.dll cryptbase.dll setupapi.dll devicecenter.dll devobj.dll clrjit.dll wrpint.dll sxsstore.dll sqmapi.dll winhttp.dll webio.dll winhttp.dll webio.dll RpcRtRemote.dll cryptsp.dll rsaenh.dll RpcRtRemote.dll clbcatq.dll CbsApi.dll bcrypt.dll smiengine.dll slwga.dll ntdll.dll wow64.dll wow64win.dll wow64cpu.dll kernel32.dll kernel32.dll cryptbase.dll user32.dll kernel32.dll KernelBase.dll msvcrt.dll gdi32.dll kernel32.dll gdi32.dll lpk.dll usp10.dll rpcrt4.dll sechost.dll rpcrt4.dll sspicli.dll cryptbase.dll imm32.dll ntdll.dll api-ms-win-downlevel-normaliz-l1-1-0.dll,normal
 winbrand.dll mscorjit.dll kernelbase.dll msvcrt.dll combase.dll rpcrt4.dll ole32.dll shcore.dll wer.dll sechost.dll advapi32.dll kernel.appcore.dll bcryptprimitives.dll clbcatq.dll netprofm.dll nsi.dll user32.dll mscoree.dll cryptsp.dll bcrypt.dll rsaenh.dll cryptbase.dll npmproxy.dll CoreMessaging.dll nsi.dll system.transactions.dll netprofm.dll clipc.dll npmproxy.dll user32.dll nsi.dll npmproxy.dll system.runtime.serialization.dll nsi.dll npmproxy.dll netprofm.dll nsi.dll npmproxy.dll netprofm.dll nsi.dll npmproxy.dll system.transactions.dll nsi.dll npmproxy.dll dpx.dll nsi.dll npmproxy.dll netprofm.dll System.IO.Log.ni.dll npmproxy.dll netprofm.dll nsi.dll windowsbase.dll netprofm.dll nsi.dll npmproxy.dll rpcrt4.dll wpdshext.dll npmproxy.dll netprofm.dll nsi.dll npmproxy.dll netprofm.dll nsi.dll npmproxy.dll sechost.dll explorerframe.dll npmproxy.dll ondemandconnroutehelper.dll nsi.dll npmproxy.dll netprofm.dll nsi.dll npmproxy.dll netprofm.dll nsi.dll npmproxy.dll KernelBase.dll uiautomationprovider.dll npmproxy.dll netprofm.dll nsi.dll npmproxy.dll biwinrt.dll nsi.dll npmproxy.dll ole32.dll ntdll.dll npmproxy.dll netprofm.dll nsi.dll lpk.dll netprofm.dll nsi.dll npmproxy.dll netprofm.dll nsi.dll npmproxy.dll netprofm.dll nsi.dll clbcatq.dll netprofm.dll nsi.dll npmproxy.dll netprofm.dll System.Data.SqlXml.dll npmproxy.dll clr.dll api-ms-win-crt-math-l1-1-0.dll npmproxy.dll rpcrt4.dll nsi.dll npmproxy.dll kernel32.dll cryptbase.dll kernel32.dll netprofm.dll nsi.dll clbcatq.dll srvcli.dll nsi.dll npmproxy.dll netprofm.dll nsi.dll npmproxy.dll wow64.dll kernel32.dll npmproxy.dll netprofm.dll nsi.dll npmproxy.dll msvcrt.dll nsi.dll taskschd.dll netprofm.dll nsi.dll npmproxy.dll netprofm.dll cryptbase.dll npmproxy.dll netprofm.dll imm32.dll npmproxy.dll netprofm.dll nsi.dll npmproxy.dll netprofm.dll nsi.dll npmproxy.dll netprofm.dll dsrole.dll npmproxy.dll netprofm.dll msshooks.dll usp10.dll windows.applicationmodel.dll nsi.dll shell32.dll netprofm.dll nsi.dll npmproxy.dll netprofm.dll nsi.dll oleaut32.dll netprofm.dll oleaut32.dll api-ms-win-core-timezone-l1-1-0.dll netprofm.dll sxs.dll npmproxy.dll netprofm.dll nsi.dll wevtapi.dll ole32.dll nsi.dll npmproxy.dll netprofm.dll nsi.dll npmproxy.dll netprofm.dll msctf.dll npmproxy.dll netprofm.dll nsi.dll netutils.dll netprofm.dll nsi.dll system.addin.contract.ni.dll netprofm.dll nsi.dll wow64win.dll netprofm.dll nsi.dll npmproxy.dll netprofm.dll msasn1.dll npmproxy.dll netprofm.dll nsi.dll searchfolder.dll netprofm.dll shlwapi.dll npmproxy.dll netprofm.dll nsi.dll ncrypt.dll netprofm.dll nsi.dll npmproxy.dll netprofm.dll nsi.dll ntdll.dll netprofm.dll nsi.dll System.Xml.ni.dll netprofm.dll nsi.dll bcrypt.dll netprofm.dll nsi.dll npmproxy.dll netprofm.dll advapi32.dll npmproxy.dll netprofm.dll ntdll.dll npmproxy.dll netprofm.dll nsi.dll npmproxy.dll netprofm.dll nsi.dll winhttp.dll ws2_32.dll nsi.dll npmproxy.dll netprofm.dll sensapi.dll npmproxy.dll shlwapi.dll netlogon.dll npmproxy.dll netprofm.dll oleacc.dll npmproxy.dll oleaut32.dll nsi.dll npmproxy.dll WindowsBase.dll nsi.dll npmproxy.dll netprofm.dll nsi.dll mscorlib.ni.dll comctl32.dll nsi.dll npmproxy.dll msvcrt.dll nsi.dll npmproxy.dll netprofm.dll nsi.dll npmproxy.dll netprofm.dll nsi.dll ole32.dll netprofm.dll nsi.dll npmproxy.dll netprofm.dll nsi.dll npmproxy.dll netprofm.dll nsi.dll npmproxy.dll netprofm.dll nsi.dll system.xml.linq.ni.dll netprofm.dll nsi.dll npmproxy.dll netprofm.dll nsi.dll npmproxy.dll dhcpcsvc6.dll nsi.dll npmproxy.dll,normal
 ntdll.dll kernel32.dll KernelBase.dll msvcrt.dll msvcrt.dll sechost.dll rpcrt4.dll msvcr120_clr0400.dll ntdll.dll cryptbase.dll gdi32.dll user32.dll lpk.dll usp10.dll oleaut32.dll imm32.dll netprofm.dll cryptbase.dll cryptsp.dll rsaenh.dll RpcRtRemote.dll clbcatq.dll sxs.dll msctf.dll mpr.dll shlwapi.dll mscorlib.ni.dll clrjit.dll version.dll mscorlib.dll wow64.dll System.ni.dll System.Core.ni.dll Microsoft.VisualStudio.Tools.Applications.Runtime.ni.dll System.Xml.ni.dll dnsapi.dll System.Data.dll System.Data.dll System.Data.dll WindowsBase.ni.dll System.Configuration.ni.dll ntdll.dll kernel32.dll KernelBase.dll advapi32.dll webservices.dll sechost.dll sechost.dll sensapi.dll api-ms-win-core-errorhandling-l1-1-1.dll ole32.dll advapi32.dll user32.dll lpk.dll usp10.dll oleaut32.dll imm32.dll msctf.dll cryptbase.dll cryptsp.dll rsaenh.dll wow64cpu.dll clbcatq.dll sxs.dll mscoreei.dll clr.dll shlwapi.dll mscorlib.ni.dll sxs.dll System.ni.dll version.dll kernel32.dll mscorlib.dll System.Web.ni.dll cryptbase.dll WindowsBase.ni.dll UIAutomationTypes.ni.dll msvcrt.dll user32.dll System.Configuration.ni.dll KernelBase.dll eapsvc.dll msvcrt.dll wow64.dll wow64win.dll kernel32.dll kernel32.dll lpk.dll kernel32.dll user32.dll kernel32.dll KernelBase.dll advapi32.dll msvcrt.dll sechost.dll ole32.dll sspicli.dll cryptbase.dll msvcr120_clr0400.dll mscoree.dll ole32.dll gdi32.dll wow64win.dll Microsoft.VisualStudio.Tools.Office.Contract.v9.0.ni.dll umpnpmgr.dll kernel32.dll imm32.dll msctf.dll cryptsp.dll rsaenh.dll RpcRtRemote.dll clbcatq.dll ieframe.dll mscoreei.dll mscorwks.dll advapi32.dll shlwapi.dll shell32.dll profapi.dll mscorlib.ni.dll mscorjit.dll mscorlib.dll mscorlib.dll version.dll mscorlib.dll mscorlib.dll Microsoft.VisualStudio.Tools.Applications.ServerDocument.v9.0.dll aeevts.dll mscorsec.dll wintrust.dll crypt32.dll msasn1.dll comctl32.dll dui70.dll imagehlp.dll ncrypt.dll gpsvc.dll bcryptprimitives.dll userenv.dll oleaut32.dll cryptnet.dll Wldap32.dll SensApi.dll Microsoft.VisualStudio.Tools.Applications.ServerDocument.v9.0.dll System.ni.dll System.dll System.dll advapi32.dll System.dll System.AddIn.ni.dll Microsoft.VisualStudio.Tools.Applications.Runtime.v9.0.ni.dll Microsoft.VisualStudio.Tools.Applications.Runtime.v9.0.dll Microsoft.VisualStudio.Tools.Applications.Runtime.v9.0.dll advapi32.dll rpcrt4.dll crypt32.dll System.Xml.ni.dll shell32.dll System.XML.dll System.XML.dll System.XML.dll msctfmonitor.dll imageres.dll System.Data.dll System.Data.dll System.Data.dll System.Data.dll System.Data.dll ws2_32.dll nsi.dll System.AddIn.ni.dll oleaut32.dll System.AddIn.dll System.AddIn.dll System.AddIn.dll winbrand.dll shlwapi.dll propsys.dll Microsoft.VisualStudio.Tools.Applications.Hosting.v9.0.dll Microsoft.VisualStudio.Tools.Applications.Hosting.v9.0.dll Microsoft.VisualStudio.Tools.Applications.ServerDocument.v9.0.dll Microsoft.VisualStudio.Tools.Applications.ServerDocument.v9.0.dll system.security.dll Microsoft.VisualStudio.Tools.Applications.ServerDocument.v9.0.ni.dll KernelBase.dll ntdll.dll ntdll.dll wow64.dll wow64win.dll wow64cpu.dll kernel32.dll kernel32.dll kernel32.dll user32.dll imageres.dll KernelBase.dll advapi32.dll msvcrt.dll gdi32.dll system.directoryservices.protocols.dll sspicli.dll cryptbase.dll msvcr120_clr0400.dll mscoree.dll ole32.dll gdi32.dll user32.dll lpk.dll KernelBase.dll system.data.dll imm32.dll msctf.dll cryptsp.dll rsaenh.dll RpcRtRemote.dll msctf.dll advapi32.dll mscoreei.dll msvcp_win.dll msctf.dll shlwapi.dll shell32.dll profapi.dll wow64.dll mscorjit.dll mscorlib.dll mscorlib.dll version.dll imm32.dll mscorlib.dll Microsoft.VisualStudio.Tools.Office.Word.AddInProxy.v9.0.dll Microsoft.VisualStudio.Tools.Office.Word.AddInProxy.v9.0.dll mscorsec.dll ntdll.dll crypt32.dll lpk.dll msi.dll cryptbase.dll shlwapi.dll ncrypt.dll bcrypt.dll bcryptprimitives.dll userenv.dll gpapi.dll cryptnet.dll Wldap32.dll policymanager.dll Microsoft.VisualStudio.Tools.Office.Word.AddInProxy.v9.0.dll System.ni.dll shlwapi.dll System.AddIn.ni.dll Microsoft.VisualStudio.Tools.Applications.Adapter.v9.0.ni.dll Microsoft.VisualStudio.Tools.Applications.Adapter.v9.0.dll Microsoft.VisualStudio.Tools.Applications.Adapter.v9.0.dll sxs.dll Microsoft.VisualStudio.Tools.Applications.Adapter.v9.0.dll Microsoft.VisualStudio.Tools.Applications.Adapter.v9.0.dll System.ni.dll System.AddIn.ni.dll System.AddIn.dll System.AddIn.dll ws2_32.dll System.AddIn.dll imm32.dll System.dll System.Management.Automation.dll System.dll version.dll System.AddIn.Contract.dll System.AddIn.Contract.dll System.Web.dll System.AddIn.Contract.dll System.AddIn.Contract.dll Microsoft.VisualStudio.Tools.Office.Contract.v9.0.ni.dll cscapi.dll oleaut32.dll rpcrt4.dll Microsoft.Office.Tools.v9.0.ni.dll Microsoft.Office.Tools.v9.0.dll Microsoft.Office.Tools.v9.0.dll Microsoft.Office.Tools.v9.0.dll Microsoft.VisualStudio.Tools.Office.AddInAdapter.v9.0.ni.dll Microsoft.VisualStudio.Tools.Office.AddInAdapter.v9.0.dll Microsoft.VisualStudio.Tools.Office.AddInAdapter.v9.0.dll Microsoft.VisualStudio.Tools.Office.AddInAdapter.v9.0.dll Microsoft.VisualStudio.Tools.Applications.Runtime.v9.0.ni.dll Microsoft.VisualStudio.Tools.Applications.Runtime.v9.0.dll Microsoft.VisualStudio.Tools.Applications.Runtime.v9.0.dll Microsoft.VisualStudio.Tools.Applications.Runtime.v9.0.dll schedsvc.dll Microsoft.VisualStudio.Tools.Applications.Runtime.v9.0.dll Microsoft.Office.Interop.Word.dll Microsoft.Office.Interop.Word.dll Microsoft.Office.Interop.Word.dll Microsoft.VisualStudio.Tools.Applications.AddInAdapter.v9.0.ni.dll Microsoft.VisualStudio.Tools.Applications.AddInAdapter.v9.0.dll Microsoft.VisualStudio.Tools.Applications.AddInAdapter.v9.0.dll Microsoft.VisualStudio.Tools.Applications.AddInAdapter.v9.0.dll Microsoft.VisualStudio.Tools.Applications.AddInAdapter.v9.0.dll Microsoft.VisualStudio.Tools.Applications.AddInAdapter.v9.0.dll Microsoft.VisualStudio.Tools.Applications.Contract.v9.0.ni.dll gdi32.dll Microsoft.VisualStudio.Tools.Applications.Contract.v9.0.dll Microsoft.VisualStudio.Tools.Applications.Contract.v9.0.dll Microsoft.VisualStudio.Tools.Applications.Contract.v9.0.dll Microsoft.VisualStudio.Tools.Applications.Contract.v9.0.dll System.Drawing.ni.dll System.Drawing.dll System.Drawing.dll System.Drawing.dll user32.dll mscms.dll System.Numerics.dll System.XML.dll System.XML.dll System.XML.dll System.XML.dll kernel32.dll Microsoft.VisualStudio.Tools.Office.Word.AddInProxy.v9.0.dll system.transactions.dll Microsoft.VisualStudio.Tools.Office.Word.AddInProxy.v9.0.ni.dll Microsoft.VisualStudio.Tools.Office.Word.AddInProxy.v9.0.ni.dll Microsoft.VisualStudio.Tools.Office.Word.AddInProxy.v9.0.ni.dll Microsoft.Office.Tools.ni.dll ntdll.dll wow64.dll wow64win.dll wow64cpu.dll kernel32.dll kernel32.dll mssvp.dll user32.dll kernel32.dll KernelBase.dll advapi32.dll msvcrt.dll sechost.dll system.deployment.ni.dll sspicli.dll cryptbase.dll wow64.dll mscoree.dll ole32.dll gdi32.dll user32.dll lpk.dll usp10.dll oleaut32.dll imm32.dll msctf.dll cryptsp.dll rsaenh.dll RpcRtRemote.dll clbcatq.dll kernel32.dll cryptext.dll mscorwks.dll msvcr80.dll shlwapi.dll shell32.dll profapi.dll mscorlib.ni.dll ntdll.dll mscorlib.dll mscorlib.dll version.dll mscorlib.dll mscorlib.dll System.ni.dll System.Speech.ni.dll System.dll System.dll ntdll.dll System.dll System.Speech.dll System.Speech.dll System.Xml.ni.dll System.XML.dll wcp.dll System.XML.dll System.XML.dll mscorjit.dll iertutil.dll sysglobl.dll System.Configuration.ni.dll System.ni.dll System.configuration.dll rpcrt4.dll System.configuration.dll System.Security.ni.dll advapi32.dll user32.dll System.Security.dll ntdll.dll System.Data.SqlXml.ni.dll System.Data.SqlXml.dll System.Data.SqlXml.dll System.Data.SqlXml.dll System.Data.SqlXml.dll ntdll.dll ntdll.dll wow64.dll sechost.dll wow64cpu.dll kernel32.dll lpk.dll system.dll user32.dll kernel32.dll cryptsp.dll advapi32.dll msvcrt.dll sechost.dll rpcrt4.dll lpk.dll KernelBase.dll msvcr120_clr0400.dll mscoree.dll ole32.dll gdi32.dll user32.dll msswch.dll usp10.dll oleaut32.dll ole32.dll rpcrt4.dll logoncli.dll crypt32.dll RpcRtRemote.dll clbcatq.dll sxs.dll kernel32.dll clr.dll shlwapi.dll System.Security.dll clrjit.dll System.ni.dll ReachFramework.ni.dll msvcrt.dll mscorlib.dll system.directoryservices.protocols.dll win32u.dll System.dll System.Core.ni.dll WindowsBase.ni.dll PresentationCore.ni.dll wow64win.dll PresentationCore.dll WindowsBase.dll oleaut32.dll System.Core.dll System.Core.dll System.Printing.ni.dll System.Printing.dll capabilityaccesshandlers.dll System.Drawing.ni.dll System.Drawing.dll System.Drawing.dll System.Security.ni.dll System.Security.dll sysclass.dll System.Xml.ni.dll dhcpcsvc.dll System.Xml.dll shcore.dll PresentationFramework.dll PresentationFramework.dll userenv.dll System.Configuration.dll System.Configuration.dll,normal
 scrobj.dll ntdll.dll System.Xml.ni.dll usp10.dll System.AddIn.ni.dll wbemcomn2.dll kernel32.dll kernel32.dll user32.dll kernel32.dll KernelBase.dll msvcrt.dll uxtheme.dll user32.dll gdi32.dll lpk.dll usp10.dll advapi32.dll sechost.dll rpcrt4.dll sspicli.dll cryptbase.dll imm32.dll msctf.dll apphelp.dll,normal
 ntdll.dll kernel32.dll kernel32.dll user32.dll normaliz.dll ntdll.dll wow64.dll wow64win.dll wow64cpu.dll kernel32.dll kernel32.dll kernelbase.dll oleaut32.dll ole32.dll msvcrt.dll gdi32.dll sechost.dll advapi32.dll sechost.dll rpcrt4.dll sspicli.dll cryptbase.dll lpk.dll bcryptprimitives.dll msimg32.dll version.dll shell32.dll shlwapi.dll WinMgmtR.dll ws2_32.dll nsi.dll imm32.dll msctf.dll apphelp.dll mpr.dll msimg32.dll olepro32.dll version.dll devobj.dll presentationframework.dll api-ms-win-downlevel-advapi32-l1-1-0.dll KernelBase.dll api-ms-win-downlevel-user32-l1-1-0.dll api-ms-win-downlevel-version-l1-1-0.dll presentationcore.dll iertutil.dll acgenral.dll uxtheme.dll winmm.dll advapi32.dll lsasrv.dll sfc.dll sfc_os.dll ncrypt.dll profapi.dll cryptbase.dll urlmon.dll api-ms-win-downlevel-ole32-l1-1-0.dll wow64win.dll lspweb.dll,normal
 ntdll.dll kernel32.dll KernelBase.dll msctf.dll msvcrt.dll user32.dll rpcrt4.dll user32.dll gdi32.dll olepro32.dll usp10.dll ole32.dll system.addin.dll shlwapi.dll shell32.dll dui70.dll imm32.dll msctf.dll cryptbase.dll cryptsp.dll mpclient.dll wow64.dll wow64win.dll wow64cpu.dll kernel32.dll sspicli.dll System.ServiceModel.Internals.dll user32.dll kernel32.dll KernelBase.dll sechost.dll winbrand.dll user32.dll gdi32.dll lpk.dll gdi32.dll advapi32.dll sechost.dll rpcrt4.dll sspicli.dll cryptbase.dll imm32.dll kernel32.dll apphelp.dll,normal
 ntdll.dll kernel32.dll KernelBase.dll sspicli.dll msvcrt.dll sechost.dll userenv.dll system.xml.ni.dll mscoree.dll netprofm.dll gdi32.dll user32.dll lpk.dll usp10.dll cryptsp.dll imm32.dll msctf.dll cryptbase.dll cryptsp.dll smiengine.dll RpcRtRemote.dll clbcatq.dll sxs.dll mscoreei.dll clr.dll shlwapi.dll advapi32.dll clrjit.dll version.dll rsaenh.dll mscorlib.dll System.ni.dll user32.dll System.Configuration.Install.ni.dll System.Transactions.ni.dll System.Transactions.dll System.Transactions.dll System.Transactions.dll System.Xml.ni.dll Microsoft.Management.Infrastructure.ni.dll kernel32.dll System.Configuration.ni.dll System.DirectoryServices.ni.dll System.Runtime.Serialization.ni.dll Microsoft.CSharp.ni.dll kernel32.dll System.Data.dll comctl32.dll System.Data.dll System.Numerics.ni.dll System.Security.ni.dll,normal
 ntdll.dll kernel32.dll System.Core.dll advapi32.dll msvcrt.dll sechost.dll version.dll ole32.dll gdi32.dll user32.dll lpk.dll usp10.dll imm32.dll msctf.dll msvcrt.dll oleaut32.dll shell32.dll shlwapi.dll dbghelp.dll cryptbase.dll shell32.dll version.dll crypt32.dll msasn1.dll wintrust.dll userenv.dll msvcrt.dll mscorsec.dll dpx.dll dpx.dll dpx.dll rpcrt4.dll DrUpdate.dll sechost.dll clbcatq.dll devobj.dll mpr.dll wrpint.dll sxsstore.dll wevtapi.dll winhttp.dll webio.dll wow64.dll webio.dll SensApi.dll wevtapi.dll rsaenh.dll msvcrt.dll clbcatq.dll CbsApi.dll crypt32.dll smiengine.dll api-ms-win-crt-stdio-l1-1-0.dll ntdll.dll wow64.dll cryptbase.dll wow64cpu.dll api-ms-win-crt-convert-l1-1-0.dll kernel32.dll kernel32.dll user32.dll kernel32.dll KernelBase.dll msvcrt.dll winbrand.dll user32.dll msctf.dll lpk.dll winbrand.dll advapi32.dll kernelbase.dll wow64cpu.dll sspicli.dll msvcr120_clr0400.dll imm32.dll sechost.dll apphelp.dll,normal
 ntdll.dll kernel32.dll kernelbase.dll msvcrt.dll combase.dll rpcrt4.dll kernel.appcore.dll cryptbase.dll bcryptprimitives.dll perfos.dll PresentationFramework.ni.dll gdi32.dll oleaut32.dll cryptsp.dll cryptbase.dll bcrypt.dll idstore.dll userenv.dll nsi.dll,normal
 ntdll.dll kernel32.dll kernelbase.dll msvcrt.dll rpcrt4.dll ntdll.dll ucrtbase.dll bcryptprimitives.dll userenv.dll cryptbase.dll imm32.dll user32.dll mscorlib.dll gdi32.dll gdi32full.dll mydocs.dll sechost.dll clbcatq.dll crypt32.dll msvcrt.dll advapi32.dll wevtapi.dll winhttp.dll bcrypt.dll netutils.dll userenv.dll cryptbase.dll apprepsync.dll wintrust.dll wkscli.dll wininet.dll apprepapi.dll tbs.dll shell32.dll slc.dll windows.storage.dll powrprof.dll shlwapi.dll shcore.dll msvcrt.dll winsta.dll rpcrtremote.dll imageres.dll,normal
 ntdll.dll kernel32.dll System.Configuration.ni.dll advapi32.dll msvcrt.dll sechost.dll wow64cpu.dll version.dll user32.dll lpk.dll usp10.dll msswch.dll winmm.dll dwmapi.dll GdiPlus.dll ole32.dll oleacc.dll winbrand.dll shlwapi.dll wmsgapi.dll duser.dll uxtheme.dll imm32.dll msctf.dll cryptbase.dll system.xaml.hosting.ni.dll comctl32.dll xmllite.dll lpk.dll tabskb.dll cryptsp.dll imm32.dll version.dll InkObj.dll version.dll sxs.dll imm32.dll,normal
 ntdll.dll kernel32.dll kernelbase.dll gdi32.dll user32.dll lpk.dll sechost.dll msvcrt.dll mscorwks.dll sxs.dll ole32.dll rpcrt4.dll oleaut32.dll clrjit.dll wow64.dll advapi32.dll sechost.dll ntdll.dll ntdll.dll wow64.dll wow64win.dll wow64cpu.dll kernel32.dll kernel32.dll kernel32.dll wincorlib.dll kernel32.dll kernelbase.dll advapi32.dll msvcrt.dll sechost.dll mscorwks.dll sspicli.dll cryptbase.dll gdi32.dll user32.dll wbemcomn.dll usp10.dll imm32.dll dnsapi.dll ws2_32.dll dnsapi.dll winnsi.dll dhcpcsvc.dll sppuinotify.dll shell32.dll shlwapi.dll ole32.dll clbcatq.dll oleaut32.dll cryptsp.dll rsaenh.dll dhcpcsvc6.dll wevtapi.dll msctf.dll wininet.dll ntdll.dll clbcatq.dll wow64win.dll wow64cpu.dll kernel32.dll kernel32.dll kernel32.dll mpr.dll kernel32.dll kernelbase.dll advapi32.dll ole32.dll sechost.dll rpcrt4.dll api-ms-win-downlevel-version-l1-1-0.dll cryptbase.dll srclient.dll ws2_32.dll nsi.dll winnsi.dll dhcpcsvc.dll dhcpcsvc6.dll usp10.dll mscorwks.dll gdi32.dll user32.dll dwmcore.dll usp10.dll ole32.dll imm32.dll pla.dll oleaut32.dll oleaut32.dll cryptsp.dll rsaenh.dll rpcrtremote.dll wevtapi.dll,normal
 dnsapi.dll kernel32.dll KernelBase.dll gdi32.dll user32.dll advapi32.dll usp10.dll imm32.dll imm32.dll dwmcore.dll devobj.dll msctf.dll oleaut32.dll ntdll.dll windows.storage.applicationdata.dll wow64.dll wow64win.dll wow64cpu.dll kernel32.dll kernel32.dll kernel32.dll user32.dll kernel32.dll KernelBase.dll msvcrt.dll oleaut32.dll ole32.dll gdi32.dll user32.dll advapi32.dll System.Activities.dll microsoft.visualstudio.tools.applications.hosting.ni.dll sspicli.dll vm3dum64_10.dll lpk.dll user32.dll version.dll imm32.dll msctf.dll sxs.dll clbcatq.dll vbscript.dll advapi32.dll wintrust.dll crypt32.dll cryptsp.dll version.dll rsaenh.dll msisip.dll wshext.dll comctl32.dll lpk.dll shlwapi.dll scrobj.dll cryptsp.dll kernel32.dll,normal
 ntdll.dll kernel32.dll kernelbase.dll advapi32.dll msvcrt.dll sechost.dll DeviceCenter.dll shell32.dll sxs.dll shell32.dll lpk.dll imm32.dll ole32.dll cryptbase.dll sspicli.dll kernelbase.dll oleaut32.dll oleaut32.dll profapi.dll urlmon.dll api-ms-win-downlevel-ole32-l1-1-0.dll System.Transactions.dll mscorlib.dll api-ms-win-downlevel-user32-l1-1-0.dll api-ms-win-downlevel-version-l1-1-0.dll version.dll api-ms-win-downlevel-normaliz-l1-1-0.dll kernel32.dll normaliz.dll iertutil.dll wininet.dll userenv.dll secur32.dll sspicli.dll cfgmgr32.dll mpr.dll msctf.dll clbcatq.dll secur32.dll setupapi.dll devobj.dll,normal
 ntdll.dll ws2_32.dll wow64.dll wow64win.dll wow64cpu.dll kernel32.dll kernel32.dll kernel32.dll user32.dll wininet.dll kernelbase.dll msvcrt.dll winbrand.dll user32.dll gdi32.dll lpk.dll usp10.dll advapi32.dll system.drawing.dll rpcrt4.dll kernel.appcore.dll bcrypt.dll imm32.dll msctf.dll apphelp.dll,normal
 ntdll.dll kernel32.dll KernelBase.dll advapi32.dll msvcrt.dll sechost.dll rpcrt4.dll user32.dll gdi32.dll ntdll.dll usp10.dll Microsoft.VisualStudio.Tools.Office.Contract.v9.0.dll ole32.dll oleaut32.dll secur32.dll usp10.dll kernel32.dll scrrun.dll dnsapi.dll netutils.dll mstscax.dll wkscli.dll logoncli.dll framedynos.dll msasn1.dll ucrtbase.dll version.dll slc.dll imm32.dll msctf.dll shcore.dll clbcatq.dll wbemprox.dll wbemcomn.dll ntdll.dll ntdll.dll wow64.dll wow64win.dll wow64cpu.dll winbrand.dll kernel32.dll msvcrt.dll user32.dll kernel32.dll KernelBase.dll uxtheme.dll msvcrt.dll sechost.dll rpcrt4.dll rpcrt4.dll cryptbase.dll dnsapi.dll ws2_32.dll nsi.dll usp10.dll dhcpcsvc.dll dhcpcsvc6.dll winnsi.dll shlwapi.dll gdi32.dll rsaenh.dll lpk.dll usp10.dll rpcrt4.dll imm32.dll msctf.dll clbcatq.dll oleaut32.dll cryptsp.dll rsaenh.dll RpcRtRemote.dll wevtapi.dll,normal
 wininet.dll kernel32.dll kernelbase.dll system.transactions.dll msvcrt.dll api-ms-win-downlevel-version-l1-1-0.dll rpcrt4.dll user32.dll gdi32.dll lpk.dll usp10.dll imm32.dll comctl32.dll shlwapi.dll user32.dll msctf.dll ole32.dll duser.dll shell32.dll winbrand.dll slc.dll sppc.dll cryptbase.dll system.enterpriseservices.ni.dll cryptsp.dll rsaenh.dll rpcrtremote.dll sppcomapi.dll rpcrtremote.dll crypt32.dll msasn1.dll winscard.dll user32.dll rasman.dll setupapi.dll bcryptprimitives.dll devobj.dll tapi32.dll msctf.dll slwga.dll wtsapi32.dll cryptui.dll winhttp.dll sxs.dll shlwapi.dll uxtheme.dll ws2_32.dll nsi.dll dwmapi.dll,normal
 System.Core.ni.dll kernel32.dll kernelbase.dll System.Web.RegularExpressions.ni.dll system.configuration.dll sechost.dll rpcrt4.dll lpk.dll user32.dll xmllite.dll gdi32.dll msidle.dll msimg32.dll wmsgapi.dll wtsapi32.dll winmm.dll userenv.dll userenv.dll winsta.dll crypt32.dll msasn1.dll msctfmonitor.dll msctf.dll odbcint.dll msutb.dll ssshim.dll shlwapi.dll kernel.appcore.dll sspicli.dll shell32.dll advapi32.dll gdi32.dll wintrust.dll cryptbase.dll rsaenh.dll comres.dll bcrypt.dll bcryptprimitives.dll ncrypt.dll gpapi.dll cryptnet.dll msacm32.dll sensapi.dll system.web.regularexpressions.dll clbcatq.dll oleaut32.dll KernelBase.dll api-ms-win-downlevel-ole32-l1-1-0.dll api-ms-win-downlevel-shlwapi-l1-1-0.dll api-ms-win-downlevel-advapi32-l1-1-0.dll advapi32.dll api-ms-win-downlevel-version-l1-1-0.dll api-ms-win-downlevel-normaliz-l1-1-0.dll normaliz.dll setupetw.dll wininet.dll ntdll.dll user32.dll gdi32.dll kernel32.dll kernelbase.dll lpk.dll vbscript.dll imm32.dll csrsrv.dll basesrv.dll winsrv.dll sxssrv.dll sxs.dll system.directoryservices.dll cryptbase.dll ntdll.dll ntdll.dll wow64.dll wow64win.dll wow64cpu.dll kernel32.dll kernel32.dll kernel32.dll vbscript.dll kernel32.dll kernelbase.dll msvcrt.dll winbrand.dll user32.dll gdi32.dll lpk.dll usp10.dll advapi32.dll sechost.dll rpcrt4.dll System.XML.dll cryptbase.dll imm32.dll msctf.dll apphelp.dll ntdll.dll ntdll.dll system.xml.ni.dll wow64win.dll wow64cpu.dll profapi.dll clbcatq.dll kernel32.dll user32.dll radardt.dll kernelbase.dll advapi32.dll msvcrt.dll rasadhlp.dll rpcrt4.dll sspicli.dll cryptbase.dll uiautomationcore.dll mscoree.dll ole32.dll gdi32.dll user32.dll lpk.dll usp10.dll oleaut32.dll imm32.dll msctf.dll cryptsp.dll rsaenh.dll rpcrtremote.dll winnsi.dll gdi32.dll mscoreei.dll mscorwks.dll msvcr80.dll shlwapi.dll shell32.dll profapi.dll winmmbase.dll imm32.dll mscorlib.dll mscorlib.dll version.dll mscorlib.dll mscorlib.dll wow64win.dll wintrust.dll crypt32.dll msasn1.dll clbcatq.dll microsoft.visualstudio.tools.applications.serverdocument.v10.0.dll comctl32.dll riched20.dll imagehlp.dll ncrypt.dll bcrypt.dll bcryptprimitives.dll user32.dll gpapi.dll cryptnet.dll wldap32.dll sensapi.dll wkscli.dll system.ni.dll system.addin.ni.dll microsoft.visualstudio.tools.applications.runtime.v9.0.ni.dll microsoft.visualstudio.tools.applications.runtime.v9.0.dll microsoft.visualstudio.tools.applications.runtime.v9.0.dll microsoft.visualstudio.tools.applications.runtime.v9.0.dll microsoft.visualstudio.tools.applications.runtime.v9.0.dll system.dll system.dll clbcatq.dll ntdll.dll mscorlib.dll system.addin.dll System.Design.dll ntdll.dll system.xml.ni.dll version.dll rpcrt4.dll system.data.sqlxml.dll system.xml.dll system.data.ni.dll ws2_32.dll nsi.dll system.data.dll system.data.dll system.data.dll ntdll.dll system.data.dll advapi32.dll windowsbase.dll clrjit.dll windowsbase.dll windowsbase.dll system.configuration.ni.dll comctl32.dll system.configuration.dll system.configuration.dll system.configuration.dll ntdll.dll shell32.dll wow64.dll wow64win.dll wow64cpu.dll nsi.dll cryptbase.dll kernel32.dll advapi32.dll sechost.dll kernelbase.dll oleaut32.dll msvcrt.dll sechost.dll rpcrt4.dll imm32.dll cryptbase.dll msvcr120_clr0400.dll mscoree.dll usp10.dll gdi32.dll user32.dll wow64win.dll usp10.dll msvcrt.dll imm32.dll msasn1.dll cryptsp.dll version.dll rpcrtremote.dll cryptdll.dll msvcrt.dll mscoreei.dll mscorwks.dll msvcr80.dll shlwapi.dll shell32.dll profapi.dll mscorlib.ni.dll mscorjit.dll mscorlib.dll mscorlib.dll version.dll eventlogmessages.dll mscorlib.dll system.ni.dll system.web.services.ni.dll system.web.services.dll system.web.services.dll System.dll system.web.services.dll system.dll system.dll system.dll system.dll system.xml.ni.dll system.xml.dll credui.dll wow64win.dll system.xml.dll system.web.ni.dll system.web.dll wintrust.dll system.web.dll system.web.dll system.configuration.ni.dll system.configuration.dll system.configuration.dll system.configuration.dll propsys.dll system.enterpriseservices.ni.dll system.enterpriseservices.dll system.enterpriseservices.dll odbc32.dll system.directoryservices.dll system.directoryservices.dll rpcrt4.dll system.directoryservices.dll system.design.ni.dll system.design.dll system.design.dll system.data.ni.dll system.data.dll imm32.dll system.data.dll system.data.dll system.data.dll ws2_32.dll cryptbase.dll crypt32.dll msasn1.dll,normal
 ntdll.dll ntdll.dll wow64.dll oleaut32.dll wow64cpu.dll msvcrt.dll kernel32.dll kernel32.dll user32.dll kernel32.dll kernelbase.dll msvcrt.dll winbrand.dll user32.dll msctf.dll lpk.dll usp10.dll ntdll.dll sechost.dll rpcrt4.dll kernelbase.dll version.dll imm32.dll system.transactions.dll apphelp.dll,normal
 napinsp.dll pnrpnsp.dll winrnr.dll wshbth.dll msvcp140.dll cryptsp.dll api-ms-win-crt-runtime-l1-1-0.dll ucrtbase.dll api-ms-win-core-timezone-l1-1-0.dll dwmapi.dll dhcpcsvc.dll api-ms-win-core-synch-l1-2-0.dll api-ms-win-core-processthreads-l1-1-1.dll api-ms-win-core-file-l1-2-0.dll api-ms-win-crt-string-l1-1-0.dll api-ms-win-crt-heap-l1-1-0.dll api-ms-win-crt-stdio-l1-1-0.dll api-ms-win-crt-convert-l1-1-0.dll api-ms-win-crt-locale-l1-1-0.dll api-ms-win-crt-math-l1-1-0.dll msctf.dll api-ms-win-crt-time-l1-1-0.dll dhcpcsvc.dll wow64.dll api-ms-win-crt-utility-l1-1-0.dll acropdf.dll acropdf.dll kernelbase.dll acropdfimpl.dll mpr.dll shell32.dll msxml3.dll shell32.dll ntdll.dll kernel32.dll kernelbase.dll user32.dll gdi32.dll lpk.dll msctf.dll msvcrt.dll ole32.dll advapi32.dll oleaut32.dll ktmw32.dll api-ms-win-devices-config-l1-1-0.dll imm32.dll presentationcffrasterizer.ni.dll cryptbase.dll sechost.dll advapi32.dll cryptsp.dll rsaenh.dll shlwapi.dll ntdll.dll rpcrtremote.dll clbcatq.dll tschannel.dll xmllite.dll KernelBase.dll ntdll.dll ole32.dll kernel32.dll msvcrt.dll winbrand.dll rpcrtremote.dll gdi32.dll wpdshserviceobj.dll usp10.dll imm32.dll msctf.dll advapi32.dll kernelbase.dll shlwapi.dll apphelp.dll,normal
 ntdll.dll kernel32.dll kernelbase.dll msvcrt.dll ntdll.dll wer.dll user32.dll nlaapi.dll rpcrt4.dll gdi32.dll System.Numerics.dll shell32.dll combase.dll shlwapi.dll shcore.dll cryptsp.dll wldap32.dll shlwapi.dll comctl32.dll bcryptprimitives.dll profapi.dll ntmarta.dll,normal
 ntdll.dll kernel32.dll kernelbase.dll advapi32.dll msvcrt.dll sechost.dll rpcrt4.dll msvcr120_clr0400.dll mscoreei.dll ole32.dll gdi32.dll user32.dll ondemandconnroutehelper.dll System.Data.OracleClient.ni.dll imm32.dll imm32.dll msctf.dll cryptbase.dll cryptsp.dll rsaenh.dll rpcrtremote.dll clbcatq.dll msvcr120_clr0400.dll imm32.dll clr.dll shlwapi.dll mscorlib.ni.dll clrjit.dll system.ni.dll gdi32.dll system.identitymodel.ni.dll version.dll mscorlib.dll System.Web.dll system.runtime.serialization.ni.dll user32.dll smdiagnostics.ni.dll system.configuration.ni.dll system.servicemodel.internals.ni.dll system.security.ni.dll system.web.applicationservices.ni.dll dpx.dll ntdll.dll ntdll.dll wow64.dll wow64win.dll wow64cpu.dll kernel32.dll kernel32.dll kernel32.dll user32.dll kernel32.dll kernelbase.dll clbcatq.dll msvcrt.dll sechost.dll rpcrt4.dll sspicli.dll cryptbase.dll msvcr120_clr0400.dll mscoree.dll ole32.dll gdi32.dll user32.dll msvcrt.dll usp10.dll oleaut32.dll system.security.dll user32.dll imageres.dll rsaenh.dll rpcrtremote.dll clbcatq.dll KernelBase.dll kernel32.dll mscorwks.dll msvcr80.dll shlwapi.dll shell32.dll profapi.dll mscorlib.ni.dll mscorjit.dll mscorlib.dll mscorlib.dll version.dll mscorlib.dll mscorlib.dll system.ni.dll rpcrt4.dll reachframework.dll reachframework.dll system.dll system.dll system.dll system.dll windowsbase.ni.dll presentationcore.ni.dll cryptbase.dll presentationframework.dll presentationframework.dll presentationframework.dll msctf.dll cryptbase.dll imm32.dll windowsbase.dll windowsbase.dll wow64cpu.dll presentationcore.dll presentationcore.dll presentationcore.dll system.printing.ni.dll system.printing.dll rpcrt4.dll system.printing.dll sxs.dll kernel32.dll system.xml.dll system.configuration.dll system.xml.dll system.xml.dll system.drawing.ni.dll system.drawing.dll gdi32.dll system.drawing.dll System.Data.dll system.security.ni.dll system.security.dll system.security.dll system.security.dll msvcrt.dll msacm32.dll system.configuration.dll system.configuration.dll system.configuration.dll api-ms-win-downlevel-advapi32-l1-1-0.dll system.data.sqlxml.ni.dll wow64win.dll system.data.sqlxml.dll system.data.sqlxml.dll system.data.sqlxml.dll uiautomationprovider.ni.dll wow64cpu.dll uiautomationprovider.dll uiautomationprovider.dll uiautomationprovider.dll system.deployment.ni.dll system.deployment.dll system.deployment.dll system.deployment.dll system.deployment.dll presentationui.ni.dll presentationui.dll wshext.dll uiautomationtypes.ni.dll uiautomationtypes.dll uiautomationtypes.dll uiautomationtypes.dll uiautomationtypes.dll system.data.ni.dll mscorlib.ni.dll system.data.dll system.data.dll system.data.dll system.data.dll ws2_32.dll nsi.dll crypt32.dll msasn1.dll accessibility.ni.dll accessibility.dll smipi.dll winbrand.dll accessibility.dll kernel32.dll presentationcffrasterizer.ni.dll presentationcffrasterizer.dll cryptsp.dll system.windows.forms.ni.dll kernel32.dll system.windows.forms.dll system.windows.forms.dll system.windows.forms.dll rsaenh.dll system.runtime.serialization.formatters.soap.dll system.runtime.serialization.formatters.soap.dll system.directoryservices.ni.dll system.directoryservices.dll system.directoryservices.dll system.directoryservices.dll crypt32.dll system.transactions.ni.dll gdi32.dll system.transactions.dll sensapi.dll system.runtime.serialization.ni.dll system.transactions.dll ntdll.dll system.enterpriseservices.dll userenv.dll system.runtime.remoting.ni.dll system.dll system.runtime.remoting.dll system.web.ni.dll sppc.dll system.web.dll system.web.dll system.web.dll system.web.services.ni.dll system.web.services.dll system.web.services.dll system.web.services.dll system.web.services.dll system.directoryservices.protocols.ni.dll system.directoryservices.protocols.dll system.directoryservices.protocols.dll system.directoryservices.protocols.dll system.directoryservices.protocols.dll rsaenh.dll system.design.dll system.design.dll msvcrt.dll lpk.dll sxs.dll system.web.regularexpressions.ni.dll chrome_elf.dll system.web.regularexpressions.dll system.web.regularexpressions.dll wevtfwd.dll system.drawing.design.ni.dll system.drawing.design.dll system.drawing.design.dll system.data.oracleclient.ni.dll system.data.oracleclient.dll system.data.oracleclient.dll system.data.oracleclient.dll system.windows.forms.dll system.data.oracleclient.dll winnsi.dll msctf.dll system.configuration.install.dll ntdll.dll ntdll.dll kernel32.dll wow64win.dll usp10.dll kernel32.dll kernel32.dll advapi32.dll mshtmler.dll kernel32.dll kernelbase.dll advapi32.dll msvcrt.dll sechost.dll rpcrt4.dll sspicli.dll KernelBase.dll msvcr120_clr0400.dll system.data.oracleclient.dll mfc42.dll gdi32.dll api-ms-win-downlevel-version-l1-1-0.dll lpk.dll usp10.dll sspicli.dll user32.dll msctf.dll ntdll.dll rsaenh.dll rpcrtremote.dll clbcatq.dll sxs.dll mscoreei.dll mscorwks.dll msvcr80.dll shlwapi.dll msctf.dll profapi.dll version.dll mscorjit.dll mscorlib.dll mscorlib.dll version.dll mscorlib.dll mscorlib.dll Microsoft.Powershell.Workflow.ServiceCore.dll system.servicemodel.ni.dll system.servicemodel.dll system.servicemodel.dll system.servicemodel.dll system.servicemodel.dll version.dll kernel32.dll system.dll system.dll smdiagnostics.ni.dll gdi32.dll smdiagnostics.dll smdiagnostics.dll cryptbase.dll system.runtime.serialization.ni.dll system.runtime.serialization.dll imm32.dll system.runtime.serialization.dll system.runtime.serialization.dll lpk.dll lpk.dll system.web.dll system.web.dll system.web.dll system.xml.ni.dll system.xml.dll system.xml.dll system.xml.dll system.xml.dll system.configuration.ni.dll system.configuration.dll system.configuration.dll system.configuration.dll system.configuration.dll system.transactions.ni.dll system.transactions.dll system.transactions.dll system.transactions.dll gdi32.dll gdi32.dll system.identitymodel.ni.dll mpr.dll netutils.dll system.identitymodel.dll system.identitymodel.dll system.enterpriseservices.ni.dll user32.dll system.enterpriseservices.dll system.web.regularexpressions.ni.dll system.web.regularexpressions.dll system.web.regularexpressions.dll system.web.regularexpressions.dll system.web.regularexpressions.dll system.serviceprocess.ni.dll system.serviceprocess.dll system.serviceprocess.dll system.web.services.ni.dll kernel32.dll system.web.services.dll system.web.services.dll sechost.dll system.messaging.ni.dll system.messaging.dll system.messaging.dll system.identitymodel.selectors.ni.dll system.data.oracleclient.dll uiautomationcore.dll system.directoryservices.ni.dll cryptbase.dll system.directoryservices.dll system.directoryservices.dll aeevts.dll microsoft.transactions.bridge.ni.dll dbghelp.dll microsoft.transactions.bridge.dll system.security.ni.dll kernelbase.dll system.security.dll system.security.dll ncrypt.dll system.data.sqlxml.ni.dll system.data.sqlxml.dll system.data.sqlxml.dll user32.dll UIAutomationCore.dll system.drawing.ni.dll system.drawing.dll system.drawing.dll system.drawing.dll version.dll system.data.ni.dll system.configuration.ni.dll system.data.dll system.data.dll msdtcVSp1res.dll system.data.dll ws2_32.dll nsi.dll wow64.dll msasn1.dll system.directoryservices.protocols.ni.dll winbrand.dll system.directoryservices.protocols.dll system.directoryservices.protocols.dll system.directoryservices.protocols.dll system.design.ni.dll system.design.dll gdi32.dll windows.staterepositoryps.dll system.windows.forms.dll system.windows.forms.dll system.windows.forms.dll system.windows.forms.dll msvcrt.dll system.runtime.remoting.ni.dll system.runtime.remoting.dll system.runtime.remoting.dll system.runtime.serialization.formatters.soap.ni.dll system.runtime.serialization.formatters.soap.dll system.runtime.serialization.formatters.soap.dll kernelbase.dll system.drawing.design.dll system.drawing.design.dll system.data.oracleclient.ni.dll msvcr80.dll gdi32.dll system.data.oracleclient.dll system.data.oracleclient.dll system.data.oracleclient.dll accessibility.ni.dll uxtheme.dll lpk.dll msasn1.dll accessibility.dll system.deployment.ni.dll dpx.dll system.deployment.dll system.deployment.dll system.deployment.dll kernel32.dll system.configuration.install.dll system.configuration.install.dll ntdll.dll cryptsp.dll rsaenh.dll wow64win.dll wow64cpu.dll kernel32.dll kernel32.dll kernel32.dll user32.dll kernel32.dll kernelbase.dll advapi32.dll msvcrt.dll sechost.dll rpcrt4.dll system.drawing.ni.dll cryptbase.dll msvcr120_clr0400.dll system.runtime.serialization.formatters.soap.dll ole32.dll gdi32.dll user32.dll lpk.dll mscoreei.dll oleaut32.dll imm32.dll msctf.dll npmproxy.dll rsaenh.dll rpcrtremote.dll ole32.dll sxs.dll mscoreei.dll clr.dll shlwapi.dll mscorlib.ni.dll clrjit.dll microsoft.office.tools.outlook.implementation.dll microsoft.office.tools.outlook.implementation.dll system.ni.dll system.core.ni.dll microsoft.office.tools.common.implementation.ni.dll gdi32.dll mscorlib.dll bcryptprimitives.dll system.dll system.dll system.core.dll system.core.dll microsoft.office.tools.outlook.ni.dll mscorlib.ni.dll microsoft.office.tools.ni.dll system.drawing.ni.dll system.windows.forms.ni.dll system.windows.forms.dll version.dll system.drawing.dll system.drawing.dll system.xml.ni.dll system.xml.dll system.xml.dll microsoft.office.tools.v4.0.framework.dll microsoft.office.tools.v4.0.framework.dll system.configuration.ni.dll system.configuration.dll system.configuration.dll system.numerics.ni.dll system.numerics.dll api-ms-win-core-xstate-l1-1-0.dll system.security.ni.dll usp10.dll system.security.dll,normal
 smdiagnostics.dll kernel32.dll kernelbase.dll user32.dll msvcrt.dll rpcrt4.dll oleaut32.dll vcruntime140.dll api-ms-win-crt-runtime-l1-1-0.dll ucrtbase.dll api-ms-win-core-timezone-l1-1-0.dll api-ms-win-core-file-l2-1-0.dll api-ms-win-core-localization-l1-2-0.dll api-ms-win-core-synch-l1-2-0.dll api-ms-win-core-processthreads-l1-1-1.dll api-ms-win-core-file-l1-2-0.dll api-ms-win-crt-heap-l1-1-0.dll msi.dll api-ms-win-crt-stdio-l1-1-0.dll kernel32.dll api-ms-win-crt-math-l1-1-0.dll api-ms-win-crt-locale-l1-1-0.dll mscoreei.dll user32.dll gdi32.dll cryptnet.dll usp10.dll imm32.dll sechost.dll nlaapi.dll napinsp.dll sechost.dll dnsapi.dll sspicli.dll sspicli.dll,HTran
 bcrypt.dll kernel32.dll kernelbase.dll advapi32.dll msvcrt.dll shell32.dll rpcrt4.dll shell32.dll shlwapi.dll gdi32.dll user32.dll lpk.dll cryptsp.dll imm32.dll ucrtbase.dll ole32.dll cryptbase.dll gdi32full.dll propsys.dll oleaut32.dll comctl32.dll msv1_0.dll profapi.dll urlmon.dll comsvcs.dll api-ms-win-downlevel-shlwapi-l1-1-0.dll cryptbase.dll api-ms-win-downlevel-user32-l1-1-0.dll api-ms-win-downlevel-version-l1-1-0.dll version.dll api-ms-win-downlevel-normaliz-l1-1-0.dll wow64.dll iertutil.dll wininet.dll userenv.dll secur32.dll sspicli.dll setupapi.dll cfgmgr32.dll smipi.dll mpr.dll msasn1.dll adtschema.dll kernel32.dll kernelbase.dll msvcrt.dll mprmsg.dll gdi32.dll user32.dll lpk.dll usp10.dll ole32.dll System.Drawing.dll imm32.dll,normal
 System.Security.ni.dll system.web.dll wow64.dll wow64win.dll wow64cpu.dll kernel32.dll kernel32.dll sechost.dll user32.dll kernel32.dll KernelBase.dll msvcrt.dll winbrand.dll System.ni.dll imageres.dll ntdll.dll usp10.dll advapi32.dll sechost.dll rpcrt4.dll sspicli.dll cryptbase.dll imm32.dll msctf.dll apphelp.dll,normal
 ntdll.dll kernel32.dll kernelbase.dll sendmail.dll system.dll combase.dll oleaut32.dll kernel.appcore.dll bcryptprimitives.dll sechost.dll user32.dll gdi32.dll kernel32.dll msctf.dll uxtheme.dll dwmapi.dll sensapi.dll advapi32.dll profapi.dll advapi32.dll cryptsp.dll sspicli.dll bcrypt.dll rsaenh.dll cryptbase.dll userenv.dll oleaut32.dll wow64cpu.dll wintypes.dll api-ms-win-core-file-l1-2-0.dll tokenbroker.dll wintrust.dll wincorlib.dll windows.storage.dll shlwapi.dll powrprof.dll usp10.dll netutils.dll kernelbase.dll wininet.dll iertutil.dll actxprxy.dll propsys.dll taskschdps.dll apprepsync.dll oleaut32.dll aepic.dll clbcatq.dll webservices.dll msftedit.dll cfgmgr32.dll workfoldersshell.dll wtsapi32.dll mrmcorer.dll sechost.dll ninput.dll bcp47langs.dll devicesetupmanagerapi.dll user32.dll ntmarta.dll vaultcli.dll setupapi.dll msvcrt.dll ws2_32.dll nsi.dll ondemandconnroutehelper.dll winnsi.dll winhttp.dll mswsock.dll ieframe.dll urlmon.dll rasadhlp.dll imagehlp.dll gpapi.dll cryptnet.dll wldap32.dll dhcpcsvc6.dll dhcpcsvc.dll advapi32.dll,normal
 msftedit.dll msftedit.dll,normal
 ntdll.dll ws2_32.dll wow64.dll wow64win.dll wow64cpu.dll system.configuration.dll kernel32.dll kernel32.dll user32.dll kernel32.dll KernelBase.dll msvcrt.dll msctf.dll user32.dll user32.dll advapi32.dll sechost.dll lpk.dll sspicli.dll cryptbase.dll lpk.dll sxs.dll oleaut32.dll msctf.dll clbcatq.dll rsaenh.dll cryptsp.dll RpcRtRemote.dll uxtheme.dll rsaenh.dll oleaut32.dll shlwapi.dll System.Xml.ni.dll comctl32.dll ntdll.dll ntdll.dll wow64.dll wow64win.dll msvcrt.dll kernel32.dll kernel32.dll kernel32.dll user32.dll kernel32.dll vm3dum64.dll msvcrt.dll winbrand.dll user32.dll gdi32.dll profapi.dll system.core.ni.dll msctf.dll sechost.dll rpcrt4.dll sspicli.dll cryptbase.dll imm32.dll msctf.dll apphelp.dll,normal
 mcstoredb.dll kernel32.dll shlwapi.dll gdi32.dll user32.dll lpk.dll sspicli.dll msvcrt.dll imm32.dll msctf.dll ole32.dll rpcrt4.dll wow64cpu.dll presentationui.ni.dll dwmapi.dll advapi32.dll sechost.dll comctl32.dll shlwapi.dll secur32.dll msswch.dll winmm.dll apphelp.dll kernel32.dll KernelBase.dll msvcrt.dll ole32.dll gdi32.dll user32.dll lpk.dll usp10.dll rpcrt4.dll imm32.dll msctf.dll KernelBase.dll clbcatq.dll advapi32.dll sechost.dll oleaut32.dll cryptsp.dll rsaenh.dll windows.applicationmodel.store.dll uxtheme.dll shacct.dll gdi32.dll NlsData0000.dll userenv.dll profapi.dll wldap32.dll,normal
 ntdll.dll ntdll.dll wow64.dll wow64win.dll nsi.dll uiautomationprovider.dll kernel32.dll kernel32.dll user32.dll kernel32.dll lpk.dll System.Transactions.dll winbrand.dll user32.dll gdi32.dll lpk.dll usp10.dll advapi32.dll sechost.dll mscorlib.dll sspicli.dll cryptbase.dll imm32.dll msctf.dll apphelp.dll,normal
 cryptsp.dll kernel32.dll lpk.dll gdi32.dll d3d10_1core.dll lpk.dll usp10.dll msvcrt.dll imm32.dll msctf.dll ntasn1.dll rpcrt4.dll oleaut32.dll SensApi.dll mfplat.dll user32.dll gdi32.dll kernel32.dll api-ms-win-core-timezone-l1-1-0.dll lpk.dll usp10.dll msvcrt.dll sxssrv.dll csrsrv.dll winsrv.dll sxs.dll rpcrt4.dll cryptbase.dll,normal
 wow64cpu.dll kernel32.dll kernelbase.dll gdi32.dll user32.dll lpk.dll version.dll msvcrt.dll imm32.dll msctf.dll ole32.dll rpcrt4.dll oleaut32.dll cryptbase.dll clbcatq.dll advapi32.dll sechost.dll ntdll.dll System.Data.Services.Client.dll kernelbase.dll gdi32.dll user32.dll lpk.dll lpk.dll msvcrt.dll odbcint.dll msctf.dll KernelBase.dll rpcrt4.dll oleaut32.dll system.dll clbcatq.dll advapi32.dll sechost.dll api-ms-win-core-file-l1-2-0.dll ntdll.dll clbcatq.dll wow64win.dll wow64cpu.dll nsi.dll shcore.dll kernel32.dll user32.dll kernel32.dll kernelbase.dll msvcrt.dll System.Configuration.ni.dll user32.dll gdi32.dll setupapi.dll usp10.dll advapi32.dll sechost.dll rpcrt4.dll sspicli.dll cryptbase.dll srvcli.dll msctf.dll apphelp.dll,normal
 linkinfo.dll bcrypt.dll msftedit.dll windows.globalization.dll mlang.dll tiptsf.dll windows.storage.search.dll explorerframe.dll globinputhost.dll structuredquery.dll searchfolder.dll onecorecommonproxystub.dll combase.dll mssvp.dll coml2.dll ntlanman.dll drprov.dll mapi32.dll winsta.dll imm32.dll samcli.dll rsaenh.dll playtodevice.dll kernelbase.dll actxprxy.dll devdispitemprovider.dll wpdshext.dll ntdll.dll devobj.dll ehstorapi.dll twinapi.dll portabledeviceapi.dll wow64win.dll sspicli.dll cscui.dll wtsapi32.dll,normal
 ntdll.dll ntdll.dll wow64.dll wow64win.dll wow64cpu.dll kernel32.dll kernel32.dll kernel32.dll user32.dll cryptnet.dll kernelbase.dll SensApi.dll winbrand.dll user32.dll gdi32.dll lpk.dll imagehlp.dll advapi32.dll usp10.dll cryptbase.dll igc64.dll cryptbase.dll imm32.dll RpcRtRemote.dll apphelp.dll,normal
 ntdll.dll kernel32.dll wer.dll advapi32.dll msvcrt.dll sechost.dll rpcrt4.dll ole32.dll gdi32.dll version.dll oleaut32.dll usp10.dll imm32.dll msctf.dll wdscore.dll gdi32.dll shell32.dll shlwapi.dll dbghelp.dll cryptbase.dll CbsCore.dll version.dll windowscodecs.dll msasn1.dll wintrust.dll userenv.dll profapi.dll ktmw32.dll dpx.dll dpx.dll dpx.dll wcp.dll DrUpdate.dll setupapi.dll cfgmgr32.dll devobj.dll mpr.dll wrpint.dll sxsstore.dll sqmapi.dll winhttp.dll clr.dll kernel32.dll rpcrt4.dll SensApi.dll cryptsp.dll mssprxy.dll RpcRtRemote.dll clbcatq.dll CbsApi.dll smipi.dll api-ms-win-core-processthreads-l1-1-1.dll ntdll.dll kernel32.dll KernelBase.dll advapi32.dll cryptbase.dll version.dll rpcrt4.dll bcrypt.dll gdi32.dll lpk.dll usp10.dll mpr.dll setupapi.dll oleaut32.dll secur32.dll sxs.dll ws2_32.dll nsi.dll netapi32.dll netutils.dll srvcli.dll wkscli.dll shell32.dll framedynos.dll user32.dll ntdsapi.dll version.dll slc.dll imm32.dll psapi.dll cryptbase.dll clbcatq.dll wbemprox.dll wbemcomn.dll ntdll.dll ntdll.dll mscorlib.ni.dll wow64win.dll wow64cpu.dll adtschema.dll msvcrt.dll kernel32.dll rpcrt4.dll system.configuration.install.dll KernelBase.dll msvcrt.dll oleaut32.dll kernel32.dll gdi32.dll user32.dll MIGUIControls.ni.dll sechost.dll rpcrt4.dll msctf.dll windows.web.http.dll lpk.dll wow64win.dll version.dll imm32.dll msctf.dll usp10.dll clbcatq.dll vbscript.dll advapi32.dll wintrust.dll crypt32.dll msasn1.dll cryptsp.dll rsaenh.dll msisip.dll wshext.dll mscoree.dll shell32.dll wscapi.dll scrobj.dll msi.dll sspicli.dll ntdll.dll ntdll.dll wow64.dll rpcrt4.dll advapi32.dll kernel32.dll kernel32.dll kernel32.dll user32.dll kernel32.dll KernelBase.dll advapi32.dll mscorlib.dll sechost.dll rpcrt4.dll system.directoryservices.protocols.ni.dll cryptbase.dll dnsapi.dll ws2_32.dll nsi.dll winnsi.dll cfgmgr32.dll dhcpcsvc6.dll pautoenr.dll shlwapi.dll gdi32.dll user32.dll oleacc.dll usp10.dll ole32.dll imm32.dll ntdll.dll clbcatq.dll cofiredm.dll cryptsp.dll rsaenh.dll RpcRtRemote.dll wevtapi.dll winbrand.dll lpk.dll KernelBase.dll uxtheme.dll kernel32.dll lpk.dll usp10.dll msvcrt.dll imm32.dll msctf.dll ole32.dll system.serviceprocess.dll oleaut32.dll accessibility.dll rpchttp.dll advapi32.dll sechost.dll ntdll.dll ntdll.dll wow64.dll wow64win.dll wow64cpu.dll kernel32.dll kernel32.dll kernel32.dll user32.dll msctf.dll KernelBase.dll advapi32.dll msvcrt.dll sechost.dll rpcrt4.dll devobj.dll cryptbase.dll kernel32.dll ws2_32.dll nsi.dll gdi32.dll dhcpcsvc.dll dhcpcsvc6.dll shell32.dll rpcrt4.dll kernel32.dll user32.dll shlwapi.dll usp10.dll System.Data.dll imm32.dll msctf.dll clbcatq.dll oleaut32.dll msvcrt.dll mscorlib.dll RpcRtRemote.dll wevtapi.dll,normal
 ntdll.dll kernel32.dll msctf.dll gdi32.dll user32.dll gdi32.dll ole32.dll msvcrt.dll imm32.dll msctf.dll ole32.dll rpcrt4.dll oleaut32.dll cryptbase.dll clbcatq.dll KernelBase.dll sechost.dll ntdll.dll ntdll.dll wow64.dll wow64win.dll wow64cpu.dll lpk.dll kernel32.dll kernel32.dll api-ms-win-downlevel-version-l1-1-0.dll kernel32.dll kernelbase.dll msvcrt.dll winbrand.dll user32.dll oleaut32.dll imm32.dll usp10.dll advapi32.dll gdi32.dll advapi32.dll sspicli.dll cryptbase.dll imm32.dll msctf.dll apphelp.dll,normal
 ntdll.dll ntdll.dll cryptbase.dll wow64win.dll wow64cpu.dll kernel32.dll user32.dll kernel32.dll user32.dll kernel32.dll user32.dll msvcrt.dll user32.dll gdi32.dll lpk.dll kernel32.dll advapi32.dll sechost.dll wow64win.dll sspicli.dll cryptbase.dll spoolss.dll msctf.dll apphelp.dll sspicli.dll,normal
 ntdll.dll system.data.dll kernelbase.dll msvcrt.dll combase.dll rpcrt4.dll kernel.appcore.dll cryptbase.dll bcryptprimitives.dll clbcatq.dll user32.dll gdi32.dll imm32.dll version.dll sechost.dll cryptsp.dll rsaenh.dll cryptbase.dll system.security.dll userenv.dll profapi.dll msfeedsbs.dll,normal
 ntdll.dll kernel32.dll KernelBase.dll advapi32.dll api-ms-win-crt-runtime-l1-1-0.dll sechost.dll rpcrt4.dll npmproxy.dll user32.dll lpk.dll usp10.dll msswch.dll winmm.dll dwmapi.dll GdiPlus.dll ole32.dll wininet.dll oleaut32.dll shlwapi.dll wow64win.dll duser.dll uxtheme.dll imm32.dll dhcpcsvc6.dll ntdll.dll gdi32.dll KernelBase.dll gdi32.dll vm3dum64.dll gdi32.dll user32.dll lpk.dll usp10.dll rpcrt4.dll imm32.dll msctf.dll rpcrt4.dll clbcatq.dll advapi32.dll ntdll.dll oleaut32.dll crypt32.dll rsaenh.dll RpcRtRemote.dll smdiagnostics.dll thumbcache.dll shell32.dll shlwapi.dll kernel32.dll propsys.dll comctl32.dll,normal
 npmproxy.dll,normal
 ntdll.dll cryptbase.dll system.data.entity.dll wow64win.dll wow64cpu.dll kernel32.dll kernel32.dll kernel32.dll user32.dll kernel32.dll oleaut32.dll msvcrt.dll winbrand.dll user32.dll gdi32.dll lpk.dll usp10.dll advapi32.dll mscoreei.dll rpcrt4.dll System.ni.dll cryptbase.dll imm32.dll msctf.dll apphelp.dll ntdll.dll kernel32.dll kernelbase.dll advapi32.dll msshooks.dll sechost.dll mscorlib.dll gdi32.dll user32.dll lpk.dll usp10.dll msswch.dll winmm.dll dwmapi.dll gdiplus.dll msimg32.dll oleacc.dll system.data.oracleclient.dll shlwapi.dll sensapi.dll duser.dll uxtheme.dll cryptsp.dll msctf.dll cryptbase.dll dui70.dll comctl32.dll xmllite.dll clbcatq.dll tabskb.dll cryptsp.dll msvcrt.dll rpcrtremote.dll cfgmgr32.dll dpx.dll,normal
 wevtapi.dll ntdll.dll wow64.dll wow64win.dll wininet.dll kernel32.dll kernel32.dll kernel32.dll user32.dll RpcRtRemote.dll credssp.dll msvcrt.dll winbrand.dll mscorlib.dll gdi32.dll lpk.dll usp10.dll advapi32.dll sechost.dll rpcrt4.dll sspicli.dll cryptbase.dll imm32.dll msctf.dll System.Web.ni.dll,normal
 ntdll.dll kernel32.dll kernelbase.dll oleaut32.dll webio.dll mscoree.dll msvcp_win.dll ucrtbase.dll combase.dll rpcrt4.dll bcryptprimitives.dll setupapi.dll win32u.dll gdi32.dll lpk.dll advapi32.dll sspicli.dll sechost.dll rsaenh.dll shlwapi.dll kernel.appcore.dll version.dll pnrpnsp.dll clbcatq.dll taskschd.dll sspicli.dll gdi32.dll fusion.dll xmllite.dll,normal
 ntdll.dll ntdll.dll wow64win.dll wow64win.dll wevtapi.dll sensapi.dll crypt32.dll kernel32.dll user32.dll kernel32.dll uiautomationprovider.ni.dll msvcrt.dll winbrand.dll Wldap32.dll kernel.appcore.dll lpk.dll usp10.dll advapi32.dll sechost.dll rpcrt4.dll sspicli.dll cryptbase.dll imm32.dll msctf.dll apphelp.dll,normal
 setupapi.dll cfgmgr32.dll oleaut32.dll nsi.dll vm3dum64_10.dll System.Management.Automation.dll vm3dum64_10.dll imm32.dll dbghelp.dll d3d10level9.dll dbghelp.dll d3d10level9.dll msvcrt.dll d3d10level9.dll vm3dum64.dll vm3dum64.dll vm3dum64.dll setupapi.dll cfgmgr32.dll wkscli.dll d2d1.dll clbcatq.dll dbghelp.dll vm3dum64_10.dll rpcrtremote.dll vm3dum64.dll gdi32.dll kernel32.dll vm3dum64.dll dbghelp.dll d3d10level9.dll vm3dum64.dll dbghelp.dll d3d10level9.dll shlwapi.dll cfgmgr32.dll oleaut32.dll devobj.dll vm3dum64_10.dll dbghelp.dll vm3dum64_10.dll usp10.dll vm3dum64.dll dbghelp.dll d3d10level9.dll vm3dum64.dll gdi32.dll d3d10level9.dll shell32.dll dbghelp.dll d3d10level9.dll winbrand.dll cfgmgr32.dll oleaut32.dll devobj.dll dbghelp.dll vm3dum64.dll api-ms-win-core-timezone-l1-1-0.dll vm3dum64.dll dbghelp.dll vm3dum64_10.dll vm3dum64_10.dll vm3dum64_10.dll vm3dum64.dll dbghelp.dll d3d10level9.dll d3d10level9.dll d3d10level9.dll setupapi.dll cfgmgr32.dll oleaut32.dll devobj.dll vm3dum64_10.dll dbghelp.dll vm3dum64_10.dll vm3dum64_10.dll vm3dum64.dll dbghelp.dll d3d10level9.dll gdi32.dll dbghelp.dll cryptbase.dll vm3dum64.dll dbghelp.dll ntdll.dll setupapi.dll adsnt.dll oleaut32.dll devobj.dll vm3dum64_10.dll vm3dum64_10.dll vm3dum64_10.dll System.Drawing.ni.dll d3d10level9.dll KernelBase.dll api-ms-win-downlevel-user32-l1-1-0.dll combase.dll dbghelp.dll d3d10level9.dll vm3dum64.dll sspicli.dll riched20.dll,normal
 ntdll.dll kernel32.dll KernelBase.dll msvcrt.dll System.XML.dll rsaenh.dll user32.dll lpk.dll usp10.dll rpcrt4.dll imm32.dll msctf.dll cryptbase.dll clbcatq.dll advapi32.dll sechost.dll oleaut32.dll cryptsp.dll rsaenh.dll system.runtime.serialization.dll uxtheme.dll thumbcache.dll shell32.dll profapi.dll comctl32.dll psapi.dll mscorlib.dll shell32.dll kernel32.dll KernelBase.dll advapi32.dll msvcrt.dll sechost.dll rpcrt4.dll gdi32.dll user32.dll lpk.dll usp10.dll PresentationCore.ni.dll oleaut32.dll dwmapi.dll GdiPlus.dll usp10.dll oleacc.dll wow64cpu.dll shlwapi.dll wmsgapi.dll duser.dll uxtheme.dll imm32.dll System.DirectoryServices.Protocols.ni.dll microsoft.mediacenter.itvvm.ni.dll dui70.dll comctl32.dll user32.dll clbcatq.dll tabskb.dll cryptsp.dll rsaenh.dll RpcRtRemote.dll InkObj.dll atl.dll cfgmgr32.dll EhStorShell.dll,normal
 ntdll.dll kernel32.dll kernelbase.dll msvcrt.dll ole32.dll rpcrtremote.dll user32.dll lpk.dll usp10.dll rpcrt4.dll oleaut32.dll api-ms-win-downlevel-shlwapi-l1-1-0.dll msctf.dll cryptbase.dll sechost.dll advapi32.dll Microsoft.VisualC.ni.dll kernel32.dll sspicli.dll nsi.dll api-ms-win-core-datetime-l1-1-1.dll rsaenh.dll rpcrtremote.dll rpcrt4.dll wldap32.dll oleres.dll atl.dll crypt32.dll wow64.dll ws2_32.dll mswsock.dll secur32.dll microsoft.visualstudio.tools.applications.runtime.v10.0.dll pwdssp.dll netutils.dll user32.dll dnsapi.dll mscorwks.dll rasadhlp.dll taskschd.dll kerberos.dll cryptdll.dll bcrypt.dll bcryptprimitives.dll RpcRtRemote.dll nlaapi.dll pautoenr.dll kernel32.dll winbrand.dll dhcpcsvc.dll dsrole.dll profapi.dll ntdsapi.dll wpdshext.dll mssprxy.dll wow64.dll wow64win.dll wow64cpu.dll mfc42u.dll kernel32.dll kernel32.dll user32.dll api-ms-win-crt-environment-l1-1-0.dll kernelbase.dll advapi32.dll msvcrt.dll sechost.dll rpcrt4.dll kernel32.dll cryptbase.dll dnsapi.dll ws2_32.dll nsi.dll winnsi.dll dhcpcsvc.dll dhcpcsvc6.dll shell32.dll shlwapi.dll gdi32.dll user32.dll lpk.dll dmocx.dll ole32.dll imm32.dll msctf.dll clbcatq.dll oleaut32.dll cryptsp.dll rsaenh.dll rpcrtremote.dll wevtapi.dll,normal
 ntdll.dll ntdll.dll wow64.dll wow64win.dll wow64cpu.dll kernel32.dll kernel32.dll kernel32.dll user32.dll SMDiagnostics.ni.dll KernelBase.dll crypt32.dll msvcrt.dll sechost.dll clbcatq.dll sspicli.dll cryptbase.dll dnsapi.dll ws2_32.dll nsi.dll winnsi.dll msctf.dll dhcpcsvc6.dll gdi32.dll shlwapi.dll gdi32.dll user32.dll lpk.dll usp10.dll ole32.dll rpcrt4.dll msctf.dll setupapi.dll oleaut32.dll user32.dll rsaenh.dll RpcRtRemote.dll wevtapi.dll ntdll.dll kernel32.dll KernelBase.dll gdi32.dll user32.dll lpk.dll usp10.dll shlwapi.dll advapi32.dll msctf.dll ole32.dll rpcrt4.dll oleaut32.dll cryptbase.dll winbrand.dll advapi32.dll sechost.dll kernel32.dll ntdll.dll RpcRtRemote.dll cryptbase.dll wow64cpu.dll kernel32.dll kernel32.dll KernelBase.dll user32.dll kernel32.dll KernelBase.dll shlwapi.dll msvcrt.dll sechost.dll clbcatq.dll sspicli.dll cryptbase.dll dnsapi.dll ws2_32.dll nsi.dll winnsi.dll ole32.dll dhcpcsvc6.dll shell32.dll sensapi.dll gdi32.dll user32.dll lpk.dll usp10.dll ole32.dll imm32.dll api-ms-win-security-base-l1-1-0.dll clbcatq.dll oleaut32.dll cryptsp.dll rsaenh.dll RpcRtRemote.dll wevtapi.dll kernel32.dll sxsstore.dll KernelBase.dll advapi32.dll rsaenh.dll UIAutomationTypes.dll rpcrt4.dll ole32.dll gdi32.dll user32.dll lpk.dll usp10.dll imm32.dll RpcRtRemote.dll imm32.dll oleaut32.dll shell32.dll shlwapi.dll dbghelp.dll cryptbase.dll CbsCore.dll storsvc.dll cfgmgr32.dll msasn1.dll wintrust.dll userenv.dll wuwebv.dll kbd106.dll dps.dll dpx.dll Microsoft.Office.Tools.v9.0.dll wcp.dll DrUpdate.dll setupapi.dll cfgmgr32.dll devobj.dll lpk.dll wow64win.dll sxsstore.dll accessibility.dll winhttp.dll webio.dll ntdll.dll webio.dll SensApi.dll cryptsp.dll rsaenh.dll sensapi.dll kernel32.dll CbsApi.dll ole32.dll smiengine.dll ntdll.dll kernel32.dll KernelBase.dll gdi32.dll user32.dll lpk.dll usp10.dll msvcrt.dll imm32.dll msctf.dll ole32.dll rpcrt4.dll oleaut32.dll system.transactions.dll lpk.dll mscoreei.dll sechost.dll ntdll.dll ntdll.dll wow64.dll wow64win.dll wow64cpu.dll clr.dll kernel32.dll kernel32.dll user32.dll kernel32.dll advapi32.dll advapi32.dll msvcrt.dll System.Data.dll rpcrt4.dll sspicli.dll usp10.dll user32.dll gdi32.dll lpk.dll usp10.dll shlwapi.dll shell32.dll ole32.dll oleaut32.dll crypt32.dll msasn1.dll sspicli.dll msctf.dll iertutil.dll urlmon.dll advapi32.dll profapi.dll ws2_32.dll nsi.dll cryptsp.dll winnsi.dll clbcatq.dll cryptsp.dll rsaenh.dll RpcRtRemote.dll wininet.dll shlwapi.dll SensApi.dll ieframe.dll msimg32.dll psapi.dll oleaut32.dll oleacc.dll oleacc.dll version.dll propsys.dll setupapi.dll cfgmgr32.dll devobj.dll api-ms-win-core-stringloader-l1-1-1.dll nlaapi.dll nlaapi.dll wsock32.dll ole32.dll ole32.dll npmproxy.dll user32.dll msctf.dll cryptbase.dll comdlg32.dll uiautomationtypes.dll lpk.dll Wldap32.dll ieframe.dll kernel32.dll rasman.dll usp10.dll rasadhlp.dll version.dll ws2_32.dll version.dll shell32.dll mswsock.dll winrnr.dll wship6.dll ieproxy.dll url.dll xmllite.dll LspWaoIe.dll imagehlp.dll ExplorerFrame.dll advapi32.dll dui70.dll winnsi.dll imecfm.dll msfeeds.dll mlang.dllnormaliz.dll imageres.dll shell32.dll System.Transactions.ni.dll,normal
 ntdll.dll kernel32.dll kernelbase.dll advapi32.dll msvcrt.dll userenv.dll ole32.dll oleaut32.dll uxtheme.dll user32.dll shell32.dll sechost.dll System.IdentityModel.ni.dll combase.dll imm32.dll cimwin32.dll kernel.appcore.dll cryptbase.dll bcryptprimitives.dll imm32.dll mscoree.dll clbcatq.dll shcore.dll userenv.dll profapi.dll propsys.dll bcp47langs.dll twinapi.dll linkinfo.dll cryptsp.dll rsaenh.dll bcrypt.dll sspicli.dll srvcli.dll ntshrui.dll setupapi.dll cfgmgr32.dll kernel32.dll cscapi.dll mscoreei.dll system.management.automation.ni.dll psapi.dll system.drawing.ni.dll cryptsp.dll msctf.dll clr.dll msvcr120_clr0400.dll system.configuration.dll system.configuration.ni.dll mscorlib.ni.dll system.ni.dll system.core.ni.dll microsoft.powershell.consolehost.ni.dll system.numerics.ni.dll mscorwks.dll System.Transactions.dll shlwapi.dll wintrust.dll msctf.dll system.dll microsoft.powershell.security.ni.dll secur32.dll wldp.dll system.data.ni.dll system.data.dll ws2_32.dll crypt32.dll apphelp.dll msasn1.dll version.dll diasymreader.dll rasapi32.dll rtutils.dll mswsock.dll winhttp.dll mscorlib.ni.dll dhcpcsvc6.dll dhcpcsvc.dll system.security.dll System.Data.dll microsoft.powershell.commands.management.ni.dll wmiutils.dll wbemcomn.dll wbemprox.dll wminet_utils.dll wminet_utils.dll napinsp.dll dnsapi.dll mscorlib.dll nlaapi.dll wbemsvc.dll fastprox.dll,empire
 ws2_32.dll kernel32.dll kernelbase.dll msvcrt.dll ole32.dll gdi32.dll user32.dll oleaut32.dll msvcrt.dll rpcrt4.dll imm32.dll msctf.dll cryptbase.dll clbcatq.dll sechost.dll advapi32.dll oleaut32.dll cryptsp.dll rsaenh.dll rpcrtremote.dll shacct.dll comctl32.dll shlwapi.dll userenv.dll sechost.dll idstore.dll,normal
 ntdll.dll wow64cpu.dll wow64.dll sechost.dll wow64cpu.dll kernel32.dll kernel32.dll kernel32.dll user32.dll System.ServiceModel.Web.dll kernelbase.dll msvcrt.dll msvcp110_win.dll user32.dll mscorlib.dll lpk.dll usp10.dll kernelbase.dll sechost.dll rpcrt4.dll sspicli.dll cryptbase.dll imm32.dll msctf.dll apphelp.dll,normal
 ntdll.dll ncrypt.dll wow64.dll rpcrt4.dll clbcatq.dll kernel32.dll kernel32.dll kernel32.dll user32.dll kernel32.dll KernelBase.dll sensapi.dll msvcrt.dll sechost.dll msctf.dll sspicli.dll presentationcore.dll vaultcli.dll ws2_32.dll nsi.dll winnsi.dll dhcpcsvc.dll dhcpcsvc6.dll cryptsp.dll shlwapi.dll crypt32.dll wcp.dll lpk.dll usp10.dll ole32.dll imm32.dll rpcrt4.dll wow64win.dll oleaut32.dll policymanager.dll rsaenh.dll oleaut32.dll cryptbase.dll ntdll.dll ntdll.dll msswch.dll wow64win.dll wow64cpu.dll api-ms-win-security-base-l1-1-0.dll kernel32.dll kernel32.dll KernelBase.dll kernel32.dll KernelBase.dll advapi32.dll msvcrt.dll sechost.dll rpcrt4.dll sspicli.dll cryptbase.dll dnsapi.dll ws2_32.dll nsi.dll winnsi.dll dhcpcsvc.dll dhcpcsvc6.dll shell32.dll powrprof.dll gdi32.dll lpk.dll imm32.dll usp10.dll ole32.dll secur32.dll msctf.dll clbcatq.dll cryptbase.dll cryptsp.dll rsaenh.dll RpcRtRemote.dll wevtapi.dll ntdll.dll ntdll.dll wow64.dll wow64win.dll wow64cpu.dll kernel32.dll kernel32.dll kernel32.dll user32.dll kernel32.dll KernelBase.dll advapi32.dll wtsapi32.dll advapi32.dll rpcrt4.dll sspicli.dll cryptbase.dll dnsapi.dll ws2_32.dll nsi.dll winnsi.dll oleaut32.dll dhcpcsvc6.dll shell32.dll shlwapi.dll api-ms-win-core-shutdown-l1-1-0.dll user32.dll lpk.dll usp10.dll ole32.dll imm32.dll msctf.dll version.dll oleaut32.dll cryptsp.dll rsaenh.dll msvcrt.dll msctf.dll,normal
 ntdll.dll kernel32.dll kernelbase.dll msvcrt.dll ole32.dll ntdll.dll user32.dll lpk.dll usp10.dll rpcrt4.dll imm32.dll version.dll shell32.dll winbrand.dll advapi32.dll sechost.dll oleaut32.dll cryptsp.dll rsaenh.dll SensApi.dll uxtheme.dll thumbcache.dll shell32.dll shlwapi.dll comctl32.dll psapi.dll imm32.dll,normal
 ntdll.dll kernel32.dll wevtapi.dll advapi32.dll system.numerics.dll profapi.dll shlwapi.dll ole32.dll gdi32.dll user32.dll winnsi.dll usp10.dll kernel32.dll msctf.dll KernelBase.dll ntdll.dll shell32.dll shlwapi.dll dbghelp.dll cryptbase.dll lpk.dll version.dll msftedit.dll msasn1.dll wintrust.dll userenv.dll profapi.dll ktmw32.dll dpx.dll mscorlib.dll dpx.dll wcp.dll bcrypt.dll ieapfltr.dll gdi32.dll devobj.dll mpr.dll kernel32.dll usp10.dll sqmapi.dll winhttp.dll sechost.dll clbcatq.dll webio.dll windows.storage.dll cryptsp.dll rsaenh.dll System.ni.dll clbcatq.dll CbsApi.dll smipi.dll ntdll.dll ntdll.dll kernel32.dll system.runtime.remoting.ni.dll gdi32.dll shell32.dll rsaenh.dll usp10.dll msvcrt.dll imm32.dll ole32.dll ole32.dll rpcrt4.dll oleaut32.dll cryptbase.dll clbcatq.dll advapi32.dll dnsapi.dll riched20.dll ntdll.dll wow64.dll cryptdll.dll wow64cpu.dll apphelp.dll kernel32.dll kernel32.dll user32.dll kernel32.dll KernelBase.dll sspicli.dll oleaut32.dll ole32.dll user32.dll ntdll.dll advapi32.dll sechost.dll rpcrt4.dll KernelBase.dll cryptbase.dll lpk.dll usp10.dll version.dll imm32.dll msctf.dll sxs.dll clbcatq.dll msasn1.dll advapi32.dll wintrust.dll crypt32.dll msasn1.dll cryptsp.dll ntdll.dll msisip.dll wshext.dll comctl32.dll shell32.dll shlwapi.dll scrobj.dll msi.dll scrrun.dll ntdll.dll ntdll.dll wow64.dll wow64win.dll wow64cpu.dll kernel32.dll kernel32.dll kernel32.dll user32.dll Microsoft.Windows.Diagnosis.Commands.UpdateDiagReport.dll KernelBase.dll msvcrt.dll microsoft.jscript.dll user32.dll gdi32.dll lpk.dll usp10.dll advapi32.dll sechost.dll rpcrt4.dll sspicli.dll cryptbase.dll imm32.dll msctf.dll apphelp.dll,normal
 sendmail.dll mydocs.dll,normal
 ntdll.dll ntdll.dll wow64.dll cryptsp.dll wow64cpu.dll kernel32.dll kernel32.dll kernel32.dll user32.dll kernel32.dll kernelbase.dll msvcrt.dll winbrand.dll user32.dll gdi32.dll Microsoft.VisualStudio.Tools.Applications.AddInAdapter.v9.0.ni.dll usp10.dll system.drawing.dll vcruntime140.dll rpcrt4.dll wow64win.dll sensapi.dll imm32.dll msctf.dll apphelp.dll,normal
 winrnr.dll rasadhlp.dll wow64win.dll napinsp.dll,normal
 ntdll.dll cryptsp.dll ole32.dll msvcr80.dll CoreMessaging.dll sxs.dll sechost.dll rpcrt4.dll cryptsp.dll rsaenh.dll cryptbase.dll ntdll.dll ntdll.dll wow64.dll wow64win.dll wow64cpu.dll kernel32.dll version.dll kernel32.dll user32.dll kernel32.dll KernelBase.dll msvcrt.dll user32.dll gdi32.dll lpk.dll usp10.dll advapi32.dll sechost.dll rpcrt4.dll sspicli.dll system.numerics.dll mscoreei.dll msctf.dll winbrand.dll apphelp.dll,normal
 msftedit.dll mssvp.dll mapi32.dll wpdshext.dll audiodev.dll oleacc.dll SensApi.dll,normal
 ole32.dll windows.security.authentication.onlineid.dll windows.networking.hostname.dll tquery.dll cryptdll.dll crypt32.dll imgutil.dll d3d10warp.dll imebrokerps.dll rsaenh.dll,normal
 gdi32.dll ntdll.dll kernel32.dll kernelbase.dll kernelbase.dll msvcrt.dll msvcrt.dll ole32.dll combase.dll rpcrt4.dll rpcrt4.dll sechost.dll ntdll.dll gdi32.dll user32.dll imm32.dll msctf.dll imm32.dll kernel.appcore.dll cryptbase.dll cryptbase.dll bcryptprimitives.dll bcryptprimitives.dll uxtheme.dll uxtheme.dll gpapi.dll vm3dum_10.dll msfeeds.dll shlwapi.dll clbcatq.dll imm32.dll advapi32.dll advapi32.dll elscore.dll elscore.dll mlang.dll netapi32.dll slc.dll ntdll.dll oleaut32.dll netutils.dll srvcli.dll wkscli.dll sxs.dll sppc.dll comctl32.dll shcore.dll system.directoryservices.ni.dll cryptsp.dll cryptsp.dll System.Runtime.Remoting.dll rsaenh.dll bcrypt.dll bcrypt.dll wininet.dll wininet.dll userenv.dll devobj.dll profapi.dll secur32.dll msvcrt.dll imm32.dll sspicli.dll msctf.dll msxml6.dll ws2_32.dll KernelBase.dll nsi.dll nsi.dll sspicli.dll ondemandconnroutehelper.dll winhttp.dll wevtapi.dll msfeedsbs.dll msfeedsbs.dll netprofm.dll netprofm.dll mswsock.dll mswsock.dll iphlpapi.dll winnsi.dll winnsi.dll npfproxy.dll npmproxy.dll urlmon.dll urlmon.dll rpcrtremote.dll comctl32.dll crypt32.dll msasn1.dll msasn1.dll dpapi.dll dpapi.dll wbemprox.dll sechost.dll cryptbase.dll wbemcomn.dll sspicli.dll wbemsvc.dll fastprox.dll ncrypt.dll gpapi.dll gpapi.dll ncrypt.dll ncrypt.dll ntasn1.dll user32.dll presentationframework.ni.dll wldap32.dll netapi32.dll msctf.dll dwmapi.dll rasadhlp.dll shlwapi.dll fwpuclnt.dll tquery.dll schannel.dll wintrust.dll ncryptsslp.dll KernelBase.dll taskschd.dll taskschd.dll usp10.dll prnfldr.dll,normal
 ntdll.dll kernel32.dll kernelbase.dll kernel.appcore.dll srvcli.dll lpk.dll usp10.dll msvcrt.dll mscoreei.dll msctf.dll ole32.dll rpcrt4.dll oleaut32.dll kernel32.dll clbcatq.dll advapi32.dll clbcatq.dll,normal
 ntdll.dll System.Drawing.dll kernelbase.dll advapi32.dll system.web.dll sechost.dll rpcrt4.dll crypt32.dll msasn1.dll SensApi.dll netapi32.dll netutils.dll srvcli.dll advapi32.dll logoncli.dll ole32.dll sechost.dll user32.dll lpk.dll usp10.dll oleaut32.dll shlwapi.dll samlib.dll secur32.dll sxs.dll shell32.dll userenv.dll profapi.dll version.dll setupapi.dll cfgmgr32.dll devobj.dll winscard.dll winsta.dll wldap32.dll Microsoft.Powershell.Workflow.ServiceCore.dll mscoree.dll cryptbase.dll rsaenh.dll userenv.dll vaultcli.dll msctf.dll bcrypt.dll nsi.dll cryptsp.dll,mimikatz
 dwmapi.dll ntdll.dll ntdll.dll wow64.dll wow64win.dll rpcrt4.dll kernel32.dll kernel32.dll kernel32.dll user32.dll kernel32.dll iertutil.dll msvcrt.dll winbrand.dll user32.dll gdi32.dll advapi32.dll usp10.dll version.dll sechost.dll rpcrt4.dll sspicli.dll cryptbase.dll imm32.dll msctf.dll apphelp.dll ntdll.dll kernel32.dll kernelbase.dll ole32.dll msvcrt.dll System.Data.SqlXml.ni.dll rpcrt4.dll user32.dll gdi32.dll msimg32.dll usp10.dll ole32.dll oleaut32.dll shlwapi.dll msshooks.dll imm32.dll msctf.dll cryptbase.dll msidle.dll rpcrt4.dll tquery.dll cryptsp.dll rsaenh.dll rpcrtremote.dll combase.dll ieframe.dll api-ms-win-downlevel-advapi32-l1-1-0.dll api-ms-win-downlevel-shlwapi-l1-1-0.dll system.configuration.ni.dll api-ms-win-downlevel-shell32-l1-1-0.dll shell32.dll api-ms-win-downlevel-version-l1-1-0.dll version.dll api-ms-win-downlevel-normaliz-l1-1-0.dll normaliz.dll System.Transactions.dll comctl32.dll api-ms-win-downlevel-shlwapi-l2-1-0.dll api-ms-win-downlevel-ole32-l1-1-0.dll ole32.dll sspicli.dll mlang.dll msvcrt.dll msctf.dll System.Runtime.Remoting.dll rsaenh.dll api-ms-win-downlevel-advapi32-l2-1-0.dll ntdll.dll comdlg32.dll mscoree.dll advapi32.dll rpcrt4.dll profapi.dll rpcrt4.dll ServiceModelEvents.dll gdi32.dll lpk.dll usp10.dll ole32.dll msimg32.dll wtsapi32.dll winmm.dll userenv.dll wshext.dll winsta.dll crypt32.dll advapi32.dll msctf.dll imm32.dll comctl32.dll msvcr120_clr0400.dll secur32.dll sspicli.dll shell32.dll imageres.dll uxtheme.dll wintrust.dll pcpksp.dll rsaenh.dll setupapi.dll wmsgapi.dll wldap32.dll version.dll clbcatq.dll oleaut32.dll urlmon.dll api-ms-win-downlevel-ole32-l1-1-0.dll api-ms-win-downlevel-shlwapi-l1-1-0.dll api-ms-win-downlevel-advapi32-l1-1-0.dll api-ms-win-downlevel-user32-l1-1-0.dll api-ms-win-downlevel-version-l1-1-0.dll api-ms-win-downlevel-normaliz-l1-1-0.dll iertutil.dll msctfmonitor.dll msutb.dll imagehlp.dll bcryptprimitives.dll ntdll.dll gpapi.dll cryptnet.dll sensapi.dll normaliz.dll api-ms-win-core-comm-l1-1-0.dll,normal
 ntdll.dll sechost.dll kernelbase.dll msvcrt.dll Accessibility.dll rpcrt4.dll advapi32.dll wersvc.dll,normal
 ntdll.dll ntdll.dll wow64.dll wow64win.dll wow64cpu.dll kernel32.dll kernel32.dll kernel32.dll user32.dll kernel32.dll kernelbase.dll msvcrt.dll winbrand.dll user32.dll wow64win.dll lpk.dll usp10.dll imm32.dll sechost.dll rpcrt4.dll wintrust.dll cryptbase.dll imm32.dll imm32.dll apphelp.dll ntdll.dll kernel32.dll kernelbase.dll advapi32.dll msvcrt.dll sechost.dll lpk.dll oleaut32.dll mscoree.dll ole32.dll gdi32.dll user32.dll lpk.dll usp10.dll oleaut32.dll imm32.dll msctf.dll cryptbase.dll cryptsp.dll rsaenh.dll clbcatq.dll imm32.dll setupapi.dll mscoreei.dll clr.dll shlwapi.dll Microsoft.Windows.Diagnosis.Commands.UpdateDiagReport.ni.dll clrjit.dll system.ni.dll usp10.dll msimg32.dll version.dll cryptnet.dll system.data.dll mscorlib.dll mscorlib.dll system.data.dll System.Drawing.dll system.transactions.ni.dll system.transactions.dll system.transactions.dll system.transactions.dll system.numerics.ni.dll system.security.dll system.enterpriseservices.ni.dll system.security.ni.dll ntdll.dll msctf.dll wow64.dll wow64win.dll wow64cpu.dll kernel32.dll kernel32.dll kernel32.dll cryptsp.dll kernel32.dll kernelbase.dll advapi32.dll msvcrt.dll sechost.dll rpcrt4.dll sspicli.dll cryptbase.dll msvcr120_clr0400.dll mscoree.dll ole32.dll gdi32.dll user32.dll lpk.dll user32.dll oleaut32.dll clbcatq.dll msctf.dll rpcrt4.dll rsaenh.dll rpcrtremote.dll duser.dll sxs.dll msctf.dll mscorwks.dll msvcr80.dll shlwapi.dll shell32.dll profapi.dll mscorlib.ni.dll mscorjit.dll mscorlib.dll mscorlib.dll version.dll mscorlib.dll mscorlib.dll system.ni.dll dhcpcsvc.dll kernel32.dll mpr.dll smdiagnostics.dll system.dll system.dll system.dll system.drawing.ni.dll system.windows.forms.ni.dll KernelBase.dll system.windows.forms.dll system.windows.forms.dll system.windows.forms.dll system.drawing.dll system.drawing.dll system.drawing.dll system.drawing.dll system.configuration.ni.dll system.configuration.dll ntdll.dll system.configuration.dll system.configuration.dll system.xml.ni.dll system.xml.dll mscorlib.dll system.xml.dll kernel32.dll system.security.ni.dll system.security.dll system.data.dll system.security.dll dsreg.dll mprmsg.dll system.data.sqlxml.dll system.data.sqlxml.dll system.data.sqlxml.dll system.data.sqlxml.dll accessibility.ni.dll shell32.dll msvcrt.dll accessibility.dll accessibility.dll system.runtime.serialization.formatters.soap.ni.dll system.runtime.serialization.formatters.soap.dll system.runtime.serialization.formatters.soap.dll system.deployment.ni.dll system.deployment.dll system.deployment.dll system.deployment.dll system.deployment.dll ntdll.dll ntdll.dll wow64.dll kernel32.dll wow64cpu.dll propsys.dll cfgmgr32.dll kernel32.dll user32.dll kernel32.dll kernelbase.dll sharedlibrary.dll msvcrt.dll sechost.dll rpcrt4.dll system.windows.forms.dll cryptbase.dll sechost.dll mscoree.dll ole32.dll gdi32.dll cryptbase.dll lpk.dll imm32.dll version.dll imm32.dll msctf.dll uiautomationprovider.dll rsaenh.dll shell32.dll clbcatq.dll sxs.dll shlwapi.dll mscorwks.dll msvcr80.dll shlwapi.dll lpk.dll profapi.dll mscorlib.ni.dll sxsstore.dll mscorlib.dll mscorlib.dll version.dll mscorlib.dll mscorlib.dll presentationframework.royale.ni.dll system.ni.dll tiptsf.dll presentationframework.royale.dll kernel32.dll uxtheme.dll presentationframework.royale.dll presentationcore.ni.dll presentationframework.ni.dll presentationframework.dll cryptbase.dll presentationframework.dll presentationframework.dll windowsbase.dll windowsbase.dll windowsbase.dll mssprxy.dll system.dll system.dll system.dll system.dll wow64win.dll presentationcore.dll presentationcore.dll msshooks.dll,normal
 rpcrt4.dll userenv.dll wow64.dll wow64win.dll wow64cpu.dll kernel32.dll kernel32.dll kernel32.dll user32.dll kernel32.dll kernelbase.dll msvcrt.dll comdlg32.dll system.xml.ni.dll user32.dll lpk.dll usp10.dll advapi32.dll sechost.dll rpcrt4.dll sspicli.dll cryptbase.dll imm32.dll msctf.dll apphelp.dll,normal
 msctf.dll accessibility.dll actxprxy.dll KernelBase.dll msvcrt.dll shlwapi.dll gdi32.dll user32.dll lpk.dll bcryptprimitives.dll ole32.dll oleaut32.dll dnsapi.dll ntdll.dll kernel32.dll KernelBase.dll msvcrt.dll ole32.dll gdi32.dll apds.dll lpk.dll usp10.dll rpcrt4.dll imm32.dll msctf.dll cryptbase.dll clbcatq.dll advapi32.dll profapi.dll oleaut32.dll cryptsp.dll kernel.appcore.dll RpcRtRemote.dll shacct.dll comctl32.dll shlwapi.dll userenv.dll profapi.dll IDStore.dll ntdll.dll advapi32.dll kernel32.dll user32.dll dpx.dll wow64.dll wow64win.dll wow64cpu.dll wow64win.dll oleaut32.dll KernelBase.dll oleaut32.dll ole32.dll msvcrt.dll gdi32.dll user32.dll advapi32.dll sechost.dll System.Core.ni.dll SensApi.dll msvcp_win.dll lpk.dll usp10.dll shell32.dll shlwapi.dll ws2_32.dll user32.dll imm32.dll msctf.dll clbcatq.dll dnsapi.dll cryptsp.dll rsaenh.dll winnsi.dll dhcpcsvc.dll dhcpcsvc6.dll RpcRtRemote.dll system.numerics.dll,normal
 ntdll.dll usp10.dll kernelbase.dll advapi32.dll gdi32.dll sechost.dll rpcrt4.dll version.dll api-ms-win-core-rtlsupport-l1-1-0.dll ole32.dll gdi32.dll user32.dll PresentationCore.dll usp10.dll oleaut32.dll imm32.dll msctf.dll cryptbase.dll lpk.dll rsaenh.dll rpcrtremote.dll wow64cpu.dll ntdll.dll mscoreei.dll mscorwks.dll msvcr80.dll shlwapi.dll shell32.dll imageres.dll mscorlib.ni.dll mscorjit.dll ntdll.dll mscorlib.dll sensapi.dll mscorlib.dll mscorlib.dll system.ni.dll system.drawing.ni.dll system.windows.forms.ni.dll accessibility.ni.dll system.security.ni.dll system.configuration.ni.dll system.xml.ni.dll system.runtime.serialization.formatters.soap.ni.dll system.deployment.ni.dll bcryptprimitives.dll ntdll.dll ntdll.dll wow64.dll wow64win.dll wow64cpu.dll kernel32.dll kernel32.dll kernel32.dll user32.dll kernel32.dll kernelbase.dll advapi32.dll msvcrt.dll sechost.dll rpcrt4.dll sspicli.dll cryptbase.dll msvcr120_clr0400.dll mscoree.dll ole32.dll gdi32.dll user32.dll usp10.dll usp10.dll oleaut32.dll imm32.dll msctf.dll cryptsp.dll rsaenh.dll duser.dll kernelbase.dll sxs.dll mscoreei.dll mscorwks.dll msvcr80.dll shlwapi.dll kernel32.dll advapi32.dll mscorlib.ni.dll sechost.dll mscorlib.dll kernel32.dll version.dll sspicli.dll mscorlib.dll system.ni.dll System.Core.dll system.deployment.dll system.deployment.dll ntdll.dll kernel32.dll system.dll profapi.dll system.dll system.dll msctf.dll system.runtime.remoting.dll system.windows.forms.dll msctf.dll system.windows.forms.dll imm32.dll system.drawing.dll system.drawing.dll system.drawing.dll ntdll.dll system.xml.ni.dll system.xml.dll system.xml.dll system.xml.dll system.xml.dll system.security.ni.dll system.security.dll system.security.dll uxtheme.dll system.security.dll system.configuration.ni.dll system.configuration.dll system.configuration.dll system.configuration.dll dhcpcsvc6.dll,normal
 imageres.dll kernel32.dll KernelBase.dll advapi32.dll msvcrt.dll kernel32.dll rpcrt4.dll atl.dll advapi32.dll gdi32.dll mofinstall.dll usp10.dll kernelbase.dll oleaut32.dll mscoree.dll shlwapi.dll dbghelp.dll msctf.dll cryptbase.dll uxtheme.dll ntdll.dll rsaenh.dll userenv.dll profapi.dll comctl32.dll ntmarta.dll dhcpcore.dll setupapi.dll mscorwks.dll devobj.dll propsys.dll linkinfo.dll srvcli.dll slc.dll cryptsp.dll kernel32.dll mscoreei.dll version.dll ntshrui.dll mscorwks.dll mscorwks.dll mscorwks.dll cscapi.dll msvcr80.dll mscorlib.ni.dll System.ni.dll Microsoft.PowerShell.ConsoleHost.ni.dll psapi.dll System.Management.Automation.ni.dll cfgmgr32.dll Microsoft.PowerShell.Commands.Diagnostics.ni.dll System.Configuration.Install.ni.dll Microsoft.WSMan.Management.ni.dll wucltux.dll ntdll.dll Microsoft.PowerShell.Commands.Utility.ni.dll Microsoft.PowerShell.Commands.Management.ni.dll user32.dll Culture.dll System.Xml.ni.dll System.Management.ni.dll System.DirectoryServices.ni.dll shfolder.dll mscorjit.dll secur32.dll wevtapi.dll System.Data.ni.dll ws2_32.dll nsi.dll crypt32.dll ntdll.dll System.Data.dll kernel32.dll,normal
 user32.dll Accessibility.dll kernelbase.dll gdi32.dll user32.dll lpk.dll usp10.dll msvcrt.dll imm32.dll msctf.dll wmiutils.dll rpcrt4.dll oleaut32.dll ntdll.dll ntdll.dll wow64.dll zipfldr.dll wow64cpu.dll kernel32.dll kernel32.dll kernel32.dll user32.dll kernel32.dll secur32.dll msvcrt.dll winbrand.dll user32.dll kernel32.dll sspicli.dll usp10.dll wow64win.dll sechost.dll rpcrt4.dll sspicli.dll cryptbase.dll imm32.dll msctf.dll lpk.dll,normal
 ntdll.dll ntdll.dll wow64.dll wow64win.dll wow64cpu.dll imageres.dll SensApi.dll usp10.dll user32.dll kernel32.dll user32.dll msvcrt.dll winbrand.dll gdi32full.dll gdi32.dll lpk.dll profsvc.dll advapi32.dll sechost.dll user32.dll sspicli.dll cryptbase.dll imm32.dll msctf.dll apphelp.dll,normal
 rsaenh.dll ntdll.dll KernelBase.dll advapi32.dll msvcrt.dll sechost.dll rpcrt4.dll gdi32.dll user32.dll lpk.dll shell32.dll apphelp.dll winmm.dll dwmapi.dll profapi.dll ole32.dll oleacc.dll oleaut32.dll System.Windows.Input.Manipulations.ni.dll wmsgapi.dll duser.dll uxtheme.dll imm32.dll msctf.dll cryptbase.dll dui70.dll kernel32.dll xmllite.dll clbcatq.dll cryptsp.dll ncrypt.dll RpcRtRemote.dll cfgmgr32.dll system.xml.ni.dll usp10.dll,normal
 ole32.dll usp10.dll nsi.dll apphelp.dll wow64cpu.dll cfgmgr32.dll kernel32.dll kernel32.dll WindowsCodecs.dll kernel32.dll KernelBase.dll advapi32.dll msvcrt.dll sechost.dll rpcrt4.dll sspicli.dll KernelBase.dll dnsapi.dll ws2_32.dll nsi.dll winnsi.dll dhcpcsvc.dll sechost.dll shell32.dll api-ms-win-crt-environment-l1-1-0.dll gdi32.dll user32.dll wsock32.dll system.drawing.ni.dll ole32.dll imm32.dll msctf.dll clbcatq.dll oleaut32.dll cryptsp.dll rsaenh.dll RpcRtRemote.dll wevtapi.dll ntdll.dll presentationcore.ni.dll wow64.dll wow64win.dll wow64cpu.dll kernel32.dll kernel32.dll kernel32.dll user32.dll kernel32.dll KernelBase.dll oleaut32.dll SensApi.dll msvcrt.dll gdi32.dll user32.dll oleaut32.dll sechost.dll rpcrt4.dll kernel32.dll cryptbase.dll lpk.dll usp10.dll msimg32.dll version.dll mpr.dll olepro32.dll comctl32.dll shlwapi.dll shell32.dll msctf.dll ws2_32.dll system.management.automation.dll netapi32.dll secur32.dll usp10.dll wkscli.dll GdiPlus.dll imm32.dll ntdll.dll uxtheme.dll setupapi.dll cfgmgr32.dll peerdistsh.dll imm32.dll lpk.dll cryptbase.dll WindowsCodecs.dll apphelp.dll kernelbase.dll EhStorShell.dll EhStorShell.dll EhStorShell.dll ntshrui.dll ntshrui.dll ntshrui.dll ntshrui.dll cscapi.dll slc.dll mssprxy.dll imageres.dll imageres.dll imageres.dll imageres.dll imageres.dll imageres.dll imageres.dll dwmapi.dll imageres.dll shlwapi.dll imageres.dll wtsapi32.dll winsta.dll ntdll.dll ntdll.dll wow64.dll userenv.dll wow64cpu.dll kernel32.dll kernel32.dll oleacc.dll user32.dll kernel32.dll kernel32.dll advapi32.dll msvcrt.dll sechost.dll rpcrt4.dll lpk.dll cryptbase.dll shell32.dll ws2_32.dll nsi.dll clbcatq.dll dhcpcsvc.dll dhcpcsvc6.dll shell32.dll shlwapi.dll gdi32.dll user32.dll lpk.dll usp10.dll kernel32.dll imm32.dll netprofm.dll clbcatq.dll oleaut32.dll cryptsp.dll clbcatq.dll RpcRtRemote.dll mprmsg.dll kernel32.dll ntdll.dll wow64.dll wow64win.dll wow64cpu.dll kernel32.dll kernel32.dll kernel32.dll user32.dll kernel32.dll KernelBase.dll advapi32.dll msvcrt.dll sechost.dll rpcrt4.dll ole32.dll cryptbase.dll System.AddIn.Contract.dll ws2_32.dll nsi.dll winnsi.dll dhcpcsvc.dll dhcpcsvc6.dll shell32.dll shlwapi.dll gdi32.dll user32.dll lpk.dll usp10.dll lpk.dll imm32.dll msctf.dll clbcatq.dll oleaut32.dll kernel32.dll wow64.dll sspicli.dll wevtapi.dll ntdll.dll ntdll.dll wow64.dll wow64win.dll wow64cpu.dll kernel32.dll kernel32.dll kernel32.dll user32.dll sspicli.dll KernelBase.dll advapi32.dll msvcrt.dll sechost.dll rpcrt4.dll sspicli.dll cryptbase.dll dnsapi.dll kernelbase.dll nsi.dll winnsi.dll dhcpcsvc.dll dhcpcsvc6.dll kernelbase.dll cryptsp.dll gdi32.dll user32.dll lpk.dll usp10.dll ole32.dll imm32.dll msctf.dll clbcatq.dll system.transactions.dll api-ms-win-crt-math-l1-1-0.dll user32.dll RpcRtRemote.dll wevtapi.dll ntdll.dll kernel32.dll KernelBase.dll bcrypt.dll winbrand.dll lpk.dll winbrand.dll msvcrt.dll imm32.dll msctf.dll ole32.dll rpcrt4.dll oleaut32.dll shcore.dll oleaut32.dll KernelBase.dll msvcrt.dll user32.dll ntdll.dll usp10.dll msvcrt.dll imm32.dll msctf.dll ole32.dll rpcrt4.dll oleaut32.dll cryptbase.dll wtsapi32.dll advapi32.dll wow64.dll windows.ui.dll ntdll.dll wow64.dll cryptbase.dll wow64cpu.dll kernel32.dll kernel32.dll kernel32.dll user32.dll kernel32.dll KernelBase.dll msvcrt.dll sechost.dll user32.dll shlwapi.dll lpk.dll umoutlookaddin.dll advapi32.dll sechost.dll rpcrt4.dll sspicli.dll cryptbase.dll imm32.dll ntdll.dll usp10.dll,normal
 ntdll.dll ntdll.dll wow64.dll wow64win.dll wow64cpu.dll shlwapi.dll kernel32.dll KernelBase.dll msasn1.dll kernel32.dll KernelBase.dll rpcrt4.dll winbrand.dll user32.dll gdi32.dll lpk.dll usp10.dll system.enterpriseservices.dll sechost.dll rpcrt4.dll sspicli.dll cryptbase.dll msvcrt.dll msctf.dll apphelp.dll,normal
 api-ms-win-security-lsalookup-l2-1-0.dll samcli.dll KernelBase.dll advapi32.dll msvcrt.dll sechost.dll rpcrt4.dll mscoree.dll gdi32.dll System.Data.OracleClient.ni.dll msdtcVSp1res.dll kernel32.dll oleaut32.dll tquery.dll shlwapi.dll imm32.dll msctf.dll msshooks.dll imageres.dll clbcatq.dll cryptsp.dll rsaenh.dll RpcRtRemote.dll mscoree.dll mscoreei.dll mssprxy.dll gdi32.dll,normal
 devrtl.dll,normal
 kernel32.dll kernelbase.dll KernelBase.dll gdi32.dll user32.dll lpk.dll usp10.dll msvcrt.dll imm32.dll ntdll.dll ole32.dll kernel32.dll System.configuration.dll wow64.dll ntdll.dll oleaut32.dll cryptbase.dll wow64cpu.dll kernel32.dll kernel32.dll kernel32.dll user32.dll kernel32.dll KernelBase.dll msvcrt.dll winbrand.dll user32.dll kernel32.dll lpk.dll usp10.dll advapi32.dll samcli.dll rpcrt4.dll sspicli.dll cryptbase.dll imm32.dll msctf.dll apphelp.dll,normal
 SensApi.dll kernel32.dll KernelBase.dll kernel32.dll ole32.dll gdi32.dll user32.dll lpk.dll usp10.dll mscorlib.ni.dll imm32.dll msctf.dll cryptbase.dll nsi.dll advapi32.dll sechost.dll oleaut32.dll nsi.dll rsaenh.dll framedynos.dll shacct.dll comctl32.dll shlwapi.dll userenv.dll profapi.dll smipi.dll,normal
 ntdll.dll ntdll.dll wow64.dll vm3dum64.dll wow64cpu.dll kernel32.dll kernel32.dll kernel32.dll kernelbase.dll kernel32.dll KernelBase.dll msvcrt.dll sensapi.dll user32.dll ntdll.dll msvcrt.dll usp10.dll advapi32.dll api-ms-win-eventing-legacy-l1-1-0.dll rpcrt4.dll sspicli.dll cryptbase.dll imm32.dll msctf.dll apphelp.dll,normal
 ntdll.dll gdi32.dll kernelbase.dll msvcrt.dll winbrand.dll msctf.dll gdi32.dll logoncli.dll usp10.dll imm32.dll msctf.dll,normal
 ntdll.dll kernel32.dll kernelbase.dll KernelBase.dll user32.dll msvcrt.dll imm32.dll oleaut32.dll system.enterpriseservices.ni.dll msctf.dll rpcrt4.dll sspicli.dll System.Drawing.ni.dll kernel.appcore.dll cryptbase.dll kernel32.dll clbcatq.dll,normal
 ntdll.dll imagehlp.dll KernelBase.dll mscorjit.dll msvcrt.dll sechost.dll rpcrt4.dll gdi32.dll cryptbase.dll lpk.dll usp10.dll ole32.dll msimg32.dll wmsgapi.dll winsta.dll winmm.dll userenv.dll profapi.dll msvcrt.dll ntdll.dll msasn1.dll system.xml.ni.dll msvcrt.dll imm32.dll msutb.dll profapi.dll shlwapi.dll ntdll.dll sspicli.dll shell32.dll cryptbase.dll dwmapi.dll wintrust.dll cryptsp.dll rsaenh.dll imagehlp.dll bcrypt.dll bcryptprimitives.dll advapi32.dll gpapi.dll cryptnet.dll Wldap32.dll SensApi.dll version.dll clbcatq.dll oleaut32.dll urlmon.dll api-ms-win-downlevel-ole32-l1-1-0.dll api-ms-win-downlevel-shlwapi-l1-1-0.dll api-ms-win-downlevel-advapi32-l1-1-0.dll api-ms-win-downlevel-user32-l1-1-0.dll api-ms-win-downlevel-version-l1-1-0.dll system.transactions.ni.dll iertutil.dll wininet.dll ntdll.dll ntdll.dll wow64.dll wow64win.dll oleaut32.dll kernel32.dll kernel32.dll kernel32.dll user32.dll kernel32.dll KernelBase.dll msvcrt.dll version.dll user32.dll gdi32.dll lpk.dll rpcrt4.dll mpr.dll kernelbase.dll rpcrt4.dll sspicli.dll SensApi.dll imm32.dll wow64.dll apphelp.dll,normal
 ntdll.dll kernel32.dll wrpint.dll advapi32.dll msvcrt.dll sechost.dll rpcrt4.dll gdi32.dll user32.dll dsrole.dll usp10.dll oleaut32.dll msctf.dll imm32.dll version.dll shlwapi.dll msimg32.dll wmsgapi.dll wtsapi32.dll winmm.dll userenv.dll rsaenh.dll wow64cpu.dll iertutil.dll shell32.dll shdocvw.dll uxtheme.dll msasn1.dll msctfmonitor.dll comctl32.dll secur32.dll dwmapi.dll cryptsp.dll rsaenh.dll shell32.dll oleaut32.dll sspicli.dll wintrust.dll imagehlp.dll bcrypt.dll xmllite.dll version.dll credui.dll lpk.dll clbcatq.dll sechost.dll propsys.dll urlmon.dll kernel32.dll oleacc.dll authui.dll cryptui.dll gdiplus.dll system.design.dll combase.dll mmdevapi.dll setupapi.dll cfgmgr32.dll devobj.dll Microsoft.VisualStudio.Tools.Office.Contract.v9.0.dll msacm32.dll slc.dll shlwapi.dll avrt.dll rsaenh.dll msutb.dll,normal
 ntdll.dll kernel32.dll kernelbase.dll advapi32.dll msvcrt.dll rpcrt4.dll rpcrt4.dll gdi32.dll clbcatq.dll ws2_32.dll usp10.dll System.Design.ni.dll winmm.dll dwmapi.dll gdiplus.dll ole32.dll oleacc.dll oleaut32.dll wow64win.dll wmsgapi.dll duser.dll windows.storage.dll imm32.dll msctf.dll cryptbase.dll dui70.dll comctl32.dll xmllite.dll rsaenh.dll flashutil64_32_0_0_207_activex.dll cryptsp.dll dhcpcsvc.dll rpcrtremote.dll atl.dll cfgmgr32.dll mscorlib.dll inkobj.dll mmdevapi.dll propsys.dll winmm.dll,normal
 fltlib.dll kernel32.dll KernelBase.dll msvcrt.dll combase.dll dnsapi.dll kernel.appcore.dll cryptbase.dll bcryptprimitives.dll wow64.dll user32.dll gdi32.dll imm32.dll msctf.dll sechost.dll ole32.dll rsaenh.dll bcrypt.dll uxtheme.dll IDStore.dll userenv.dll profapi.dll,normal
 ntdll.dll kernel32.dll kernelbase.dll advapi32.dll msvcrt.dll sechost.dll rpcrt4.dll shell32.dll shlwapi.dll gdi32.dll user32.dll lpk.dll usp10.dll imm32.dll msctf.dll ole32.dll cryptbase.dll userenv.dll sqmapi.dll oleaut32.dll comctl32.dll clbcatq.dll profapi.dll urlmon.dll sensapi.dll api-ms-win-downlevel-shlwapi-l1-1-0.dll api-ms-win-downlevel-advapi32-l1-1-0.dll api-ms-win-downlevel-user32-l1-1-0.dll api-ms-win-downlevel-version-l1-1-0.dll version.dll api-ms-win-downlevel-normaliz-l1-1-0.dll microsoft.vsa.dll iertutil.dll wininet.dll userenv.dll secur32.dll sspicli.dll setupapi.dll cfgmgr32.dll devobj.dll mpr.dll ntdll.dll kernel32.dll kernelbase.dll advapi32.dll gdi32.dll rpcrt4.dll rpcrt4.dll msvcr120_clr0400.dll mscoree.dll ole32.dll gdi32.dll user32.dll lpk.dll accessibility.ni.dll oleaut32.dll usp10.dll cbsapi.dll cryptbase.dll cryptsp.dll rsaenh.dll rpcrtremote.dll umrdp.dll sxs.dll mscoreei.dll duser.dll propsys.dll shlwapi.dll shell32.dll profapi.dll mscorlib.ni.dll mscorjit.dll mscorlib.dll mscorlib.dll version.dll mscorlib.dll mscorlib.dll winhttp.dll wintrust.dll crypt32.dll msasn1.dll comctl32.dll riched20.dll imagehlp.dll ncrypt.dll bcrypt.dll System.Core.dll userenv.dll gpapi.dll user32.dll wldap32.dll sensapi.dll kernel32.dll system.drawing.ni.dll system.windows.forms.ni.dll system.drawing.ni.dll system.xml.ni.dll system.addin.ni.dll microsoft.office.tools.v9.0.dll microsoft.office.tools.v9.0.dll cryptsp.dll microsoft.office.tools.v9.0.ni.dll system.windows.forms.ni.dll ntdll.dll PortableDeviceSyncProvider.dll kernelbase.dll advapi32.dll msvcrt.dll sechost.dll gdi32full.dll msvcr120_clr0400.dll msvcr80.dll ole32.dll msasn1.dll user32.dll lpk.dll usp10.dll oleaut32.dll imm32.dll shlwapi.dll cryptbase.dll cryptsp.dll rsaenh.dll rpcrtremote.dll clbcatq.dll sxs.dll kernel32.dll shlwapi.dll msvcr80.dll shlwapi.dll system.xml.ni.dll profapi.dll user32.dll mscorjit.dll mscorlib.dll kernel32.dll version.dll mscorlib.dll mscorlib.dll system.ni.dll msvcrt.dll system.enterpriseservices.dll globinputhost.dll system.transactions.ni.dll cfgmgr32.dll system.transactions.dll system.transactions.dll system.transactions.dll mssph.dll system.xml.ni.dll ninput.dll system.runtime.remoting.ni.dll microsoft.visualc.ni.dll system.configuration.ni.dll,normal
 ntdll.dll kernel32.dll KernelBase.dll gdi32.dll user32.dll msvcrt.dll imm32.dll oleaut32.dll combase.dll sspicli.dll rpcrt4.dll uxtheme.dll tiptsf.dll dwmapi.dll msvcr120_clr0400.dll ole32.dll sechost.dll imm32.dll ntdll.dll bcryptprimitives.dll clbcatq.dll api-ms-win-core-registry-l2-1-0.dll advapi32.dll nsi.dll version.dll shlwapi.dll oleaut32.dll profapi.dll ntmarta.dll dui70.dll imecfm.dll wer.dll,normal
 ntdll.dll kernel32.dll kernelbase.dll msvcrt.dll conhostv2.dll combase.dll ucrtbase.dll rpcrt4.dll gdi32.dll gdi32.dll gdi32full.dll user32.dll win32u.dll KernelBase.dll oleaut32.dll sspicli.dll wow64.dll sechost.dll shcore.dll imageres.dll cfgmgr32.dll gdi32.dll powrprof.dll advapi32.dll shlwapi.dll kernel.appcore.dll profapi.dll clbcatq.dll msctf.dll,normal
 ntdll.dll advapi32.dll kernelbase.dll chrome_elf.dll version.dll msvcrt.dll shell32.dll shlwapi.dll gdi32.dll ntdll.dll lpk.dll eapsvc.dll sechost.dll sechost.dll rpcrt4.dll winmm.dll kernel32.dll profapi.dll imm32.dll msctf.dll winnsi.dll ole32.dll oleaut32.dll oleacc.dll uiautomationcore.dll psapi.dll wtsapi32.dll wintrust.dll wow64cpu.dll msasn1.dll dwrite.dll dxgi.dll comctl32.dll winhttp.dll webio.dll cryptbase.dll sspicli.dll cryptbase.dll setupapi.dll system.xml.ni.dll msctf.dll nsi.dll kernel32.dll cfgmgr32.dll d3d11.dll chrome_child.dll dwmapi.dll dbghelp.dll comdlg32.dll urlmon.dll logoncli.dll kernel32.dll user32.dll d3dcompiler_47.dll libglesv2.dll d3d9.dll kernel32.dll libegl.dll ole32.dll winmm.dll,normal
 ntdll.dll kernel32.dll wow64win.dll advapi32.dll msvcrt.dll sechost.dll rpcrt4.dll msvcr120_clr0400.dll mscoree.dll ole32.dll gdi32.dll fdPHost.dll lpk.dll ntdll.dll oleaut32.dll imm32.dll user32.dll cryptbase.dll cryptsp.dll urlmon.dll RpcRtRemote.dll clbcatq.dll clbcatq.dll mscoreei.dll mscorwks.dll msvcr80.dll shlwapi.dll shell32.dll profapi.dll mscorlib.ni.dll duser.dll mscorlib.dll mscorlib.dll advapi32.dll mscorlib.dll shcore.dll mscorsec.dll wintrust.dll crypt32.dll dnsapi.dll comctl32.dll riched20.dll imagehlp.dll ncrypt.dll bcrypt.dll sechost.dll userenv.dll gpapi.dll cryptnet.dll Wldap32.dll SensApi.dll stdole.dll gdi32.dll stdole.ni.dll stdole.ni.dll sechost.dll,normal
 ntdll.dll kernel32.dll gdiplus.dll gdi32.dll user32.dll lpk.dll usp10.dll msvcrt.dll user32.dll msctf.dll kernel32.dll rpcrt4.dll oleaut32.dll ntdll.dll ntdll.dll imm32.dll wow64win.dll wow64cpu.dll kernel32.dll Microsoft.VisualC.ni.dll kernel32.dll user32.dll kernel32.dll KernelBase.dll advapi32.dll msvcrt.dll sechost.dll rpcrt4.dll sspicli.dll cryptbase.dll dnsapi.dll ws2_32.dll nsi.dll winnsi.dll dhcpcsvc.dll dhcpcsvc6.dll dnsapi.dll shlwapi.dll gdi32.dll user32.dll lpk.dll usp10.dll ole32.dll imm32.dll gdi32.dll clbcatq.dll oleaut32.dll msdtcVSp1res.dll uxtheme.dll kernel32.dll wevtapi.dll ntdll.dll ntdll.dll wow64.dll cryptsp.dll mscorlib.ni.dll kernel32.dll mpr.dll kernel32.dll api-ms-win-crt-locale-l1-1-0.dll kernel32.dll KernelBase.dll msvcrt.dll winbrand.dll user32.dll user32.dll lpk.dll usp10.dll advapi32.dll sechost.dll rpcrt4.dll sspicli.dll cryptbase.dll shell32.dll msctf.dll apphelp.dll,normal
 searchfolder.dll,normal
 ntdll.dll shlwapi.dll kernel32.dll oleaut32.dll rpcrtremote.dll imm32.dll ole32.dll ws2_32.dll ntdll.dll clbcatq.dll winhttp.dll ole32.dll msspell7.dll advapi32.dll msctf.dll System.ni.dll psapi.dll usp10.dll wldap32.dll rpcrt4.dll cfgmgr32.dll system.security.dll clbcatq.dll crypt32.dll profapi.dll msasn1.dll rpcrtremote.dll winsta.dll cryptbase.dll sspicli.dll secur32.dll cryptdll.dll wow64cpu.dll msvcrt.dll shlwapi.dll netjoin.dll kernelbase.dll cryptsp.dll cryptsp.dll mswsock.dll wship6.dll dnsapi.dll dhcpcsvc6.dll rsaenh.dll bcryptprimitives.dll netutils.dll cryptsvc.dll credssp.dll gpapi.dll System.ServiceModel.ni.dll nlasvc.dll cryptsp.dll version.dll ntmarta.dll wkscli.dll winnsi.dll msasn1.dll dhcpcsvc.dll wtsapi32.dll secur32.dll rasadhlp.dll propsys.dll cryptbase.dll atl.dll slc.dll es.dll samcli.dll wevtapi.dll vsstrace.dll imm32.dll dnsext.dll cryptnet.dll samlib.dll ntdsapi.dll ncsi.dll ssdpapi.dll esent.dll icaapi.dll msvcrt.dll regapi.dll rdpcorekmts.dll rdpwsx.dll tlscsp.dll system.transactions.dll,normal
 ntdll.dll ole32.dll kernelbase.dll cryptsp.dll msvcrt.dll combase.dll rpcrt4.dll user32.dll gdi32.dll setupapi.dll sechost.dll msvcr120_clr0400.dll sppcommdlg.dll advapi32.dll shlwapi.dll kernel.appcore.dll system.dll mscorsvc.dll ole32.dll fusion.dll bcryptprimitives.dll clbcatq.dll taskschd.dll dmenrollengine.dll xmllite.dll,normal
 ntdll.dll kernel32.dll System.Web.dll advapi32.dll msvcrt.dll sechost.dll rpcrt4.dll crypt32.dll gdi32.dll user32.dll lpk.dll xmllite.dll imm32.dll msctf.dll wdscore.dll oleaut32.dll shell32.dll shlwapi.dll dbghelp.dll cryptsp.dll CbsCore.dll version.dll cryptbase.dll msasn1.dll wintrust.dll userenv.dll gpapi.dll ktmw32.dll dpx.dll dpx.dll dpx.dll wcp.dll DrUpdate.dll sxs.dll cfgmgr32.dll devobj.dll mpr.dll RpcRtRemote.dll globinputhost.dll sqmapi.dll winhttp.dll webio.dll winhttp.dll webio.dll dmcfgutils.dll cryptsp.dll rsaenh.dll RpcRtRemote.dll clbcatq.dll CbsApi.dll smipi.dll msshooks.dll ntdll.dll kernel32.dll wow64.dll wow64win.dll wow64cpu.dll kernel32.dll kernel32.dll kernel32.dll sspicli.dll kernel32.dll dmdskres2.dll msvcrt.dll winbrand.dll user32.dll gdi32.dll lpk.dll usp10.dll advapi32.dll sechost.dll rpcrt4.dll sspicli.dll cryptbase.dll rpcrt4.dll msctf.dll apphelp.dll,normal
 shell32.dll kernel32.dll kernelbase.dll msvcrt.dll ole32.dll gdi32.dll user32.dll msvcr80.dll usp10.dll rpcrt4.dll imm32.dll usp10.dll kernel32.dll clbcatq.dll advapi32.dll appxdeploymentserver.dll oleaut32.dll cryptsp.dll rsaenh.dll wininet.dll uxtheme.dll xmllite.dll shell32.dll wevtapi.dll comctl32.dll psapi.dll propsys.dll,normal
 System.Web.RegularExpressions.ni.dll deviceaccess.dll taskschd.dll usoapi.dll cryptbase.dll NetSetupEngine.dll ImplatSetup.dll gdi32.dll ImplatSetup.dll NetSetupEngine.dll ImplatSetup.dll,normal
 ntdll.dll wercplsupport.dll clbcatq.dll wow64win.dll cryptsp.dll kernel32.dll gdi32.dll kernel32.dll user32.dll kernel32.dll kernelbase.dll msvcrt.dll winbrand.dll user32.dll gdi32.dll lpk.dll usp10.dll advapi32.dll sechost.dll netutils.dll sspicli.dll cryptbase.dll imm32.dll msctf.dll kernel32.dll,normal
 kernelbase.dll ntdll.dll wow64.dll wow64win.dll cfgmgr32.dll kernel32.dll kernel32.dll kernel32.dll user32.dll kernel32.dll kernel32.dll advapi32.dll msvcrt.dll system.xml.ni.dll rpcrt4.dll sspicli.dll cryptbase.dll dnsapi.dll wship6.dll nsi.dll winnsi.dll dhcpcsvc.dll dhcpcsvc6.dll shell32.dll shlwapi.dll gdi32.dll user32.dll lpk.dll usp10.dll ole32.dll imm32.dll msctf.dll clbcatq.dll oleaut32.dll cryptsp.dll rsaenh.dll rpcrtremote.dll mscorlib.dll ntdll.dll mscoree.dll mswsock.dll wow64win.dll conhostv2.dll kernel32.dll cscapi.dll kernel32.dll user32.dll wevtapi.dll kernelbase.dll msvcrt.dll oleaut32.dll ole32.dll gdi32.dll user32.dll advapi32.dll sechost.dll sechost.dll sspicli.dll cryptbase.dll lpk.dll usp10.dll version.dll imm32.dll kernelbase.dll sxs.dll clbcatq.dll vbscript.dll advapi32.dll slc.dll shlwapi.dll msasn1.dll profapi.dll usp10.dll msisip.dll wshext.dll comctl32.dll cfgmgr32.dll shlwapi.dll scrobj.dll msi.dll scrrun.dll ntdll.dll ntdll.dll presentationcore.dll wow64win.dll wow64cpu.dll kernel32.dll kernel32.dll kernel32.dll user32.dll kernel32.dll lpk.dll advapi32.dll ole32.dll shlwapi.dll rpcrt4.dll sspicli.dll cryptbase.dll ole32.dll advapi32.dll nsi.dll odbc32.dll msctf.dll system.xml.dll ole32.dll shlwapi.dll shell32.dll api-ms-win-base-util-l1-1-0.dll msctf.dll msvcr120_clr0400.dll sechost.dll imm32.dll msctf.dll clbcatq.dll ole32.dll cryptsp.dll microsoft.powershell.commands.utility.ni.dll rpcrtremote.dll wevtapi.dll uxtheme.dll ntdll.dll crypt32.dll wow64win.dll ntdll.dll kernel32.dll kernel32.dll kernel32.dll msvcp110_win.dll kernel32.dll kernelbase.dll advapi32.dll msvcrt.dll sechost.dll rpcrt4.dll sspicli.dll cryptbase.dll dnsapi.dll ws2_32.dll nsi.dll winnsi.dll dhcpcsvc.dll dhcpcsvc6.dll Windows.UI.Cred.dll shlwapi.dll gdi32.dll mscorlib.dll lpk.dll usp10.dll ole32.dll msctf.dll msctf.dll clbcatq.dll oleaut32.dll cryptsp.dll rsaenh.dll sensapi.dll wevtapi.dll ntdll.dll apphelp.dll wow64.dll ole32.dll wow64cpu.dll kernel32.dll usp10.dll ucrtbase.dll user32.dll ntdll.dll kernelbase.dll advapi32.dll dbgeng.dll sechost.dll kernelbase.dll System.Xml.ni.dll cryptbase.dll dnsapi.dll kernel32.dll gdi32.dll winnsi.dll dhcpcsvc.dll dhcpcsvc6.dll shell32.dll diasymreader.dll gdi32.dll user32.dll lpk.dll usp10.dll lpk.dll imm32.dll msctf.dll clbcatq.dll oleaut32.dll gdi32.dll rsaenh.dll rpcrtremote.dll wevtapi.dll ntdll.dll kernel32.dll kernelbase.dll user32.dll user32.dll bcryptprimitives.dll usp10.dll msvcrt.dll imm32.dll msctf.dll ole32.dll rpcrt4.dll oleaut32.dll ntdll.dll mssprxy.dll wow64.dll wow64win.dll wow64cpu.dll kernel32.dll msvcr120_clr0400.dll ntdll.dll user32.dll kernel32.dll kernelbase.dll advapi32.dll msvcrt.dll sechost.dll rpcrt4.dll sspicli.dll cryptbase.dll dnsapi.dll ws2_32.dll nsi.dll winnsi.dll dhcpcsvc.dll dhcpcsvc6.dll winnsi.dll shlwapi.dll gdi32.dll user32.dll lpk.dll crypt32.dll ole32.dll imm32.dll msctf.dll clbcatq.dll oleaut32.dll cryptsp.dll rsaenh.dll rpcrtremote.dll wevtapi.dll sechost.dll ntdll.dll wow64.dll wow64win.dll rpcrtremote.dll kernel32.dll SensApi.dll kernel32.dll user32.dll kernel32.dll ntdll.dll msvcrt.dll winbrand.dll system.enterpriseservices.dll gdi32.dll lpk.dll usp10.dll advapi32.dll sechost.dll rpcrt4.dll sspicli.dll cryptbase.dll imm32.dll msctf.dll apphelp.dll,normal
 ntdll.dll user32.dll kernelbase.dll msvcrt.dll ole32.dll sensapi.dll user32.dll lpk.dll usp10.dll Wldap32.dll imm32.dll winshfhc.dll cryptbase.dll user32.dll advapi32.dll sechost.dll oleaut32.dll cryptsp.dll rsaenh.dll rpcrtremote.dll microsoft-windows-homegroupdiagnostic.netlistmgr.interop.dll thumbcache.dll user32.dll shlwapi.dll system.dll psapi.dll propsys.dll rsaenh.dll api-ms-win-core-memory-l1-1-0.dll wow64.dll wow64win.dll wow64cpu.dll kernel32.dll gdi32.dll kernel32.dll user32.dll kernel32.dll user32.dll advapi32.dll combase.dll sechost.dll rpcrt4.dll sspicli.dll cryptbase.dll msvcr120_clr0400.dll mscoree.dll ole32.dll gdi32.dll user32.dll rpcrt4.dll usp10.dll oleaut32.dll usp10.dll msctf.dll cryptsp.dll rsaenh.dll wow64.dll PortableDeviceSyncProvider.dll wow64cpu.dll mscoreei.dll clr.dll shlwapi.dll mscorlib.ni.dll clrjit.dll system.ni.dll system.directoryservices.protocols.ni.dll version.dll system.directoryservices.protocols.dll system.directoryservices.protocols.dll system.xml.ni.dll mscorlib.dll system.dll system.dll system.xml.ni.dll system.xml.dll system.xml.dll system.drawing.ni.dll system.directoryservices.dll system.directoryservices.dll System.Core.dll system.configuration.ni.dll system.configuration.dll system.configuration.dll system.core.dll system.core.dll imageres.dll ntdll.dll imm32.dll bcryptprimitives.dll wow64cpu.dll sechost.dll kernel32.dll kernel32.dll user32.dll imm32.dll kernelbase.dll advapi32.dll msvcrt.dll sechost.dll rpcrt4.dll authui.dll cryptbase.dll msvcr120_clr0400.dll mscoree.dll ole32.dll gdi32.dll system.dll lpk.dll usp10.dll mscoree.dll imm32.dll msctf.dll cryptsp.dll System.Web.RegularExpressions.ni.dll rpcrtremote.dll clbcatq.dll sxs.dll gpsvc.dll clr.dll shlwapi.dll api-ms-win-downlevel-shlwapi-l2-1-0.dll ws2_32.dll system.ni.dll system.core.ni.dll msvcrt.dll mscorlib.dll sechost.dll gdi32.dll system.dll system.dll system.core.dll system.core.dll system.drawing.ni.dll system.drawing.dll eppmanifest.dll system.web.entity.ni.dll system.web.entity.dll cryptui.dll system.web.ni.dll system.web.dll system.web.dll kernel32.dll system.data.entity.dll system.data.entity.dll system.windows.forms.ni.dll system.windows.forms.dll system.windows.forms.dll netprofm.dll system.data.ni.dll system.data.dll system.data.dll system.data.dll system.configuration.ni.dll system.configuration.dll system.configuration.dll system.xml.ni.dll system.xml.dll system.xml.dll system.numerics.ni.dll system.numerics.dll system.numerics.dll system.security.ni.dll system.security.dll system.security.dll ntdll.dll ntdll.dll wow64.dll oleaut32.dll wow64cpu.dll kernel32.dll wow64.dll kernel32.dll user32.dll system.windows.forms.ni.dll kernelbase.dll advapi32.dll msvcrt.dll sechost.dll msvcp110_win.dll sspicli.dll ntdll.dll msvcr120_clr0400.dll mscoree.dll ole32.dll gdi32.dll user32.dll lpk.dll rpcrt4.dll oleaut32.dll imm32.dll msctf.dll cryptsp.dll rsaenh.dll rpcrtremote.dll clbcatq.dll ntdll.dll mscoreei.dll clr.dll mscorlib.dll KernelBase.dll System.Data.OracleClient.dll system.ni.dll windowsformsintegration.ni.dll version.dll mscorlib.dll mscorlib.dll apphelp.dll system.dll system.xaml.ni.dll system.xaml.dll spoolss.dll system.core.ni.dll windowsbase.ni.dll wevtapi.dll presentationframework.ni.dll presentationframework.dll presentationframework.dll windowsbase.dll windowsbase.dll system.core.dll system.core.dll msctf.dll presentationcore.dll system.web.regularexpressions.ni.dll system.windows.forms.ni.dll system.windows.forms.dll ws2_32.dll system.drawing.dll smiengine.dll ole32.dll uiautomationprovider.dll uiautomationprovider.dll system.configuration.ni.dll system.configuration.dll system.configuration.dll system.xml.ni.dll system.xml.dll system.xml.dll,normal
 ntdll.dll filterlib.dll KernelBase.dll System.Core.dll wow64cpu.dll gdi32.dll user32.dll lpk.dll usp10.dll rpcrt4.dll imm32.dll sechost.dll cryptbase.dll clbcatq.dll advapi32.dll system.xml.dll oleaut32.dll cryptbase.dll rsaenh.dll KernelBase.dll uxtheme.dll shell32.dll shlwapi.dll thumbcache.dll propsys.dll imm32.dll psapi.dll,normal
 ntdll.dll api-ms-win-downlevel-user32-l1-1-0.dll wow64.dll wow64win.dll wow64cpu.dll kernel32.dll kernel32.dll user32.dll ole32.dll msimg32.dll shell32.dll wsock32.dll shell32.dll oleaut32.dll oleaut32.dll msvcrt.dll kernel32.dll user32.dll advapi32.dll sechost.dll rpcrt4.dll sspicli.dll version.dll lpk.dll SMdiagnostics.dll version.dll mpr.dll comctl32.dll shlwapi.dll kernelbase.dll nsi.dll netapi32.dll srvcli.dll wkscli.dll imm32.dll scrrun.dll kernel32.dll kernel32.dll,normal
 RpcRtRemote.dll uxtheme.dll cryptsp.dll ntdll.dll wow64.dll wow64win.dll lpk.dll system.transactions.dll kernel32.dll kernel32.dll kernel32.dll user32.dll KernelBase.dll msvcrt.dll shcore.dll gdi32.dll ntdll.dll advapi32.dll sechost.dll rpcrt4.dll sspicli.dll cryptbase.dll System.Transactions.dll usp10.dll imm32.dll msvcrt.dll clbcatq.dll api-ms-win-core-memory-l1-1-0.dll cryptsp.dll rsaenh.dll shell32.dll shlwapi.dll wrpint.dll comctl32.dll,normal
 ntdll.dll kernel32.dll kernelbase.dll advapi32.dll msvcrt.dll sechost.dll KernelBase.dll shell32.dll shlwapi.dll gdi32.dll user32.dll lpk.dll mscorwks.dll imm32.dll system.directoryservices.protocols.dll msvcrt.dll cryptbase.dll uxtheme.dll propsys.dll oleaut32.dll shlwapi.dll clbcatq.dll ntmarta.dll wldap32.dll profapi.dll urlmon.dll devicecenter.dll sensapi.dll api-ms-win-downlevel-advapi32-l1-1-0.dll api-ms-win-downlevel-user32-l1-1-0.dll api-ms-win-downlevel-version-l1-1-0.dll oleaut32.dll api-ms-win-downlevel-normaliz-l1-1-0.dll normaliz.dll iertutil.dll wininet.dll shlwapi.dll lpk.dll sspicli.dll kernel.appcore.dll mscoree.dll cfgmgr32.dll mscorlib.ni.dll urlmon.dll api-ms-win-downlevel-ole32-l1-1-0.dll msacm32.dll api-ms-win-downlevel-version-l1-1-0.dll version.dll api-ms-win-downlevel-normaliz-l1-1-0.dll normaliz.dll iertutil.dll wininet.dll userenv.dll,normal
 ntdll.dll imm32.dll kernel32.dll sechost.dll msctf.dll lpk.dll advapi32.dll rpcrt4.dll msvcrt.dll user32.dll System.XML.dll usp10.dll KernelBase.dll profapi.dll usp10.dll winsta.dll rpcrt4.dll apphelp.dll sspicli.dll scext.dll dwmapi.dll kernel32.dll microsoft.windows.fileserver.management.plugin.ui.ni.dll ws2_32.dll mscorlib.dll authz.dll cryptsp.dll sechost.dll wship6.dll credssp.dll ubpm.dll wtsapi32.dll crypt32.dll cryptdll.dll sensapi.dll psapi.dll samlib.dll,normal
 ntdll.dll kernelbase.dll gdi32.dll lpk.dll usp10.dll msvcrt.dll dhcpcsvc6.dll msctf.dll ole32.dll rpcrt4.dll nsi.dll wpdshext.dll clbcatq.dll advapi32.dll advapi32.dll kernel32.dll user32.dll ntdll.dll shlwapi.dll wow64.dll uxtheme.dll wow64cpu.dll usp10.dll kernel32.dll kernel32.dll user32.dll kernel32.dll kernelbase.dll msvcrt.dll winbrand.dll user32.dll ws2_32.dll shell32.dll usp10.dll advapi32.dll sechost.dll rpcrt4.dll sspicli.dll msvcrt.dll imm32.dll msacm32.dll apphelp.dll,normal
 ntdll.dll ntdll.dll wow64.dll wow64win.dll shlwapi.dll profapi.dll kernel32.dll kernel32.dll user32.dll bcrypt.dll usp10.dll advapi32.dll sensapi.dll sechost.dll rpcrt4.dll cryptsp.dll rpcrt4.dll msvcr120_clr0400.dll mscoree.dll gdi32.dll gdi32.dll rsaenh.dll ntdll.dll usp10.dll oleaut32.dll imm32.dll msctf.dll cryptsp.dll rsaenh.dll wow64win.dll clbcatq.dll sxs.dll mscoreei.dll clr.dll shlwapi.dll mscorlib.ni.dll kernel32.dll version.dll mscorlib.dll mscorlib.dll Microsoft.Powershell.GPowerShell.dll Microsoft.Powershell.GPowerShell.dll clrjit.dll System.Core.ni.dll WindowsBase.ni.dll PresentationCore.ni.dll PresentationFramework.ni.dll PresentationFramework.dll PresentationFramework.dll user32.dll WindowsBase.dll oleacc.dll mscorlib.dll shlwapi.dll System.dll PresentationCore.dll PresentationCore.dll System.Xaml.ni.dll System.Xaml.dll system.printing.dll Microsoft.PowerShell.Editor.ni.dll combase.dll nsi.dll System.Xml.ni.dll System.Xml.dll System.Xml.dll System.Drawing.ni.dll System.Drawing.dll System.Drawing.dll System.Configuration.ni.dll System.Configuration.dll System.Configuration.dll Microsoft.Powershell.GraphicalHost.dll Microsoft.Powershell.GraphicalHost.dll KernelBase.dll System.ComponentModel.Composition.dll CafIntegrationSubsys.dll Microsoft.PowerShell.Commands.Utility.ni.dll System.Windows.Forms.ni.dll msctf.dll System.Windows.Forms.dll user32.dll UIAutomationTypes.dll clrjit.dll Microsoft.Powershell.ISECommon.dll Microsoft.Powershell.ISECommon.dll System.Runtime.Serialization.ni.dll System.Runtime.Serialization.dll System.Runtime.Serialization.dll System.Numerics.ni.dll System.Numerics.dll System.Numerics.dll System.Security.ni.dll System.Security.dll System.Security.dll,normal
 ntdll.dll system.ni.dll KernelBase.dll msvcrt.dll ole32.dll gdi32.dll mapi32.dll lpk.dll usp10.dll rpcrt4.dll imm32.dll userenv.dll cryptbase.dll clbcatq.dll advapi32.dll sechost.dll oleaut32.dll System.Xml.dll rsaenh.dll devobj.dll sensapi.dll devicecenter.dll shell32.dll shlwapi.dll comctl32.dll psapi.dll propsys.dll,normal
 ntdll.dll kernel32.dll kernelbase.dll ws2_32.dll windows.storage.applicationdata.dll rpcrt4.dll tbs.dll vcruntime140.dll api-ms-win-crt-runtime-l1-1-0.dll ucrtbase.dll api-ms-win-core-timezone-l1-1-0.dll api-ms-win-core-file-l2-1-0.dll dhcpcsvc6.dll api-ms-win-core-synch-l1-2-0.dll api-ms-win-core-processthreads-l1-1-1.dll api-ms-win-core-file-l1-2-0.dll api-ms-win-crt-heap-l1-1-0.dll api-ms-win-crt-string-l1-1-0.dll rpcrt4.dll api-ms-win-crt-convert-l1-1-0.dll advapi32.dll api-ms-win-crt-locale-l1-1-0.dll system.security.dll user32.dll gdi32.dll msctfp.dll usp10.dll msi.dll msctf.dll kernel32.dll napinsp.dll sechost.dll,HTran
 ntdll.dll gdi32.dll kernelbase.dll msvcr120_clr0400.dll version.dll msvcrt.dll shell32.dll shell32.dll gdi32.dll user32.dll lpk.dll usp10.dll advapi32.dll sechost.dll cryptbase.dll winmm.dll userenv.dll profapi.dll imm32.dll advapi32.dll winnsi.dll advapi32.dll kernel32.dll oleacc.dll uiautomationcore.dll psapi.dll wtsapi32.dll wintrust.dll crypt32.dll msasn1.dll dwrite.dll dxgi.dll comctl32.dll vbscript.dll webio.dll KernelBase.dll netprofm.dll cryptbase.dll ws2_32.dll nsi.dll dhcpcsvc.dll chrome_child.dll dwmapi.dll ehiitv.ni.dll comdlg32.dll urlmon.dll wininet.dll iertutil.dll,normal
 ntdll.dll ntdll.dll webio.dll kernelbase.dll kernelbase.dll msvcrt.dll ws2_32.dll sechost.dll api-ms-win-core-processthreads-l1-1-2.dll rpcrt4.dll rpcrt4.dll logoncli.dll nsi.dll vcruntime140.dll vcruntime140.dll ucrtbase.dll ucrtbase.dll ucrtbase.dll ucrtbase.dll shlwapi.dll mswsock.dll wship6.dll napinsp.dll msvcrt.dll msvcrt.dll pnrpnsp.dll pnrpnsp.dll nlaapi.dll ntdll.dll oleacc.dll rpcrt4.dll imm32.dll msctf.dll dnsapi.dll winrnr.dll wshbth.dll wshbth.dll fwpuclnt.dll system.data.entity.dll bcrypt.dll rasadhlp.dll rasadhlp.dll,HTran
 ntdll.dll ntdll.dll kernel32.dll kernelbase.dll kernelbase.dll system.ni.dll ws2_32.dll sechost.dll RpcRtRemote.dll rpcrt4.dll rpcrt4.dll nsi.dll mscoree.dll winnsi.dll wow64.dll ucrtbase.dll ucrtbase.dll ucrtbase.dll lpk.dll mswsock.dll mswsock.dll,HTran
 ntdll.dll System.Transactions.dll kernelbase.dll msvcrt.dll combase.dll rpcrt4.dll kernel.appcore.dll cryptbase.dll system.configuration.dll KernelBase.dll kernel32.dll gdi32.dll sechost.dll wow64.dll rsaenh.dll bcrypt.dll idstore.dll userenv.dll profapi.dll,normal
 ntdll.dll ntdll.dll imm32.dll wow64win.dll wow64cpu.dll kernel32.dll kernel32.dll kernel32.dll ieproxy.dll kernel32.dll kernelbase.dll advapi32.dll msvcrt.dll sechost.dll sechost.dll sspicli.dll cryptbase.dll msvcr120_clr0400.dll mscoree.dll ole32.dll gdi32.dll user32.dll lpk.dll usp10.dll oleaut32.dll imm32.dll msctf.dll ntdll.dll System.Deployment.ni.dll rpcrtremote.dll clbcatq.dll sxs.dll mscoreei.dll clr.dll shlwapi.dll mscorlib.ni.dll clrjit.dll system.ni.dll user32.dll version.dll userenv.dll microsoft.visualbasic.activities.compiler.ni.dll mscorlib.dll system.core.dll gdi32.dll clbcatq.dll lpk.dll microsoft.visualbasic.activities.compiler.dll microsoft.visualbasic.ni.dll microsoft.visualbasic.dll System.dll system.xml.ni.dll system.xml.dll system.xml.dll imagehlp.dll mscorsec.dll system.numerics.dll system.security.ni.dll system.security.dll shell32.dll system.configuration.ni.dll system.configuration.dll system.configuration.dll,normal
 ntdll.dll kernel32.dll kernelbase.dll advapi32.dll msvcrt.dll sechost.dll rpcrt4.dll ole32.dll gdi32.dll user32.dll msvcp_win.dll usp10.dll imm32.dll msctf.dll wdscore.dll oleaut32.dll user32.dll shlwapi.dll imm32.dll cryptbase.dll cbscore.dll mscorsvc.dll crypt32.dll networkexplorer.dll wintrust.dll userenv.dll profapi.dll wevtapi.dll dpx.dll advapi32.dll dpx.dll rmclient.dll drupdate.dll setupapi.dll api-ms-win-downlevel-ole32-l1-1-0.dll devobj.dll mpr.dll wrpint.dll sxsstore.dll clbcatq.dll winhttp.dll webio.dll winhttp.dll webio.dll sensapi.dll cryptsp.dll rsaenh.dll comctl32.dll clbcatq.dll cbsapi.dll smipi.dll wtsapi32.dll,normal
 system.data.sqlxml.ni.dll mscorjit.dll mshtml.dll msimtf.dll jscript.dll msftedit.dll mssvp.dll Wpc.dll advapi32.dll system.printing.dll mapi32.dll,normal
 sechost.dll kernel32.dll KernelBase.dll advapi32.dll msvcrt.dll sechost.dll rpcrt4.dll user32.dll gdi32.dll lpk.dll usp10.dll ole32.dll oleaut32.dll userenv.dll shlwapi.dll imm32.dll msctf.dll wow64cpu.dll mscoree.dll cryptbase.dll oleacc.dll clbcatq.dll cryptsp.dll mscoreei.dll sechost.dll mssprxy.dll ntdll.dll kernel32.dll KernelBase.dll advapi32.dll kernel32.dll sechost.dll nsi.dll efssvc.dll gdi32.dll lpk.dll usp10.dll sppcommdlg.dll comctl32.dll shlwapi.dll imm32.dll msctf.dll ole32.dll sechost.dll shell32.dll winbrand.dll slc.dll sppc.dll cryptbase.dll clbcatq.dll cryptsp.dll imm32.dll kernelbase.dll sppcomapi.dll sppcext.dll cryptbase.dll webio.dll usp10.dll wintrust.dll webio.dll rasapi32.dll ntdll.dll ws2_32.dll setupapi.dll cfgmgr32.dll devobj.dll tapi32.dll msi.dll slwga.dll wtsapi32.dll api-ms-win-core-delayload-l1-1-0.dll System.Deployment.ni.dll sxs.dll ntdll.dll ntdll.dll wow64.dll wow64win.dll ninput.dll kernel32.dll kernel32.dll kernel32.dll NlsData001b.dll oleaut32.dll gdi32.dll advapi32.dll AspNetMMCExt.ni.dll sechost.dll rpcrt4.dll api-ms-win-eventing-consumer-l1-1-0.dll cryptbase.dll msvcr120_clr0400.dll mscoree.dll System.dll gdi32.dll user32.dll taskbarcpl.dll usp10.dll oleaut32.dll imm32.dll msctf.dll cryptsp.dll rsaenh.dll RpcRtRemote.dll devrtl.dll sspicli.dll mscoreei.dll mscorwks.dll msvcr80.dll shlwapi.dll lpk.dll profapi.dll sensapi.dll mscorjit.dll mswsock.dll mscorlib.dll version.dll system.web.services.ni.dll mscorlib.dll System.AddIn.Contract.ni.dll kernelbase.dll System.AddIn.Contract.dll api-ms-win-core-rtlsupport-l1-1-0.dll System.AddIn.Contract.dll ntdll.dll wow64win.dll wow64.dll wow64win.dll wow64cpu.dll kernel32.dll kernel32.dll kernel32.dll user32.dll kernel32.dll KernelBase.dll advapi32.dll msvcrt.dll gdi32.dll shlwapi.dll sspicli.dll cryptbase.dll msvcr120_clr0400.dll mscoree.dll ole32.dll kernel32.dll user32.dll lpk.dll usp10.dll oleaut32.dll imm32.dll system.xml.dll cryptsp.dll rsaenh.dll RpcRtRemote.dll clbcatq.dll sechost.dll mscoreei.dll mscorwks.dll msvcr80.dll shlwapi.dll shell32.dll profapi.dll api-ms-win-core-profile-l1-1-0.dll mscorjit.dll version.dll mscorlib.dll version.dll mscorlib.dll mscorlib.dll System.ni.dll shell32.dll System.ComponentModel.DataAnnotations.ni.dll presentationcore.ni.dll mfc42u.dll System.Web.Extensions.ni.dll System.Web.Routing.ni.dll System.Web.DynamicData.ni.dll System.dll clbcatq.dll System.dll System.Web.DynamicData.dll System.Web.DynamicData.dll System.Web.DynamicData.dll System.Web.DynamicData.dll System.dll System.Web.dll System.Web.dll System.Web.dll EhStorShell.dll System.Web.Routing.dll System.Web.Routing.dll System.Transactions.dll System.Web.Routing.dll System.Web.Abstractions.dll System.Web.Abstractions.dll System.Web.Abstractions.dll wtsapi32.dll rpcrt4.dll System.Core.dll user32.dll System.Core.dll kernelbase.dll kernel32.dll System.Web.Extensions.dll System.Web.Extensions.dll System.ComponentModel.DataAnnotations.dll System.ComponentModel.DataAnnotations.dll System.ComponentModel.DataAnnotations.dll sechost.dll pnidui.dll system.xml.dll rpcrt4.dll System.Data.Linq.dll system.web.regularexpressions.ni.dll System.Data.Entity.ni.dll System.Data.Entity.dll System.Data.Entity.dll System.Data.Entity.dll System.Data.Entity.dll System.Data.ni.dll System.Data.dll System.Data.dll sensapi.dll System.Data.dll System.Data.dll winmm.dll nsi.dll crypt32.dll lpk.dll wow64cpu.dll System.Drawing.dll System.Drawing.dll System.Drawing.dll imm32.dll System.Xml.Linq.ni.dll user32.dll System.Xml.Linq.dll System.Xml.Linq.dll System.Xml.Linq.dll System.Xml.ni.dll System.XML.dll System.XML.dll System.XML.dll System.XML.dll System.Configuration.ni.dll System.Xml.ni.dll System.configuration.dll System.configuration.dll System.configuration.dll imagehlp.dll System.Security.dll PresentationFramework.Royale.dll System.Security.dll System.Security.dll System.Data.SqlXml.ni.dll System.Data.SqlXml.dll System.Data.SqlXml.dll System.Data.SqlXml.dll System.Data.SqlXml.dll msvcrt.dll System.Web.Services.dll System.Web.Services.dll System.Web.Services.dll System.Web.Services.dll System.DirectoryServices.ni.dll System.DirectoryServices.dll System.DirectoryServices.dll System.DirectoryServices.dll System.DirectoryServices.dll System.DirectoryServices.Protocols.ni.dll apphelp.dll rsaenh.dll vssapi.dll System.DirectoryServices.Protocols.dll System.EnterpriseServices.ni.dll System.EnterpriseServices.dll System.EnterpriseServices.dll System.Design.ni.dll System.Design.dll System.Design.dll System.ServiceProcess.ni.dll kernel32.dll System.ServiceProcess.dll System.Windows.Forms.ni.dll System.Windows.Forms.dll dhcpcsvc.dll devobj.dll ntdll.dll wow64win.dll msvcrt.dll System.Web.RegularExpressions.dll System.Web.RegularExpressions.dll rpcrt4.dll kernel32.dll System.Transactions.ni.dll System.Transactions.dll System.Transactions.dll System.Transactions.dll System.Transactions.dll apphelp.dll System.Runtime.Remoting.ni.dll user32.dll ntdll.dll System.Runtime.Serialization.Formatters.Soap.ni.dll mscms.dll System.Numerics.ni.dll System.Drawing.Design.ni.dll system.data.dll mapi32.dll mscorlib.dll System.Data.OracleClient.dll cryptsp.dll System.Data.OracleClient.dll System.Data.OracleClient.dll System.Data.OracleClient.dll ole32.dll Accessibility.dll kernel32.dll Accessibility.dll Accessibility.dll System.Deployment.ni.dll System.Deployment.dll System.Deployment.dll System.Deployment.dll System.Deployment.dll System.Configuration.Install.ni.dll System.Configuration.Install.dll rpcrt4.dll System.ServiceModel.ni.dll System.ServiceModel.dll System.ServiceModel.dll System.ServiceModel.dll System.ServiceModel.dll System.Runtime.Serialization.ni.dll System.Runtime.Serialization.dll System.Runtime.Serialization.dll System.Runtime.Serialization.dll sechost.dll System.ServiceModel.Web.ni.dll msvcrt.dll System.ServiceModel.Web.dll rsaenh.dll System.ServiceModel.Web.dll System.Data.Services.Client.ni.dll System.Data.Services.Client.dll System.Data.Services.Client.dll System.Design.dll System.Data.Services.Client.dll System.Data.Services.Design.ni.dll nsi.dll System.Data.Services.Design.dll SMDiagnostics.ni.dll cryptsp.dll SMdiagnostics.dll SMdiagnostics.dll SMdiagnostics.dll System.IdentityModel.ni.dll advapi32.dll System.IdentityModel.dll System.IdentityModel.dll System.IdentityModel.dll shlwapi.dll System.Messaging.dll kernel32.dll System.IdentityModel.Selectors.ni.dll System.IdentityModel.Selectors.dll System.IdentityModel.Selectors.dll Microsoft.Transactions.Bridge.ni.dll Microsoft.Transactions.Bridge.dll Microsoft.Transactions.Bridge.dll wups2.dll WindowsBase.dll WindowsBase.dll WindowsBase.dll WindowsBase.dll ntdll.dll ntdll.dll wow64.dll wow64win.dll wow64cpu.dll inkobj.dll kernel32.dll kernel32.dll user32.dll kernel32.dll KernelBase.dll advapi32.dll msvcrt.dll msctf.dll smiengine.dll sspicli.dll kernel32.dll msvcr120_clr0400.dll mscoree.dll ole32.dll kernel32.dll user32.dll lpk.dll usp10.dll oleaut32.dll imm32.dll msctf.dll cryptsp.dll rsaenh.dll RpcRtRemote.dll clbcatq.dll system.security.dll kernel32.dll kernel32.dll sspicli.dll GdiPlus.dll clrjit.dll System.ni.dll System.Core.ni.dll System.Web.Entity.ni.dll version.dll System.Web.Entity.dll System.Web.Entity.dll mscorlib.dll mscorlib.dll msvcr120_clr0400.dll System.dll System.Core.dll System.Core.dll System.Drawing.ni.dll System.Drawing.dll System.Drawing.dll usp10.dll System.Web.dll rpcrt4.dll System.Web.Extensions.ni.dll System.Web.Extensions.dll System.Web.Extensions.dll System.Data.Entity.ni.dll user32.dll System.Data.Entity.dll mssprxy.dll System.Data.dll System.Data.dll user32.dll System.Configuration.ni.dll System.Configuration.dll System.Configuration.dll System.Xml.ni.dll System.Xml.dll oleaut32.dll System.Numerics.ni.dll kernel32.dll System.Numerics.dll System.Security.ni.dll System.Security.dll System.Security.dll,normal
 ntdll.dll ntdll.dll system.transactions.dll wow64win.dll wow64cpu.dll kernel32.dll lpk.dll kernel32.dll user32.dll kernel32.dll KernelBase.dll advapi32.dll msvcrt.dll sspicli.dll rpcrt4.dll sspicli.dll cryptbase.dll msvcr120_clr0400.dll mscoree.dll ole32.dll gdi32.dll user32.dll lpk.dll usp10.dll System.Web.dll imm32.dll msctf.dll ws2_32.dll rsaenh.dll RpcRtRemote.dll clbcatq.dll sechost.dll mscoreei.dll mscorwks.dll usp10.dll shlwapi.dll shell32.dll ntdll.dll mscorlib.ni.dll mscorjit.dll system.deployment.dll wkscli.dll version.dll mscorlib.dll advapi32.dll api-ms-win-crt-heap-l1-1-0.dll System.Drawing.ni.dll System.Drawing.dll System.Drawing.dll System.Drawing.dll nsi.dll System.dll System.dll System.dll System.dll System.Configuration.ni.dll System.configuration.dll System.configuration.dll System.configuration.dll System.configuration.dll System.Xml.ni.dll System.XML.dll System.XML.dll System.XML.dll System.XML.dll,normal
 ntdll.dll kernel32.dll KernelBase.dll gdi32.dll user32.dll lpk.dll usp10.dll System.Runtime.Remoting.dll imm32.dll msctf.dll ole32.dll rpcrt4.dll oleaut32.dll ntdll.dll clbcatq.dll advapi32.dll sechost.dll ntdll.dll ntdll.dll wow64.dll wow64win.dll wow64cpu.dll kernel32.dll kernel32.dll sechost.dll gdi32.dll kernel32.dll KernelBase.dll oleaut32.dll ole32.dll msvcrt.dll winbrand.dll user32.dll wintrust.dll sechost.dll rpcrt4.dll ntdll.dll cryptbase.dll lpk.dll usp10.dll propsys.dll version.dll usp10.dll comctl32.dll shlwapi.dll shell32.dll wsock32.dll ws2_32.dll nsi.dll netapi32.dll netutils.dll srvcli.dll wkscli.dll imm32.dll Microsoft.VisualStudio.Tools.Office.Word.HostAdapter.v10.0.ni.dll sechost.dll uxtheme.dll clbcatq.dll propsys.dll profapi.dll apphelp.dll setupapi.dll cfgmgr32.dll devobj.dll ntshrui.dll mydocs.dll ntshrui.dll shlwapi.dll cscapi.dll slc.dll GdiPlus.dll cscui.dll EhStorShell.dll EhStorShell.dll EhStorShell.dll EhStorShell.dll imageres.dll rpcrt4.dll imageres.dll imageres.dll imageres.dll kernel32.dll wshext.dll imageres.dll imageres.dll imageres.dll imageres.dll imageres.dll wtsapi32.dll winsta.dll mmdevapi.dll ntdll.dll wow64.dll wow64win.dll rpcrt4.dll Wldap32.dll kbd106.dll kernel32.dll user32.dll kernel32.dll KernelBase.dll advapi32.dll d3d10level9.dll system.ni.dll comctl32.dll lpk.dll usp10.dll advapi32.dll sechost.dll msvcrt.dll sspicli.dll cryptbase.dll rsaenh.dll msctf.dll apphelp.dll,normal
 ntdll.dll ntdll.dll wow64.dll wow64win.dll KernelBase.dll kernel32.dll kernel32.dll system.core.ni.dll user32.dll kernel32.dll kernelbase.dll msvcrt.dll msvcr120_clr0400.dll user32.dll gdi32.dll lpk.dll bcp47mrm.dll advapi32.dll sechost.dll rpcrt4.dll sspicli.dll cryptbase.dll imm32.dll cfgmgr32.dll apphelp.dll,normal
 ntdll.dll ole32.dll wow64.dll wow64win.dll wow64cpu.dll kernel32.dll kernel32.dll imm32.dll KernelBase.dll ieproxy.dll kernelbase.dll msvcrt.dll winbrand.dll user32.dll ole32.dll lpk.dll gdi32.dll advapi32.dll sechost.dll rpcrt4.dll sspicli.dll cryptbase.dll imm32.dll msctf.dll apphelp.dll,normal
 kernel32.dll ntdll.dll wow64.dll wow64win.dll system.enterpriseservices.ni.dll kernel32.dll system.web.regularexpressions.ni.dll kernel32.dll user32.dll kernel32.dll KernelBase.dll advapi32.dll dnsapi.dll sechost.dll rpcrt4.dll sspicli.dll cryptbase.dll dnsapi.dll ws2_32.dll nsi.dll winnsi.dll dhcpcsvc.dll dhcpcsvc6.dll shell32.dll shlwapi.dll gdi32.dll user32.dll shlwapi.dll usp10.dll clr.dll rpcrt4.dll msctf.dll clbcatq.dll oleaut32.dll cryptsp.dll advapi32.dll msctf.dll dhcpcsvc.dll,normal
 ntdll.dll msctf.dll kernelbase.dll msvcrt.dll user32.dll msswch.dll lpk.dll usp10.dll usp10.dll imm32.dll rpcrt4.dll msvcrt.dll setupapi.dll advapi32.dll rpcrt4.dll clbcatq.dll wldap32.dll apphelp.dll atl.dll system.configuration.install.dll setupapi.dll sspicli.dll lpk.dll cryptsp.dll rsaenh.dll shlwapi.dll msctf.dll cryptbase.dll shell32.dll userenv.dll profapi.dll comctl32.dll kernel32.dll ntmarta.dll ws2_32.dll shell32.dll shdocvw.dll linkinfo.dll rpcrtremote.dll ntshrui.dll system.configuration.dll usp10.dll srvcli.dll api-ms-win-crt-locale-l1-1-0.dll mswsock.dll wship6.dll winhttp.dll webio.dll ieframe.dll slc.dll ntdll.dll version.dll mscorwks.dll mscorwks.dll kernelbase.dll msvcr80.dll mscorlib.ni.dll system.ni.dll microsoft.powershell.consolehost.ni.dll system.management.automation.ni.dll psapi.dll system.core.ni.dll microsoft.powershell.commands.diagnostics.ni.dll system.configuration.install.ni.dll microsoft.wsman.management.ni.dll system.transactions.ni.dll system.transactions.dll microsoft.powershell.commands.utility.ni.dll microsoft.powershell.commands.management.ni.dll microsoft.powershell.security.dll microsoft.powershell.security.ni.dll culture.dll mscorjit.dll user32.dll system.management.ni.dll cfgmgr32.dll shfolder.dll secur32.dll sspicli.dll system.data.ni.dll system.data.dll mscoree.dll msasn1.dll rasapi32.dll rasman.dll rtutils.dll clbcatq.dll ntdll.dll credssp.dll dnsapi.dll cryptsp.dll kernel32.dll system.security.ni.dll oleaut32.dll wmiutils.dll wbemcomn.dll wbemprox.dll rsaenh.dll wminet_utils.dll system.data.sqlxml.dll napinsp.dll pnrpnsp.dll winrnr.dll wshbth.dll wbemsvc.dll fastprox.dll clrjit.dll,empire
 ntdll.dll kernel32.dll KernelBase.dll gdi32.dll user32.dll lpk.dll kernel32.dll apphelp.dll usp10.dll msctf.dll ole32.dll rpcrt4.dll oleaut32.dll ntdll.dll kernel32.dll KernelBase.dll gdi32.dll user32.dll lpk.dll usp10.dll mintdh.dll imm32.dll ntdll.dll user32.dll rpcrt4.dll msvcrt.dll msctf.dll user32.dll advapi32.dll sechost.dll ntdll.dll kernel32.dll KernelBase.dll lpk.dll user32.dll kernel32.dll usp10.dll msvcrt.dll imm32.dll msctf.dll ole32.dll rpcrt4.dll oleaut32.dll System.Transactions.dll system.configuration.dll wow64.dll cfgmgr32.dll wow64cpu.dll kernel32.dll kernel32.dll kernel32.dll kernel32.dll user32.dll KernelBase.dll advapi32.dll msasn1.dll samlib.dll rpcrt4.dll comctl32.dll api-ms-win-core-localization-l1-2-0.dll wow64.dll ucrtbase.dll nsi.dll winnsi.dll dhcpcsvc.dll dhcpcsvc6.dll shell32.dll shlwapi.dll gdi32.dll user32.dll lpk.dll usp10.dll ole32.dll imm32.dll msctf.dll clbcatq.dll oleaut32.dll cryptsp.dll user32.dll System.Transactions.ni.dll wevtapi.dll ntdll.dll kernel32.dll presentationcore.ni.dll sechost.dll user32.dll lpk.dll usp10.dll msvcrt.dll imm32.dll msctf.dll ole32.dll rpcrt4.dll oleaut32.dll cryptbase.dll clbcatq.dll advapi32.dll sechost.dll ntdll.dll kernel32.dll KernelBase.dll gdi32.dll user32.dll lpk.dll usp10.dll msvcrt.dll imm32.dll vm3dum64_10.dll shdocvw.dll rpcrt4.dll msvcp_win.dll cryptbase.dll imm32.dll advapi32.dll sechost.dll,normal
 ntdll.dll ntdll.dll wow64.dll wow64win.dll wow64cpu.dll kernel32.dll kernel32.dll kernel32.dll advapi32.dll kernel32.dll apphelp.dll advapi32.dll msvcrt.dll sechost.dll rpcrt4.dll sspicli.dll cryptbase.dll dnsapi.dll ws2_32.dll nsi.dll winnsi.dll dhcpcsvc.dll dhcpcsvc6.dll shell32.dll cryptbase.dll gdi32.dll wbemsvc.dll winbrand.dll usp10.dll mscorlib.dll imm32.dll msctf.dll clbcatq.dll oleaut32.dll kernel32.dll tapi32.dll RpcRtRemote.dll presentationcffrasterizer.ni.dll,normal
 msftedit.dll Microsoft.PowerShell.Editor.ni.dll wpdshext.dll audiodev.dll,normal
 ntdll.dll kernel32.dll KernelBase.dll advapi32.dll clbcatq.dll sechost.dll rpcrt4.dll shell32.dll oleaut32.dll gdi32.dll user32.dll oleaut32.dll msctf.dll imm32.dll msctf.dll advapi32.dll cryptbase.dll uxtheme.dll imm32.dll oleaut32.dll comctl32.dll clbcatq.dll ntmarta.dll Wldap32.dll profapi.dll urlmon.dll api-ms-win-downlevel-ole32-l1-1-0.dll mscorlib.dll api-ms-win-downlevel-advapi32-l1-1-0.dll microsoft.visualstudio.tools.applications.contract.v10.0.ni.dll api-ms-win-downlevel-version-l1-1-0.dll version.dll api-ms-win-downlevel-normaliz-l1-1-0.dllnormaliz.dll iertutil.dll wininet.dll normaliz.dll rpcrt4.dll sspicli.dll netcfgx.dll kernelbase.dll cfgmgr32.dll devobj.dll urlmon.dll api-ms-win-downlevel-ole32-l1-1-0.dll api-ms-win-downlevel-user32-l1-1-0.dll api-ms-win-downlevel-version-l1-1-0.dll version.dll api-ms-win-downlevel-normaliz-l1-1-0.dllnormaliz.dll iertutil.dll wininet.dll kernelbase.dll,normal
 ntdll.dll kernel32.dll kernelbase.dll user32.dll gdi32.dll clbcatq.dll usp10.dll msvcrt.dll api-ms-win-downlevel-advapi32-l1-1-0.dll advapi32.dll sechost.dll rpcrt4.dll shell32.dll shlwapi.dll iertutil.dll api-ms-win-downlevel-version-l1-1-0.dll version.dll api-ms-win-downlevel-user32-l1-1-0.dll api-ms-win-downlevel-normaliz-l1-1-0.dll normaliz.dll api-ms-win-downlevel-shlwapi-l1-1-0.dll imm32.dll msvcrt.dll api-ms-win-downlevel-shell32-l1-1-0.dll msvcrt.dll ole32.dll oleaut32.dll ntdll.dll uxtheme.dll rpcrt4.dll urlmon.dll dhcpcsvc6.dll userenv.dll profapi.dll dwmapi.dll secur32.dll sspicli.dll ieframe.dll kernel32.dll winhttp.dll comdlg32.dll usp10.dll ws2_32.dll nsi.dll webio.dll api-ms-win-downlevel-shlwapi-l2-1-0.dll mswsock.dll wship6.dll clbcatq.dll winnsi.dll ntdll.dll rsaenh.dll imm32.dll netprofm.dll nlaapi.dll npmproxy.dll dnsapi.dll rasadhlp.dll ieproxy.dll netapi32.dll ntdll.dll srvcli.dll wkscli.dll apphelp.dll crypt32.dll dhcpcsvc.dll msswch.dll winmm.dll kernel32.dll windowscodecs.dll oleacc.dll duser.dll dui70.dll msimg32.dll explorerframe.dll dhcpcsvc6.dll dhcpcsvc.dll propsys.dll setupapi.dll cfgmgr32.dll devobj.dll wldap32.dll clbcatq.dll ntmarta.dll system.directoryservices.ni.dll wshqos.dll api-ms-win-core-file-l1-2-1.dll wshqos.dll system.directoryservices.dll credssp.dll schannel.dll msvcrt.dll sspicli.dll bcryptprimitives.dll wintrust.dll sensapi.dll lpk.dll system.configuration.ni.dll mssprxy.dll vcruntime140.dll api-ms-win-crt-runtime-l1-1-0.dll ucrtbase.dll api-ms-win-core-timezone-l1-1-0.dll api-ms-win-core-file-l2-1-0.dll api-ms-win-core-localization-l1-2-0.dll api-ms-win-core-synch-l1-2-0.dll api-ms-win-core-processthreads-l1-1-1.dll oleacc.dll api-ms-win-crt-string-l1-1-0.dll ntdll.dll wow64win.dll api-ms-win-crt-convert-l1-1-0.dll xmllite.dll msswch.dll winmm.dll mapi32.dll winmm.dll tquery.dll structuredquery.dll linkinfo.dll wevtapi.dll samlib.dll chtbrkr.dll ntdll.dll wpc.dll samcli.dll slc.dll msxml3.dll msxml3.dll imageres.dll rpcrt4.dll sspicli.dll msxml3.dll ntdll.dll winmm.dll imm32.dll nsi.dll tquery.dll oleacc.dll KernelBase.dll msxml6.dll wdscore.dll winshfhc.dll profapi.dll gdi32.dll msctf.dll mpclient.dll,normal
 windows.staterepositoryps.dll windows.staterepositoryps.dll,normal
 ntdll.dll kernel32.dll kernelbase.dll gdi32.dll lpk.dll PresentationCore.dll usp10.dll msvcrt.dll imm32.dll msctf.dll ole32.dll rpcrt4.dll advapi32.dll system.windows.forms.ni.dll clbcatq.dll advapi32.dll sechost.dll ntdll.dll ntdll.dll wintrust.dll wow64win.dll wow64cpu.dll kernel32.dll kernelbase.dll cryptsp.dll user32.dll kernel32.dll kernelbase.dll msvcrt.dll iertutil.dll user32.dll gdi32.dll lpk.dll usp10.dll advapi32.dll sechost.dll rpcrt4.dll sspicli.dll cryptbase.dll ntdll.dll tapiperf.dll apphelp.dll,normal
 system.xml.dll kernel32.dll WinSCard.dll msvcrt.dll combase.dll combase.dll ucrtbase.dll rpcrt4.dll bcryptprimitives.dll gdi32.dll gdi32full.dll user32.dll win32u.dll imm32.dll dhcpcsvc6.dll msvcp_win.dll duser.dll sechost.dll shcore.dll api-ms-win-downlevel-user32-l1-1-0.dll cfgmgr32.dll windows.storage.dll powrprof.dll advapi32.dll shlwapi.dll kernel.appcore.dll profapi.dll clbcatq.dll imm32.dll,normal
 ntdll.dll sdiagschd.dll kernelbase.dll ws2_32.dll vcruntime140.dll api-ms-win-crt-runtime-l1-1-0.dll api-ms-win-crt-stdio-l1-1-0.dll api-ms-win-crt-string-l1-1-0.dll rsaenh.dll dhcpcsvc6.dll wow64cpu.dll api-ms-win-crt-heap-l1-1-0.dll rpcrt4.dll nsi.dll ucrtbase.dll mswsock.dll,HTran
 ntdll.dll wow64cpu.dll gdi32.dll kernelbase.dll kernelbase.dll edputil.dll clbcatq.dll rpcrt4.dll rpcrt4.dll ucrtbase.dll user32.dll combase.dll bcryptprimitives.dll bcryptprimitives.dll kernel.appcore.dll kernel.appcore.dll msvcrt.dll msvcrt.dll user32.dll win32u.dll gdi32.dll gdi32full.dll msvcp_win.dll msvcp_win.dll webservices.dll webservices.dll wldp.dll mscorjit.dll crypt32.dll msasn1.dll oleacc.dll wintrust.dll advapi32.dll advapi32.dll oleaut32.dll ws2_32.dll clipsvc.dll winbrand.dll winbrand.dll,normal
 ntdll.dll ole32.dll kernelbase.dll gdi32.dll imm32.dll lpk.dll usp10.dll msvcrt.dll imm32.dll msctf.dll ole32.dll cryptbase.dll oleaut32.dll cryptbase.dll clbcatq.dll advapi32.dll sechost.dll ntdll.dll kernel32.dll kernelbase.dll advapi32.dll lpk.dll api-ms-win-core-datetime-l1-1-1.dll bcryptprimitives.dll gdi32.dll mscorlib.ni.dll lpk.dll usp10.dll ole32.dll msimg32.dll wmsgapi.dll provsvc.dll winmm.dll userenv.dll winhttp.dll winsta.dll crypt32.dll msasn1.dll msctfmonitor.dll imm32.dll msutb.dll comctl32.dll shlwapi.dll secur32.dll sspicli.dll userenv.dll api-ms-win-crt-stdio-l1-1-0.dll uxtheme.dll setupapi.dll cryptsp.dll rsaenh.dll imagehlp.dll bcrypt.dll bcryptprimitives.dll ncrypt.dll ole32.dll cryptnet.dll wldap32.dll sensapi.dll version.dll clbcatq.dll kernel.appcore.dll ole32.dll api-ms-win-downlevel-ole32-l1-1-0.dll api-ms-win-downlevel-shlwapi-l1-1-0.dll api-ms-win-downlevel-advapi32-l1-1-0.dll api-ms-win-downlevel-user32-l1-1-0.dll api-ms-win-downlevel-version-l1-1-0.dll uxtheme.dll kernel32.dll iertutil.dll shcore.dll msctf.dll,normal
 api-ms-win-downlevel-version-l1-1-0.dll kernel32.dll KernelBase.dll gdi32.dll System.Windows.Forms.dll lpk.dll usp10.dll clbcatq.dll combase.dll msctf.dll ole32.dll rpcrt4.dll oleaut32.dll cryptbase.dll ws2_32.dll advapi32.dll sechost.dll,normal
 ntdll.dll mscoreei.dll wow64.dll wow64win.dll ucrtbase.dll kernel32.dll kernel32.dll cryptnet.dll user32.dll kernel32.dll kernelbase.dll advapi32.dll msvcrt.dll sechost.dll system.security.dll imecfm.dll cryptbase.dll msvcr120_clr0400.dll shlwapi.dll ole32.dll gdi32.dll oleaut32.dll lpk.dll msvcrt.dll oleaut32.dll imm32.dll msctf.dll cryptsp.dll rsaenh.dll rpcrtremote.dll system.data.oracleclient.dll System.DirectoryServices.ni.dll mscoreei.dll clr.dll shlwapi.dll mscorlib.ni.dll clrjit.dll microsoft.management.infrastructure.native.dll microsoft.management.infrastructure.native.dll version.dll mscorlib.dll mscorlib.dll system.ni.dll microsoft.visualc.ni.dll system.dll system.dll system.core.ni.dll system.configuration.ni.dll system.configuration.dll system.configuration.dll system.core.dll msvcr120_clr0400.dll system.xml.ni.dll wrpint.dll system.xml.dll,normal
 ntdll.dll kernel32.dll kernelbase.dll ws2_32.dll mssvp.dll rpcrt4.dll ucrtbase.dll version.dll mswsock.dll,HTran
 sensapi.dll sensapi.dll sensapi.dll sensapi.dll sensapi.dll sensapi.dll api-ms-win-downlevel-version-l1-1-0.dll api-ms-win-downlevel-user32-l1-1-0.dll mshtml.dll iertutil.dll api-ms-win-downlevel-normaliz-l1-1-0.dll normaliz.dll urlmon.dll sspicli.dll userenv.dll sensapi.dll winbrand.dll sensapi.dll sensapi.dll vaultcli.dll wbemdisp.dll wbemcomn.dll wbemprox.dll wmiutils.dll fastprox.dll ntdsapi.dll wbemsvc.dll sensapi.dll ieframe.dll secur32.dll api-ms-win-downlevel-advapi32-l2-1-0.dll profapi.dll vm3dum64_10.dll sensapi.dll sensapi.dll sensapi.dll sensapi.dll sensapi.dll msvcrt.dll System.Core.dll version.dll winsta.dll sensapi.dll msvcrt.dll sensapi.dll sensapi.dll sensapi.dll sensapi.dll sensapi.dll lpk.dll sensapi.dll wow64win.dll sensapi.dll sensapi.dll sensapi.dll npmproxy.dll crypt32.dll sensapi.dll sensapi.dll sensapi.dll sensapi.dll sensapi.dll sensapi.dll sensapi.dll msvcrt.dll networkexplorer.dll networkexplorer.dll networkexplorer.dll networkexplorer.dll kernel32.dll ntlanman.dll davclnt.dll imm32.dll sensapi.dll msvcrt.dll clr.dll api-ms-win-core-heap-l1-1-0.dll sensapi.dll sensapi.dll sensapi.dll imageres.dll sensapi.dll sensapi.dll KernelBase.dll sensapi.dll sensapi.dll sensapi.dll sensapi.dll sensapi.dll sensapi.dll sensapi.dll sensapi.dll sensapi.dll imageres.dll msctf.dll sensapi.dll sensapi.dll system.web.dll sensapi.dll sensapi.dll sensapi.dll system.drawing.dll msctf.dll sensapi.dll sensapi.dll sensapi.dll kernel32.dll sensapi.dll sensapi.dll sensapi.dll KernelBase.dll sensapi.dll sensapi.dll sensapi.dll advapi32.dll sensapi.dll sensapi.dll system.data.oracleclient.dll sensapi.dll sensapi.dll imm32.dll sensapi.dll nlaapi.dll sensapi.dll sensapi.dll sensapi.dll sensapi.dll sensapi.dll sensapi.dll sensapi.dll sensapi.dll sensapi.dll sensapi.dll sensapi.dll sensapi.dll sensapi.dll sensapi.dll sensapi.dll sensapi.dll sensapi.dll sensapi.dll sensapi.dll sensapi.dll sensapi.dll sensapi.dll sensapi.dll mcx2dvcs.dll sensapi.dll sensapi.dll sensapi.dll sensapi.dll sensapi.dll sensapi.dll sensapi.dll system.xml.ni.dll ntdll.dll sensapi.dll shlwapi.dll sensapi.dll usp10.dll sensapi.dll sensapi.dll sensapi.dll dpx.dll sensapi.dll sensapi.dll sensapi.dll sensapi.dll sensapi.dll msctf.dll sensapi.dll sensapi.dll riched20.dll sensapi.dll sechost.dll sensapi.dll sensapi.dll sensapi.dll usp10.dll sensapi.dll system.windows.forms.dll slwga.dll sensapi.dll sensapi.dll sensapi.dll sensapi.dll sensapi.dll sensapi.dll lpk.dll sensapi.dll sensapi.dll sensapi.dll nsi.dll gdi32.dll sensapi.dll sensapi.dll sensapi.dll sensapi.dll onex.dll sensapi.dll sensapi.dll sensapi.dll sensapi.dll Wldap32.dll bcryptprimitives.dll sensapi.dll sensapi.dll sensapi.dll sensapi.dll sensapi.dll sensapi.dll shell32.dll sensapi.dll sensapi.dll iertutil.dll ole32.dll sensapi.dll sensapi.dll System.Data.dll sensapi.dll sensapi.dll shdocvw.dll wevtapi.dll kernel32.dll shdocvw.dll kernel.appcore.dll kernel32.dll sensapi.dll sensapi.dll System.Configuration.dll sensapi.dll sensapi.dll sensapi.dll kernelbase.dll sensapi.dll sensapi.dll sensapi.dll imm32.dll sensapi.dll sensapi.dll sensapi.dll system.configuration.ni.dll ole32.dll,normal
 ntdll.dll mmcfxcommon.ni.dll kernelbase.dll gdi32.dll user32.dll lpk.dll kernel32.dll msvcrt.dll imm32.dll msctf.dll ole32.dll rpcrt4.dll oleaut32.dll cryptbase.dll msvcrt.dll advapi32.dll sechost.dll ntdll.dll ntdll.dll wow64.dll wow64win.dll kernel32.dll kernel32.dll System.Data.Entity.ni.dll kernel32.dll user32.dll kernel32.dll kernelbase.dll imm32.dll winbrand.dll user32.dll gdi32.dll lpk.dll usp10.dll ole32.dll advapi32.dll rpcrt4.dll sspicli.dll cryptbase.dll stdole.ni.dll msctf.dll Microsoft.VisualC.ni.dll,normal
 ntdll.dll ntdll.dll kernel32.dll kernelbase.dll microsoft.grouppolicy.interop.ni.dll gdi32.dll lpk.dll usp10.dll msvcrt.dll msvcrt.dll rpcrt4.dll microsoft.office.tools.word.dll oleaut32.dll ktmw32.dll kernel32.dll winbrand.dll clbcatq.dll devobj.dll msswch.dll cryptbase.dll sechost.dll sechost.dll advapi32.dll advapi32.dll cryptsp.dll cryptsp.dll rsaenh.dll rsaenh.dll gpsvc.dll ole32.dll sspicli.dll sspicli.dll rpcrtremote.dll sechost.dll clbcatq.dll tschannel.dll tschannel.dll xmllite.dll xmllite.dll advapi32.dll,normal
 ntdll.dll kernel32.dll devobj.dll advapi32.dll msvcrt.dll sechost.dll rpcrt4.dll gdi32.dll user32.dll lpk.dll usp10.dll comdlg32.dll system.enterpriseservices.dll ntdll.dll shell32.dll ole32.dll oleaut32.dll kernelbase.dll imm32.dll wucltux.dll cryptbase.dll uxtheme.dll wshbth.dll oleacc.dll imecfm.dll duser.dll dwmapi.dll xmllite.dll rsaenh.dll,normal
 ntdll.dll ntdll.dll wow64.dll wow64win.dll wow64cpu.dll kernel32.dll kernel32.dll kernel32.dll oleaut32.dll ole32.dll kernelbase.dll advapi32.dll rpcrt4.dll sechost.dll rpcrt4.dll sspicli.dll cryptbase.dll dnsapi.dll ws2_32.dll nsi.dll System.Core.ni.dll dhcpcsvc.dll dhcpcsvc6.dll msvcrt.dll shlwapi.dll gdi32.dll user32.dll lpk.dll usp10.dll oleaut32.dll SensApi.dll msctf.dll user32.dll clbcatq.dll cryptsp.dll rsaenh.dll rpcrtremote.dll shell32.dll ntdll.dll kernel32.dll kernelbase.dll gdi32.dll user32.dll lpk.dll usp10.dll msvcrt.dll imm32.dll msctf.dll ole32.dll user32.dll oleaut32.dll cryptbase.dll clbcatq.dll oleaut32.dll user32.dll ntdll.dll ntdll.dll wow64.dll ole32.dll user32.dll kernel32.dll kernel32.dll sqmapi.dll user32.dll kernel32.dll kernelbase.dll advapi32.dll msvcrt.dll sechost.dll rpcrt4.dll version.dll cryptbase.dll gdi32.dll ws2_32.dll nsi.dll cryptbase.dll dhcpcsvc.dll msctfmonitor.dll shell32.dll version.dll gdi32.dll user32.dll lpk.dll GdiPlus.dll ole32.dll imm32.dll msctf.dll clbcatq.dll winhttp.dll cryptsp.dll apds.dll rpcrtremote.dll wevtapi.dll ntdll.dll ntdll.dll lpk.dll wow64win.dll mscoreei.dll kernel32.dll msasn1.dll lpk.dll user32.dll kernel32.dll kernelbase.dll msvcrt.dll winbrand.dll user32.dll gdi32.dll lpk.dll usp10.dll advapi32.dll sechost.dll rpcrt4.dll sspicli.dll sxs.dll imm32.dll msctf.dll apphelp.dll,normal
 ntdll.dll ntdll.dll ntdll.dll wow64win.dll wow64cpu.dll winnsi.dll ws2_32.dll kernel32.dll user32.dll kernel32.dll kernelbase.dll msvcrt.dll winbrand.dll rpcrtremote.dll user32.dll lpk.dll usp10.dll advapi32.dll sechost.dll ntdll.dll sspicli.dll sensapi.dll imm32.dll msctf.dll apphelp.dll,normal
 ntdll.dll kernel32.dll kernelbase.dll,normal
 ntdll.dll kernel32.dll KernelBase.dll clbcatq.dll user32.dll user32.dll usp10.dll msvcrt.dll uxtheme.dll msctf.dll windowsbase.dll wow64cpu.dll oleaut32.dll cryptbase.dll microsoft.visualbasic.activities.compiler.ni.dll advapi32.dll sechost.dll ntdll.dll kernel32.dll KernelBase.dll gdi32.dll user32.dll mscoree.dll usp10.dll msvcrt.dll imm32.dll System.Net.ni.dll ole32.dll rpcrt4.dll oleaut32.dll cryptbase.dll clbcatq.dll advapi32.dll sechost.dll ntdll.dll ole32.dll KernelBase.dll user32.dll user32.dll lpk.dll usp10.dll oleaut32.dll imm32.dll msctf.dll ole32.dll rpcrt4.dll oleaut32.dll user32.dll mssvp.dll advapi32.dll sechost.dll imm32.dll ntdll.dll wow64.dll wow64win.dll rpcrt4.dll kernel32.dll iertutil.dll kernel32.dll user32.dll kernel32.dll System.Transactions.dll cryptsp.dll msvcrt.dll sechost.dll msvcr120_clr0400.dll sspicli.dll cryptbase.dll dnsapi.dll ws2_32.dll winnsi.dll winnsi.dll ntdll.dll dhcpcsvc6.dll shell32.dll lpk.dll wow64win.dll user32.dll lpk.dll usp10.dll webio.dll imm32.dll msctf.dll clbcatq.dll oleaut32.dll cryptsp.dll uxtheme.dll lpk.dll mscorlib.dll mscorlib.ni.dll kernel32.dll cryptsp.dll sspicli.dll user32.dll lpk.dll usp10.dll msvcrt.dll imm32.dll msctf.dll ole32.dll KernelBase.dll oleaut32.dll srvcli.dll rpcrtremote.dll advapi32.dll sechost.dll ntdll.dll ntdll.dll wow64.dll wow64win.dll api-ms-win-security-base-l1-1-0.dll kernel32.dll kernel32.dll kernel32.dll user32.dll wow64win.dll KernelBase.dll oleaut32.dll winbrand.dll api-ms-win-core-timezone-l1-1-0.dll gdi32.dll usp10.dll usp10.dll advapi32.dll sechost.dll rpcrt4.dll sspicli.dll cryptbase.dll imm32.dll msctf.dll apphelp.dll,normal
 ntdll.dll kernel32.dll user32.dll msctf.dll ole32.dll rpcrtremote.dll user32.dll lpk.dll usp10.dll rpcrt4.dll imm32.dll msctf.dll cryptbase.dll clbcatq.dll advapi32.dll sechost.dll oleaut32.dll gdi32.dll rsaenh.dll RpcRtRemote.dll uxtheme.dll shell32.dll shlwapi.dll comctl32.dll ntdll.dll propsys.dll thumbcache.dll ntdll.dll ntdll.dll kernel32.dll wow64win.dll wow64cpu.dll api-ms-win-core-io-l1-1-0.dll kernel32.dll kernel32.dll secur32.dll kernel32.dll KernelBase.dll msvcrt.dll winbrand.dll user32.dll msctf.dll shcore.dll wbemsvc.dll advapi32.dll sechost.dll rpcrt4.dll sspicli.dll cryptbase.dll sechost.dll msctf.dll apphelp.dll,normal
 ntdll.dll,normal
 ntdll.dll kernel32.dll system.runtime.serialization.formatters.soap.ni.dll advapi32.dll msvcrt.dll sechost.dll wininet.dll advapi32.dll cbsapi.dll ucrtbase.dll combase.dll user32.dll mcstore.ni.dll gdi32.dll gdi32full.dll user32.dll win32u.dll gdi32.dll rpcrt4.dll wintrust.dll mpclient.dll secur32.dll slc.dll bcrypt.dll sppc.dll sspicli.dll version.dll userenv.dll profapi.dll gpapi.dll,normal
 ntdll.dll rsaenh.dll wow64.dll wow64win.dll wow64cpu.dll kernel32.dll kernel32.dll dps.dll bcryptprimitives.dll kernel32.dll usp10.dll advapi32.dll msvcrt.dll mscorlib.dll rpcrt4.dll sspicli.dll cryptbase.dll dnsapi.dll ws2_32.dll comctl32.dll winnsi.dll lpk.dll dhcpcsvc6.dll shell32.dll user32.dll gdi32.dll user32.dll lpk.dll usp10.dll ole32.dll imm32.dll rsaenh.dll clbcatq.dll oleaut32.dll cryptsp.dll rsaenh.dll RpcRtRemote.dll wevtapi.dll advapi32.dll mssvp.dll System.Runtime.Remoting.dll gdi32.dll clbcatq.dll lpk.dll usp10.dll msvcrt.dll imm32.dll wow64.dll imm32.dll rpcrt4.dll oleaut32.dll cryptbase.dll clbcatq.dll sxs.dll sechost.dll dbgcore.dll kernel32.dll KernelBase.dll gdi32.dll user32.dll cryptsp.dll advapi32.dll msvcrt.dll imm32.dll msctf.dll ole32.dll rpcrt4.dll oleaut32.dll cryptbase.dll clbcatq.dll csrsrv.dll sechost.dll ntdll.dll kernel32.dll ntdll.dll msftedit.dll user32.dll lpk.dll wow64win.dll msvcrt.dll imm32.dll msctf.dll ole32.dll rpcrt4.dll oleaut32.dll,normal
 ntdll.dll kernel32.dll KernelBase.dll advapi32.dll msvcrt.dll sechost.dll mscorlib.dll gdi32.dll user32.dll rpcrtremote.dll usp10.dll mapi32.dll msimg32.dll wmsgapi.dll wtsapi32.dll winmm.dll userenv.dll profapi.dll winsta.dll crypt32.dll msasn1.dll sspicli.dll msctf.dll api-ms-win-downlevel-normaliz-l1-1-0.dll msutb.dll comctl32.dll lpk.dll secur32.dll sspicli.dll shell32.dll msctf.dll lpk.dll wintrust.dll cryptsp.dll api-ms-win-core-wow64-l1-1-0.dll imagehlp.dll bcrypt.dll bcryptprimitives.dll ncrypt.dll gpapi.dll userenv.dll bcrypt.dll System.Core.dll version.dll clbcatq.dll oleaut32.dll urlmon.dll rpcrt4.dll api-ms-win-downlevel-shlwapi-l1-1-0.dll api-ms-win-downlevel-advapi32-l1-1-0.dll api-ms-win-downlevel-user32-l1-1-0.dll api-ms-win-downlevel-version-l1-1-0.dll api-ms-win-downlevel-normaliz-l1-1-0.dllnormaliz.dll npmproxy.dll advapi32.dll,normal
 netapi32.dll kernel32.dll KernelBase.dll gdi32.dll user32.dll lpk.dll usp10.dll msvcrt.dll imm32.dll ntdll.dll ole32.dll kernelbase.dll oleaut32.dll,normal
 ntdll.dll sechost.dll sxs.dll advapi32.dll msvcrt.dll sechost.dll rpcrt4.dll gdi32.dll user32.dll lpk.dll usp10.dll msvcrt.dll msimg32.dll cryptbase.dll rpcrtremote.dll winmm.dll userenv.dll sspicli.dll winsta.dll crypt32.dll msasn1.dll MsCtfMonitor.dll msctf.dll imm32.dll kernel32.dll comctl32.dll shlwapi.dll secur32.dll kernel32.dll shell32.dll cryptbase.dll wintrust.dll user32.dll ntdll.dll imagehlp.dll accessibility.ni.dll bcryptprimitives.dll ncrypt.dll gpapi.dll cryptnet.dll msvcrt.dll cfgmgr32.dll setupapi.dll cfgmgr32.dll oleaut32.dll devobj.dll cabinet.dll devrtl.dll version.dll clbcatq.dll winmmbase.dll urlmon.dll wininet.dll iertutil.dll,normal
 ntdll.dll ntdll.dll aeinv.dll usp10.dll kernelbase.dll user32.dll msvcrt.dll msvcrt.dll shlwapi.dll oleaut32.dll gdi32.dll gdi32.dll rpcrt4.dll rpcrt4.dll imm32.dll msctf.dll ole32.dll kernel32.dll sechost.dll msvcp110_win.dll kernel.appcore.dll mscorwks.dll clbcatq.dll bcryptprimitives.dll bcryptprimitives.dll uxtheme.dll uxtheme.dll clbcatq.dll shlwapi.dll cryptsp.dll rsaenh.dll staterepository.core.dll bcrypt.dll bcrypt.dll propsys.dll propsys.dll,normal
 ntdll.dll ntdll.dll wow64.dll system.windows.forms.ni.dll wow64cpu.dll wbemcomn.dll kernel32.dll kernel32.dll user32.dll kernel32.dll KernelBase.dll rpcrt4.dll logoncli.dll user32.dll advapi32.dll lpk.dll usp10.dll advapi32.dll sechost.dll rpcrt4.dll system.servicemodel.activation.ni.dll cryptbase.dll imm32.dll usp10.dll apphelp.dll,normal
 ondemandconnroutehelper.dll,normal
 ntdll.dll kernel32.dll System.AddIn.dll lpk.dll version.dll msvcrt.dll shell32.dll shlwapi.dll gdi32.dll user32.dll lpk.dll usp10.dll advapi32.dll advapi32.dll rpcrt4.dll SensApi.dll profapi.dll imm32.dll msctf.dll uxtheme.dll cryptbase.dll dwmapi.dll msidle.dll,normal
 msvcr120_clr0400.dll mscoree.dll mscoreei.dll version.dll api-ms-win-core-processthreads-l1-1-0.dll clr.dll taskschd.dll msctf.dll clbcatq.dll ntdll.dll kernel32.dll KernelBase.dll msvcrt.dll SensApi.dll advapi32.dll rpcrt4.dll shlwapi.dll cryptsp.dll System.Security.ni.dll lpk.dll Accessibility.dll ole32.dll rpcrt4.dll imm32.dll sspicli.dll cryptbase.dll fusion.dll mscorsvc.dll,normal
 taskschd.dll xmllite.dll,normal
 ntdll.dll ntdll.dll wow64.dll cfgmgr32.dll wow64cpu.dll kernel32.dll kernel32.dll kernel32.dll user32.dll kernel32.dll comctl32.dll advapi32.dll msvcrt.dll clbcatq.dll rpcrt4.dll sspicli.dll cryptbase.dll dnsapi.dll ws2_32.dll nsi.dll winnsi.dll dhcpcsvc.dll dhcpcsvc6.dll shell32.dll shlwapi.dll imageres.dll user32.dll lpk.dll usp10.dll ole32.dll imm32.dll msctf.dll clbcatq.dll oleaut32.dll cryptsp.dll rsaenh.dll RpcRtRemote.dll wevtapi.dll ntdll.dll kernel32.dll clrjit.dll gdi32.dll user32.dll lpk.dll profapi.dll msvcrt.dll devobj.dll System.Core.ni.dll ole32.dll rpcrt4.dll oleaut32.dll cryptbase.dll clbcatq.dll wkscli.dll sechost.dll ntdll.dll kernel32.dll advapi32.dll gdi32.dll user32.dll lpk.dll usp10.dll nsi.dll user32.dll msctf.dll sechost.dll RpcRtRemote.dll oleaut32.dll cryptbase.dll clbcatq.dll advapi32.dll sechost.dll ntdll.dll mscorwks.dll wow64.dll wow64win.dll profapi.dll kernel32.dll kernel32.dll kernel32.dll user32.dll kernel32.dll KernelBase.dll msvcrt.dll usp10.dll ntdll.dll gdi32.dll system.xml.dll usp10.dll advapi32.dll sechost.dll wow64.dll pnidui.dll msctf.dll imm32.dll mscorlib.dll oleaut32.dll,normal
 ntdll.dll msctf.dll kernelbase.dll advapi32.dll nsi.dll sechost.dll rpcrt4.dll user32.dll gdi32.dll lpk.dll usp10.dll mpr.dll imm32.dll oleaut32.dll secur32.dll sspicli.dll ws2_32.dll nsi.dll lpk.dll wininet.dll usp10.dll wkscli.dll sechost.dll framedynos.dll wtsapi32.dll ntdsapi.dll advapi32.dll slc.dll imm32.dll msctf.dll dcntel.dll clbcatq.dll wbemprox.dll wbemcomn.dll,normal
 rsaenh.dll ntdll.dll wow64.dll wow64win.dll wow64cpu.dll kernel32.dll kernel32.dll kernel32.dll user32.dll kernel32.dll KernelBase.dll ntdll.dll winbrand.dll user32.dll ole32.dll lpk.dll bcryptprimitives.dll advapi32.dll sechost.dll wow64win.dll sspicli.dll cryptbase.dll imm32.dll msctf.dll apphelp.dll,normal
 SensApi.dll ntdll.dll gdi32.dll wow64win.dll wow64cpu.dll kernel32.dll msctf.dll kernel32.dll user32.dll kernel32.dll KernelBase.dll advapi32.dll msvcrt.dll sechost.dll rpcrt4.dll sspicli.dll cryptbase.dll schannel.dll msvcrt.dll msxml6.dll winnsi.dll dhcpcsvc.dll dhcpcsvc6.dll shell32.dll shlwapi.dll gdi32.dll user32.dll user32.dll acppage.dll version.dll imm32.dll rpcrt4.dll MMDevAPI.dll oleaut32.dll cryptsp.dll rsaenh.dll RpcRtRemote.dll wevtapi.dll ntdll.dll advapi32.dll KernelBase.dll bcrypt.dll msvcrt.dll sechost.dll mscorlib.dll ole32.dll gdi32.dll user32.dll lpk.dll usp10.dll imm32.dll msctf.dll user32.dll oleaut32.dll shell32.dll shlwapi.dll system.dll mydocs.dll CbsCore.dll version.dll crypt32.dll userenv.dll bcryptprimitives.dll userenv.dll ntdll.dll ktmw32.dll dpx.dll dpx.dll dpx.dll mscorlib.dll DrUpdate.dll setupapi.dll cfgmgr32.dll devobj.dll mpr.dll rmclient.dll sxsstore.dll wow64.dll winhttp.dll sechost.dll winhttp.dll webio.dll imm32.dll cryptsp.dll rsaenh.dll RpcRtRemote.dll rpcrt4.dll CbsApi.dll advapi32.dll smiengine.dll ntdll.dll kernel32.dll msctf.dll advapi32.dll System.Transactions.ni.dll sechost.dll rpcrt4.dll ole32.dll riched20.dll user32.dll lpk.dll ncrypt.dll imm32.dll wow64win.dll wdscore.dll oleaut32.dll shell32.dll shlwapi.dll dbghelp.dll cryptbase.dll CbsCore.dll version.dll crypt32.dll msasn1.dll wintrust.dll userenv.dll profapi.dll firewallapi.dll dpx.dll dpx.dll dpx.dll wcp.dll DrUpdate.dll setupapi.dll cfgmgr32.dll devobj.dll mpr.dll wrpint.dll sxsstore.dll sensorsnativeapi.dll winhttp.dll webio.dll winhttp.dll webio.dll system.security.ni.dll cryptsp.dll rsaenh.dll System.Data.ni.dll clbcatq.dll CbsApi.dll rsaenh.dll KernelBase.dll ntdll.dll ole32.dll KernelBase.dll uxtheme.dll user32.dll lpk.dll mydocs.dll msvcrt.dll imm32.dll msctf.dll ole32.dll rpcrt4.dll oleaut32.dll mscoree.dll clbcatq.dll advapi32.dll sechost.dll shlwapi.dll ntdll.dll wow64.dll wow64win.dll smiengine.dll tabskb.dll kernel32.dll kernel32.dll certcli.dll kernel32.dll KernelBase.dll uiautomationtypes.dll msvcrt.dll sechost.dll rpcrt4.dll sspicli.dll cryptbase.dll dnsapi.dll msctf.dll nsi.dll winhttp.dll dhcpcsvc.dll dhcpcsvc6.dll shell32.dll shlwapi.dll gdi32.dll user32.dll lpk.dll usp10.dll ole32.dll imm32.dll msctf.dll clbcatq.dll oleaut32.dll cryptsp.dll rsaenh.dll ucrtbase.dll ondemandconnroutehelper.dll ntdll.dll kernel32.dll KernelBase.dll System.Transactions.dll user32.dll rpcrt4.dll usp10.dll msvcrt.dll imm32.dll sxs.dll System.DirectoryServices.dll rpcrt4.dll oleaut32.dll ntdll.dll ntdll.dll wow64.dll kernel32.dll wow64cpu.dll kernel32.dll kernel32.dll kernel32.dll user32.dll kernel32.dll KernelBase.dll kernel32.dll system.windows.forms.dll sechost.dll api-ms-win-core-file-l2-1-0.dll sspicli.dll cryptbase.dll dnsapi.dll ws2_32.dll nsi.dll winnsi.dll rpcrtremote.dll dhcpcsvc6.dll shell32.dll shlwapi.dll sechost.dll user32.dll lpk.dll Microsoft.Management.Infrastructure.dll ole32.dll imm32.dll msctf.dll msftedit.dll oleaut32.dll cryptsp.dll PresentationCore.dll dxgi.dll wevtapi.dll,normal
 ntdll.dll mpclient.dll KernelBase.dll rsaenh.dll msvcrt.dll sechost.dll kernelbase.dll msvcr120_clr0400.dll mscoree.dll RpcRtRemote.dll gdi32.dll user32.dll lpk.dll usp10.dll System.Management.dll imm32.dll user32.dll ole32.dll cryptsp.dll rsaenh.dll RpcRtRemote.dll clbcatq.dll sxs.dll mscoreei.dll mscorwks.dll msvcr80.dll shlwapi.dll shell32.dll profapi.dll mscorlib.ni.dll mscorjit.dll microsoft.visualstudio.tools.applications.adapter.v9.0.ni.dll mscorlib.dll version.dll mscorlib.dll mscorlib.dll msvcp140.dll slc.dll System.Data.Services.Design.ni.dll System.Data.Entity.ni.dll System.Data.Services.Client.ni.dll System.Xml.ni.dll System.Xml.Linq.ni.dll mscorlib.dll System.Data.dll shell32.dll System.Data.dll RpcRtRemote.dll System.Data.dll ws2_32.dll nsi.dll crypt32.dll msasn1.dll System.Transactions.ni.dll system.xml.linq.dll mscorjit.dll System.Transactions.dll System.Transactions.dll rpcrt4.dll System.Runtime.Serialization.ni.dll System.Configuration.ni.dll System.Security.ni.dll System.Data.SqlXml.ni.dll Microsoft.VisualC.ni.dll System.EnterpriseServices.ni.dll System.EnterpriseServices.dll System.EnterpriseServices.dll System.DirectoryServices.ni.dll System.Runtime.Remoting.ni.dll shlwapi.dll System.Web.dll System.Web.dll System.Web.dll System.Web.dll System.Runtime.Serialization.Formatters.Soap.ni.dll System.Drawing.ni.dll System.Web.Services.ni.dll winsta.dll System.Design.ni.dll System.ServiceProcess.ni.dll System.Windows.Forms.ni.dll microsoft.security.applicationid.policymanagement.policymanager.ni.dll System.Drawing.Design.ni.dll sspicli.dll System.Data.OracleClient.dll System.Data.OracleClient.dll System.Data.OracleClient.dll System.Data.OracleClient.dll System.Data.OracleClient.dll Accessibility.ni.dll System.Deployment.ni.dll system.data.dll SMDiagnostics.ni.dll wevtapi.dll ntdll.dll kernel32.dll KernelBase.dll advapi32.dll msvcrt.dll sensapi.dll rpcrt4.dll imm32.dll mscoree.dll ntdll.dll gdi32.dll user32.dll gdi32.dll usp10.dll ole32.dll imm32.dll msctf.dll RpcRtRemote.dll user32.dll rsaenh.dll RpcRtRemote.dll clbcatq.dll sxs.dll mscoreei.dll mscorwks.dll msvcr80.dll shlwapi.dll shell32.dll profapi.dll System.ServiceProcess.dll crypt32.dll lpk.dll mscorlib.dll wintrust.dll cscapi.dll mscorlib.dll wow64cpu.dll System.Security.ni.dll System.Xml.ni.dll System.Configuration.ni.dll,normal
 ntdll.dll rsaenh.dll bcryptprimitives.dll wow64win.dll wow64cpu.dll kernel32.dll kernel32.dll kernel32.dll user32.dll ole32.dll KernelBase.dll crypt32.dll msvcrt.dll sechost.dll rpcrt4.dll sspicli.dll powrprof.dll dnsapi.dll ws2_32.dll d3d10level9.dll sspicli.dll dhcpcsvc.dll dhcpcsvc6.dll shell32.dll gdi32.dll gdi32.dll user32.dll lpk.dll usp10.dll ole32.dll imm32.dll System.EnterpriseServices.ni.dll clbcatq.dll sechost.dll cryptsp.dll rsaenh.dll RpcRtRemote.dll wevtapi.dll ntdll.dll ntdll.dll oleaut32.dll wow64win.dll wow64cpu.dll kernel32.dll spoolss.dll kernel32.dll user32.dll rpcrt4.dll KernelBase.dll advapi32.dll msvcrt.dll sechost.dll rpcrt4.dll sspicli.dll cryptbase.dll dnsapi.dll ws2_32.dll system.data.dll winnsi.dll wow64.dll oleaut32.dll shell32.dll sechost.dll gdi32.dll ws2_32.dll lpk.dll usp10.dll ole32.dll imm32.dll msctf.dll clbcatq.dll oleaut32.dll cryptsp.dll rsaenh.dll dwmapi.dll wevtapi.dll,normal
 thumbcache.dll cryptsp.dll microsoft.powershell.consolehost.dll structuredquery.dll mssvp.dll mapi32.dll linkinfo.dll oleaut32.dll System.configuration.dll msftedit.dll globinputhost.dll tiptsf.dll windows.storage.search.dll searchfolder.dll actxprxy.dll samcli.dll samlib.dll ntdll.dll ucrtbase.dll coml2.dll drprov.dll winsta.dll ntlanman.dll davclnt.dll davhlpr.dll dlnashext.dll playtodevice.dll twinapi.dll winmm.dll kernel32.dll devobj.dll shell32.dll setupapi.dll cscui.dll dhcpcsvc6.dll wintrust.dll msasn1.dll crypt32.dll atl.dll wtsapi32.dll psapi.dll cryptnet.dll devdispitemprovider.dll portabledeviceapi.dll,normal
 ntdll.dll System.Xml.dll KernelBase.dll msvcrt.dll ole32.dll gdi32.dll clbcatq.dll lpk.dll usp10.dll rpcrt4.dll kernel32.dll ole32.dll kernel32.dll clbcatq.dll advapi32.dll shlwapi.dll secur32.dll RpcRtRemote.dll uxtheme.dll comctl32.dll shlwapi.dll profapi.dll IDStore.dll cryptsp.dll rsaenh.dll shacct.dll userenv.dll,normal
 win32spl.dll ntdll.dll wow64.dll wow64win.dll wow64cpu.dll kernel32.dll ntprint.dll gdi32.dll user32.dll kernel32.dll kernelbase.dll msvcrt.dll pcasvc.dll secur32.dll comctl32.dll msvcrt.dll system.runtime.remoting.dll oleaut32.dll shell32.dll user32.dll wininet.dll mfc42u.dll winmm.dll sechost.dll rpcrt4.dll ws2_32.dll combase.dll shlwapi.dll iertutil.dll odbc32.dll winmmbase.dll oleaut32.dll cryptbase.dll bcryptprimitives.dll nsi.dll usp10.dll oleaut32.dll uxtheme.dll riched20.dll usp10.dll msls31.dll setupapi.dll dwmapi.dll comctl32.dll shlwapi.dll version.dll oleacc.dll propsys.dll profapi.dll ntmarta.dll dui70.dll imecfm.dll wer.dll shcore.dll msado15.dll msdart.dll oledb32.dll bcrypt.dll clbcatq.dll mscorjit.dll msjet40.dll msjter40.dll crypt32.dll cryptbase.dll mswstr10.dll msjint40.dll cryptsp.dll rsaenh.dll lpk.dll msadox.dll msadrh15.dll msjtes40.dll vbajet32.dll expsrv.dll wdscore.dll imecfm.dll wer.dll msctf.dll msadcer.dll,caidao
 ntdll.dll uxtheme.dll KernelBase.dll gdi32.dll ktmw32.dll lpk.dll usp10.dll msvcrt.dll imm32.dll msctf.dll version.dll rpcrt4.dll oleaut32.dll cryptbase.dll system.runtime.serialization.dll advapi32.dll sechost.dll ntdll.dll kernel32.dll KernelBase.dll gdi32.dll comctl32.dll lpk.dll propsys.dll system.design.ni.dll msisip.dll msctf.dll ole32.dll sechost.dll mscorlib.dll user32.dll clbcatq.dll sxs.dll sechost.dll ntdll.dll ntdll.dll wow64.dll wow64win.dll wow64cpu.dll kernel32.dll kernel32.dll kernel32.dll user32.dll kernel32.dll mswsock.dll msvcrt.dll winbrand.dll user32.dll gdi32.dll lpk.dll usp10.dll advapi32.dll kernel32.dll rpcrt4.dll sspicli.dll rsaenh.dll imm32.dll msctf.dll apphelp.dll,normal
 ntdll.dll rpcrt4.dll KernelBase.dll kernel.appcore.dll user32.dll lpk.dll usp10.dll msvcrt.dll imm32.dll msctf.dll user32.dll rpcrt4.dll oleaut32.dll ntdll.dll kernel32.dll KernelBase.dll ole32.dll IEShims.dll rpcrt4.dll nsi.dll user32.dll gdi32.dll lpk.dll winnsi.dll gdi32.dll dhcpcsvc6.dll shell32.dll api-ms-win-core-timezone-l1-1-0.dll ole32.dll imm32.dll msctf.dll secur32.dll sspicli.dll propsys.dll srvcli.dll netutils.dll version.dll netapi32.dll msctf.dll msvcp_win.dll winmm.dll msvcr90.dll glib-2.0.dll pcre.dll intl.dll iconv.dll sensapi.dll dbghelp.dll dbghelp.dll dbghelp.dll KernelBase.dll ntdll.dll MaIntegrationSubsys.dll Microsoft.VisualStudio.Tools.Applications.AddInAdapter.v9.0.ni.dll CafIntegrationSubsys.dll IntegrationSubsys.dll VgAuthIntegrationSubsys.dll VGAuth.dll,normal
 sfc.dll sfc_os.dll,normal
 ntdll.dll cryptsp.dll KernelBase.dll advapi32.dll msvcrt.dll sxs.dll rpcrt4.dll gdi32.dll user32.dll lpk.dll cryptsp.dll ole32.dll msimg32.dll wmsgapi.dll wtsapi32.dll winmm.dll userenv.dll profapi.dll kernel32.dll wow64.dll system.servicemodel.internals.ni.dll dwmapi.dll msctf.dll imm32.dll nlaapi.dll comctl32.dll shlwapi.dll secur32.dll sspicli.dll shell32.dll cryptbase.dll uxtheme.dll wintrust.dll cryptsp.dll rsaenh.dll imagehlp.dll bcrypt.dll msvcrt.dll ncrypt.dll gpapi.dll cryptnet.dll Wldap32.dll SensApi.dll version.dll clbcatq.dll oleaut32.dll urlmon.dll api-ms-win-downlevel-ole32-l1-1-0.dll api-ms-win-downlevel-shlwapi-l1-1-0.dll api-ms-win-downlevel-advapi32-l1-1-0.dll api-ms-win-downlevel-user32-l1-1-0.dll api-ms-win-downlevel-version-l1-1-0.dll wintrust.dll iertutil.dll wininet.dll ntdll.dll ntdll.dll KernelBase.dll advapi32.dll shlwapi.dll sechost.dll rpcrt4.dll msvcr120_clr0400.dll mscoree.dll kernel32.dll gdi32.dll user32.dll lpk.dll usp10.dll oleaut32.dll system.printing.dll msctf.dll cryptbase.dll cryptsp.dll rsaenh.dll RpcRtRemote.dll clbcatq.dll kernel32.dll mscoreei.dll mscorwks.dll msvcr80.dll shlwapi.dll setupapi.dll System.ServiceProcess.dll mscorlib.ni.dll mscorjit.dll sxs.dll mscorlib.dll version.dll mscorlib.dll user32.dll System.ni.dll Microsoft.Windows.Diagnosis.Commands.WriteDiagProgress.ni.dll System.Management.Automation.ni.dll Microsoft.Windows.Diagnosis.SDHost.ni.dll System.Configuration.Install.ni.dll System.Transactions.ni.dll System.Transactions.dll System.Transactions.dll gdi32.dll System.Transactions.dll System.Transactions.dll wpdshext.dll System.Management.ni.dll System.DirectoryServices.ni.dll System.Data.ni.dll System.Data.dll wevtapi.dll KernelBase.dll System.Data.dll System.Data.dll msctf.dll kernel32.dll crypt32.dll msasn1.dll System.Configuration.ni.dll wow64.dll system.core.ni.dll System.Runtime.Serialization.Formatters.Soap.ni.dll System.Drawing.ni.dll System.Windows.Forms.ni.dll advapi32.dll System.Deployment.ni.dll System.EnterpriseServices.ni.dll system.xml.ni.dll System.EnterpriseServices.dll System.Runtime.Remoting.ni.dll kernel32.dll System.Web.ni.dll System.Web.dll System.Web.dll System.Web.dll winbrand.dll eappprxy.dll System.DirectoryServices.Protocols.ni.dll System.Design.ni.dll usp10.dll System.Web.RegularExpressions.ni.dll dhcpcsvc.dll System.Data.OracleClient.ni.dll System.Data.OracleClient.dll System.Data.OracleClient.dll System.Data.OracleClient.dll ws2_32.dll System.Data.OracleClient.dll Microsoft.JScript.ni.dll Microsoft.Vsa.ni.dll Microsoft.Windows.Diagnosis.Commands.UpdateDiagRootcause.ni.dll Microsoft.Windows.Diagnosis.Commands.GetDiagInput.ni.dll Microsoft.Windows.Diagnosis.Commands.UpdateDiagReport.ni.dll ntdll.dll kernel32.dll KernelBase.dll advapi32.dll dsrole.dll sechost.dll rpcrt4.dll system.transactions.dll mscoree.dll ole32.dll gdi32.dll user32.dll lpk.dll usp10.dll lpk.dll imm32.dll msctf.dll cryptbase.dll cryptsp.dll ntdll.dll RpcRtRemote.dll clbcatq.dll sxs.dll mscoreei.dll dcntel.dll imm32.dll wow64win.dll shell32.dll rpcrt4.dll mscorlib.ni.dll mscorjit.dll rsaenh.dll mscorlib.dll version.dll mscorlib.dll mscorlib.dll microsoft.visualstudio.tools.applications.contract.v9.0.dll System.Drawing.Design.ni.dll System.Drawing.ni.dll kernel32.dll System.Configuration.ni.dll System.Xml.ni.dll ntdll.dll kernel32.dll KernelBase.dll advapi32.dll rpcrt4.dll sechost.dll rpcrt4.dll nsi.dll mscoree.dll ole32.dll gdi32.dll user32.dll lpk.dll usp10.dll PresentationCore.dll wbemcomn.dll msctf.dll cryptbase.dll cryptsp.dll rsaenh.dll RpcRtRemote.dll clbcatq.dll sxs.dll mscoreei.dll rsaenh.dll msvcr80.dll shlwapi.dll shell32.dll profapi.dll system.ni.dll mscorjit.dll mscorlib.dll mscorlib.dll version.dll mscorlib.dll mscorlib.dll cryptbase.dll user32.dll System.ni.dll WindowsBase.ni.dll system.directoryservices.dll System.Xml.ni.dll Accessibility.ni.dll System.Configuration.ni.dll rsaenh.dll ntdll.dll kernel32.dll gdi32.dll advapi32.dll msvcrt.dll msvcrt.dll rpcrt4.dll msvcr120_clr0400.dll mscoree.dll ole32.dll gdi32.dll user32.dll lpk.dll usp10.dll microsoft.grouppolicy.interop.dll imm32.dll msctf.dll cryptbase.dll system.directoryservices.ni.dll rsaenh.dll RpcRtRemote.dll kernelbase.dll sxs.dll mscoreei.dll clr.dll shlwapi.dll mscorlib.ni.dll kernel32.dll System.ni.dll KernelBase.dll api-ms-win-core-memory-l1-1-0.dll version.dll mscorlib.dll mscorlib.dll System.ServiceModel.ni.dll msvcrt.dll System.Configuration.ni.dll System.Xml.ni.dll System.ServiceModel.Internals.ni.dll System.Web.ni.dll amsi.dll System.Web.dll System.Xml.Linq.ni.dll System.Web.Extensions.ni.dll System.ServiceModel.Activation.ni.dll SMDiagnostics.ni.dll System.ServiceModel.Channels.ni.dll SensApi.dll System.Security.ni.dll ntdll.dll kernel32.dll KernelBase.dll advapi32.dll msctf.dll sechost.dll rpcrt4.dll msvcr120_clr0400.dll winnsi.dll ole32.dll gdi32.dll user32.dll rpcrt4.dll usp10.dll wship6.dll msvcrt.dll npmproxy.dll cryptbase.dll cryptsp.dll rsaenh.dll RpcRtRemote.dll clbcatq.dll sxs.dll mscoreei.dll clr.dll shlwapi.dll mscorwks.dll clrjit.dll System.ni.dll System.Core.ni.dll XamlBuildTask.ni.dll version.dll msasn1.dll gdi32full.dll webio.dll drupdate.dll system.directoryservices.dll System.Xml.ni.dll slc.dll System.Numerics.ni.dll uxtheme.dll ntdll.dll ntdll.dll wow64.dll iertutil.dll wow64cpu.dll kernel32.dll msctf.dll kernel32.dll msctf.dll kernel32.dll imageres.dll advapi32.dll gdi32.dll sechost.dll rpcrt4.dll sspicli.dll cryptbase.dll Wldap32.dll mscoree.dll ole32.dll gdi32.dll ehstorshell.dll lpk.dll usp10.dll oleaut32.dll imm32.dll oleaut32.dll cryptsp.dll advapi32.dll RpcRtRemote.dll umpnpmgr.dll sxs.dll mscoreei.dll mscorwks.dll msvcr80.dll shlwapi.dll shell32.dll profapi.dll mscorlib.ni.dll System.ServiceProcess.dll mscorlib.dll mscorlib.dll Wldap32.dll dot3api.dll user32.dll System.ni.dll mscorlib.dll System.dll kernel32.dll System.dll rsaenh.dll System.Core.dll ntshrui.dll System.Core.dll clbcatq.dll System.ComponentModel.DataAnnotations.ni.dll System.Configuration.ni.dll System.ComponentModel.DataAnnotations.dll System.ComponentModel.DataAnnotations.dll System.ComponentModel.DataAnnotations.dll System.ComponentModel.DataAnnotations.dll System.configuration.dll System.configuration.dll System.configuration.dll System.configuration.dll System.Xml.ni.dll System.XML.dll System.XML.dll winnsi.dll System.XML.dll System.Security.ni.dll imm32.dll cryptbase.dll System.Security.dll msvcp_win.dll System.Data.SqlXml.ni.dll System.Data.SqlXml.dll kernel32.dll System.Data.SqlXml.dll System.Data.SqlXml.dll,normal
 ntdll.dll kernel32.dll kernelbase.dll dhcpcsvc.dll sechost.dll shell32.dll shlwapi.dll gdi32.dll user32.dll lpk.dll usp10.dll advapi32.dll sechost.dll imm32.dll winmm.dll profapi.dll imm32.dll ntdll.dll version.dll kernel32.dll apphelp.dll ole32.dll userenv.dll,normal
 sensapi.dll kernel32.dll KernelBase.dll sechost.dll user32.dll lpk.dll usp10.dll devobj.dll imm32.dll msctf.dll ole32.dll lpk.dll oleaut32.dll cryptbase.dll clbcatq.dll advapi32.dll sechost.dll,normal
 ntdll.dll kernel32.dll version.dll gdi32.dll user32.dll setupapi.dll nsi.dll microsoft.office.tools.outlook.implementation.dll imm32.dll xmllite.dll ole32.dll rpcrt4.dll oleaut32.dll cryptbase.dll clbcatq.dll advapi32.dll sechost.dll ntdll.dll ntdll.dll dwmapi.dll wow64win.dll wow64cpu.dll kernel32.dll kernel32.dll kernel32.dll user32.dll kernel32.dll KernelBase.dll msvcrt.dll winbrand.dll user32.dll msasn1.dll microsoft.visualstudio.tools.office.contract.v9.0.ni.dll system.dll advapi32.dll wininet.dll rpcrt4.dll sspicli.dll sechost.dll imm32.dll msctf.dll apphelp.dll,normal
 rasapi32.dll rasman.dll,normal
 ntdll.dll kernel32.dll KernelBase.dll ntasn1.dll user32.dll oleaut32.dll cryptbase.dll rpcrt4.dll system.configuration.dll msctf.dll ole32.dll rpcrt4.dll oleaut32.dll cryptbase.dll clbcatq.dll advapi32.dll sechost.dll,normal
 wdi.dll kernel32.dll wer.dll pcacli.dll mpr.dll,normal
 ntdll.dll kernel32.dll kernelbase.dll gdi32.dll user32.dll ntdll.dll usp10.dll msvcrt.dll imm32.dll UIAutomationProvider.ni.dll ole32.dll microsoft.windows.diagnosis.commands.writediagprogress.ni.dll oleaut32.dll ntdll.dll kernel32.dll kernelbase.dll oleaut32.dll user32.dll lpk.dll usp10.dll tabskb.dll samcli.dll microsoft.powershell.consolehost.ni.dll ole32.dll rpcrt4.dll oleaut32.dll cryptbase.dll clbcatq.dll usp10.dll sechost.dll ntdll.dll kernel32.dll kernelbase.dll gdi32.dll user32.dll lpk.dll usp10.dll msvcrt.dll imm32.dll msctf.dll mssph.dll rpcrt4.dll user32.dll cryptbase.dll clbcatq.dll advapi32.dll sechost.dll ntdll.dll ntdll.dll usp10.dll wow64win.dll wow64cpu.dll kernel32.dll kernel32.dll kernel32.dll user32.dll kernel32.dll kernelbase.dll advapi32.dll dhcpcsvc6.dll netprofm.dll rpcrt4.dll sspicli.dll cryptbase.dll dnsapi.dll ws2_32.dll ws2_32.dll wininet.dll dhcpcsvc.dll dhcpcsvc6.dll system.dll shlwapi.dll gdi32.dll user32.dll lpk.dll usp10.dll ole32.dll rpcrt4.dll msctf.dll clbcatq.dll oleaut32.dll msvcp_win.dll rsaenh.dll user32.dll sechost.dll ntdll.dll system.xml.ni.dll wow64.dll system.core.dll wow64cpu.dll kernel32.dll wpdshext.dll kernel32.dll user32.dll System.WorkflowServices.ni.dll System.Drawing.dll dpx.dll winbrand.dll msctf.dll gdi32.dll lpk.dll usp10.dll advapi32.dll sechost.dll rpcrt4.dll sspicli.dll cryptbase.dll imm32.dll msctf.dll apphelp.dll,normal
 msvcrt.dll api-ms-win-core-file-l2-1-1.dll imageres.dll gdi32.dll user32.dll msvcrt.dll imm32.dll oleaut32.dll combase.dll msctf.dll rpcrt4.dll uxtheme.dll tiptsf.dll gdi32.dll clbcatq.dll ole32.dll UIAutomationTypes.dll clbcatq.dll cryptbase.dll bcryptprimitives.dll kernel32.dll oleacc.dll advapi32.dll shell32.dll version.dll shlwapi.dll propsys.dll profapi.dll ntmarta.dll dui70.dll imecfm.dll kernel32.dll,normal
 ntdll.dll,normal
 ntdll.dll kernel32.dll KernelBase.dll gdi32.dll shlwapi.dll lpk.dll usp10.dll msvcrt.dll imm32.dll msctf.dll ole32.dll rpcrt4.dll oleaut32.dll cryptbase.dll sensapi.dll advapi32.dll sechost.dll shell32.dll System.Drawing.ni.dll msvcrt.dll powrprof.dll rpcrt4.dll version.dll uxtheme.dll,normal
 microsoft.windows.dns.ni.dll microsoft.windows.fileserver.management.plugin.ui.ni.dll microsoft.windows.servermanager.deployment.extension.ni.dll dsrole.dll sspicli.dll microsoft.windows.fileserver.management.common.ni.dll system.windows.forms.ni.dll comctl32.dll,normal
 ntdll.dll dnsapi.dll kernelbase.dll ntdll.dll msvcrt.dll sechost.dll rpcrt4.dll gdi32.dll cryptbase.dll lpk.dll usp10.dll sspicli.dll winmm.dll dwmapi.dll gdiplus.dll ole32.dll oleacc.dll oleaut32.dll shlwapi.dll wmsgapi.dll duser.dll uxtheme.dll mscorwks.dll kernel32.dll ntdll.dll ntdll.dll wow64.dll wow64win.dll wow64cpu.dll kernel32.dll kernel32.dll shell32.dll user32.dll kernel32.dll kernelbase.dll advapi32.dll msvcrt.dll sechost.dll rpcrt4.dll microsoft.office.tools.v4.0.framework.dll msvcrt.dll msvcr120_clr0400.dll mscoree.dll ole32.dll gdi32.dll mprmsg.dll lpk.dll usp10.dll oleaut32.dll imm32.dll msctf.dll cryptsp.dll rsaenh.dll rpcrtremote.dll clbcatq.dll sxs.dll mscoreei.dll clr.dll shlwapi.dll ntdll.dll clrjit.dll system.ni.dll presentationframework.royale.ni.dll wuaueng.dll uiautomationclient.ni.dll mscorlib.dll System.Transactions.dll advapi32.dll system.core.ni.dll sechost.dll presentationcore.ni.dll presentationframework.ni.dll presentationframework.dll presentationframework.dll windowsbase.dll gdi32.dll system.core.dll system.core.dll presentationcore.dll presentationcore.dll system.xaml.ni.dll system.xaml.dll mswsock.dll system.configuration.ni.dll system.configuration.dll system.configuration.dll System.IdentityModel.ni.dll system.xml.dll system.xml.dll kernelbase.dll ntdll.dll wow64.dll wow64win.dll wow64cpu.dll kernel32.dll kernel32.dll kernel32.dll user32.dll kernel32.dll kernelbase.dll advapi32.dll msvcrt.dll ntprint.dll rpcrt4.dll imm32.dll cryptbase.dll msvcr120_clr0400.dll mscoree.dll ole32.dll winnsi.dll user32.dll lpk.dll oleaut32.dll oleaut32.dll presentationcffrasterizer.dll msctf.dll ole32.dll rsaenh.dll rpcrtremote.dll xmllite.dll sxs.dll mscoreei.dll clr.dll shlwapi.dll mscorlib.ni.dll system.configuration.ni.dll system.ni.dll setupapi.dll version.dll system.web.applicationservices.dll system.web.applicationservices.dll kernel32.dll mscorlib.dll system.dll system.dll shlwapi.dll system.configuration.ni.dll comctl32.dll system.configuration.dll msvcrt.dll system.core.dll system.xml.ni.dll system.xml.dll system.xml.dll,normal
 ntdll.dll mscorwks.dll kernel32.dll kernelbase.dll gdi32.dll user32.dll lpk.dll usp10.dll imm32.dll imm32.dll msctf.dll rpcrt4.dll rpcrt4.dll oleaut32.dll cryptbase.dll clbcatq.dll advapi32.dll sechost.dll ntdll.dll kernel32.dll kernelbase.dll advapi32.dll msvcrt.dll sechost.dll rpcrt4.dll gdi32.dll user32.dll lpk.dll usp10.dll msswch.dll RpcRtRemote.dll msctf.dll gdiplus.dll imm32.dll oleacc.dll oleaut32.dll wuwebv.dll imm32.dll duser.dll uxtheme.dll imm32.dll msctf.dll gdi32.dll dui70.dll comctl32.dll msvcrt.dll clbcatq.dll tabskb.dll msctf.dll rpcrt4.dll rpcrtremote.dll System.Web.Abstractions.dll atl.dll inkobj.dll windowscodecs.dll,normal
 wpdshext.dll wpdshext.dll sxs.dll wpdshext.dll wpdshext.dll kernel32.dll wpdshext.dll wpdshext.dll wpdshext.dll wpdshext.dll lpk.dll wpdshext.dll wpdshext.dll wpdshext.dll wpdshext.dll wpdshext.dll kernelbase.dll wpdshext.dll gdiplus.dll gdiplus.dll gdiplus.dll imm32.dll rsaenh.dll gdiplus.dll gdiplus.dll gdiplus.dll msctf.dll,normal
 ntdll.dll ntdll.dll wow64.dll wow64win.dll wow64cpu.dll usp10.dll kernel32.dll kernel32.dll user32.dll kernel32.dll kernelbase.dll advapi32.dll msvcrt.dll sechost.dll devicecenter.dll sspicli.dll cryptbase.dll lpk.dll wmiutils.dll lpk.dll ntmarta.dll ws2_32.dll nsi.dll imm32.dll msctf.dll uxtheme.dll System.Runtime.Serialization.Formatters.Soap.ni.dll shlwapi.dll wpdshext.dll propsys.dll oleaut32.dll sechost.dll apphelp.dll clbcatq.dll ieframe.dll psapi.dll msctf.dll iertutil.dll urlmon.dll wininet.dll crypt32.dll winrnr.dll ntmarta.dll wldap32.dll profapi.dll combase.dll cfgmgr32.dll devobj.dll,normal
 ntdll.dll kernel32.dll kernelbase.dll advapi32.dll msvcrt.dll sechost.dll rpcrt4.dll ntdll.dll shlwapi.dll mssprxy.dll lpk.dll usp10.dll system.web.applicationservices.dll api-ms-win-core-comm-l1-1-0.dll wdscore.dll oleaut32.dll shell32.dll shlwapi.dll dbghelp.dll System.Drawing.dll system.web.entity.ni.dll version.dll crypt32.dll msasn1.dll wintrust.dll userenv.dll profapi.dll ktmw32.dll dpx.dll dpx.dll dpx.dll wcp.dll drupdate.dll cryptnet.dll cfgmgr32.dll cryptbase.dll mpr.dll wrpint.dll sxsstore.dll sqmapi.dll winhttp.dll webio.dll usp10.dll webio.dll sensapi.dll cryptsp.dll rsaenh.dll lpk.dll clbcatq.dll cbsapi.dll smipi.dll smiengine.dll ntdll.dll kernel32.dll kernel32.dll advapi32.dll msvcrt.dll sechost.dll rpcrt4.dll user32.dll gdi32.dll user32.dll imm32.dll usp10.dll imm32.dll msctf.dll oleaut32.dll wdscore.dll comctl32.dll dhcpcsvc6.dll shlwapi.dll dbghelp.dll cbscore.dll version.dll ntdll.dll sensapi.dll wintrust.dll userenv.dll wow64cpu.dll ktmw32.dll dpx.dll dhcpcsvc6.dll dpx.dll wcp.dll drupdate.dll system.configuration.dll webio.dll winhttp.dll webio.dll sensapi.dll clbcatq.dll setupapi.dll cfgmgr32.dll devobj.dll shlwapi.dll wrpint.dll sxsstore.dll sqmapi.dll cryptsp.dll cryptbase.dll lpk.dll cbsapi.dll smipi.dll smiengine.dll ntdll.dll ntdll.dll wow64.dll wow64win.dll wow64cpu.dll kernel32.dll Microsoft.VisualStudio.Tools.Applications.Adapter.v9.0.ni.dll rpcrtremote.dll system.transactions.ni.dll clbcatq.dll kernelbase.dll msvcrt.dll winbrand.dll user32.dll gdi32.dll lpk.dll clbcatq.dll kernel32.dll sechost.dll rpcrt4.dll wow64.dll dwmapi.dll imm32.dll msctf.dll apphelp.dll,normal
 lpk.dll ntdll.dll wow64.dll sxs.dll wow64cpu.dll kernel32.dll kernel32.dll kernel32.dll user32.dll kernel32.dll kernelbase.dll taskbarcpl.dll msvcrt.dll sechost.dll rpcrt4.dll sspicli.dll cryptbase.dll oleaut32.dll ole32.dll gdi32.dll user32.dll lpk.dll ws2_32.dll credui.dll wevtapi.dll imm32.dll user32.dll comctl32.dll shlwapi.dll,normal
 winnsi.dll ntlanman.dll davclnt.dll davhlpr.dll cscapi.dll wintrust.dll kbd101.dll,normal
 cryptbase.dll kernel32.dll kernelbase.dll advapi32.dll msvcrt.dll sechost.dll rpcrt4.dll msvcr120_clr0400.dll mscoree.dll ole32.dll kernel32.dll user32.dll lpk.dll kernel32.dll oleaut32.dll wow64win.dll msctf.dll cryptbase.dll cryptsp.dll rsaenh.dll ncryptsslp.dll system.xml.ni.dll sxs.dll wininet.dll mscorwks.dll msvcr80.dll msvcrt.dll System.Configuration.ni.dll profapi.dll mscorlib.ni.dll mscorjit.dll mscorlib.dll shell32.dll version.dll ntlanman.dll Microsoft.VisualStudio.Tools.Applications.Runtime.v9.0.ni.dll system.ni.dll wintrust.dll microsoft.powershell.consolehost.ni.dll system.xml.ni.dll system.configuration.install.ni.dll system.transactions.ni.dll system.transactions.dll system.transactions.dll imageres.dll system.transactions.dll usp10.dll system.management.ni.dll system.directoryservices.ni.dll system.data.ni.dll rpcrt4.dll system.data.dll system.data.dll system.data.dll wldap32.dll ws2_32.dll nsi.dll crypt32.dll msasn1.dll mfc140u.dll gdi32full.dll uiautomationprovider.ni.dll system.runtime.serialization.formatters.soap.ni.dll system.drawing.ni.dll system.windows.forms.ni.dll accessibility.ni.dll system.deployment.ni.dll system.enterpriseservices.ni.dll system.enterpriseservices.dll system.enterpriseservices.dll system.runtime.remoting.ni.dll rpcrt4.dll system.web.ni.dll system.web.dll system.web.dll system.web.dll dnsapi.dll system.web.services.ni.dll system.directoryservices.protocols.ni.dll system.design.ni.dll system.serviceprocess.ni.dll system.web.regularexpressions.ni.dll system.drawing.design.ni.dll msidle.dll system.data.oracleclient.dll msasn1.dll ole32.dll system.data.oracleclient.dll advapi32.dll microsoft.jscript.ni.dll microsoft.vsa.ni.dll,normal
 ntdll.dll user32.dll kernelbase.dll msvcrt.dll conhostv2.dll combase.dll userenv.dll rpcrt4.dll cryptbase.dll gdi32.dll gdi32full.dll user32.dll win32u.dll imm32.dll oleaut32.dll msvcp_win.dll propsys.dll smipi.dll shcore.dll clbcatq.dll cfgmgr32.dll windows.storage.dll powrprof.dll advapi32.dll shlwapi.dll kernel.appcore.dll profapi.dll api-ms-win-service-core-l1-1-0.dll secur32.dll,normal
 cryptngc.dll gdi32.dll npfproxy.dll npmproxy.dll ondemandconnroutehelper.dll ondemandconnroutehelper.dll kernel32.dll sxs.dll msvcr120_clr0400.dll sspicli.dll dhcpcsvc6.dll microsoft.windows.fileserver.management.plugin.ni.dll msauserext.dll SMDiagnostics.ni.dll dhcpcsvc.dll dhcpcsvc.dll webio.dll webio.dll mswsock.dll mswsock.dll system.core.ni.dll rasadhlp.dll rasadhlp.dll fwpuclnt.dll schannel.dll schannel.dll SensApi.dll kernelbase.dll cryptnet.dll ncryptsslp.dll ncryptsslp.dll elscore.dll elscore.dll wldp.dll elstrans.dll,normal
 system.xml.ni.dll setupapi.dll devrtl.dll sfc.dll,normal
 kernel32.dll kernel32.dll kernelbase.dll msvcrt.dll mscoreei.dll combase.dll sechost.dll kernel32.dll oleaut32.dll msvcp_win.dll wow64win.dll user32.dll riched32.dll gdi32.dll user32.dll kernel.appcore.dll sechost.dll msvcr120_clr0400.dll usp10.dll clbcatq.dll gdi32.dll storeagent.dll cryptsp.dll uxtheme.dll version.dll mscorlib.dll shcore.dll ntdll.dll kernel32.dll kernelbase.dll msvcrt.dll shcore.dll msvcp110_win.dll combase.dll ole32.dll dnsapi.dll bcryptprimitives.dll powrprof.dll System.Transactions.dll System.Web.dll profapi.dll dmiso8601utils.dll windows.storage.dll shlwapi.dll gdi32.dll gdi32full.dll user32.dll win32u.dll oleaut32.dll msctf.dll advapi32.dll kernel.appcore.dll clbcatq.dll usoapi.dll ntdll.dll kernel32.dll kernelbase.dll advapi32.dll msvcrt.dll sechost.dll rpcrt4.dll oleaut32.dll msvcp_win.dll usp10.dll kernel32.dll bcryptprimitives.dll ole32.dll gdi32.dll gdi32full.dll System.Security.dll win32u.dll crypt32.dll System.Security.ni.dll wintrust.dll mpclient.dll secur32.dll slc.dll bcrypt.dll sppc.dll sspicli.dll version.dll userenv.dll profapi.dll gpapi.dll kernel.appcore.dll clbcatq.dll netprofm.dll netprofm.dll,normal
 ntdll.dll kernel32.dll kernelbase.dll System.Security.dll msvcrt.dll advapi32.dll sechost.dll rpcrt4.dll gdi32.dll gdi32full.dll user32.dll windows.cortana.proxystub.dll oleaut32.dll mswsock.dll ucrtbase.dll combase.dll bcryptprimitives.dll dcomp.dll kernel.appcore.dll rmclient.dll coremessaging.dll imm32.dll uxtheme.dll dwmredir.dll wow64.dll dmdskmgr.dll dwmcore.dll dwmghost.dll windowscodecs.dll shcore.dll wintypes.dll wintypes.dll wintypes.dll d3d11.dll ieproxy.dll winsta.dll ism32k.dll cfgmgr32.dll msimg32.dll wow64win.dll nsi.dll crypt32.dll msasn1.dll onecoreuapcommonproxystub.dll coreuicomponents.dll ws2_32.dll shell32.dll uianimation.dll windows.gaming.input.dll rdsdwmdr.dll d3d10warp.dll vssapi.dll d2d1.dll xmllite.dll cabinet.dll,normal
 ntdll.dll wow64win.dll rpcrt4.dll msftedit.dll sechost.dll msvcrt.dll msvcrt.dll combase.dll ucrtbase.dll ucrtbase.dll sechost.dll rpcrt4.dll bcryptprimitives.dll cryptbase.dll kernel.appcore.dll kernel.appcore.dll twinapi.appcore.dll msutb.dll user32.dll sechost.dll wow64cpu.dll advapi32.dll wintypes.dll wintypes.dll msvcr120_clr0400.dll shcore.dll user32.dll win32u.dll gdi32.dll gdi32full.dll microsoft.visualc.ni.dll msvcp_win.dll imm32.dll lpk.dll mrmcorer.dll system.configuration.dll windows.ui.dll windows.ui.dll textinputframework.dll inputhost.dll cryptbase.dll coreuicomponents.dll coremessaging.dll coremessaging.dll coreuicomponents.dll coreuicomponents.dll kernelbase.dll webio.dll advapi32.dll advapi32.dll onecoreuapcommonproxystub.dll onecoreuapcommonproxystub.dll rpcrt4.dll bcp47mrm.dll uxtheme.dll devrtl.dll biwinrt.dll crypt32.dll oleaut32.dll ws2_32.dll ws2_32.dll vcruntime140_app.dll vcruntime140_app.dll mrt100.dll mrt100.dll System.Data.dll windows.storage.applicationdata.dll windows.storage.dll windows.storage.dll shlwapi.dll kernelbase.dll filterlib.dll fltlib.dll propsys.dll rsaenh.dll threadpoolwinrt.dll threadpoolwinrt.dll windows.applicationmodel.dll windows.applicationmodel.dll cbscore.dll msvcp140_app.dll msvcp140_app.dll appxdeploymentclient.dll appxdeploymentclient.dll ole32.dll netcenter.dll rometadata.dll rometadata.dll shell32.dll dwmapi.dll dwmapi.dll cfgmgr32.dll onecorecommonproxystub.dll onecorecommonproxystub.dll pilotshubapp.dll mrt100_app.dll mrt100_app.dll usp10.dll rsaenh.dll ntdll.dll system.servicemodel.ni.dll windows.staterepositoryclient.dll twinui.dll twinui.dll bcrypt.dll bcrypt.dll userenv.dll userenv.dll profext.dll profext.dll,normal
 setupapi.dll devobj.dll,normal
 wmiutils.dll netprofm.dll taskschd.dll taskschd.dll npfproxy.dll npmproxy.dll wuapi.dll bcryptprimitives.dll cabinet.dll cabinet.dll comres.dll wups.dll wbemprox.dll WindowsBase.ni.dll wbemcomn.dll wbemcomn.dll wbemsvc.dll wbemsvc.dll System.Xml.ni.dll fastprox.dll kernel32.dll samcli.dll samlib.dll wevtapi.dll wevtapi.dll,normal
 setupapi.dll wdscore.dll setupapi.dll devobj.dll,normal
 ntdll.dll,normal
 ntdll.dll ntdll.dll wow64.dll system.configuration.install.ni.dll wow64cpu.dll kernel32.dll kernel32.dll eppmanifest.dll user32.dll kernel32.dll KernelBase.dll advapi32.dll msvcrt.dll sechost.dll rpcrt4.dll sspicli.dll dnsapi.dll dnsapi.dll ws2_32.dll nsi.dll mscorlib.dll ole32.dll dhcpcsvc6.dll shell32.dll shlwapi.dll gdi32.dll System.Data.dll lpk.dll usp10.dll imm32.dll imm32.dll wow64win.dll clbcatq.dll oleaut32.dll cryptsp.dll rsaenh.dll RpcRtRemote.dll wevtapi.dll,normal
 ntdll.dll ntdll.dll wow64.dll wow64win.dll wow64cpu.dll kernel32.dll clbcatq.dll kernel32.dll user32.dll atcuf64.dll kernelbase.dll wer.dll winbrand.dll user32.dll gdi32.dll bcrypt.dll usp10.dll advapi32.dll sechost.dll clbcatq.dll ws2_32.dll cryptbase.dll kerberos.dll msctf.dll apphelp.dll,normal
 ntdll.dll kernel32.dll KernelBase.dll gdi32.dll user32.dll lpk.dll usp10.dll msvcrt.dll imm32.dll msctf.dll ole32.dll rpcrt4.dll oleaut32.dll cryptbase.dll clbcatq.dll advapi32.dll sechost.dll ntdll.dll dbghelp.dll KernelBase.dll system.windows.forms.ni.dll user32.dll imagehlp.dll mscoreei.dll msvcrt.dll oleaut32.dll advapi32.dll ole32.dll rpcrt4.dll oleaut32.dll imageres.dll clbcatq.dll advapi32.dll sechost.dll ntdll.dll kernel32.dll KernelBase.dll advapi32.dll msvcrt.dll sechost.dll msvcrt.dll ole32.dll gdi32.dll wow64win.dll gdi32.dll mscoree.dll imm32.dll msctf.dll oleaut32.dll oleaut32.dll shell32.dll advapi32.dll dbghelp.dll cryptbase.dll CbsCore.dll lpk.dll webio.dll msasn1.dll wintrust.dll userenv.dll profapi.dll ktmw32.dll dpx.dll dpx.dll dpx.dll system.drawing.ni.dll DrUpdate.dll clrjit.dll user32.dll devobj.dll mpr.dll wrpint.dll sxsstore.dll sqmapi.dll winhttp.dll mlang.dll winhttp.dll webio.dll SensApi.dll cryptsp.dll rsaenh.dll RpcRtRemote.dll clbcatq.dll CbsApi.dll wintrust.dll system.windows.forms.dll ntdll.dll usp10.dll crypt32.dll wow64win.dll wow64cpu.dll kernel32.dll kernel32.dll kernel32.dll gdi32full.dll kernel32.dll KernelBase.dll advapi32.dll bcrypt.dll sechost.dll rpcrt4.dll KernelBase.dll ntdll.dll dnsapi.dll ws2_32.dll nsi.dll wbemprox.dll dhcpcsvc.dll dhcpcsvc6.dll comctl32.dll shlwapi.dll oleaut32.dll user32.dll structuredquery.dll usp10.dll ole32.dll imm32.dll msctf.dll clbcatq.dll oleaut32.dll cryptsp.dll rsaenh.dll RpcRtRemote.dll wevtapi.dll ntdll.dll ntdll.dll wow64.dll wow64win.dll wintrust.dll kernel32.dll kernel32.dll winnsi.dll user32.dll api-ms-win-core-debug-l1-1-1.dll KernelBase.dll msvcrt.dll winbrand.dll user32.dll system.drawing.dll lpk.dll Microsoft.Powershell.Workflow.ServiceCore.dll advapi32.dll imm32.dll rpcrt4.dll sspicli.dll cryptbase.dll lpk.dll msctf.dll apphelp.dll,normal
 ntdll.dll kernel32.dll KernelBase.dll advapi32.dll msvcrt.dll sechost.dll wminet_utils.dll rsaenh.dll gdi32.dll user32.dll microsoft.visualstudio.tools.applications.serverdocument.v10.0.dll usp10.dll imm32.dll msctf.dll bdatunepia.dll oleaut32.dll ReachFramework.ni.dll shlwapi.dll dbghelp.dll cryptbase.dll CbsCore.dll version.dll crypt32.dll msasn1.dll wintrust.dll userenv.dll profapi.dll ktmw32.dll dpx.dll dpx.dll SensApi.dll wcp.dll advapi32.dll dhcpcsvc6.dll cfgmgr32.dll devobj.dll mpr.dll wrpint.dll system.drawing.ni.dll lgpllibs.dll wow64.dll webio.dll winhttp.dll webio.dll SensApi.dll mscoree.dll rsaenh.dll RpcRtRemote.dll clbcatq.dll CbsApi.dll ntdsapi.dll smiengine.dll ntdll.dll ntdll.dll ntdll.dll wow64win.dll wow64cpu.dll kernel32.dll shwebsvc.dll kernel32.dll user32.dll kernel32.dll KernelBase.dll advapi32.dll msvcrt.dll sechost.dll rpcrt4.dll sspicli.dll system.runtime.remoting.dll user32.dll ws2_32.dll msvcr80.dll winnsi.dll dhcpcsvc.dll dhcpcsvc6.dll shell32.dll npmproxy.dll gdi32.dll user32.dll lpk.dll mscoreei.dll d3d10level9.dll ntdll.dll msctf.dll clbcatq.dll oleaut32.dll cryptsp.dll rsaenh.dll cfgmgr32.dll wevtapi.dll ntdll.dll ntdll.dll wow64.dll api-ms-win-core-synch-l1-1-0.dll wow64cpu.dll shlwapi.dll kernel32.dll kernel32.dll user32.dll rpcrt4.dll oleacc.dll msvcrt.dll winbrand.dll user32.dll gdi32.dll lpk.dll usp10.dll advapi32.dll sechost.dll rpcrt4.dll sspicli.dll cryptbase.dll imm32.dll msctf.dll apphelp.dll,normal
 ntdll.dll ntdll.dll wow64.dll wow64win.dll wow64cpu.dll kernel32.dll kernel32.dll kernel32.dll user32.dll kernel32.dll user32.dll msvcrt.dll winbrand.dll riched32.dll gdi32.dll lpk.dll ncrypt.dll advapi32.dll sechost.dll rpcrt4.dll sspicli.dll vm3dum64_10.dll system.directoryservices.dll msctf.dll apphelp.dll,normal
 ntdll.dll ntdll.dll wow64.dll system.data.oracleclient.dll wow64cpu.dll kernel32.dll kernel32.dll msasn1.dll oleaut32.dll kernel32.dll bingconfigurationclient.dll msvcrt.dll winbrand.dll crypt32.dll Microsoft.Powershell.GPowerShell.dll lpk.dll usp10.dll advapi32.dll sechost.dll ncrypt.dll sspicli.dll cryptbase.dll imm32.dll msctf.dll apphelp.dll,normal
 ntdll.dll user32.dll kernelbase.dll advapi32.dll ntdll.dll NL7MODELS0009.dll rpcrt4.dll gdi32.dll user32.dll lpk.dll api-ms-win-crt-runtime-l1-1-0.dll msswch.dll winmm.dll dwmapi.dll gdiplus.dll ole32.dll oleacc.dll msvcrt.dll shlwapi.dll wmsgapi.dll duser.dll uxtheme.dll imm32.dll msctf.dll dhcpcsvc6.dll System.Data.SqlXml.ni.dll kernelbase.dll advapi32.dll msvcrt.dll sechost.dll rpcrt4.dll userenv.dll msctf.dll cryptbase.dll gdi32.dll user32.dll lpk.dll usp10.dll imm32.dll imm32.dll msctf.dll mscoreei.dll cryptsp.dll rsaenh.dll rpcrtremote.dll setupapi.dll cryptbase.dll mscoreei.dll mscorwks.dll msvcr80.dll shlwapi.dll shell32.dll profapi.dll mscorlib.ni.dll mscorjit.dll mscorlib.dll ole32.dll version.dll mscorlib.dll mscorlib.dll system.ni.dll system.drawing.design.ni.dll kernel32.dll system.windows.forms.ni.dll system.configuration.ni.dll system.xml.ni.dll,normal
 kernel32.dll ntasn1.dll KernelBase.dll System.Core.ni.dll windows.ui.dll msvcp_win.dll ucrtbase.dll combase.dll rpcrt4.dll bcryptprimitives.dll gdi32.dll rpcrt4.dll user32.dll win32u.dll oleaut32.dll System.Web.dll sechost.dll imm32.dll propsys.dll nlslexicons0009.dll shell32.dll mcstoredb.dll windows.storage.dll shlwapi.dll kernel.appcore.dll powrprof.dll gdi32.dll uxtheme.dll msctf.dll tiptsf.dll dwmapi.dll comctl32.dll TextInputFramework.dll CoreUIComponents.dll CoreMessaging.dll ntmarta.dll WinTypes.dll usermgrcli.dll ntdll.dll UIAutomationCore.dll lpk.dll oleacc.dll inputswitch.dll version.dll iertutil.dll crypt32.dll msasn1.dll ncrypt.dll bcrypt.dll system.dll policymanager.dll msvcp110_win.dll dui70.dll imecfm.dll wer.dll,normal
 System.Runtime.Serialization.Formatters.Soap.ni.dll kernel32.dll ntdll.dll gdi32.dll user32.dll lpk.dll usp10.dll gdi32.dll dnsapi.dll msctf.dll ole32.dll rpcrt4.dll oleaut32.dll lpk.dll shlwapi.dll advapi32.dll sechost.dll ntdll.dll kernel32.dll kernelbase.dll msswch.dll wow64cpu.dll lpk.dll version.dll msvcrt.dll imm32.dll msctf.dll ole32.dll rpcrt4.dll oleaut32.dll cryptbase.dll clbcatq.dll oleaut32.dll sechost.dll ntdll.dll l2nacp.dll kernelbase.dll gdi32.dll oleaut32.dll rsaenh.dll usp10.dll tiptsf.dll imm32.dll rpcrt4.dll ole32.dll napinsp.dll oleaut32.dll clbcatq.dll clbcatq.dll advapi32.dll shlwapi.dll ntdll.dll ntdll.dll wow64.dll wow64win.dll wow64cpu.dll clbcatq.dll cryptbase.dll kernel32.dll user32.dll kernel32.dll kernelbase.dll oleaut32.dll ole32.dll msvcrt.dll gdi32.dll user32.dll advapi32.dll sechost.dll rpcrt4.dll sspicli.dll cryptbase.dll lpk.dll usp10.dll api-ms-win-core-timezone-l1-1-0.dll version.dll winhttp.dll olepro32.dll oleaut32.dll shlwapi.dll shell32.dll wsock32.dll ole32.dll nsi.dll netapi32.dll netutils.dll ntdll.dll wkscli.dll rpcrt4.dll imm32.dll msctf.dll uxtheme.dll clbcatq.dll propsys.dll profapi.dll windowscodecs.dll apphelp.dll setupapi.dll taskschd.dll msctf.dll ehstorshell.dll ehstorshell.dll ehstorshell.dll ehstorshell.dll ntshrui.dll ntshrui.dll ntshrui.dll ntshrui.dll cscapi.dll slc.dll imageres.dll imageres.dll cryptsp.dll imageres.dll imageres.dll imageres.dll imageres.dll imageres.dll imageres.dll imageres.dll imageres.dll clbcatq.dll wtsapi32.dll userenv.dll ntdll.dll ntdll.dll wow64.dll SensApi.dll sxs.dll msswch.dll kernel32.dll msctf.dll user32.dll kernel32.dll kernelbase.dll msvcrt.dll wbemprox.dll gdi32.dll user32.dll ntdll.dll bdatunepia.dll rpcrt4.dll user32.dll cryptbase.dll lpk.dll usp10.dll imm32.dll msctf.dll clbcatq.dll oleaut32.dll cryptsp.dll dui70.dll rpcrtremote.dll shell32.dll shlwapi.dll actxprxy.dll comctl32.dll,normal
 configurationclient.dll ondemandconnroutehelper.dll rmclient.dll,normal
 ntdll.dll kernel32.dll KernelBase.dll advapi32.dll msvcrt.dll sechost.dll sechost.dll msvcr120_clr0400.dll mscoree.dll lpk.dll gdi32.dll sspicli.dll lpk.dll usp10.dll oleaut32.dll wbemdisp.dll msctf.dll rpcrt4.dll cryptsp.dll advapi32.dll gdi32.dll clbcatq.dll uxtheme.dll mscoreei.dll mscorwks.dll ntdll.dll shlwapi.dll shell32.dll profapi.dll mscorlib.ni.dll sspicli.dll mscorlib.dll System.Web.dll oleaut32.dll mscorlib.dll mscorlib.dll ehiUPnP.ni.dll ntdll.dll kernel32.dll KernelBase.dll imm32.dll msvcrt.dll sechost.dll rpcrt4.dll rpcrt4.dll mscoree.dll ole32.dll gdi32.dll user32.dll lpk.dll usp10.dll oleaut32.dll imm32.dll msctf.dll cryptbase.dll cryptsp.dll rsaenh.dll RpcRtRemote.dll clbcatq.dll sxs.dll mscoreei.dll mscorwks.dll msvcr80.dll shlwapi.dll shell32.dll cbscore.dll mscorlib.ni.dll imm32.dll mscorlib.dll mscorlib.dll version.dll ntdll.dll SensApi.dll api-ms-win-core-processthreads-l1-1-1.dll bcrypt.dll wintrust.dll dhcpcsvc6.dll msasn1.dll comctl32.dll rpcrt4.dll imagehlp.dll ncrypt.dll Microsoft-Windows-HomeGroupDiagnostic.NetListMgr.Interop.dll Microsoft-Windows-HomeGroupDiagnostic.NetListMgr.Interop.dll Microsoft-Windows-HomeGroupDiagnostic.NetListMgr.Interop.dll bcrypt.dll cryptbase.dll userenv.dll gpapi.dll cryptnet.dll Wldap32.dll SensApi.dll ntdll.dll kernel32.dll msi.dll version.dll msvcrt.dll sechost.dll rpcrt4.dll msvcr120_clr0400.dll mscoree.dll ole32.dll gdi32.dll cscapi.dll lpk.dll usp10.dll oleaut32.dll imm32.dll msctf.dll msasn1.dll microsoft.management.infrastructure.cimcmdlets.ni.dll rsaenh.dll RpcRtRemote.dll clbcatq.dll gdi32.dll mscoreei.dll system.dll msvcr80.dll shlwapi.dll shell32.dll profapi.dll mscorlib.ni.dll mscorjit.dll mscorlib.dll mscorlib.dll version.dll mscorlib.dll System.Data.OracleClient.dll System.ni.dll System.Configuration.Install.ni.dll System.Runtime.Serialization.Formatters.Soap.ni.dll winmm.dll System.Windows.Forms.ni.dll System.Configuration.ni.dll System.Xml.ni.dll ntdll.dll System.Data.SqlXml.ni.dll Accessibility.ni.dll System.Deployment.ni.dll shlwapi.dll kernel32.dll KernelBase.dll advapi32.dll msvcrt.dll sechost.dll rpcrt4.dll msvcr120_clr0400.dll mscoree.dll ole32.dll gdi32.dll user32.dll lpk.dll usp10.dll oleaut32.dll kernel32.dll msctf.dll cryptbase.dll cryptsp.dll rsaenh.dll imageres.dll clbcatq.dll cryptsp.dll system.xml.dll clr.dll mscoreei.dll mscorlib.ni.dll gdi32.dll usp10.dll gdi32.dll version.dll mscorlib.dll mscorlib.dll System.Core.ni.dll System.ServiceModel.ni.dll System.Runtime.Serialization.ni.dll SMDiagnostics.ni.dll system.enterpriseservices.wrapper.dll System.ServiceModel.Internals.ni.dll System.Transactions.ni.dll System.Transactions.dll System.Transactions.dll System.Transactions.dll wow64.dll System.Configuration.ni.dll ntdll.dll kernel32.dll KernelBase.dll advapi32.dll kernel32.dll sechost.dll rpcrt4.dll msvcr120_clr0400.dll mscoree.dll ole32.dll userenv.dll user32.dll cryptbase.dll usp10.dll oleaut32.dll imm32.dll msctf.dll cryptbase.dll cryptsp.dll rsaenh.dll kernel32.dll System.Xml.ni.dll sxs.dll mscoreei.dll clr.dll shlwapi.dll mscorlib.ni.dll clrjit.dll System.ni.dll version.dll mscorlib.dll mscorlib.dll System.Net.ni.dll System.Core.ni.dll System.Configuration.ni.dll System.Xml.ni.dll ntdll.dll version.dll wow64.dll wow64win.dll wow64cpu.dll kernel32.dll kernel32.dll kernel32.dll profapi.dll NaturalLanguage6.dll KernelBase.dll advapi32.dll msvcrt.dll sechost.dll rpcrt4.dll sspicli.dll cryptbase.dll msvcr120_clr0400.dll ws2_32.dll ole32.dll gdi32.dll bcryptprimitives.dll system.serviceprocess.ni.dll usp10.dll oleaut32.dll wtsapi32.dll schannel.dll cryptsp.dll rsaenh.dll RpcRtRemote.dll msutb.dll sxs.dll rpcrt4.dll d3d10warp.dll shlwapi.dll mscorlib.ni.dll wrpint.dll System.ni.dll System.Core.ni.dll version.dll System.Activities.DurableInstancing.ni.dll System.Activities.DurableInstancing.dll webio.dll mscorlib.dll mscorlib.dll System.dll System.dll System.Core.dll msimg32.dll System.Drawing.dll System.ServiceModel.Internals.dll System.ServiceModel.Internals.dll System.Runtime.DurableInstancing.ni.dll kernel32.dll wow64.dll System.Transactions.ni.dll System.Transactions.dll System.Transactions.dll System.Transactions.dll System.Data.ni.dll ntdll.dll msutb.dll System.Data.dll System.Xml.Linq.ni.dll System.Xml.Linq.dll System.Xml.Linq.dll System.Activities.ni.dll System.Activities.dll System.Activities.dll sxs.dll System.Runtime.Serialization.dll System.Runtime.Serialization.dll System.Xml.ni.dll System.Xml.dll System.Xml.dll System.Numerics.ni.dll System.Numerics.dll System.Numerics.dll System.Security.ni.dll System.Security.dll dhcpcsvc.dll System.Security.ni.dll System.Configuration.dll msvcrt.dll msvcrt.dll ntdll.dll wow64.dll wow64win.dll wow64cpu.dll kernel32.dll kernel32.dll kernel32.dll user32.dll kernel32.dll usp10.dll advapi32.dll msvcrt.dll sechost.dll rpcrt4.dll sspicli.dll cryptbase.dll msvcr120_clr0400.dll mscoree.dll ole32.dll gdi32.dll user32.dll lpk.dll cryptbase.dll cryptbase.dll imm32.dll lpk.dll cryptsp.dll rsaenh.dll RpcRtRemote.dll shcore.dll ole32.dll mscoreei.dll kernel32.dll shlwapi.dll system.runtime.remoting.dll clrjit.dll System.ni.dll winhttp.dll version.dll mscorlib.dll mscorlib.dll System.dll System.dll system.configuration.ni.dll mscoreei.dll System.Drawing.dll user32.dll System.Windows.Forms.dll System.Windows.Forms.dll msvcrt.dll System.Configuration.ni.dll System.Configuration.dll System.Configuration.dll System.Core.dll mscorlib.ni.dll System.Xml.ni.dll ws2_32.dll System.Xml.dll wow64win.dll ntdll.dll tquery.dll wow64win.dll wow64cpu.dll kernel32.dll kernel32.dll kernel32.dll user32.dll kernel32.dll msvcrt.dll advapi32.dll msvcrt.dll System.ServiceProcess.ni.dll rpcrt4.dll PresentationFramework.dll cryptbase.dll msvcr120_clr0400.dll mscoree.dll clbcatq.dll dsrole.dll user32.dll lpk.dll usp10.dll imm32.dll sensapi.dll msctf.dll msctf.dll rsaenh.dll user32.dll clbcatq.dll sxs.dll msi.dll clr.dll shlwapi.dll mscorlib.ni.dll clrjit.dll UIAutomationTypes.ni.dll advapi32.dll UIAutomationTypes.dll sechost.dll svrmgrnc.dll mscorlib.dll,normal
 ntdll.dll sspicli.dll KernelBase.dll gdi32.dll user32.dll olepro32.dll usp10.dll msvcrt.dll imm32.dll msctf.dll ole32.dll rpcrt4.dll oleaut32.dll sensapi.dll gdi32.dll advapi32.dll sechost.dll ntdll.dll ntdll.dll wow64cpu.dll windows.applicationmodel.dll wow64cpu.dll kernel32.dll kernel32.dll kernel32.dll user32.dll kernel32.dll KernelBase.dll userenv.dll winbrand.dll urlmon.dll gdi32.dll lpk.dll usp10.dll advapi32.dll sechost.dll rsaenh.dll sspicli.dll cryptbase.dll imm32.dll msctf.dll version.dll,normal
 cfgmgr32.dll kernel32.dll KernelBase.dll gdi32.dll user32.dll lpk.dll usp10.dll msvcrt.dll imm32.dll msctf.dll ole32.dll rpcrt4.dll rpcrt4.dll cryptbase.dll comctl32.dll advapi32.dll sechost.dll cfgmgr32.dll ntdll.dll rpcrt4.dll system.runtime.remoting.ni.dll wow64cpu.dll kernel32.dll kernel32.dll kernel32.dll user32.dll kernel32.dll System.Data.dll msvcrt.dll oleacc.dll user32.dll gdi32.dll lpk.dll usp10.dll advapi32.dll sechost.dll rpcrt4.dll sspicli.dll cryptbase.dll imm32.dll dhcpcsvc6.dll ntshrui.dll,normal
 ntdll.dll kernel32.dll kernelbase.dll advapi32.dll msvcrt.dll ntdll.dll rpcrt4.dll user32.dll gdi32.dll lpk.dll usp10.dll ole32.dll wow64cpu.dll tquery.dll tquery.dll wbemcomn.dll msshooks.dll msshooks.dll imm32.dll msctf.dll srvcli.dll shell32.dll clbcatq.dll cryptsp.dll system.configuration.dll rpcrtremote.dll mssprxy.dll mapi32.dll mssph.dll wow64cpu.dll wldap32.dll authz.dll ntdll.dll comctl32.dll propsys.dll api-ms-win-core-file-l2-1-0.dll setupapi.dll cfgmgr32.dll devobj.dll System.Runtime.Serialization.ni.dll,normal
 ntdll.dll RpcRtRemote.dll kernelbase.dll gdi32.dll user32.dll mscorlib.ni.dll imagehlp.dll ole32.dll imm32.dll msctf.dll lpk.dll rpcrt4.dll oleaut32.dll cryptbase.dll clbcatq.dll advapi32.dll sechost.dll system.directoryservices.ni.dll rpcrt4.dll kernelbase.dll gdi32.dll ntdll.dll version.dll usp10.dll msvcrt.dll imm32.dll msctf.dll ole32.dll rpcrt4.dll oleaut32.dll ntdll.dll,normal
 ntdll.dll kernel32.dll KernelBase.dll dnsapi.dll msvcrt.dll sechost.dll smdiagnostics.dll dui70.dll mscoree.dll ole32.dll gdi32.dll user32.dll lpk.dll security.dll oleaut32.dll imm32.dll msctf.dll cryptbase.dll cryptsp.dll rsaenh.dll RpcRtRemote.dll clbcatq.dll rsaenh.dll mscoreei.dll wtsapi32.dll advapi32.dll shlwapi.dll shell32.dll profapi.dll mpr.dll mscorjit.dll mscorlib.dll mscorlib.dll rpcrt4.dll System.IdentityModel.Selectors.dll mscorlib.dll System.ni.dll System.Workflow.ComponentModel.ni.dll System.Design.ni.dll Microsoft.Build.Utilities.ni.dll secur32.dll Microsoft.Build.Tasks.ni.dll System.Configuration.ni.dll System.Drawing.ni.dll rpcrtremote.dll System.Xml.ni.dll mscorlib.dll System.Transactions.dll dhcpcsvc.dll imm32.dll System.Transactions.dll System.Transactions.dll System.Web.ni.dll System.Web.dll System.Web.dll System.Web.dll System.Web.dll ntdll.dll kernel32.dll KernelBase.dll msvcrt.dll ole32.dll gdi32.dll msvcrt.dll lpk.dll mscorwks.dll rpcrt4.dll imm32.dll msctf.dll cryptbase.dll clbcatq.dll advapi32.dll sechost.dll oleaut32.dll sspicli.dll rsaenh.dll RpcRtRemote.dll uxtheme.dll shacct.dll comctl32.dll shlwapi.dll usp10.dll ntdll.dll IDStore.dll,normal
 ntdll.dll,normal
 crypt32.dll kernel32.dll KernelBase.dll msvcrt.dll ole32.dll gdi32.dll user32.dll lpk.dll gdi32.dll dhcpcsvc.dll imm32.dll msctf.dll version.dll clbcatq.dll advapi32.dll system.printing.dll oleaut32.dll combase.dll cryptui.dll crypt32.dll msasn1.dll comctl32.dll shlwapi.dll uxtheme.dll msctf.dll dui70.dll eappcfg.dll SndVolSSO.dll user32.dll MMDevAPI.dll propsys.dll setupapi.dll cfgmgr32.dll devobj.dll dwmapi.dll win32u.dll WindowsCodecs.dll shell32.dll VaultCredProvider.dll RpcRtRemote.dll wtsapi32.dll winsta.dll SmartcardCredentialProvider.dll BioCredProv.dll secur32.dll sspicli.dll winbio.dll credui.dll vaultcli.dll netapi32.dll netutils.dll srvcli.dll wkscli.dll samcli.dll System.Core.dll rasplap.dll rasapi32.dll rasman.dll kernel32.dll nsi.dll rtutils.dll oleacc.dll imm32.dll psapi.dll cscapi.dll System.Configuration.ni.dll shell32.dll imageres.dll msimg32.dll,normal
 ntdll.dll ntdll.dll kernel32.dll wow64win.dll wow64cpu.dll kernel32.dll kernel32.dll kernel32.dll user32.dll kernel32.dll KernelBase.dll msvcrt.dll dhcpcsvc6.dll msvcrt.dll gdi32.dll lpk.dll usp10.dll mscorlib.dll sechost.dll clbcatq.dll sspicli.dll srvcli.dll imm32.dll msctf.dll apphelp.dll,normal
 ntdll.dll kernel32.dll urlmon.dll advapi32.dll msvcrt.dll sechost.dll gdi32.dll wmiutils.dll bcryptprimitives.dll kernel.appcore.dll,normal
 ntdll.dll kernel32.dll kernelbase.dll user32.dll oleacc.dll kernel32.dll imm32.dll msctf.dll combase.dll rpcrt4.dll kernel.appcore.dll netshell.dll bcryptprimitives.dll sechost.dll uxtheme.dll cryptsp.dll msvcrt.dll bcrypt.dll clbcatq.dll ole32.dll rpcrt4.dll bcp47langs.dll winsta.dll dui70.dll oleaut32.dll mscms.dll dwmapi.dll winsrv.dll shell32.dll shlwapi.dll sfc_os.dll profapi.dll gpapi.dll tipres.dll comctl32.dll gdi32.dll gdiplus.dll LspWaoIe.dll msvcrt.dll tiptsf.dll oleacc.dll,normal
 ntdll.dll ntdll.dll wow64.dll wow64win.dll wow64cpu.dll kernel32.dll schannel.dll kernel32.dll user32.dll kernel32.dll KernelBase.dll mscoree.dll winbrand.dll user32.dll clbcatq.dll advapi32.dll usp10.dll advapi32.dll sechost.dll wow64win.dll sspicli.dll cryptbase.dll imm32.dll msctf.dll wow64cpu.dll,normal
 ntdll.dll kernel32.dll kernelbase.dll gdi32.dll gdi32full.dll user32.dll win32u.dll msvcrt.dll combase.dll ucrtbase.dll rpcrt4.dll bcryptprimitives.dll crypt32.dll cryptsp.dll msasn1.dll user32.dll ntdll.dll amsi.dll comctl32.dll windowscodecsext.dll msctfmonitor.dll profapi.dll msimg32.dll winsta.dll oleaut32.dll msvcp_win.dll imm32.dll msutb.dll wtsapi32.dll shell32.dll sxs.dll wow64.dll powrprof.dll advapi32.dll shlwapi.dll kernel.appcore.dll sensapi.dll uxtheme.dll wintrust.dll clbcatq.dll cryptsp.dll rsaenh.dll setupapi.dll msctf.dll amsiproxy.dll cryptbase.dll mscorjit.dll slc.dll urlmon.dll iertutil.dll ole32.dll System.Transactions.dll kbd101.dll kbd106.dll kbdnec.dll kbd106.dll inputswitch.dll bcp47langs.dll dui70.dll duser.dll xmllite.dll gdi32.dll kernel32.dll credui.dll audioses.dll kernel32.dll wintypes.dll propsys.dll msadcer.dll dhcpcsvc6.dll uianimation.dll windows.ui.creddialogcontroller.dll d3d11.dll dxgi.dll windows.ui.xamlhost.dll avrt.dll d3d10warp.dll resourcepolicyclient.dll windows.ui.cred.dll sxs.dll dcomp.dll mrmcorer.dll sensapi.dll windows.ui.xaml.dll coremessaging.dll windows.ui.immersive.dll twinapi.appcore.dll igd10iumd64.dll ncrypt.dll ntasn1.dll ntdll.dll ntdll.dll windows.globalization.dll windows.globalization.fontgroups.dll fontgroupsoverride.dll fontglyphanimator.dll windows.internal.ui.logon.proxystub.dll imm32.dll version.dll dwmapi.dll ntmarta.dll policymanager.dll dhcpcsvc.dll imecfm.dll wer.dll ninput.dll lpk.dll,normal
 ntdll.dll XamlBuildTask.ni.dll wcp.dll kernelbase.dll kernelbase.dll gdi32.dll user32.dll cryptsp.dll msvcrt.dll imm32.dll oleaut32.dll combase.dll msctf.dll System.AddIn.dll rpcrt4.dll,normal
 ntdll.dll sechost.dll kernel32.dll kernelbase.dll kernelbase.dll msvcrt.dll msvcrt.dll system.design.dll shcore.dll rpcrt4.dll rpcrt4.dll combase.dll ucrtbase.dll rpcrtremote.dll bcryptprimitives.dll rpcrt4.dll oleaut32.dll msvcp_win.dll shell32.dll nsi.dll version.dll usp10.dll sechost.dll msctf.dll msvcp110_win.dll msvcp110_win.dll userenv.dll userenv.dll profapi.dll windows.storage.dll windows.storage.dll shlwapi.dll gdi32.dll wbemcore.dll msvcrt.dll win32u.dll kernel.appcore.dll MMCFxCommon.dll filterlib.dll fltlib.dll dmiso8601utils.dll system.configuration.ni.dll clbcatq.dll usoapi.dll usoapi.dll taskschd.dll taskschd.dll imm32.dll kernel32.dll xmllite.dll xmllite.dll wtsapi32.dll wtsapi32.dll winsta.dll winsta.dll shell32.dll cfgmgr32.dll,normal
 ntdll.dll ntdll.dll wow64.dll imm32.dll wow64cpu.dll kernel32.dll kernel32.dll kernel32.dll user32.dll kernel32.dll imm32.dll msvcrt.dll winbrand.dll user32.dll gdi32.dll ntdll.dll usp10.dll kernel32.dll sechost.dll rpcrt4.dll sspicli.dll cryptbase.dll imm32.dll msctf.dll system.security.dll,normal
 system.web.regularexpressions.dll kernel32.dll kernelbase.dll gdi32.dll user32.dll usp10.dll usp10.dll msvcrt.dll kernel32.dll msctf.dll ole32.dll rpcrt4.dll oleaut32.dll System.XML.dll wow64.dll advapi32.dll sechost.dll ntdll.dll ntdll.dll usp10.dll wow64win.dll wow64cpu.dll kernel32.dll kernel32.dll kernel32.dll user32.dll kernel32.dll kernelbase.dll rpcrt4.dll winbrand.dll user32.dll oleaut32.dll wow64cpu.dll dwmapi.dll advapi32.dll kernelbase.dll rpcrt4.dll sspicli.dll cryptbase.dll imm32.dll msctf.dll apphelp.dll,normal
 msftedit.dll msimg32.dll user32.dll winmm.dll winmmbase.dll,normal
 ntdll.dll kernel32.dll kernelbase.dll msvcrt.dll combase.dll rpcrt4.dll kernel.appcore.dll bcryptprimitives.dll twinapi.appcore.dll sechost.dll System.Speech.ni.dll profapi.dll bcrypt.dll wintypes.dll user32.dll gdi32.dll imm32.dll msctf.dll shcore.dll ntdll.dll imm32.dll cryptbase.dll mrmcorer.dll windows.ui.dll ninput.dll oleaut32.dll bcp47langs.dll clbcatq.dll actxprxy.dll system.configuration.dll cortana.backgroundtask.dll lpk.dll cortana.core.dll aistokenmanager.dll imm32.dll urlmon.dll advapi32.dll shlwapi.dll onlineservices.dll cryptbase.dll windows.storage.applicationdata.dll user32.dll wow64win.dll sechost.dll windows.globalization.dll,normal
 ntdll.dll ntdll.dll kernel32.dll clbcatq.dll api-ms-win-core-processthreads-l1-1-1.dll advapi32.dll api-ms-win-crt-heap-l1-1-0.dll propsys.dll kernel32.dll combase.dll oleaut32.dll user32.dll ntdll.dll tquery.dll imm32.dll msshooks.dll System.Drawing.Design.dll shlwapi.dll sechost.dll sechost.dll rpcrt4.dll rpcrt4.dll gdi32.dll msctf.dll kernel.appcore.dll shsvcs.dll cryptbase.dll cryptbase.dll bcryptprimitives.dll bcryptprimitives.dll clbcatq.dll cryptsp.dll cryptsp.dll crypt32.dll windowsbase.dll bcrypt.dll bcrypt.dll mssprxy.dll kernel.appcore.dll shcore.dll ninput.dll,normal
 ntdll.dll ntdll.dll wow64.dll wow64win.dll duser.dll kernel32.dll kernel32.dll kernel32.dll sechost.dll kernel32.dll KernelBase.dll advapi32.dll msvcrt.dll sechost.dll rpcrt4.dll sspicli.dll cryptbase.dll kernel32.dll imageres.dll nsi.dll winnsi.dll dhcpcsvc.dll user32.dll shell32.dll shlwapi.dll gdi32.dll user32.dll lpk.dll usp10.dll mscoree.dll imm32.dll msctf.dll clbcatq.dll oleaut32.dll cryptsp.dll sspicli.dll ntdll.dll msvcrt.dll ntdll.dll kernel32.dll KernelBase.dll ole32.dll user32.dll sqmapi.dll cryptsp.dll msvcrt.dll imm32.dll msctf.dll ole32.dll rpcrt4.dll ole32.dll cryptbase.dll mrmcorer.dll advapi32.dll sechost.dll ntdll.dll kernel32.dll rsaenh.dll gdi32.dll user32.dll sensapi.dll usp10.dll msvcrt.dll imm32.dll msctf.dll ole32.dll rpcrt4.dll oleaut32.dll cryptbase.dll clbcatq.dll advapi32.dll sechost.dll ntdll.dll ntdll.dll wow64.dll wow64win.dll wow64cpu.dll wldap32.dll kernel32.dll wdscore.dll user32.dll kernel32.dll KernelBase.dll msvcrt.dll winbrand.dll mscoree.dll system.management.ni.dll lpk.dll usp10.dll system.web.dll sechost.dll rpcrt4.dll user32.dll cryptbase.dll imm32.dll sechost.dll apphelp.dll,normal
 wkscli.dll kernel32.dll kernelbase.dll msi.dll winbrand.dll dnsapi.dll gdi32.dll lpk.dll usp10.dll imm32.dll msctf.dll advapi32.dll sechost.dll rpcrt4.dll apphelp.dll,normal
 cryptsp.dll winnsi.dll userenv.dll sspicli.dll,normal
 ntdll.dll kernel32.dll BioCredProv.dll advapi32.dll msvcrt.dll sechost.dll rpcrt4.dll msvcr120_clr0400.dll mscoree.dll ole32.dll shlwapi.dll user32.dll lpk.dll usp10.dll oleaut32.dll imm32.dll msctf.dll cryptbase.dll sechost.dll rsaenh.dll RpcRtRemote.dll cryptsp.dll sxs.dll winscard.dll kernel32.dll system.web.extensions.dll shlwapi.dll shell32.dll profapi.dll mscorlib.ni.dll mscorjit.dll presentationcore.dll mscorlib.dll version.dll mscorlib.dll mscorlib.dll dpx.dll System.Drawing.ni.dll System.Windows.Forms.ni.dll System.Security.ni.dll Accessibility.ni.dll System.Configuration.ni.dll System.Xml.ni.dll shell32.dll System.Deployment.ni.dll ntdll.dll ntdll.dll wow64.dll wow64win.dll wow64cpu.dll kernel32.dll kernel32.dll kernel32.dll user32.dll sxs.dll KernelBase.dll api-ms-win-core-kernel32-private-l1-1-1.dll msvcrt.dll sechost.dll schedsvc.dll rasadhlp.dll cryptbase.dll advapi32.dll mscoree.dll cryptbase.dll gdi32.dll user32.dll lpk.dll usp10.dll oleaut32.dll imm32.dll dwmapi.dll cryptsp.dll rsaenh.dll advapi32.dll clbcatq.dll sxs.dll mscoreei.dll mscorwks.dll msvcr80.dll shlwapi.dll shell32.dll profapi.dll mscorlib.ni.dll mscorjit.dll mscorlib.dll mscorlib.dll version.dll mscorlib.dll mscorlib.dll sechost.dll PresentationFramework.Luna.dll PresentationFramework.Luna.dll PresentationFramework.Luna.dll PresentationFramework.Luna.dll System.ni.dll WindowsBase.ni.dll PresentationCore.ni.dll PresentationFramework.ni.dll PresentationFramework.dll sspicli.dll PresentationFramework.dll PresentationFramework.dll WindowsBase.dll WindowsBase.dll WindowsBase.dll WindowsBase.dll System.dll System.dll msvcrt.dll user32.dll PresentationCore.dll PresentationCore.dll PresentationCore.dll PresentationCore.dll ntdll.dll kernel32.dll msftedit.dll msvcrt.dll ole32.dll winsta.dll user32.dll lpk.dll usp10.dll rpcrt4.dll imm32.dll ncryptsslp.dll cryptbase.dll clbcatq.dll advapi32.dll oleaut32.dll oleaut32.dll fltlib.dll msctf.dll RpcRtRemote.dll uxtheme.dll kernel32.dll System.Web.dll shlwapi.dll userenv.dll msvcrt.dll IDStore.dll ntdll.dll kernel32.dll KernelBase.dll advapi32.dll msvcrt.dll gdi32full.dll shlwapi.dll rpcrt4.dll user32.dll gdi32.dll lpk.dll sechost.dll sppuinotify.dll microsoft-windows-hal-events.dll ole32.dll setupapi.dll wininet.dll oleaut32.dll vssapi.dll cryptsp.dll rsaenh.dll RpcRtRemote.dll sensapi.dll ntdll.dll netutils.dll gdi32.dll wkscli.dll ole32.dll msvcrt.dll cbscore.dll xolehlp.dll apphelp.dll System.EnterpriseServices.dll microsoft.visualstudio.tools.applications.runtime.v9.0.ni.dll virtdisk.dll fltLib.dll imm32.dll devobj.dll cryptbase.dll clbcatq.dll vss_ps.dll samlib.dll rpcrt4.dll propsys.dll devobj.dll mfcsubs.dll sxs.dll msxml3.dll bcrypt.dll wintrust.dll dhcpcsvc6.dll msasn1.dll,normal
 system.windows.forms.dll dpx.dll windows.ui.creddialogcontroller.dll wow64win.dll wow64cpu.dll kernel32.dll kernel32.dll kernel32.dll clbcatq.dll kernel32.dll kernelbase.dll msvcrt.dll winbrand.dll usp10.dll gdi32.dll lpk.dll usp10.dll advapi32.dll accessibility.ni.dll rpcrt4.dll sspicli.dll cryptbase.dll imm32.dll msctf.dll apphelp.dll,normal
 ntdll.dll kernel32.dll kernelbase.dll system.xml.dll combase.dll rpcrt4.dll kernelbase.dll cryptbase.dll bcryptprimitives.dll clbcatq.dll user32.dll gdi32.dll sechost.dll cryptsp.dll rsaenh.dll bcrypt.dll idstore.dll dhcpcsvc.dll wow64cpu.dll,normal
 KernelBase.dll cfgmgr32.dll wow64cpu.dll devobj.dll setupapi.dll rpcrt4.dll oleaut32.dll devobj.dll setupapi.dll cfgmgr32.dll oleaut32.dll devobj.dll,normal
 ntdll.dll ntdll.dll kernel32.dll rpcrt4.dll kernelbase.dll msvcrt.dll msvcrt.dll combase.dll sspicli.dll ucrtbase.dll sspicli.dll rpcrt4.dll bcryptprimitives.dll bcryptprimitives.dll dfsrress.dll kernel.appcore.dll twinapi.appcore.dll twinapi.appcore.dll sechost.dll sechost.dll rmclient.dll rmclient.dll imm32.dll pcasvc.dll shcore.dll system.windows.forms.ni.dll ole32.dll win32u.dll gdi32.dll gdi32full.dll msvcp_win.dll oleacc.dll imm32.dll ieui.dll clbcatq.dll profapi.dll onecoreuapcommonproxystub.dll onecoreuapcommonproxystub.dll System.ni.dll windows.ui.dll textinputframework.dll inputhost.dll coreuicomponents.dll coreuicomponents.dll coremessaging.dll coremessaging.dll advapi32.dll advapi32.dll ntmarta.dll ntmarta.dll languageoverlayutil.dll shell32.dll wow64.dll usp10.dll uxtheme.dll uxtheme.dll ieshims.dll biwinrt.dll oleaut32.dll contentdeliverymanager.background.dll policymanager.dll policymanager.dll sspicli.dll sspicli.dll slc.dll slc.dll wldp.dll wldp.dll cryptbase.dll cdp.dll ws2_32.dll ws2_32.dll lpk.dll msvcp110_win.dll profapi.dll cfgmgr32.dll rpcrtremote.dll msasn1.dll msasn1.dll wintrust.dll winhttp.dll winhttp.dll sppc.dll sppc.dll iphlpapi.dll ncrypt.dll ncrypt.dll bcrypt.dll bcrypt.dll rpcrtremote.dll ntdll.dll cryptsp.dll SensApi.dll windows.storage.applicationdata.dll windows.storage.applicationdata.dll logoncli.dll threadpoolwinrt.dll api-ms-win-core-threadpool-legacy-l1-1-0.dll windows.applicationmodel.background.timebroker.dll windows.applicationmodel.background.timebroker.dll usp10.dll windows.applicationmodel.background.systemeventsbroker.dll,normal
 msswch.dll msswch.dll msftedit.dll kernel32.dll mapi32.dll wpdshext.dll imageres.dll wow64cpu.dll mapi32.dll,normal
 auditcse.dll,normal
 setupapi.dll winbrand.dll kernel32.dll kernelbase.dll kernelbase.dll sechost.dll advapi32.dll mscorwks.dll msvcrt.dll sechost.dll sechost.dll rpcrt4.dll rpcrt4.dll ucrtbase.dll ucrtbase.dll ole32.dll winnsi.dll bcryptprimitives.dll bcryptprimitives.dll gdi32.dll imm32.dll shell32.dll msvcp_win.dll user32.dll win32u.dll oleaut32.dll shell32.dll cryptsp.dll shcore.dll shcore.dll windows.storage.dll windows.storage.dll shlwapi.dll kernel.appcore.dll kernel.appcore.dll profapi.dll gpapi.dll filterlib.dll fltlib.dll msvcp110_win.dll msasn1.dll wintrust.dll browcli.dll setupapi.dll kernel32.dll unpshared.dll netapi32.dll gdi32.dll userenv.dll gdi32.dll sechost.dll bcrypt.dll bcrypt.dll dsreg.dll dsreg.dll msvcp110_win.dll msvcp110_win.dll cryptsp.dll cryptsp.dll wkscli.dll netutils.dll dpapi.dll dpapi.dll updatepolicy.dll updatepolicy.dll policymanager.dll kerberos.dll cryptbase.dll System.Data.dll rasman.dll flightsettings.dll flightsettings.dll bcd.dll msasn1.dll policymanager.dll PresentationCore.dll gdi32.dll ws2_32.dll ondemandconnroutehelper.dll lpk.dll iphlpapi.dll user32.dll webio.dll mswsock.dll mswsock.dll iphlpapi.dll winnsi.dll winnsi.dll nsi.dll nsi.dll sspicli.dll ws2_32.dll usp10.dll rasadhlp.dll rasadhlp.dll fwpuclnt.dll schannel.dll schannel.dll mskeyprotect.dll mskeyprotect.dll ncrypt.dll ncrypt.dll ntasn1.dll ntasn1.dll ncryptsslp.dll ncryptsslp.dll cryptnet.dll rpcrt4.dll rsaenh.dll cryptbase.dll gdi32.dll ondemandconnroutehelper.dll user32.dll updatepolicy.dll updatepolicy.dll ondemandconnroutehelper.dll ondemandconnroutehelper.dll api-ms-win-crt-heap-l1-1-0.dll ucrtbase.dll ondemandconnroutehelper.dll ondemandconnroutehelper.dll,normal
 ntdll.dll kernel32.dll kernelbase.dll gdi32.dll setupapi.dll lpk.dll Microsoft-Windows-HomeGroupDiagnostic.NetListMgr.Interop.dll msvcrt.dll imm32.dll msctf.dll ole32.dll rpcrt4.dll oleaut32.dll uxtheme.dll dwmapi.dll oleaut32.dll shlwapi.dll comctl32.dll shlwapi.dll winnsi.dll netprofm.dll shell32.dll comctl32.dll oleacc.dll imecfm.dll winnsi.dll msswch.dll winmm.dll,normal
 ntdll.dll ntdll.dll wow64.dll windowsbase.dll cryptsp.dll kernel32.dll kernel32.dll kernel32.dll usp10.dll System.Windows.Forms.ni.dll kernelbase.dll advapi32.dll msvcrt.dll sechost.dll rpcrt4.dll sspicli.dll cryptbase.dll msvcrt.dll gdi32.dll user32.dll lpk.dll apphelp.dll mfc42u.dll ole32.dll kernel32.dll odbc32.dll shell32.dll shlwapi.dll wininet.dll kernel32.dll system.security.dll msasn1.dll iertutil.dll winmm.dll ws2_32.dll nsi.dll imm32.dll lpk.dll odbcint.dll uxtheme.dll riched32.dll riched20.dll imm32.dll comctl32.dll ole32.dll clbcatq.dll shell32.dll shell32.dll shell32.dll tiptsf.dll msado15.dll msdart.dll cryptsp.dll rsaenh.dll RpcRtRemote.dll oledb32.dll bcrypt.dll kernel32.dll comsvcs.dll atl.dll msvcrt.dll msjetoledb40.dll msjet40.dll kernel32.dll msjter40.dll msjint40.dll windows.storage.applicationdata.dll msadrh15.dll msjtes40.dll version.dll vbajet32.dll expsrv.dll kernel32.dll oleaut32.dll msadcer.dll mscorlib.dll apphelp.dll ieframe.dll psapi.dll mssprxy.dll ntmarta.dll wldap32.dll PeerDistSh.dll sspicli.dll devobj.dll,caidao
 ntdll.dll sppcext.dll wow64.dll wbemprox.dll wow64cpu.dll kernel32.dll kernel32.dll kernel32.dll webio.dll kernel32.dll userenv.dll msvcrt.dll winbrand.dll user32.dll dui70.dll lpk.dll usp10.dll advapi32.dll sechost.dll rpcrt4.dll mscorsvc.dll wmsgapi.dll imm32.dll msctf.dll apphelp.dll,normal
 ntdll.dll kernel32.dll kernelbase.dll advapi32.dll msvcrt.dll oleaut32.dll ole32.dll rpcrt4.dll oleaut32.dll secur32.dll crypt32.dll sechost.dll sechost.dll ntdll.dll gdi32.dll shlwapi.dll sspicli.dll msasn1.dll userenv.dll profapi.dll oleaut32.dll version.dll version.dll version.dll,normal
 ntdll.dll kernel32.dll dnsapi.dll advapi32.dll msvcrt.dll sechost.dll rpcrt4.dll user32.dll rpcrt4.dll winbrand.dll gdi32.dll ole32.dll msutb.dll mscoree.dll usp10.dll imm32.dll msctf.dll ucrtbase.dll rpcrtremote.dll atl.dll clbcatq.dll shell32.dll normaliz.dll rpcrt4.dll setupapi.dll ntmarta.dll wldap32.dll ntdll.dll shdocvw.dll nsi.dll cfgmgr32.dll devobj.dll linkinfo.dll ntshrui.dll srvcli.dll userenv.dll cscapi.dll slc.dll cryptsp.dll rsaenh.dll mscoreei.dll version.dll mscorwks.dll mscorwks.dll mscorwks.dll msvcr80.dll psapi.dll mscorlib.ni.dll system.ni.dll sspicli.dll secur32.dll imm32.dll system.management.automation.ni.dll system.core.ni.dll microsoft.powershell.commands.diagnostics.ni.dll system.configuration.install.ni.dll ntdll.dll system.transactions.ni.dll msdart.dll nsi.dll system.transactions.dll microsoft.powershell.commands.utility.ni.dll microsoft.powershell.commands.management.ni.dll microsoft.powershell.security.dll apphelp.dll culture.dll mscorjit.dll system.xml.dll system.management.ni.dll system.directoryservices.ni.dll shfolder.dll rpcrtremote.dll system.data.ni.dll rasapi32.dll rasman.dll mswsock.dll wship6.dll winhttp.dll rpcrt4.dll winnsi.dll dhcpcsvc6.dll system.data.dll dhcpcsvc.dll credssp.dll crypt32.dll msvcrt.dll imageres.dll system.configuration.dll system.configuration.ni.dll system.data.oracleclient.dll rasadhlp.dll usp10.dll system.security.ni.dll bcrypt.dll KernelBase.dll wbemcomn.dll wbemprox.dll webio.dll wminet_utils.dll setupapi.dll napinsp.dll devobj.dll winrnr.dll wshbth.dll wbemsvc.dll fastprox.dll FCRegSvc.dll windows.devices.sensors.dll wshqos.dll wshqos.dll wshqos.dll wow64win.dll cryptdll.dll diasymreader.dll,empire
 ntdll.dll kernel32.dll advapi32.dll gdi32.dll user32.dll lpk.dll usp10.dll msvcrt.dll msvcrt.dll msctf.dll ole32.dll rpcrt4.dll oleaut32.dll cryptbase.dll sechost.dll advapi32.dll msobjs.dll ntdll.dll kernel32.dll SensApi.dll msvcrt.dll winbrand.dll user32.dll gdi32.dll lpk.dll usp10.dll wups.dll msctf.dll apphelp.dll,normal
 ntdll.dll mscorwks.dll user32.dll advapi32.dll msvcrt.dll kernel32.dll ole32.dll oleaut32.dll shlwapi.dll user32.dll shell32.dll mscoree.dll sechost.dll kernel32.dll gdi32.dll combase.dll wintypes.dll msctf.dll dhcpcsvc6.dll cryptbase.dll bcryptprimitives.dll uxtheme.dll clbcatq.dll shcore.dll userenv.dll usp10.dll twinapi.dll rsaenh.dll kernelbase.dll linkinfo.dll ntshrui.dll usp10.dll srvcli.dll setupapi.dll cfgmgr32.dll cscapi.dll cryptsp.dll rsaenh.dll bcrypt.dll ntmarta.dll mscoreei.dll user32.dll msvcr120_clr0400.dll mscorlib.ni.dll clrjit.dll kernel32.dll system.core.ni.dll version.dll psapi.dll sxsstore.dll system.xml.ni.dll system.directoryservices.ni.dll system.management.ni.dll system.configuration.install.ni.dll presentationframework.royale.dll system.transactions.dll system.configuration.dll system.configuration.ni.dll secur32.dll wow64.dll system.data.ni.dll system.data.dll ws2_32.dll nsi.dll crypt32.dll msasn1.dll bcrypt.dll version.dll shlwapi.dll rtutils.dll npmproxy.dll winhttp.dll winnsi.dll dhcpcsvc6.dll RpcRtRemote.dll msvcrt.dll wmiutils.dll msasn1.dll wbemprox.dll wminet_utils.dll wminet_utils.dll sxs.dll pnrpnsp.dll mscoree.dll dnsapi.dll winrnr.dll wshbth.dll rasadhlp.dll wbemsvc.dll fastprox.dll,empire
 ntdll.dll kernel32.dll kernelbase.dll bcryptprimitives.dll version.dll system.data.sqlxml.dll user32.dll shlwapi.dll gdi32.dll msvcrt.dll lpk.dll usp10.dll advapi32.dll sechost.dll lpk.dll winmm.dll userenv.dll shell32.dll imm32.dll msctf.dll chrome_child.dll ws2_32.dll nsi.dll user32.dll ole32.dll oleaut32.dll oleacc.dll psapi.dll wtsapi32.dll WindowsCodecs.dll crypt32.dll msasn1.dll dwrite.dll dxgi.dll dwmapi.dll dbghelp.dll comdlg32.dll wow64win.dll winhttp.dll msxml3.dll urlmon.dll wininet.dll msvcrt.dll secur32.dll dhcpcsvc.dll system.data.services.design.dll kernelbase.dll cfgmgr32.dll devobj.dll ntdll.dll mscoreei.dll uiautomationcore.dll sspicli.dll ddraw.dll dciman32.dll libglesv2.dll ntdll.dll,normal
 ntdll.dll kernel32.dll KernelBase.dll rpcrt4.dll combase.dll rpcrt4.dll kernel.appcore.dll cryptbase.dll bcryptprimitives.dll clbcatq.dll profapi.dll gdi32.dll sechost.dll cryptsp.dll profapi.dll bcrypt.dll winnsi.dll userenv.dll profapi.dll,normal
 ntdll.dll kernel32.dll kernelbase.dll SensApi.dll msvcrt.dll sechost.dll cryptbase.dll ole32.dll gdi32.dll user32.dll imm32.dll usp10.dll imm32.dll msctf.dll cryptbase.dll rpcrtremote.dll cryptsp.dll rpcrt4.dll dnsapi.dll ws2_32.dll nsi.dll rpcrt4.dll clbcatq.dll user32.dll taskschd.dll crypt32.dll sppwinob.dll sppobjs.dll sppobjs.dll,normal
 ntdll.dll ntdll.dll wow64.dll wow64win.dll user32.dll kernel32.dll kernel32.dll kernel32.dll lpk.dll kernel32.dll kernelbase.dll msvcrt.dll cryptsp.dll rpcrt4.dll imm32.dll user32.dll advapi32.dll sechost.dll rpcrt4.dll comctl32.dll cryptbase.dll lpk.dll usp10.dll version.dll imm32.dll msctf.dll sxs.dll clbcatq.dll vbscript.dll advapi32.dll wintrust.dll gdi32.dll msasn1.dll cryptbase.dll propsys.dll msisip.dll crypt32.dll comctl32.dll shell32.dll shell32.dll scrobj.dll msi.dll scrrun.dll,normal
 uxtheme.dll kernel32.dll kernelbase.dll msvcrt.dll conhostv2.dll combase.dll ucrtbase.dll rpcrt4.dll sechost.dll gdi32.dll gdi32full.dll user32.dll System.Drawing.dll imm32.dll sechost.dll msvcp_win.dll propsys.dll winnsi.dll shcore.dll sqmapi.dll kernelbase.dll windows.storage.dll powrprof.dll System.Activities.Presentation.ni.dll shlwapi.dll kernel.appcore.dll profapi.dll uxtheme.dll imm32.dll tiptsf.dll dwmapi.dll System.Configuration.ni.dll clbcatq.dll uiautomationcore.dll userenv.dll sxs.dll kernelbase.dll ole32.dll version.dll iertutil.dll sqmapi.dll crypt32.dll ncrypt.dll msasn1.dll bcrypt.dll ntasn1.dll advapi32.dll msvcp110_win.dll dui70.dll imecfm.dll wer.dll,normal
 pcasvc.dll kernel32.dll sechost.dll shlwapi.dll msvcrt.dll sechost.dll shlwapi.dll shell32.dll shlwapi.dll gdi32.dll cbscore.dll lpk.dll usp10.dll imm32.dll msctf.dll ole32.dll ole32.dll uxtheme.dll propsys.dll winbrand.dll comctl32.dll clbcatq.dll profapi.dll urlmon.dll api-ms-win-downlevel-ole32-l1-1-0.dll ucrtbase.dll api-ms-win-downlevel-advapi32-l1-1-0.dll api-ms-win-downlevel-user32-l1-1-0.dll api-ms-win-downlevel-version-l1-1-0.dll version.dll psapi.dll cryptsp.dll wininet.dll userenv.dll secur32.dll sspicli.dll setupapi.dll rsaenh.dll devobj.dll mpr.dll,normal
 ntdll.dll kernel32.dll KernelBase.dll msctf.dll msvcrt.dll wldp.dll rpcrt4.dll user32.dll gdi32.dll lpk.dll usp10.dll ole32.dll windows.storage.dll shlwapi.dll shell32.dll sechost.dll imm32.dll clbcatq.dll,normal
 ntdll.dll kernel32.dll ws2_32.dll user32.dll duser.dll lpk.dll usp10.dll msvcrt.dll winsta.dll rpcrt4.dll imm32.dll msctf.dll profapi.dll sechost.dll rpcrtremote.dll apphelp.dll kbd101.dll kbd106.dll sechost.dll auditcse.dll shlwapi.dll lpk.dll kbdnec.dll kbd106.dll profapi.dll uxinit.dll sspicli.dll,normal
 ntdll.dll ntdll.dll wow64.dll wow64win.dll wow64cpu.dll System.Web.RegularExpressions.ni.dll shlwapi.dll oledb32r.dll user32.dll filterlib.dll npmproxy.dll advapi32.dll msvcrt.dll sechost.dll msvcr120_clr0400.dll sspicli.dll cryptbase.dll msvcrt.dll ws2_32.dll nsi.dll winnsi.dll sppc.dll dhcpcsvc6.dll shell32.dll shlwapi.dll gdi32.dll user32.dll lpk.dll gdi32.dll ole32.dll imm32.dll msctf.dll clbcatq.dll api-ms-win-service-core-l1-1-0.dll cryptsp.dll gdi32.dll RpcRtRemote.dll wevtapi.dll,normal
 ntdll.dll kernel32.dll kernelbase.dll gdi32.dll msasn1.dll lpk.dll usp10.dll msvcrt.dll advapi32.dll msctf.dll ole32.dll ucrtbase.dll oleaut32.dll cryptbase.dll clbcatq.dll system.xml.ni.dll sechost.dll,normal
 ntdll.dll kernel32.dll clbcatq.dll msvcp110_win.dll secur32.dll windowsbase.dll usp10.dll msvcrt.dll imm32.dll msctf.dll ole32.dll rpcrt4.dll oleaut32.dll cryptbase.dll clbcatq.dll advapi32.dll shell32.dll ntdll.dll ntdll.dll wow64.dll secur32.dll wow64cpu.dll kernel32.dll kernel32.dll pwrshmsg.dll user32.dll kernel32.dll KernelBase.dll wow64cpu.dll winbrand.dll system.data.ni.dll gdi32.dll wow64win.dll usp10.dll advapi32.dll sechost.dll mscoree.dll sspicli.dll cryptbase.dll imm32.dll msctf.dll apphelp.dll,normal
 ntdll.dll wow64cpu.dll wow64.dll wow64win.dll wow64cpu.dll kernel32.dll kernel32.dll kernel32.dll msvcrt.dll kernel32.dll kernelbase.dll advapi32.dll msvcrt.dll cryptsp.dll rpcrt4.dll sspicli.dll cryptbase.dll dnsapi.dll ws2_32.dll nsi.dll winnsi.dll kernel.appcore.dll dhcpcsvc6.dll shell32.dll shlwapi.dll gdi32.dll user32.dll lpk.dll usp10.dll ole32.dll imm32.dll cryptsp.dll clbcatq.dll RpcRtRemote.dll user32.dll netprofm.dll msvcr120_clr0400.dll user32.dll ntdll.dll kernel32.dll kernelbase.dll gdi32.dll user32.dll lpk.dll usp10.dll msvcrt.dll imm32.dll System.ni.dll samcli.dll rpcrt4.dll kernel32.dll imm32.dll ntdll.dll wow64.dll mscorwks.dll spoolss.dll kernel32.dll igd10iumd64.dll kernel32.dll user32.dll kernel32.dll nlaapi.dll msvcrt.dll ole32.dll user32.dll gdi32.dll lpk.dll usp10.dll advapi32.dll sechost.dll rpcrt4.dll sspicli.dll cryptbase.dll imm32.dll gdi32.dll apphelp.dll,normal
 msvcrt.dll kernel32.dll KernelBase.dll advapi32.dll msvcrt.dll system.data.dll rpcrt4.dll msctf.dll user32.dll rpcrt4.dll usp10.dll ole32.dll msimg32.dll wmsgapi.dll wow64.dll winmm.dll userenv.dll profapi.dll winsta.dll crypt32.dll rpcrt4.dll MsCtfMonitor.dll msctf.dll imm32.dll msutb.dll comctl32.dll shlwapi.dll ntdll.dll sspicli.dll shell32.dll cryptbase.dll uxtheme.dll crypt32.dll cryptsp.dll rsaenh.dll imagehlp.dll rsaenh.dll bcryptprimitives.dll ncrypt.dll gpapi.dll cryptnet.dll Wldap32.dll ole32.dll version.dll clbcatq.dll cryptsp.dll clrjit.dll user32.dll api-ms-win-downlevel-shlwapi-l1-1-0.dll api-ms-win-downlevel-advapi32-l1-1-0.dll api-ms-win-downlevel-user32-l1-1-0.dll api-ms-win-downlevel-version-l1-1-0.dll api-ms-win-downlevel-normaliz-l1-1-0.dllnormaliz.dll iertutil.dll rmclient.dll,normal
 msctf.dll mydocs.dll wpdshext.dll msswch.dll ntdll.dll devicecenter.dll kernel.appcore.dll mssvp.dll msctf.dll devicecenter.dll mssvp.dll bcrypt.dll devicecenter.dll cfgmgr32.dll mapi32.dll sendmail.dll secur32.dll wpdshext.dll msvcrt.dll mssvp.dll System.Web.Entity.dll wpdshext.dll wpdshext.dll mssvp.dll mapi32.dll wpdshext.dll mssvp.dll duser.dll wpdshext.dll mssvp.dll mapi32.dll user32.dll user32.dll mapi32.dll wpdshext.dll user32.dll mapi32.dll wpdshext.dll mssvp.dll mapi32.dll wpdshext.dll mpr.dll mapi32.dll mssvp.dll ntdll.dll wpdshext.dll wpdshext.dll samcli.dll msvcr90.dll wpdshext.dll mssvp.dll sechost.dll wpdshext.dll mssvp.dll mapi32.dll gdi32.dll mssvp.dll mapi32.dll wpdshext.dll msctf.dll mapi32.dll wpdshext.dll mssvp.dll dsprop.dll wpdshext.dll sspicli.dll mapi32.dll System.ServiceModel.ni.dll mapi32.dll wpdshext.dll wpdshext.dll mssvp.dll mapi32.dll wldap32.dll mssvp.dll mapi32.dll wpdshext.dll rpcrt4.dll mapi32.dll taskschd.dll kbd101.dll mapi32.dll networkitemfactory.dll clbcatq.dll mssvp.dll mapi32.dll wpdshext.dll msoshext.dll wpdshext.dll sendmail.dll wmiutils.dll sendmail.dll mydocs.dll wpdshext.dll sendmail.dll mydocs.dll wpdshext.dll kernelbase.dll devicecenter.dll mssvp.dll mapi32.dll devicecenter.dll devicecenter.dll mssvp.dll mapi32.dll wpdshext.dll cryptbase.dll mssvp.dll mapi32.dll devicecenter.dll system.web.dll mapi32.dll propsys.dll mssvp.dll mapi32.dll sendmail.dll mydocs.dll wpdshext.dll acppage.dll msswch.dll wpdshext.dll mimilib.dll mimilib.dll imm32.dll GdiPlus.dll acppage.dll sendmail.dll ntdll.dll wpdshext.dll sendmail.dll mydocs.dll cryptbase.dll msswch.dll devicecenter.dll devicecenter.dll rpcrt4.dll mssvp.dll mapi32.dll devicecenter.dll mssvp.dll ntdll.dll devicecenter.dll mssvp.dll apphelp.dll devicecenter.dll devicecenter.dll mssvp.dll mapi32.dll kernel32.dll mssvp.dll mapi32.dll devicecenter.dll mssvp.dll mapi32.dll System.Data.SqlXml.ni.dll mssvp.dll mapi32.dll sendmail.dll mydocs.dll wpdshext.dll system.runtime.serialization.formatters.soap.dll devicecenter.dll mssvp.dll mapi32.dll devicecenter.dll mssvp.dll mapi32.dll oleaut32.dll sechost.dll mapi32.dll combase.dll kernelbase.dll wpdshext.dll cscui.dll devicecenter.dll devicecenter.dll mssvp.dll netutils.dll urlmon.dll mssvp.dll mapi32.dll devicecenter.dll mssvp.dll mapi32.dll devicecenter.dll mssvp.dll cryptbase.dll devicecenter.dll mssvp.dll mapi32.dll devicecenter.dll mssvp.dll mapi32.dll devicecenter.dll mssvp.dll mapi32.dll iconv.dll devicecenter.dll mssvp.dll dpx.dll devicecenter.dll ole32.dll mapi32.dll devicecenter.dll mssvp.dll mapi32.dll smiengine.dll devicecenter.dll msvcrt.dll mapi32.dll devicecenter.dll mssvp.dll clbcatq.dll sendmail.dll user32.dll wow64cpu.dll msswch.dll imageres.dll imageres.dll apphelp.dll imageres.dll imageres.dll oleacc.dll devicecenter.dll imageres.dll imageres.dll imageres.dll imageres.dll imageres.dll imageres.dll advapi32.dll imageres.dll user32.dll sensapi.dll npmproxy.dll devicecenter.dll imageres.dll imageres.dll imageres.dll imageres.dll imageres.dll imageres.dll imageres.dll imm32.dll imageres.dll imageres.dll system.web.ni.dll devicecenter.dll imageres.dll system.configuration.install.dll mscorlib.dll imageres.dll imageres.dll imageres.dll imageres.dll imageres.dll imageres.dll kernel32.dll imageres.dll kernelbase.dll dsrole.dll imageres.dll imageres.dll imageres.dll imageres.dll sendmail.dll ntdll.dll wpdshext.dll msswch.dll imageres.dll imageres.dll usp10.dll imageres.dll imageres.dll imageres.dll gdi32.dll imageres.dll imageres.dll imageres.dll imageres.dll system.security.dll imageres.dll imageres.dll sppuinotify.dll sppuinotify.dll devicecenter.dll imageres.dll imageres.dll imageres.dll imageres.dll imageres.dll webio.dll imageres.dll wminet_utils.dll imageres.dll imageres.dll rpcrtremote.dll devicecenter.dll imageres.dll imageres.dll imageres.dll kernel32.dll imageres.dll rpcrt4.dll imageres.dll imageres.dll msctf.dll ehstorapi.dll msvcr120_clr0400.dll System.dll mscoreei.dll version.dll clr.dll clr.dll taskschd.dll msctf.dll lpk.dll ntdll.dll kernel32.dll kernelbase.dll KernelBase.dll advapi32.dll sechost.dll rpcrt4.dll rsaenh.dll gdi32.dll user32.dll lpk.dll usp10.dll ole32.dll kernel32.dll imm32.dll usp10.dll cryptbase.dll fusion.dll IDStore.dll,normal
 wer.dll bcryptprimitives.dll wow64.dll System.Runtime.Serialization.dll wow64cpu.dll kernel32.dll kernel32.dll kernel32.dll usp10.dll kernel32.dll sechost.dll msvcrt.dll winbrand.dll user32.dll gdi32.dll lpk.dll usp10.dll rsaenh.dll sechost.dll rpcrt4.dll sspicli.dll cryptbase.dll imm32.dll msctf.dll cryptsp.dll,normal
 ntdll.dll kernel32.dll microsoft.security.applicationid.policymanagement.policymanager.ni.dll gdi32.dll wow64win.dll msvcp_win.dll profapi.dll user32.dll win32u.dll msvcrt.dll combase.dll msctf.dll bcrypt.dll crypt32.dll msasn1.dll sechost.dll system.servicemodel.ni.dll userenv.dll version.dll comctl32.dll msctf.dll oleaut32.dll imm32.dll system.drawing.ni.dll wtsapi32.dll shell32.dll cfgmgr32.dll ntdll.dll windows.storage.dll rpcrt4.dll shlwapi.dll kernel.appcore.dll ExplorerFrame.dll wmsgapi.dll uxtheme.dll amsi.dll msctfmonitor.dll msimg32.dll msutb.dll wintrust.dll cryptsp.dll rsaenh.dll bcrypt.dll cryptbase.dll wow64cpu.dll imagehlp.dll gpapi.dll urlmon.dll iertutil.dll propsys.dll wow64cpu.dll dwmapi.dll ole32.dll bcp47langs.dll gdi32.dll wintypes.dll dwrite.dll uianimation.dll d3d11.dll dxgi.dll d3d10warp.dll resourcepolicyclient.dll user32.dll wincredui.dll wintypes.dll textinputframework.dll ntdll.dll coremessaging.dll ntmarta.dll usermgrcli.dll dcomp.dll sensapi.dll mrmcorer.dll windows.ui.dll windows.ui.xaml.dll secur32.dll audioses.dll mmdevapi.dll avrt.dll urlmon.dll twinapi.appcore.dll rdpendp.dll winmm.dll msacm32.dll winmmbase.dll shlwapi.dll user32.dll kbd101.dll wkscli.dll windows.globalization.fontgroups.dll fontgroupsoverride.dll version.dll oleacc.dll apphelp.dll ntasn1.dll policymanager.dll msvcp110_win.dll imecfm.dll wer.dll directmanipulation.dll inputswitch.dll duser.dll xmllite.dll windows.ui.creddialogcontroller.dll devobj.dll wintrust.dll uiautomationcore.dll clr.dll windows.ui.cred.dll fontglyphanimator.dll windows.internal.ui.logon.proxystub.dll ninput.dll,normal
 ntdll.dll kernel32.dll kernelbase.dll System.Security.dll user32.dll lpk.dll kernelbase.dll msasn1.dll imm32.dll msctf.dll System.Drawing.dll rpcrt4.dll oleaut32.dll shlwapi.dll clbcatq.dll advapi32.dll sechost.dll ntdll.dll ntdll.dll wow64.dll wow64win.dll wow64cpu.dll kernel32.dll kernel32.dll kernel32.dll user32.dll kernel32.dll kernelbase.dll advapi32.dll msvcrt.dll sechost.dll system.configuration.dll sspicli.dll cryptbase.dll dnsapi.dll ws2_32.dll advapi32.dll user32.dll lpk.dll usp10.dll mapi32.dll msctf.dll winnsi.dll dhcpcsvc.dll dhcpcsvc6.dll shell32.dll shlwapi.dll ole32.dll clbcatq.dll oleaut32.dll cryptsp.dll rsaenh.dll rpcrtremote.dll oleaut32.dll version.dll wow64.dll kernel32.dll kernelbase.dll advapi32.dll msvcrt.dll sechost.dll rpcrt4.dll shell32.dll shlwapi.dll gdi32.dll user32.dll lpk.dll System.configuration.dll bcryptprimitives.dll sendmail.dll system.xml.ni.dll windows.ui.immersive.dll kernelbase.dll crypt32.dll user32.dll lpk.dll usp10.dll msvcrt.dll imm32.dll msctf.dll ole32.dll rpcrt4.dll oleaut32.dll kernel32.dll clbcatq.dll combase.dll sechost.dll ntdll.dll kernel32.dll kernelbase.dll oleaut32.dll msvcr80.dll lpk.dll rpcrt4.dll msvcrt.dll updatepolicy.dll msctf.dll ole32.dll rpcrt4.dll oleaut32.dll sspicli.dll rpcrtremote.dll advapi32.dll sechost.dll ole32.dll msctf.dll kernelbase.dll clbcatq.dll user32.dll lpk.dll kernel32.dll msvcrt.dll imm32.dll msobjs.dll ole32.dll rpcrt4.dll oleaut32.dll msswch.dll mscorlib.dll sechost.dll energy.dll cryptbase.dll clbcatq.dll shell32.dll shlwapi.dll comctl32.dll oleacc.dll imecfm.dll version.dll ntdll.dll,normal
 System.Data.OracleClient.dll mscorlib.dll wow64.dll wow64win.dll wow64cpu.dll kernel32.dll kernel32.dll lpk.dll comctl32.dll firewallapi.dll KernelBase.dll msvcrt.dll winbrand.dll user32.dll gdi32.dll lpk.dll usp10.dll kernel32.dll sechost.dll rpcrt4.dll sspicli.dll cryptbase.dll imm32.dll msctf.dll apphelp.dll,normal
 mscoree.dll mscoreei.dll uxtheme.dll msvcr120_clr0400.dll msctf.dll cryptsp.dll kernel32.dll KernelBase.dll iertutil.dll advapi32.dll sechost.dll rpcrt4.dll shlwapi.dll gdi32.dll user32.dll lpk.dll usp10.dll imm32.dll cryptbase.dll fusion.dll cryptsp.dll rsaenh.dll ntdll.dll kernel32.dll KernelBase.dll advapi32.dll msvcrt.dll sechost.dll rpcrt4.dll msvcr120_clr0400.dll mscoree.dll ole32.dll gdi32.dll user32.dll lpk.dll usp10.dll advapi32.dll imm32.dll System.dll cryptbase.dll profapi.dll oleaut32.dll dui70.dll clbcatq.dll rpcrtremote.dll mscorjit.dll clr.dll shlwapi.dll mscorlib.ni.dll clrjit.dll oleacc.dll mscorlib.dll mscorlib.dll System.ni.dll sspicli.dll system.runtime.serialization.formatters.soap.ni.dll Microsoft.PowerShell.Commands.Utility.ni.dll ntdll.dll System.Configuration.ni.dll ntdll.dll,normal
 System.Xml.ni.dll kernelbase.dll KernelBase.dll gdi32.dll gdi32full.dll user32.dll win32u.dll msvcrt.dll combase.dll ucrtbase.dll rpcrt4.dll bcryptprimitives.dll crypt32.dll sspicli.dll msasn1.dll sechost.dll wmsgapi.dll oleaut32.dll comctl32.dll imm32.dll MsCtfMonitor.dll wow64win.dll msimg32.dll winsta.dll oleaut32.dll msvcp_win.dll imm32.dll ntdll.dll wtsapi32.dll shell32.dll cfgmgr32.dll windows.storage.dll powrprof.dll clbcatq.dll shlwapi.dll kernel.appcore.dll SHCore.dll oleaut32.dll wintrust.dll sechost.dll cryptsp.dll rsaenh.dll bcrypt.dll sspicli.dll amsiproxy.dll cryptbase.dll imagehlp.dll kernel.appcore.dll urlmon.dll iertutil.dll ole32.dll dwmapi.dll kernelbase.dll kbd106.dll kbdnec.dll kbd106.dll InputSwitch.dll shlwapi.dll api-ms-win-downlevel-advapi32-l1-1-0.dll duser.dll user32.dll DWrite.dll WindowsCodecs.dll credui.dll AudioSes.dll MMDevAPI.dll WinTypes.dll propsys.dll devobj.dll wincredui.dll UIAnimation.dll Windows.UI.CredDialogController.dll d3d11.dll dxgi.dll oleaut32.dll avrt.dll d3d10warp.dll mso40uiwin32client.dll Windows.UI.Cred.dll wincorlib.dll dcomp.dll msctf.dll Windows.UI.dll advapi32.dll CoreMessaging.dll Windows.UI.Immersive.dll twinapi.appcore.dll igd10iumd64.dll ncrypt.dll kernelbase.dll user32.dll d2d1.dll mscoree.dll msctfmonitor.dll advapi32.dll FontGlyphAnimator.dll Windows.Internal.UI.Logon.ProxyStub.dll directmanipulation.dll mssprxy.dll sechost.dll System.Configuration.Install.ni.dll policymanager.dll dmdskres.dll imecfm.dll wer.dll ninput.dll UIAutomationCore.dll,normal
 usocore.dll usocore.dll dmcmnutils.dll resutils.dll xmllite.dll msimg32.dll wow64.dll cryptsp.dll cryptsp.dll windows.storage.dll shlwapi.dll filterlib.dll fltlib.dll updatehandlers.dll kernel32.dll wuapi.dll wuapi.dll kernel32.dll wups.dll taskschd.dll taskschd.dll sspicli.dll sspicli.dll oleacc.dll ntmarta.dll wtsapi32.dll shlwapi.dll winsta.dll winsta.dll ole32.dll usoapi.dll usoapi.dll flightsettings.dll flightsettings.dll bcd.dll bcd.dll windows.web.dll cryptbase.dll iertutil.dll iertutil.dll waasassessment.dll waasassessment.dll wintypes.dll wintypes.dll logoncli.dll utcutil.dll utcutil.dll netutils.dll wow64.dll dcntel.dll appraiser.dll appraiser.dll setupapi.dll kernel.appcore.dll gdiplus.dll netapi32.dll version.dll tdh.dll tdh.dll samcli.dll mintdh.dll mintdh.dll rsaenh.dll rsaenh.dll nsi.dll ondemandconnroutehelper.dll winnsi.dll riched20.dll windows.security.authentication.onlineid.dll windows.security.authentication.onlineid.dll shlwapi.dll ntdll.dll Microsoft.Powershell.Workflow.ServiceCore.dll dhcpcsvc6.dll dhcpcsvc6.dll usp10.dll webio.dll dnsapi.dll rasadhlp.dll SensApi.dll msvcrt.dll cryptbase.dll rpcrt4.dll mskeyprotect.dll ws2_32.dll rsaenh.dll ncrypt.dll msctf.dll ntasn1.dll ncryptsslp.dll ncryptsslp.dll utcutil.dll gdi32.dll cryptbase.dll secur32.dll dcntel.dll imageres.dll appraiser.dll appraiser.dll setupapi.dll wdscore.dll shell32.dll gdiplus.dll netapi32.dll tdh.dll tdh.dll version.dll mintdh.dll mintdh.dll samcli.dll rsaenh.dll npmproxy.dll windows.networking.connectivity.dll linkinfo.dll devobj.dll wlanapi.dll waasmedicps.dll shcore.dll wups.dll wups.dll onecorecommonproxystub.dll netprofm.dll ondemandconnroutehelper.dll ondemandconnroutehelper.dll cryptnet.dll dmiso8601utils.dll sspicli.dll imagehlp.dll updatenotificationhelpers.dll api-ms-win-service-management-l1-1-0.dll shell32.dll setupapi.dll netapi32.dll unpshared.dll unpshared.dll wkscli.dll dsreg.dll dsreg.dll netutils.dll devobj.dll configmanager2.dll configmanager2.dll dmcfgutils.dll dmcfgutils.dll cryptsp.dll dmxmlhelputils.dll dmoleaututils.dll dmoleaututils.dll winhttp.dll wwapi.dll dmenrollengine.dll dmenrollengine.dll enterpriseresourcemanager.dll wship6.dll System.Configuration.dll dmcsps.dll omadmapi.dll omadmapi.dll cryptbase.dll iri.dll utcutil.dll utcutil.dll logoncli.dll dcntel.dll dcntel.dll netutils.dll dmapisetextimpldesktop.dll kbd101.dll appraiser.dll appraiser.dll wdscore.dll setupapi.dll netapi32.dll mobilebroadbandaccountapi.dll mbaeapipublic.dll mobilenetworking.dll gdiplus.dll system.enterpriseservices.ni.dll version.dll System.Data.Linq.ni.dll tdh.dll tdh.dll wow64cpu.dll perfnet.dll profapi.dll utcutil.dll logoncli.dll dcntel.dll dcntel.dll netutils.dll api-ms-win-crt-convert-l1-1-0.dll appraiser.dll setupapi.dll shell32.dll wdscore.dll gdiplus.dll netapi32.dll RpcRtRemote.dll tdh.dll tdh.dll mintdh.dll mintdh.dll samcli.dll utcutil.dll utcutil.dll logoncli.dll dcntel.dll dcntel.dll netutils.dll appraiser.dll appraiser.dll kernel32.dll shell32.dll imm32.dll netapi32.dll gdiplus.dll version.dll cryptbase.dll ole32.dll bcryptprimitives.dll mintdh.dll samcli.dll webservices.dll webservices.dll utcutil.dll utcutil.dll logoncli.dll dcntel.dll stdole.ni.dll netutils.dll appraiser.dll appraiser.dll wdscore.dll setupapi.dll gdiplus.dll netapi32.dll shell32.dll msctf.dll tdh.dll mintdh.dll mintdh.dll version.dll samcli.dll ondemandconnroutehelper.dll ondemandconnroutehelper.dll kernel32.dll msi.dll msi.dll,normal
 System.Web.RegularExpressions.ni.dll kernel32.dll kernelbase.dll advapi32.dll msvcrt.dll wow64win.dll rpcrt4.dll ole32.dll microsoft.visualc.ni.dll user32.dll lpk.dll samcli.dll imm32.dll system.security.ni.dll wdscore.dll oleaut32.dll shell32.dll shlwapi.dll dbghelp.dll cryptbase.dll cbscore.dll version.dll crypt32.dll sxs.dll wintrust.dll userenv.dll profapi.dll ktmw32.dll cscapi.dll dpx.dll dpx.dll wcp.dll drupdate.dll ntdll.dll cfgmgr32.dll devobj.dll oleaut32.dll wrpint.dll mscoree.dll System.Web.Routing.ni.dll winhttp.dll kernel32.dll winhttp.dll webio.dll sensapi.dll cryptsp.dll rsaenh.dll msctf.dll clbcatq.dll cbsapi.dll smipi.dll gdi32.dll ntdll.dll ntdll.dll wow64.dll wow64win.dll wow64cpu.dll kernel32.dll kernel32.dll user32.dll user32.dll kernel32.dll kernelbase.dll msvcrt.dll winbrand.dll user32.dll gdi32.dll lpk.dll usp10.dll advapi32.dll sechost.dll napinit.ni.dll sspicli.dll oleaut32.dll imm32.dll ws2_32.dll lpk.dll,normal
 ntdll.dll ntdll.dll userenv.dll wow64win.dll wow64cpu.dll kernel32.dll kernel32.dll kernel32.dll user32.dll kernel32.dll KernelBase.dll ncrypt.dll sechost.dll rpcrt4.dll sspicli.dll cryptbase.dll dnsapi.dll ws2_32.dll nsi.dll winnsi.dll cryptbase.dll dhcpcsvc6.dll shell32.dll System.AddIn.ni.dll rsaenh.dll ole32.dll oleaut32.dll msctf.dll clbcatq.dll oleaut32.dll cryptsp.dll rsaenh.dll gpapi.dll wevtapi.dll user32.dll duser.dll wintrust.dll mscoree.dll,normal
 ntdll.dll kernel32.dll kernelbase.dll advapi32.dll imm32.dll sechost.dll sppcommdlg.dll setupetw.dll win32u.dll UIAutomationCore.dll gdi32full.dll msvcp_win.dll ucrtbase.dll shell32.dll cfgmgr32.dll shcore.dll combase.dll bcryptprimitives.dll windows.storage.dll shlwapi.dll kernel.appcore.dll powrprof.dll ntdll.dll uxtheme.dll user32.dll ole32.dll propsys.dll imm32.dll clbcatq.dll advapi32.dll windows.staterepository.dll staterepository.core.dll urlmon.dll rpcrt4.dll cryptbase.dll msiso.dll wintrust.dll,normal
 ntdll.dll ntdll.dll msftedit.dll kernelbase.dll kernelbase.dll ws2_32.dll ws2_32.dll sechost.dll sechost.dll dui70.dll system.drawing.design.ni.dll nsi.dll nsi.dll ucrtbase.dll ucrtbase.dll vcruntime140.dll ntdll.dll presentationframework.dll ucrtbase.dll mswsock.dll mswsock.dll msvcrt.dll msvcrt.dll user32.dll gdi32.dll imm32.dll mswstr10.dll napinsp.dll wow64win.dll pnrpnsp.dll mscoreei.dll nlaapi.dll nlaapi.dll dnsapi.dll winrnr.dll bcrypt.dll bcrypt.dll msvcrt.dll wshbth.dll msctf.dll rasadhlp.dll rasadhlp.dll,HTran
 ntdll.dll kernel32.dll KernelBase.dll advapi32.dll msvcrt.dll sechost.dll rpcrt4.dll cfgmgr32.dll mscoree.dll ole32.dll gdi32.dll gdi32.dll lpk.dll netprofm.dll rasman.dll msctf.dll msctf.dll cryptbase.dll cryptsp.dll rsaenh.dll RpcRtRemote.dll taskschd.dll sxs.dll mscoreei.dll mscorwks.dll msvcr80.dll shlwapi.dll shell32.dll profapi.dll scrrun.dll mscorjit.dll mscorlib.dll mscorlib.dll ucrtbase.dll advapi32.dll mscorlib.dll System.ni.dll System.Configuration.ni.dll System.Xml.ni.dll System.Security.ni.dll,normal
 ntdll.dll sensapi.dll wow64win.dll wow64win.dll wow64cpu.dll kernel32.dll kernel32.dll kernel32.dll user32.dll kernel32.dll kernelbase.dll msvcrt.dll winbrand.dll user32.dll samlib.dll lpk.dll usp10.dll advapi32.dll sechost.dll rpcrt4.dll sspicli.dll cryptbase.dll gdi32.dll dbghelp.dll msisip.dll,normal
 ntdll.dll ntdll.dll wow64.dll wow64win.dll wow64cpu.dll kernel32.dll msvcrt.dll kernel32.dll user32.dll kernel32.dll shell32.dll msvcrt.dll usp10.dll user32.dll gdi32.dll oleaut32.dll usp10.dll msvcrt.dll SensApi.dll rpcrt4.dll sspicli.dll version.dll imm32.dll msctf.dll apphelp.dll,normal
 sspicli.dll sspicli.dll,normal
 ntdll.dll kernel32.dll kernelbase.dll msvcrt.dll System.Windows.Forms.dll mscorlib.dll user32.dll lpk.dll presentationcore.dll rpcrt4.dll oleaut32.dll msvcrt.dll msctf.dll cryptbase.dll sechost.dll advapi32.dll clbcatq.dll kernel32.dll wevtapi.dll sqmapi.dll aepic.dll cryptbase.dll sfc_os.dll lpk.dll shell32.dll shlwapi.dll profapi.dll sqlceoledb30.dll user32.dll sqlceqp30.dll winsatapi.dll dxgi.dll dwmapi.dll gdiplus.dll setupapi.dll cfgmgr32.dll devobj.dll wintrust.dll crypt32.dll SensApi.dll imagehlp.dll shell32.dll sspicli.dll xmllite.dll,normal
 ntdll.dll kernel32.dll kernelbase.dll gdi32.dll user32.dll lpk.dll usp10.dll msvcrt.dll oleacc.dll msctf.dll ole32.dll rpcrt4.dll userenv.dll cryptbase.dll clbcatq.dll advapi32.dll System.Data.OracleClient.dll ntdll.dll ntdll.dll wow64.dll authz.dll wow64cpu.dll kernel32.dll system.windows.forms.ni.dll kernel32.dll user32.dll kernel32.dll microsoft.windows.diagnosis.commands.updatediagrootcause.dll msvcrt.dll ole32.dll adtschema.dll user32.dll advapi32.dll sechost.dll rpcrt4.dll sspicli.dll cryptbase.dll mscms.dll usp10.dll imm32.dll msctf.dll clbcatq.dll ole32.dll cryptsp.dll rsaenh.dll vsstrace.dll dpx.dll shlwapi.dll actxprxy.dll comctl32.dll cryptnet.dll clbcatq.dll kernel32.dll riched20.dll mapi32.dll user32.dll rasapi32.dll iertutil.dll smiengine.dll imm32.dll ole32.dll rpcrt4.dll odbc32.dll advapi32.dll sechost.dll shlwapi.dll uxtheme.dll duser.dll imm32.dll usp10.dll odbcint.dll dui70.dll comctl32.dll winmmbase.dll cryptbase.dll urlmon.dll wininet.dll iertutil.dll crypt32.dll system.xml.ni.dll oleaut32.dll clbcatq.dll mmcbase.dll wbemcomn.dll atl.dll kernel32.dll mmcndmgr.dll oleacc.dll cryptsp.dll cryptsp.dll rpcrtremote.dll propsys.dll setupapi.dll devobj.dll msxml3.dll dwmapi.dll clbcatq.dll profapi.dll version.dll filemgmt.dll servdeps.dll mmfutil.dll gdi32.dll system.xml.ni.dll shlwapi.dll Microsoft.Office.Tools.v9.0.dll ws2_32.dll sensapi.dll Microsoft.VisualStudio.Tools.Applications.Hosting.v9.0.dll winnsi.dll ntmarta.dll wldap32.dll ieframe.dll mshtml.dll msls31.dll comctl32.dll system.management.ni.dll comdlg32.dll jscript.dll msimtf.dll,normal
 ntdll.dll,normal
 sspicli.dll kernel32.dll kernelbase.dll msvcrt.dll user32.dll gdi32.dll usp10.dll usp10.dll ole32.dll rpcrt4.dll oleaut32.dll shlwapi.dll ktmw32.dll imm32.dll msctf.dll version.dll sechost.dll cfgmgr32.dll wow64.dll kernel32.dll sspicli.dll taskschd.dll,normal
 eppmanifest.dll sendmail.dll mscorwks.dll wpdshext.dll,normal
 ntdll.dll kernel32.dll kernelbase.dll user32.dll msvcrt.dll sechost.dll rpcrt4.dll ole32.dll gdi32.dll user32.dll lpk.dll usp10.dll imm32.dll msctf.dll usp10.dll lpk.dll kernel32.dll rsaenh.dll microsoft.transactions.bridge.ni.dll sppwinob.dll sppobjs.dll sppobjs.dll ws2_32.dll ole32.dll kernel32.dll System.ServiceProcess.ni.dll taskschd.dll sspicli.dll dnsapi.dll setupapi.dll cfgmgr32.dll rsaenh.dll wintrust.dll crypt32.dll msasn1.dll,normal
 ntdll.dll kernel32.dll kernelbase.dll lpk.dll conhostv2.dll user32.dll kernel32.dll msctf.dll rpcrt4.dll kernel32.dll gdi32.dll gdi32full.dll user32.dll kernel32.dll oleaut32.dll shlwapi.dll sechost.dll imm32.dll propsys.dll shcore.dll wintypes.dll system.configuration.dll msctf.dll shlwapi.dll kernel.appcore.dll powrprof.dll wow64win.dll uxtheme.dll msctf.dll tiptsf.dll dwmapi.dll comctl32.dll textinputframework.dll coreuicomponents.dll clbcatq.dll ntmarta.dll wintypes.dll usermgrcli.dll clbcatq.dll uiautomationcore.dll sxs.dll oleacc.dll ole32.dll version.dll iertutil.dll crypt32.dll msasn1.dll ncrypt.dll System.Messaging.ni.dll ntasn1.dll policymanager.dll msvcp110_win.dll cryptbase.dll imecfm.dll wer.dll,normal
 ntdll.dll kernel32.dll imageres.dll advapi32.dll msvcrt.dll sechost.dll rpcrt4.dll user32.dll gdi32.dll imm32.dll usp10.dll ole32.dll shell32.dll wow64win.dll msctf.dll msctf.dll msvcr80.dll System.Security.ni.dll oleaut32.dll wow64cpu.dll rsaenh.dll rpcrtremote.dll ucrtbase.dll comctl32.dll actxprxy.dll rsaenh.dll dwmapi.dll syncinfrastructure.dll propsys.dll crypt32.dll System.Numerics.dll wtsapi32.dll setupapi.dll cfgmgr32.dll devobj.dll winsta.dll cscui.dll advapi32.dll cscapi.dll cscobj.dll userenv.dll profapi.dll,normal
 ntdll.dll combase.dll win32u.dll advapi32.dll msvcrt.dll sechost.dll rpcrt4.dll gdi32.dll user32.dll lpk.dll usp10.dll msswch.dll winmm.dll api-ms-win-core-memory-l1-1-2.dll ole32.dll ole32.dll oleacc.dll oleaut32.dll shlwapi.dll wmsgapi.dll duser.dll uxtheme.dll crypt32.dll advapi32.dll cryptbase.dll dui70.dll rpcrtremote.dll xmllite.dll clbcatq.dll cryptsp.dll rsaenh.dll rsaenh.dll tabskb.dll cfgmgr32.dll devobj.dll mmdevapi.dll propsys.dll ntdll.dll kernel32.dll kernelbase.dll gdi32.dll user32.dll lpk.dll usp10.dll msvcrt.dll imm32.dll msctf.dll ole32.dll rsaenh.dll oleaut32.dll cryptbase.dll clbcatq.dll advapi32.dll sechost.dll ntdll.dll ntdll.dll wow64.dll System.Deployment.dll wow64cpu.dll KernelBase.dll kernel32.dll kernel32.dll user32.dll clr.dll kernelbase.dll ole32.dll cryptsp.dll sechost.dll rpcrt4.dll shell32.dll cryptbase.dll dnsapi.dll ws2_32.dll nsi.dll winnsi.dll sspicli.dll dhcpcsvc6.dll shell32.dll shlwapi.dll gdi32.dll wintrust.dll lpk.dll api-ms-win-core-realtime-l1-1-0.dll ole32.dll imm32.dll msctf.dll webio.dll oleaut32.dll cryptsp.dll rsaenh.dll mscorlib.dll npmproxy.dll,normal
 ntdll.dll kernel32.dll kernelbase.dll gdi32.dll user32.dll ole32.dll usp10.dll msvcrt.dll imm32.dll msctf.dll ole32.dll rpcrt4.dll oleaut32.dll cryptbase.dll clbcatq.dll advapi32.dll sechost.dll kernel32.dll dxgi.dll rsaenh.dll kernel32.dll sechost.dll kernel32.dll kernel32.dll kernel32.dll user32.dll api-ms-win-downlevel-ole32-l1-1-0.dll kernelbase.dll rpcrt4.dll imm32.dll user32.dll gdi32.dll lpk.dll gdi32.dll advapi32.dll dsrole.dll rpcrt4.dll sspicli.dll cryptbase.dll imm32.dll msctf.dll apphelp.dll,normal
 msctf.dll ntdll.dll wow64.dll wow64win.dll wow64cpu.dll kernel32.dll sspicli.dll kernel32.dll user32.dll kernel32.dll KernelBase.dll advapi32.dll cryptbase.dll sxs.dll rpcrt4.dll sspicli.dll cryptbase.dll dnsapi.dll ws2_32.dll nsi.dll winnsi.dll dhcpcsvc.dll dhcpcsvc6.dll wtsapi32.dll ole32.dll gdi32.dll user32.dll gdi32.dll devobj.dll msvcrt.dll imm32.dll msctf.dll clbcatq.dll oleaut32.dll cryptsp.dll System.Activities.dll RpcRtRemote.dll wevtapi.dll ntdll.dll System.XML.dll wow64.dll wow64win.dll wow64cpu.dll ntdll.dll kernel32.dll kernel32.dll sechost.dll kernel32.dll KernelBase.dll advapi32.dll msvcrt.dll sechost.dll rpcrt4.dll sspicli.dll cryptbase.dll dnsapi.dll cryptbase.dll nsi.dll ntdll.dll dhcpcsvc.dll dhcpcsvc6.dll system.data.sqlxml.dll shlwapi.dll gdi32.dll clbcatq.dll lpk.dll usp10.dll ole32.dll nsi.dll msctf.dll clbcatq.dll oleaut32.dll cryptsp.dll rsaenh.dll RpcRtRemote.dll wevtapi.dll ntdll.dll ntdll.dll wow64.dll wow64win.dll wow64cpu.dll kernel32.dll kernel32.dll kernel32.dll user32.dll kernel32.dll KernelBase.dll advapi32.dll msvcrt.dll sechost.dll rpcrt4.dll kernel.appcore.dll cryptbase.dll dnsapi.dll ws2_32.dll nsi.dll winnsi.dll dhcpcsvc.dll dhcpcsvc6.dll shlwapi.dll shlwapi.dll gdi32.dll mscoree.dll lpk.dll usp10.dll ole32.dll imm32.dll msctf.dll shlwapi.dll oleaut32.dll cryptsp.dll rsaenh.dll RpcRtRemote.dll wevtapi.dll ntdll.dll msvcp140.dll rsaenh.dll gdi32.dll user32.dll user32.dll usp10.dll ole32.dll lpk.dll user32.dll cryptbase.dll shell32.dll oleaut32.dll cryptbase.dll clbcatq.dll advapi32.dll sechost.dll ntdll.dll Microsoft.Management.Infrastructure.Native.dll KernelBase.dll gdi32.dll user32.dll lpk.dll usp10.dll wups2.dll usp10.dll msctf.dll ole32.dll rpcrt4.dll oleaut32.dll ntdll.dll clbcatq.dll advapi32.dll sechost.dll clbcatq.dll kernel32.dll KernelBase.dll msvcrt.dll ole32.dll gdi32.dll osbaseln.dll Microsoft.JScript.dll usp10.dll spoolss.dll oleaut32.dll imm32.dll msctf.dll cryptbase.dll sechost.dll advapi32.dll kernel32.dll MsCtfMonitor.dll ntdll.dll winsta.dll wtsapi32.dll uxtheme.dll dwmapi.dll shlwapi.dll sspicli.dll kernel32.dll cryptsp.dll ninput.dll comctl32.dll wlanhlp.dll Wldap32.dll atl.dll crypt32.dll msasn1.dll dsrole.dll lpk.dll api-ms-win-core-processenvironment-l1-2-0.dll nlaapi.dll version.dll msvcrt.dll certcli.dll CertEnroll.dll,normal
 ntdll.dll ntdll.dll kernel32.dll kernelbase.dll kernelbase.dll shell32.dll msvcrt.dll msvcrt.dll cfgmgr32.dll ucrtbase.dll ucrtbase.dll shcore.dll shcore.dll rpcrt4.dll msvcr80.dll combase.dll bcryptprimitives.dll bcryptprimitives.dll windows.storage.dll windows.storage.dll advapi32.dll dnsapi.dll pla.dll sechost.dll shlwapi.dll gdi32.dll msctf.dll dnsapi.dll msvcp_win.dll user32.dll usp10.dll kernel.appcore.dll mscorlib.ni.dll profapi.dll powrprof.dll filterlib.dll fltlib.dll chrome_elf.dll ntdll.dll version.dll winbrand.dll api-ms-win-core-shutdown-l1-1-0.dll userenv.dll kernel32.dll cryptbase.dll cryptbase.dll sechost.dll chrome.dll chrome_child.dll ws2_32.dll user32.dll ole32.dll System.Xml.dll system.drawing.ni.dll msasn1.dll msasn1.dll crypt32.dll comdlg32.dll user32.dll iphlpapi.dll oleacc.dll uiautomationcore.dll uiautomationcore.dll wtsapi32.dll wtsapi32.dll wmsgapi.dll dxgi.dll dxgi.dll dbghelp.dll comctl32.dll usp10.dll winhttp.dll winhttp.dll system.dll ntdll.dll System.Xaml.dll secur32.dll dhcpcsvc.dll dhcpcsvc.dll nsi.dll system.transactions.dll kernelbase.dll propsys.dll bcrypt.dll bcrypt.dll userenv.dll iertutil.dll sspicli.dll sspicli.dll ntdll.dll ntdll.dll kernel32.dll kernelbase.dll kernelbase.dll msvcrt.dll msvcrt.dll fastprox.dll crypt32.dll rpcrt4.dll msvcrt.dll wbemcomn.dll combase.dll ucrtbase.dll ucrtbase.dll ws2_32.dll ws2_32.dll sspicli.dll rpcrt4.dll bcryptprimitives.dll bcryptprimitives.dll bcrypt.dll bcrypt.dll sechost.dll kbd106.dll advapi32.dll advapi32.dll user32.dll win32u.dll gdi32.dll wow64win.dll msvcp_win.dll msvcp_win.dll kernel.appcore.dll kernel.appcore.dll uxtheme.dll wbemprox.dll wbemprox.dll wow64win.dll wbemsvc.dll wbemsvc.dll wmiutils.dll wmiutils.dll psapi.dll cimwin32.dll powrprof.dll framedyn.dll wshqos.dll sspicli.dll sspicli.dll winbrand.dll winbrand.dll wldp.dll wldp.dll crypt32.dll msasn1.dll msasn1.dll wintrust.dll imm32.dll rsaenh.dll crypt32.dll msasn1.dll msasn1.dll wintrust.dll wldp.dll dhcpcsvc.dll crypt32.dll msasn1.dll msasn1.dll wintrust.dll advapi32.dll imageres.dll crypt32.dll msasn1.dll msasn1.dll wintrust.dll schannel.dll spoolss.dll crypt32.dll cscobj.dll msasn1.dll netapi32.dll samcli.dll srvcli.dll netutils.dll logoncli.dll kernelbase.dll cscapi.dll ole32.dll msvcr120_clr0400.dll cryptbase.dll KernelBase.dll dpx.dll usp10.dll security.dll secur32.dll secur32.dll schedcli.dll RpcRtRemote.dll kernel32.dll wmipcima.dll wmipcima.dll iepeers.dll wmi.dll wmiclnt.dll wmiclnt.dll dxgi.dll apphelp.dll setupapi.dll wintrust.dll setupapi.dll wintrust.dll dxgi.dll dxgi.dll davhlpr.dll wintrust.dll setupapi.dll wintrust.dll dxgi.dll dxgi.dll setupapi.dll wintrust.dll kernel32.dll imm32.dll dxgi.dll user32.dll kernel32.dll wintrust.dll setupapi.dll wintrust.dll dxgi.dll dxgi.dll shell32.dll tapi32.dll user32.dll wintrust.dll gdi32.dll dxgi.dll setupapi.dll wintrust.dll wintrust.dll wintrust.dll,normal
 ntdll.dll ntdll.dll wow64.dll wow64win.dll wow64cpu.dll kernel32.dll kernel32.dll kernel32.dll user32.dll kernel32.dll usp10.dll advapi32.dll msvcrt.dll sechost.dll rpcrt4.dll sspicli.dll cryptbase.dll dnsapi.dll ws2_32.dll nsi.dll winnsi.dll dhcpcsvc.dll dhcpcsvc6.dll shell32.dll uxtheme.dll d3d10level9.dll nsi.dll mscorlib.ni.dll usp10.dll ole32.dll windowsbase.dll msctf.dll clbcatq.dll oleaut32.dll cryptsp.dll version.dll sspicli.dll wevtapi.dll ntdll.dll ntdll.dll shell32.dll kernelbase.dll rpcrtremote.dll usp10.dll api-ms-win-core-file-l1-2-0.dll version.dll sechost.dll shlwapi.dll netplwiz.dll bcryptprimitives.dll ole32.dll Sens.dll mpr.dll imm32.dll msctf.dll comctl32.dll advapi32.dll sechost.dll cryptbase.dll,normal
 ntdll.dll gdi32.dll wow64.dll wow64win.dll wow64cpu.dll kernel32.dll mscorjit.dll kernel32.dll user32.dll userenv.dll KernelBase.dll advapi32.dll msvcrt.dll sechost.dll rpcrt4.dll sspicli.dll cryptbase.dll msvcr120_clr0400.dll mscoree.dll ole32.dll gdi32.dll user32.dll lpk.dll usp10.dll oleaut32.dll imm32.dll msctf.dll cryptsp.dll rsaenh.dll RpcRtRemote.dll clbcatq.dll uxtheme.dll mscoreei.dll shlwapi.dll shlwapi.dll mscorlib.ni.dll usp10.dll Microsoft.VisualStudio.Tools.Office.Runtime.Internal.dll Microsoft.VisualStudio.Tools.Office.Runtime.Internal.dll version.dll mscorlib.dll gdi32.dll ntdll.dll sspicli.dll System.dll ActionCenter.dll fusion.dll Microsoft.VisualStudio.Tools.Applications.Runtime.ni.dll System.Core.dll System.Core.dll System.AddIn.ni.dll System.Windows.Forms.ni.dll System.Web.dll sechost.dll userenv.dll System.Drawing.dll Microsoft.VisualStudio.Tools.Applications.Hosting.ni.dll System.Configuration.ni.dll System.Configuration.dll System.Configuration.dll System.Xml.ni.dll kernelbase.dll gdi32.dll,normal
 ntdll.dll cryptsp.dll wow64.dll gdi32.dll wow64cpu.dll kernel32.dll vsstrace.dll kernel32.dll msvcrt.dll kernel32.dll kernelbase.dll vbscript.dll msvcrt.dll sechost.dll rpcrt4.dll sspicli.dll cryptbase.dll sspicli.dll ehiwuapi.ni.dll nsi.dll winnsi.dll dhcpcsvc.dll dhcpcsvc6.dll shell32.dll shlwapi.dll gdi32.dll user32.dll lpk.dll usp10.dll ole32.dll imm32.dll msctf.dll clbcatq.dll oleaut32.dll cryptsp.dll rsaenh.dll System.DirectoryServices.Protocols.ni.dll wevtapi.dll ntdll.dll ntdll.dll wow64.dll wow64win.dll wow64cpu.dll kernel32.dll kernel32.dll kernel32.dll ntdll.dll kernel32.dll kernelbase.dll lpk.dll schedcli.dll dwmapi.dll gdi32.dll lpk.dll usp10.dll wow64.dll sechost.dll quartz.dll sspicli.dll cryptbase.dll msctf.dll msctf.dll apphelp.dll,normal
 ntdll.dll kernel32.dll kernelbase.dll msvcrt.dll user32.dll gdi32.dll lpk.dll usp10.dll kernelbase.dll ncrypt.dll winbrand.dll cryptsp.dll,normal
 wow64cpu.dll kernel32.dll devobj.dll apphelp.dll clbcatq.dll msvcr120_clr0400.dll sechost.dll rpcrt4.dll crypt32.dll msasn1.dll ole32.dll combase.dll gdi32.dll wininet.dll oleaut32.dll imm32.dll shell32.dll windows.storage.dll api-ms-win-core-localization-l1-2-0.dll shcore.dll System.Data.dll profapi.dll kernel32.dll cfgmgr32.dll netapi32.dll samlib.dll secur32.dll userenv.dll version.dll hid.dll winscard.dll winsta.dll system.configuration.install.dll srvcli.dll netutils.dll mscorlib.dll devobj.dll cryptsp.dll cryptbase.dll bcryptprimitives.dll logoncli.dll sspicli.dll imm32.dll msctf.dll rsaenh.dll vaultcli.dll wintypes.dll wintrust.dll cryptsp.dll cryptdll.dll,mimikatz
 mapi32.dll kernel32.dll KernelBase.dll gdi32.dll user32.dll lpk.dll usp10.dll msvcrt.dll imm32.dll msctf.dll ole32.dll ole32.dll microsoft.windows.diagnosis.sdengine.dll cryptbase.dll clbcatq.dll advapi32.dll sechost.dll ntdll.dll shell32.dll KernelBase.dll gdi32.dll clbcatq.dll system.transactions.dll sfc_os.dll msvcrt.dll imm32.dll msctf.dll ole32.dll rpcrt4.dll oleaut32.dll cryptbase.dll clbcatq.dll advapi32.dll ktmw32.dll api-ms-win-core-file-l1-2-0.dll kernel32.dll KernelBase.dll gdi32.dll user32.dll lpk.dll ntdll.dll samcli.dll imm32.dll msctf.dll ole32.dll rpcrt4.dll oleaut32.dll user32.dll clbcatq.dll advapi32.dll sechost.dll ntdll.dll rpcrt4.dll KernelBase.dll advapi32.dll msvcrt.dll sechost.dll rpcrt4.dll ole32.dll gdi32.dll user32.dll lpk.dll usp10.dll imm32.dll msctf.dll wdscore.dll oleaut32.dll shell32.dll shlwapi.dll dbghelp.dll shlwapi.dll CbsCore.dll version.dll scrrun.dll winbrand.dll wintrust.dll userenv.dll profapi.dll ktmw32.dll dpx.dll dpx.dll dpx.dll wcp.dll lpk.dll setupapi.dll cfgmgr32.dll devobj.dll mpr.dll RpcRtRemote.dll lpk.dll system.transactions.dll winhttp.dll webio.dll winhttp.dll webio.dll SensApi.dll cryptsp.dll rsaenh.dll RpcRtRemote.dll clbcatq.dll CbsApi.dll smipi.dll smiengine.dll ntdll.dll kernel32.dll KernelBase.dll gdi32.dll system.configuration.dll api-ms-win-service-core-l1-1-0.dll usp10.dll msvcrt.dll imm32.dll msctf.dll ole32.dll api-ms-win-crt-stdio-l1-1-0.dll oleaut32.dll usp10.dll kernel32.dll KernelBase.dll gdi32.dll usp10.dll imm32.dll usp10.dll msvcrt.dll imm32.dll msctf.dll system.runtime.serialization.formatters.soap.ni.dll rpcrt4.dll gdi32.dll cryptbase.dll clbcatq.dll combase.dll rpcrt4.dll kernel32.dll shell32.dll KernelBase.dll msvcrt.dll user32.dll lpk.dll usp10.dll kernel32.dll imm32.dll msctf.dll shell32.dll rpcrt4.dll oleaut32.dll ntdll.dll kernel32.dll KernelBase.dll gdi32.dll user32.dll lpk.dll nsi.dll msvcrt.dll imm32.dll msctf.dll uiautomationcore.dll rpcrt4.dll oleaut32.dll dsreg.dll clbcatq.dll advapi32.dll sechost.dll ntdll.dll kernel32.dll KernelBase.dll shell32.dll user32.dll authui.dll usp10.dll msvcrt.dll igd10iumd64.dll msctf.dll ole32.dll rpcrt4.dll UmOutlookAddin.dll cryptbase.dll clbcatq.dll advapi32.dll sechost.dll,normal
 dot3api.dll atl.dll eappcfg.dll,normal
 sendmail.dll mydocs.dll wpdshext.dll,normal
 msctf.dll msctf.dll ntdll.dll ntdll.dll kernel32.dll kernel32.dll sensapi.dll KernelBase.dll crypt32.dll msvcrt.dll rpcrt4.dll rpcrt4.dll gdi32.dll comctl32.dll user32.dll user32.dll lpk.dll lpk.dll usp10.dll shlwapi.dll ole32.dll ole32.dll kernel32.dll oleaut32.dll imm32.dll imm32.dll,normal
 msctf.dll cryptsp.dll kernel32.dll ntdll.dll msvcrt.dll api-ms-win-core-kernel32-legacy-l1-1-0.dll gdi32.dll user32.dll lpk.dll usp10.dll ole32.dll oleaut32.dll imm32.dll,normal
 ntdll.dll bcrypt.dll wow64.dll wow64win.dll wow64cpu.dll kernel32.dll kernel32.dll api-ms-win-crt-utility-l1-1-0.dll sspicli.dll kernel32.dll kernelbase.dll advapi32.dll wow64cpu.dll sechost.dll rpcrt4.dll sspicli.dll cryptbase.dll dnsapi.dll ws2_32.dll nsi.dll winnsi.dll dhcpcsvc.dll dhcpcsvc6.dll shell32.dll winnsi.dll System.Windows.Forms.dll oleaut32.dll lpk.dll usp10.dll ole32.dll kernel32.dll msctf.dll clbcatq.dll oleaut32.dll ntdll.dll rsaenh.dll rpcrtremote.dll dhcpcsvc.dll,normal
 ntdll.dll kernel32.dll KernelBase.dll advapi32.dll msvcrt.dll sechost.dll rpcrt4.dll msvcr120_clr0400.dll mscoree.dll ole32.dll gdi32.dll user32.dll lpk.dll usp10.dll oleaut32.dll imm32.dll msctf.dll ReachFramework.dll cryptsp.dll rsaenh.dll RpcRtRemote.dll clbcatq.dll sxs.dll mscoreei.dll mscorwks.dll msvcr80.dll shlwapi.dll shell32.dll profapi.dll mscorlib.ni.dll userenv.dll cryptbase.dll cfgmgr32.dll version.dll mscorlib.dll mscorlib.dll cryptsp.dll msctfmonitor.dll oledb32r.dll api-ms-win-downlevel-normaliz-l1-1-0.dll comctl32.dll riched20.dll imagehlp.dll ncrypt.dll bcrypt.dll winsta.dll userenv.dll PresentationUI.ni.dll comctl32.dll msswch.dll SensApi.dll System.ni.dll System.AddIn.ni.dll Microsoft.VisualStudio.Tools.Applications.AddInAdapter.v9.0.ni.dll shlwapi.dll System.Drawing.ni.dll System.Windows.Forms.ni.dll System.Data.ni.dll ws2_32.dll samlib.dll System.Runtime.Remoting.ni.dll System.Configuration.ni.dll System.Xml.ni.dll System.Data.dll System.Data.dll clbcatq.dll System.Data.dll System.Data.dll kernel32.dll kernel32.dll KernelBase.dll advapi32.dll msvcrt.dll secur32.dll cryptsp.dll msvcr120_clr0400.dll shell32.dll ole32.dll gdi32.dll user32.dll lpk.dll usp10.dll oleaut32.dll imm32.dll rpcrtremote.dll cryptbase.dll cryptsp.dll dimsjob.dll setupapi.dll clbcatq.dll sxs.dll mscoreei.dll mscorwks.dll msvcr80.dll lpk.dll shell32.dll shell32.dll mscorlib.ni.dll mscorjit.dll mscorlib.dll mscorlib.dll ntdll.dll mscorlib.dll mscorlib.dll system.xml.dll wintrust.dll crypt32.dll microsoft.office.tools.word.v9.0.ni.dll comctl32.dll riched20.dll kernel32.dll oleacc.dll bcrypt.dll mscoreei.dll adtschema.dll gpapi.dll cryptnet.dll Wldap32.dll SensApi.dll System.ni.dll System.Core.ni.dll sechost.dll clbcatq.dll uxtheme.dll ole32.dll System.AddIn.ni.dll combase.dll dnsapi.dll advapi32.dll System.Drawing.ni.dll Culture.dll Microsoft.VisualStudio.Tools.Office.Word.HostAdapter.v10.0.dll Microsoft.VisualStudio.Tools.Office.Word.HostAdapter.v10.0.dll Microsoft.VisualStudio.Tools.Office.Word.HostAdapter.v10.0.ni.dll Microsoft.VisualStudio.Tools.Office.Word.HostAdapter.v10.0.ni.dll dwmredir.dll ntdll.dll kernel32.dll KernelBase.dll advapi32.dll msvcrt.dll gdi32.dll kernel32.dll msvcr120_clr0400.dll oleaut32.dll KernelBase.dll gdi32.dll user32.dll bcp47langs.dll usp10.dll gdi32.dll imm32.dll msctf.dll cryptbase.dll sspicli.dll rsaenh.dll imageres.dll clbcatq.dll sxs.dll mscoreei.dll mscorwks.dll msvcr80.dll msvcrt.dll shell32.dll profapi.dll mscorlib.ni.dll cryptbase.dll mscorlib.dll profapi.dll version.dll mscorlib.dll mscorlib.dll mscorsec.dll wintrust.dll crypt32.dll sechost.dll comctl32.dll riched20.dll usp10.dll ncrypt.dll bcrypt.dll bcryptprimitives.dll userenv.dll gpapi.dll cryptnet.dll Wldap32.dll SensApi.dll System.ni.dll System.AddIn.ni.dll api-ms-win-core-timezone-l1-1-0.dll oleaut32.dll Microsoft.Office.Tools.v9.0.ni.dll System.Core.ni.dll smiengine.dll System.AddIn.Contract.ni.dll Microsoft.VisualStudio.Tools.Applications.Runtime.v9.0.ni.dll Microsoft.VisualStudio.Tools.Applications.AddInAdapter.v9.0.ni.dll Microsoft.VisualStudio.Tools.Applications.Contract.v9.0.ni.dll System.Runtime.Remoting.ni.dll System.Configuration.ni.dll System.Xml.ni.dll System.Security.ni.dll ntdll.dll user32.dll system.security.ni.dll ws2_32.dll msvcrt.dll sechost.dll rpcrt4.dll msvcr120_clr0400.dll mscoree.dll kernel32.dll gdi32.dll user32.dll lpk.dll wininet.dll oleaut32.dll imm32.dll msctf.dll cryptbase.dll cryptsp.dll imm32.dll kernel32.dll clbcatq.dll sxs.dll mscoreei.dll mscorwks.dll kernelbase.dll shlwapi.dll shell32.dll profapi.dll mscorlib.ni.dll mscorjit.dll mscorlib.dll mscorlib.dll version.dll mscorlib.dll mscorlib.dll PresentationFramework.Aero.ni.dll mscorlib.dll shlwapi.dll gdi32.dll comctl32.dll PresentationCore.dll PresentationCore.dll PresentationCore.dll PresentationCore.dll System.Xml.ni.dll ole32.dll System.Drawing.ni.dll System.Deployment.ni.dll lpk.dll System.Printing.ni.dll System.Printing.dll System.Printing.dll System.Printing.dll authz.dll ReachFramework.ni.dll dmapisetextimpldesktop.dll System.Data.ni.dll System.Data.dll System.Data.dll sqmapi.dll netutils.dll System.Data.dll ws2_32.dll nsi.dll framedynos.dll msasn1.dll Accessibility.ni.dll System.Configuration.ni.dll mpr.dll System.Data.SqlXml.ni.dll system.data.oracleclient.dll msswch.dll System.Security.ni.dll msvcrt.dll System.DirectoryServices.ni.dll System.Transactions.ni.dll System.Transactions.dll System.Transactions.dll System.Transactions.dll System.Transactions.dll System.Transactions.dll crypt32.dll wow64win.dll System.EnterpriseServices.dll System.Runtime.Remoting.ni.dll System.Web.ni.dll System.Web.dll advapi32.dll mscorsec.dll System.Web.dll System.Web.Services.ni.dll System.DirectoryServices.Protocols.ni.dll System.Design.ni.dll System.ServiceProcess.ni.dll System.Web.RegularExpressions.ni.dll kernelbase.dll System.Data.OracleClient.ni.dll System.Data.OracleClient.dll clbcatq.dll System.Data.OracleClient.dll System.Data.OracleClient.dll System.Data.OracleClient.dll imm32.dll sspicli.dll ntdll.dll wow64.dll wow64win.dll wow64cpu.dll kernel32.dll kernel32.dll rsaenh.dll user32.dll kernel32.dll KernelBase.dll advapi32.dll msvcrt.dll sechost.dll rpcrt4.dll sspicli.dll msvcrt.dll ntmarta.dll mscoree.dll wintrust.dll sensapi.dll user32.dll lpk.dll usp10.dll oleaut32.dll imm32.dll msctf.dll cryptsp.dll rsaenh.dll sqmapi.dll clbcatq.dll kernelbase.dll mscoreei.dll clr.dll shlwapi.dll System.Security.ni.dll clrjit.dll System.ni.dll version.dll System.ServiceModel.Channels.ni.dll mscorlib.dll System.ServiceModel.Channels.dll System.ServiceModel.Channels.dll system.configuration.install.dll advapi32.dll System.dll System.Xaml.ni.dll System.Xaml.dll System.Xaml.dll System.Core.ni.dll System.ServiceModel.ni.dll System.ServiceModel.dll System.ServiceModel.dll kernel32.dll comctl32.dll System.Runtime.Serialization.ni.dll System.Runtime.Serialization.dll System.Runtime.Serialization.dll System.Configuration.ni.dll System.Configuration.dll dpx.dll msctf.dll System.Net.Http.dll System.Net.Http.dll sechost.dll System.ServiceModel.Internals.dll System.ServiceModel.Internals.dll msctf.dll devobj.dll System.Xml.dll System.Web.Services.ni.dll System.Web.Services.dll System.Web.Services.dll,normal
 ntdll.dll sechost.dll wow64.dll wow64win.dll wow64cpu.dll shlwapi.dll kernel32.dll System.Xml.ni.dll user32.dll kernel32.dll KernelBase.dll advapi32.dll msvcrt.dll uiautomationtypes.dll rpcrt4.dll sspicli.dll cryptbase.dll dnsapi.dll ws2_32.dll nsi.dll winnsi.dll dhcpcsvc.dll dhcpcsvc6.dll shell32.dll shlwapi.dll System.Web.dll user32.dll lpk.dll usp10.dll ole32.dll imm32.dll msctf.dll clbcatq.dll oleaut32.dll cryptsp.dll rsaenh.dll RpcRtRemote.dll wevtapi.dll ntdll.dll kernel32.dll KernelBase.dll KernelBase.dll user32.dll lpk.dll usp10.dll msvcrt.dll imm32.dll msasn1.dll ole32.dll ntdll.dll oleaut32.dll cryptbase.dll gpapi.dll advapi32.dll sechost.dll ntdll.dll rsaenh.dll KernelBase.dll advapi32.dll msvcrt.dll sechost.dll rpcrt4.dll ole32.dll System.DirectoryServices.dll user32.dll lpk.dll system.configuration.ni.dll imm32.dll msctf.dll wdscore.dll oleaut32.dll shell32.dll user32.dll dbghelp.dll cryptbase.dll bcryptprimitives.dll setupapi.dll user32.dll msasn1.dll wintrust.dll userenv.dll profapi.dll imm32.dll dpx.dll nsi.dll dpx.dll wcp.dll DrUpdate.dll setupapi.dll kernel.appcore.dll devobj.dll mpr.dll wrpint.dll netapi32.dll sqmapi.dll cryptbase.dll api-ms-win-crt-stdio-l1-1-0.dll winhttp.dll webio.dll SensApi.dll cryptsp.dll rsaenh.dll ntdll.dll clbcatq.dll urlmon.dll msimg32.dll msvcrt.dll ntdll.dll ntdll.dll wow64.dll wow64win.dll wow64cpu.dll kernel32.dll kernel32.dll kernel32.dll oleaut32.dll kernel32.dll KernelBase.dll msvcrt.dll rpcrt4.dll user32.dll usp10.dll lpk.dll usp10.dll advapi32.dll sechost.dll rpcrt4.dll sspicli.dll ole32.dll oleaut32.dll cryptbase.dll apphelp.dll,normal
 ntdll.dll kernel32.dll KernelBase.dll gdi32.dll user32.dll lpk.dll usp10.dll msvcrt.dll imm32.dll nsi.dll ole32.dll rpcrt4.dll mscorsvc.dll ntdll.dll ntdll.dll wow64.dll imageres.dll wow64cpu.dll kernel32.dll comdlg32.dll system.servicemodel.internals.ni.dll user32.dll kernel32.dll KernelBase.dll advapi32.dll msvcrt.dll wow64win.dll rpcrt4.dll wininet.dll lpk.dll dnsapi.dll npmproxy.dll nsi.dll advapi32.dll dhcpcsvc.dll dhcpcsvc6.dll shell32.dll shlwapi.dll gdi32.dll system.runtime.remoting.dll lpk.dll usp10.dll ole32.dll profapi.dll msctf.dll clbcatq.dll sspicli.dll cryptsp.dll ole32.dll RpcRtRemote.dll wevtapi.dll ntdll.dll IDStore.dll wow64.dll msvcrt.dll wow64cpu.dll themecpl.dll kernel32.dll user32.dll kernelbase.dll kernel32.dll KernelBase.dll msvcrt.dll winbrand.dll user32.dll gdi32.dll lpk.dll usp10.dll advapi32.dll sechost.dll rpcrt4.dll sspicli.dll cryptbase.dll wow64win.dll msctf.dll apphelp.dll,normal
 ntdll.dll shlwapi.dll kernelbase.dll msvcrt.dll ole32.dll gdi32.dll user32.dll shlwapi.dll usp10.dll rpcrt4.dll imm32.dll msctf.dll cryptbase.dll clbcatq.dll advapi32.dll sechost.dll oleaut32.dll cryptsp.dll rsaenh.dll sechost.dll api-ms-win-crt-stdio-l1-1-0.dll shlwapi.dll userenv.dll System.IdentityModel.ni.dll idstore.dll duser.dll,normal
 credssp.dll,normal
 gdi32.dll p2pcollab.dll kernel32.dll KernelBase.dll msvcrt.dll rpcrt4.dll System.Xml.ni.dll user32.dll lpk.dll usp10.dll ole32.dll ntdll.dll imm32.dll ntdll.dll kernel32.dll KernelBase.dll advapi32.dll msvcrt.dll sechost.dll KernelBase.dll msvcr120_clr0400.dll mscoree.dll ole32.dll wow64.dll user32.dll sensapi.dll usp10.dll oleaut32.dll api-ms-win-core-file-l1-2-0.dll kernelbase.dll cryptbase.dll usoapi.dll rsaenh.dll RpcRtRemote.dll clbcatq.dll sxs.dll mscoreei.dll clr.dll shlwapi.dll mscorlib.ni.dll clrjit.dll version.dll mscorlib.dll system.web.dll gdi32.dll clbcatq.dll clrjit.dll System.Web.Extensions.ni.dll System.Configuration.ni.dll System.Xml.ni.dll clbcatq.dll System.Security.ni.dll System.Web.dll msasn1.dll,normal
 sendmail.dll mydocs.dll wpdshext.dll advapi32.dll,normal
 ntdll.dll wow64cpu.dll KernelBase.dll ole32.dll user32.dll lpk.dll usp10.dll msvcrt.dll imm32.dll ucrtbase.dll ole32.dll rpcrt4.dll microsoft.powershell.commands.management.ni.dll cryptbase.dll clbcatq.dll advapi32.dll sechost.dll ntdll.dll ntdll.dll cryptbase.dll wow64win.dll wow64cpu.dll kernel32.dll ntmarta.dll kernel32.dll user32.dll kernel32.dll KernelBase.dll msvcrt.dll msvcrt.dll ole32.dll wldap32.dll user32.dll advapi32.dll sechost.dll version.dll sspicli.dll cryptbase.dll lpk.dll usp10.dll version.dll imm32.dll msctf.dll SensApi.dll user32.dll powrprof.dll advapi32.dll wintrust.dll crypt32.dll msasn1.dll cryptsp.dll rsaenh.dll msisip.dll wshext.dll comctl32.dll shell32.dll shlwapi.dll propsys.dll msi.dll lpk.dll,normal
 ntdll.dll ole32.dll kernelbase.dll msvcrt.dll ntdll.dll combase.dll ucrtbase.dll rpcrt4.dll bcryptprimitives.dll gdi32.dll gdi32full.dll user32.dll shlwapi.dll powrprof.dll advapi32.dll msvcp_win.dll sechost.dll shcore.dll propsys.dll rpcrtremote.dll cfgmgr32.dll advapi32.dll powrprof.dll system.core.ni.dll shlwapi.dll kernel.appcore.dll profapi.dll clbcatq.dll msctf.dll,normal
 ntdll.dll kernelbase.dll api-ms-win-core-io-l1-1-0.dll user32.dll win32u.dll dpx.dll gdi32full.dll shcore.dll ucrtbase.dll bcryptprimitives.dll advapi32.dll ntdll.dll imm32.dll kernel.appcore.dll ieframe.dll clbcatq.dll ole32.dll oleaut32.dll msvcp_win.dll shell32.dll cfgmgr32.dll windows.storage.dll ntdll.dll profapi.dll netapi32.dll version.dll netutils.dll dsreg.dll wkscli.dll cryptsp.dll winbrand.dll userenv.dll api-ms-win-downlevel-advapi32-l1-1-0.dll msvcrt.dll comdlg32.dll uxtheme.dll kernel.appcore.dll dwmapi.dll wininet.dll searchfolder.dll tokenbinding.dll msvcrt.dll ws2_32.dll ondemandconnroutehelper.dll winhttp.dll rpcrt4.dll lpk.dll nsi.dll clbcatq.dll ieproxy.dll iertutil.dll dnsapi.dll comctl32.dll ntdll.dll ieshims.dll lpk.dll cryptbase.dll crypt32.dll msasn1.dll dpapi.dll usp10.dll winnsi.dll wtsapi32.dll RpcRtRemote.dll rsaenh.dll slc.dll sppc.dll oleacc.dll coml2.dll System.Core.dll dataexchange.dll dcomp.dll gdi32.dll twinapi.appcore.dll nlasvc.dll msimg32.dll windowscodecs.dll d3d11.dll onecorecommonproxystub.dll secur32.dll kernelbase.dll propsys.dll slc.dll sppc.dll wintrust.dll imagehlp.dll gpapi.dll cryptnet.dll,normal
 ntdll.dll kernel32.dll KernelBase.dll powrprof.dll user32.dll lpk.dll usp10.dll imm32.dll PresentationUI.ni.dll msctf.dll ole32.dll rpcrt4.dll oleaut32.dll cryptbase.dll clbcatq.dll advapi32.dll kernel32.dll,normal
 ntdll.dll ntdll.dll clbcatq.dll windows.staterepositoryps.dll wow64cpu.dll kernel32.dll kernel32.dll user32.dll user32.dll kernel32.dll KernelBase.dll clbcatq.dll msvcrt.dll user32.dll rpcrt4.dll lpk.dll usp10.dll advapi32.dll sechost.dll rpcrt4.dll bcryptprimitives.dll cryptbase.dll imm32.dll msctf.dll apphelp.dll,normal
 wups.dll iertutil.dll configmanager2.dll wintrust.dll enterpriseresourcemanager.dll dmenrollengine.dll dmcsps.dll dmcfgutils.dll omadmapi.dll dmxmlhelputils.dll iri.dll dmapisetextimpl.dll System.ServiceProcess.dll user32.dll clipc.dll cryptsp.dll system.dll msvcp_win.dll ucrtbase.dll,normal
 cryptbase.dll kernel32.dll kernelbase.dll advapi32.dll ntdll.dll ondemandconnroutehelper.dll rpcrt4.dll gdi32.dll sensapi.dll kernel32.dll advapi32.dll nsi.dll winmm.dll dwmapi.dll gdiplus.dll ole32.dll oleacc.dll oleaut32.dll shlwapi.dll wmsgapi.dll duser.dll uxtheme.dll user32.dll msctf.dll System.Web.Entity.dll kernel32.dll msctf.dll advapi32.dll msvcrt.dll sechost.dll clbcatq.dll msvcr120_clr0400.dll srvcli.dll oleaut32.dll gdi32.dll user32.dll lpk.dll kernel32.dll oleaut32.dll lpk.dll msctf.dll cryptbase.dll cryptsp.dll rsaenh.dll xmllite.dll clbcatq.dll sxs.dll cryptbase.dll mscorwks.dll msvcr80.dll shlwapi.dll winsta.dll profapi.dll mscorlib.ni.dll mscorjit.dll mscorlib.dll mscorlib.dll version.dll adtschema.dll mscorlib.dll system.ni.dll system.directoryservices.ni.dll system.configuration.ni.dll system.data.dll kernel32.dll ntdll.dll wow64.dll wow64win.dll wow64cpu.dll kernel32.dll ws2_32.dll kernel32.dll system.enterpriseservices.dll kernel32.dll kernelbase.dll advapi32.dll msvcrt.dll sechost.dll rpcrt4.dll sspicli.dll cryptbase.dll kernel32.dll System.AddIn.dll System.Activities.dll gdi32.dll user32.dll lpk.dll sechost.dll oleaut32.dll imm32.dll msctf.dll api-ms-win-crt-convert-l1-1-0.dll rsaenh.dll rpcrtremote.dll clbcatq.dll windows.cortana.proxystub.dll mscoreei.dll kernelbase.dll shlwapi.dll ntdll.dll clrjit.dll system.ni.dll system.data.dll atl.dll version.dll system.servicemodel.dll system.servicemodel.dll wow64win.dll mscorlib.dll system.dll system.dll system.core.dll system.core.dll system.xaml.ni.dll system.xaml.dll system.xaml.dll system.servicemodel.internals.ni.dll winbrand.dll system.servicemodel.internals.dll system.runtime.serialization.ni.dll system.runtime.serialization.dll system.runtime.serialization.dll system.configuration.ni.dll system.configuration.dll system.configuration.dll system.xml.ni.dll kernel32.dll oleaut32.dll smdiagnostics.ni.dll smdiagnostics.dll smdiagnostics.dll oleaut32.dll system.web.dll system.identitymodel.dll system.directoryservices.ni.dll system.directoryservices.dll system.directoryservices.dll tdh.dll system.transactions.dll system.transactions.dll system.transactions.dll microsoft.transactions.bridge.ni.dll system.web.services.ni.dll system.enterpriseservices.ni.dll system.web.services.dll system.web.services.dll system.identitymodel.selectors.ni.dll system.web.applicationservices.ni.dll system.web.applicationservices.dll system.web.applicationservices.dll Microsoft.Office.Tools.Common.Implementation.dll system.xml.linq.ni.dll system.xml.linq.dll system.xml.linq.dll system.runtime.durableinstancing.ni.dll msi.dll system.runtime.durableinstancing.dll dmutil.dll system.net.http.ni.dll system.net.http.dll kernel32.dll system.servicemodel.activation.ni.dll system.servicemodel.activation.dll system.servicemodel.activation.dll system.security.ni.dll userenv.dll system.security.dll system.numerics.ni.dll system.numerics.dll System.Printing.dll,normal
 ntdll.dll ntdll.dll wow64.dll wow64win.dll wow64cpu.dll kernel32.dll kernel32.dll rpcrt4.dll user32.dll kernel32.dll kernelbase.dll rpcrt4.dll ole32.dll gdi32.dll user32.dll advapi32.dll oleaut32.dll rpcrt4.dll dsreg.dll bcryptprimitives.dll lpk.dll kernelbase.dll imm32.dll msctf.dll clbcatq.dll oleaut32.dll cryptsp.dll rsaenh.dll winbrand.dll uxtheme.dll shell32.dll shlwapi.dll actxprxy.dll comctl32.dll,normal
 msctf.dll cfgmgr32.dll oleaut32.dll devobj.dll setupapi.dll lpk.dll oleaut32.dll devobj.dll setupapi.dll cfgmgr32.dll oleaut32.dll devobj.dll netprofm.dll rpcrt4.dll vm3dum64_10.dll vm3dum64_10.dll dbghelp.dll vm3dum64.dll ole32.dll dbghelp.dll dbghelp.dll vm3dum64.dll psapi.dll sspicli.dll cfgmgr32.dll oleaut32.dll rpcrt4.dll d3d10level9.dll d3d10level9.dll d3d10level9.dll advapi32.dll winmm.dll dbghelp.dll vm3dum64_10.dll vm3dum64_10.dll vm3dum64.dll dbghelp.dll d3d10level9.dll vm3dum64.dll user32.dll clbcatq.dll vm3dum64.dll kernelbase.dll d3d10level9.dll,normal
 msftedit.dll winmm.dll winmmbase.dll,normal
 ntdll.dll kernel32.dll wintrust.dll advapi32.dll msvcrt.dll sechost.dll rpcrt4.dll ole32.dll gdi32.dll user32.dll lpk.dll usp10.dll imm32.dll msctf.dll wdscore.dll ntdll.dll shell32.dll shlwapi.dll rpcrt4.dll cryptbase.dll ntshrui.dll msctf.dll crypt32.dll msasn1.dll lpk.dll api-ms-win-core-processthreads-l1-1-1.dll profapi.dll ktmw32.dll dpx.dll ole32.dll dpx.dll wcp.dll uxtheme.dll kernel32.dll cfgmgr32.dll devobj.dll mpr.dll srclient.dll spp.dll vssapi.dll kernel32.dll vsstrace.dll wrpint.dll sxsstore.dll sqmapi.dll winhttp.dll webio.dll kernel32.dll webio.dll sensapi.dll cryptsp.dll rsaenh.dll rpcrtremote.dll clbcatq.dll winbrand.dll smipi.dll smiengine.dll,normal
 ntdll.dll kernel32.dll urlmon.dll devicecenter.dll rsaenh.dll mscorsec.dll rpcrtremote.dll msvcrt.dll drprov.dll sechost.dll rpcrt4.dll shell32.dll shlwapi.dll ole32.dll oleaut32.dll imm32.dll msvcrt.dll api-ms-win-core-synch-l1-2-0.dll cryptsp.dll clbcatq.dll secur32.dll netapi32.dll netutils.dll srvcli.dll ws2_32.dll setupapi.dll cfgmgr32.dll devobj.dll version.dll msasn1.dll crypt32.dll wintrust.dll riched20.dll cryptui.dll shdocvw.dll ws2help.dll ws2_32.dll nsi.dll ntprint.dll psapi.dll netutils.dll usp10.dll comdlg32.dll comctl32.dll dinput8.dll ieframe.dll ntmarta.dll wldap32.dll oleacc.dll iertutil.dll ntdll.dll kernel32.dll kernelbase.dll gdi32.dll lpk.dll profapi.dll msvcrt.dll imm32.dll msctf.dll ole32.dll rpcrt4.dll ntdll.dll user32.dll,normal
 ntdll.dll ntdll.dll rpcrt4.dll wow64win.dll wow64cpu.dll kernel32.dll kernel32.dll kernel32.dll user32.dll kernel32.dll system.design.ni.dll advapi32.dll msvcrt.dll sechost.dll rpcrt4.dll sspicli.dll system.web.services.dll dnsapi.dll ws2_32.dll usp10.dll winnsi.dll dhcpcsvc.dll System.Transactions.dll shell32.dll shlwapi.dll ntdll.dll user32.dll lpk.dll usp10.dll ole32.dll imm32.dll msctf.dll clbcatq.dll dpx.dll cryptsp.dll rsaenh.dll rpcrtremote.dll wevtapi.dll ntdll.dll gdi32.dll kernelbase.dll gdi32.dll propsys.dll lpk.dll usp10.dll rpcrt4.dll imm32.dll msctf.dll ole32.dll rpcrt4.dll oleaut32.dll advapi32.dll clbcatq.dll advapi32.dll sechost.dll ntdll.dll kernel32.dll usp10.dll gdi32.dll imm32.dll lpk.dll usp10.dll msvcrt.dll imm32.dll msctf.dll ole32.dll rpcrt4.dll oleaut32.dll cryptbase.dll clbcatq.dll kernelbase.dll sechost.dll sqmapi.dll user32.dll wow64.dll system.runtime.remoting.ni.dll wow64cpu.dll kernel32.dll kernel32.dll kernel32.dll user32.dll kernel32.dll kernelbase.dll msvcrt.dll winbrand.dll rpcrt4.dll gdi32.dll bcryptprimitives.dll ntmarta.dll version.dll sechost.dll ntdll.dll kernel32.dll cryptbase.dll imm32.dll msctf.dll apphelp.dll,normal
 ntdll.dll kernel32.dll kernelbase.dll System.dll msvcrt.dll sechost.dll System.Xml.dll msvcr120_clr0400.dll wbemprox.dll ole32.dll ktmw32.dll user32.dll lpk.dll usp10.dll oleaut32.dll imm32.dll msctf.dll cryptbase.dll cryptsp.dll rsaenh.dll rpcrtremote.dll clbcatq.dll sxs.dll mscoreei.dll gdi32.dll shlwapi.dll ucrtbase.dll clrjit.dll profapi.dll mscorlib.dll mscorlib.dll system.ni.dll dxgi.dll system.management.ni.dll system.drawing.ni.dll system.windows.forms.ni.dll system.configuration.install.ni.dll system.core.ni.dll microsoft.management.infrastructure.ni.dll microsoft.management.infrastructure.native.ni.dll microsoft.management.infrastructure.native.dll version.dll system.directoryservices.ni.dll microsoft.csharp.ni.dll system.web.services.ni.dll system.xml.ni.dll wevtapi.dll system.transactions.dll version.dll system.transactions.dll KernelBase.dll system.transactions.dll wow64.dll system.transactions.dll pnrpnsp.dll bcryptprimitives.dll microsoft.powershell.commands.management.ni.dll ntdll.dll kernel32.dll kernelbase.dll gdi32.dll user32.dll lpk.dll usp10.dll msvcrt.dll cimwin32.dll msctf.dll ole32.dll rpcrt4.dll oleaut32.dll shlwapi.dll imm32.dll advapi32.dll sechost.dll,normal
 ntdll.dll kernel32.dll msvcrt.dll fastprox.dll wbemcomn.dll combase.dll ole32.dll comdlg32.dll rsaenh.dll sechost.dll wow64.dll user32.dll kernelbase.dll gdi32.dll apphelp.dll gdi32.dll bcryptprimitives.dll ncobjapi.dll clbcatq.dll wbemprox.dll oleaut32.dll cryptsp.dll rsaenh.dll bcrypt.dll wbemsvc.dll wmiutils.dll powrprof.dll kernel.appcore.dll rpcrt4.dll dhcpcsvc6.dll dhcpcsvc.dll cimwin32.dll framedynos.dll dnsapi.dll winbrand.dll sspicli.dll security.dll schannel.dll crypt32.dll msasn1.dll netapi32.dll sechost.dll cryptbase.dll dhcpcsvc6.dll samcli.dll advapi32.dll browcli.dll schedcli.dll dsrole.dll cscapi.dll,normal
 ntdll.dll ntdll.dll usp10.dll wow64win.dll wow64cpu.dll kernel32.dll oleaut32.dll kernel32.dll gdi32.dll kernel32.dll wintrust.dll user32.dll winbrand.dll user32.dll gdi32.dll lpk.dll usp10.dll advapi32.dll sechost.dll rpcrt4.dll rpcrt4.dll cryptbase.dll imm32.dll msctf.dll apphelp.dll,normal
 ntdll.dll ntdll.dll resourcepolicyclient.dll wow64win.dll wow64cpu.dll kernel32.dll kernel32.dll iconcodecservice.dll user32.dll system.deployment.dll KernelBase.dll oleaut32.dll winbrand.dll user32.dll gdi32.dll lpk.dll usp10.dll advapi32.dll sechost.dll rpcrt4.dll sspicli.dll cryptbase.dll usp10.dll msctf.dll user32.dll,normal
 mmcss.dll avrt.dll,normal
 rpcrt4.dll kernel32.dll kernelbase.dll l2nacp.dll winbrand.dll user32.dll dhcpcore.dll lpk.dll usp10.dll imm32.dll msctf.dll advapi32.dll sechost.dll rpcrt4.dll apphelp.dll,normal
 ntdll.dll ntdll.dll wow64.dll wow64win.dll wow64cpu.dll kernel32.dll kernel32.dll ntdll.dll lpk.dll kernel32.dll kernelbase.dll user32.dll msvcrt.dll cryptsp.dll rpcrt4.dll sspicli.dll cryptbase.dll rsaenh.dll user32.dll system.configuration.ni.dll winnsi.dll dhcpcsvc.dll dhcpcsvc6.dll shell32.dll gdi32.dll user32.dll lpk.dll advapi32.dll ole32.dll imm32.dll msctf.dll clbcatq.dll oleaut32.dll msctf.dll cryptsp.dll setupapi.dll rpcrtremote.dll wevtapi.dll ntdll.dll kernel32.dll kernelbase.dll System.Transactions.dll rpcrt4.dll user32.dll tquery.dll shlwapi.dll msshooks.dll Microsoft.VisualStudio.Tools.Applications.Runtime.dll kernel.appcore.dll kernel32.dll msvcrt.dll rsaenh.dll rpcrtremote.dll mssprxy.dll gdi32.dll lpk.dll usp10.dll mscoreei.dll oleaut32.dll comctl32.dll msctf.dll cryptbase.dll wintrust.dll mapi32.dll mssph.dll kernel32.dll wldap32.dll authz.dll shell32.dll comctl32.dll propsys.dll apphelp.dll PresentationCFFRasterizer.dll cfgmgr32.dll devobj.dll profapi.dll wmsgapi.dll kernel32.dll kernelbase.dll advapi32.dll msvcrt.dll sechost.dll rpcrt4.dll user32.dll gdi32.dll lpk.dll usp10.dll ole32.dll mso40uiwin32client.dll tquery.dll advapi32.dll imm32.dll ole32.dll msshooks.dll mscoree.dll mscoreei.dll cryptbase.dll clbcatq.dll cryptsp.dll rsaenh.dll rpcrtremote.dll mssprxy.dll ntdll.dll kernel32.dll kernelbase.dll advapi32.dll msvcrt.dll sechost.dll rpcrt4.dll msvcr120_clr0400.dll mscoree.dll version.dll gdi32.dll lpk.dll lpk.dll usp10.dll kernelbase.dll imm32.dll msctf.dll cryptbase.dll cryptsp.dll rsaenh.dll rpcrtremote.dll clbcatq.dll lpk.dll msvcrt.dll mscorwks.dll msvcr80.dll shlwapi.dll shell32.dll profapi.dll system.web.regularexpressions.dll mscorjit.dll dwmapi.dll mscorlib.dll version.dll mscorlib.dll mscorlib.dll system.ni.dll mcstoredb.ni.dll mcstoredb.dll mcstoredb.dll mcstoredb.dll system.enterpriseservices.dll wow64cpu.dll ws2_32.dll msvcr120_clr0400.dll kernel32.dll lpk.dll system.xml.ni.dll system.drawing.ni.dll version.dll system.data.ni.dll system.data.dll system.data.dll system.serviceprocess.dll system.data.dll system.data.dll crypt32.dll system.xml.ni.dll system.web.ni.dll system.web.dll System.Transactions.dll cryptbase.dll system.web.dll bdatunepia.ni.dll wpc.dll bdatunepia.dll bdatunepia.dll system.web.services.ni.dll mcstore.ni.dll System.Data.SqlXml.dll oleaut32.dll system.configuration.ni.dll system.data.sqlxml.ni.dll system.directoryservices.protocols.ni.dll system.enterpriseservices.ni.dll system.enterpriseservices.dll system.enterpriseservices.dll tdh.dll system.serviceprocess.ni.dll msctf.dll system.web.regularexpressions.ni.dll system.transactions.ni.dll system.transactions.dll system.transactions.dll system.transactions.dll system.transactions.dll advapi32.dll system.drawing.design.ni.dll system.data.oracleclient.ni.dll system.data.oracleclient.dll system.data.oracleclient.dll presentationframework.dll system.data.oracleclient.dll system.data.oracleclient.dll staterepository.core.dll system.deployment.ni.dll system.configuration.install.ni.dll cryptsp.dll secur32.dll ehiuserxp.ni.dll,normal
 ntdll.dll ntdll.dll shlwapi.dll kernelbase.dll ws2_32.dll vds_ps.dll msvcrt.dll msvcrt.dll system.servicemodel.discovery.ni.dll rpcrt4.dll nsi.dll nsi.dll kernel32.dll vcruntime140.dll api-ms-win-crt-runtime-l1-1-0.dll kernel32.dll ucrtbase.dll api-ms-win-core-timezone-l1-1-0.dll api-ms-win-core-file-l2-1-0.dll api-ms-win-core-localization-l1-2-0.dll api-ms-win-core-synch-l1-2-0.dll api-ms-win-core-processthreads-l1-1-1.dll api-ms-win-core-file-l1-2-0.dll secur32.dll api-ms-win-crt-string-l1-1-0.dll api-ms-win-crt-stdio-l1-1-0.dll api-ms-win-crt-convert-l1-1-0.dll usp10.dll api-ms-win-crt-locale-l1-1-0.dll mswsock.dll mswsock.dll user32.dll sechost.dll lpk.dll usp10.dll imm32.dll Microsoft.MediaCenter.Interop.dll wshtcpip.dll,HTran
 ntdll.dll ntdll.dll wow64.dll wow64win.dll sechost.dll kernel32.dll kernel32.dll kernel32.dll user32.dll kernel32.dll kernelbase.dll msvcrt.dll clbcatq.dll user32.dll gdi32.dll lpk.dll usp10.dll advapi32.dll system.directoryservices.dll rpcrt4.dll sspicli.dll cryptbase.dll imm32.dll imm32.dll apphelp.dll,normal
 dot3api.dll atl.dll eappcfg.dll,normal
 ntdll.dll netutils.dll sechost.dll ws2_32.dll vcruntime140.dll urlmon.dll api-ms-win-crt-stdio-l1-1-0.dll api-ms-win-crt-string-l1-1-0.dll api-ms-win-crt-convert-l1-1-0.dll api-ms-win-crt-math-l1-1-0.dll api-ms-win-crt-locale-l1-1-0.dll api-ms-win-crt-heap-l1-1-0.dll rpcrt4.dll gdi32.dll sensapi.dll mswsock.dll napinsp.dll msvcrt.dll sechost.dll nlaapi.dll dnsapi.dll powrprof.dll rasadhlp.dll,HTran
 ntdll.dll ntdll.dll shlwapi.dll wow64win.dll rsaenh.dll kernel32.dll kernel32.dll kernel32.dll user32.dll kernel32.dll KernelBase.dll System.Windows.Forms.dll advapi32.dll advapi32.dll rpcrt4.dll usp10.dll cryptbase.dll msvcr120_clr0400.dll System.Web.dll ole32.dll gdi32.dll mi.dll lpk.dll clbcatq.dll oleaut32.dll imm32.dll msctf.dll user32.dll rsaenh.dll RpcRtRemote.dll clbcatq.dll sxs.dll mscoreei.dll mscorwks.dll msvcr80.dll imm32.dll rpcrt4.dll profapi.dll mscorlib.ni.dll mscorjit.dll mscorlib.dll mscorlib.dll shlwapi.dll sspicli.dll mscorlib.dll ole32.dll System.ni.dll WindowsBase.ni.dll PresentationCore.ni.dll PresentationFramework.ni.dll usp10.dll advapi32.dll PresentationFramework.Classic.dll PresentationFramework.Classic.dll sspicli.dll PresentationFramework.Classic.dll PresentationFramework.dll PresentationFramework.dll rpcrt4.dll WindowsBase.dll WindowsBase.dll WindowsBase.dll System.dll System.dll pdh.dll presentationframework.royale.ni.dll PresentationCore.dll PresentationCore.dll PresentationCore.dll PresentationCore.dll ntdll.dll kernel32.dll KernelBase.dll advapi32.dll msvcrt.dll sechost.dll apphelp.dll user32.dll gdi32.dll mscorlib.ni.dll ole32.dll ole32.dll eappcfg.dll shlwapi.dll imm32.dll api-ms-win-crt-stdio-l1-1-0.dll wer.dll comctl32.dll Faultrep.dll cabinet.dll psapi.dll version.dll SensApi.dll cryptbase.dll user32.dll dwmapi.dll msswch.dll winmm.dll xmllite.dll dbgeng.dll dbghelp.dll rpcrt4.dll nsi.dll sspicli.dll whealogr.dll werui.dll cfgmgr32.dll winhttp.dll webio.dll credssp.dll msvcrt.dll wship6.dll lpk.dll dhcpcsvc6.dll advapi32.dll dnsapi.dll rasadhlp.dll crypt32.dll msasn1.dll schannel.dll secur32.dll xolehlp.dll bcrypt.dll bcryptprimitives.dll userenv.dll profapi.dll kernel32.dll cryptsp.dll rsaenh.dll shell32.dll,normal
 user32.dll kernel32.dll kernelbase.dll advapi32.dll msvcrt.dll sechost.dll rpcrt4.dll user32.dll win32u.dll gdi32.dll gdi32full.dll msvcp_win.dll ucrtbase.dll mscoree.dll combase.dll bcryptprimitives.dll kernel32.dll shell32.dll cfgmgr32.dll shcore.dll msvcr80.dll shlwapi.dll mpr.dll powrprof.dll profapi.dll playsndsrv.dll oleacc.dll uxtheme.dll dui70.dll imm32.dll,normal
 wow64cpu.dll kernel32.dll cryptbase.dll sxs.dll msvcrt.dll sechost.dll rpcrt4.dll gdi32.dll user32.dll lpk.dll msvcrt.dll ole32.dll msimg32.dll ole32.dll wtsapi32.dll rpcrt4.dll wininet.dll profapi.dll cfgmgr32.dll crypt32.dll sspicli.dll msctfmonitor.dll msctf.dll imm32.dll cryptbase.dll comctl32.dll shlwapi.dll secur32.dll sspicli.dll shell32.dll cryptbase.dll uxtheme.dll wintrust.dll cryptsp.dll rsaenh.dll imagehlp.dll mssprxy.dll bcryptprimitives.dll wcp.dll gpapi.dll sxs.dll wldap32.dll msvcrt.dll version.dll clbcatq.dll oleaut32.dll urlmon.dll api-ms-win-downlevel-ole32-l1-1-0.dll api-ms-win-downlevel-shlwapi-l1-1-0.dll api-ms-win-downlevel-advapi32-l1-1-0.dll api-ms-win-downlevel-user32-l1-1-0.dll api-ms-win-downlevel-version-l1-1-0.dll api-ms-win-downlevel-normaliz-l1-1-0.dll normaliz.dll fusion.dll imm32.dll,normal
 ntdll.dll,normal
 gdi32.dll ntdll.dll wow64.dll api-ms-win-downlevel-advapi32-l1-1-0.dll wow64cpu.dll kernel32.dll kernel32.dll kernel32.dll user32.dll kernel32.dll kernelbase.dll user32.dll user32.dll ntdll.dll usp10.dll cryptsp.dll shlwapi.dll sechost.dll rpcrt4.dll sspicli.dll cryptbase.dll shlwapi.dll imm32.dll msctf.dll wininet.dll ntmarta.dll kernelbase.dll ole32.dll uxtheme.dll comctl32.dll shell32.dll apphelp.dll shlwapi.dll profapi.dll cryptsp.dll rsaenh.dll clbcatq.dll oleaut32.dll explorerframe.dll duser.dll dui70.dll dwmapi.dll propsys.dll wininet.dll System.Configuration.dll msvcrt.dll kernel32.dll user32.dll ws2_32.dll nsi.dll dnsapi.dll psapi.dll mswsock.dll userenv.dll wintrust.dll ws2_32.dll rasapi32.dll rasman.dll rtutils.dll sensapi.dll nlaapi.dll rasadhlp.dll napinsp.dll pnrpnsp.dll winrnr.dll cryptsp.dll KernelBase.dll credssp.dll schannel.dll secur32.dll ncrypt.dll bcrypt.dll bcryptprimitives.dll gpapi.dll cryptnet.dll ntdll.dll kernel32.dll kernelbase.dll advapi32.dll system.web.dll sechost.dll wow64win.dll microsoft.powershell.commands.management.ni.dll ws2_32.dll nsi.dll winnsi.dll gdi32.dll dhcpcsvc6.dll shell32.dll rpcrt4.dll gdi32.dll user32.dll lpk.dll usp10.dll ole32.dll shell32.dll msctf.dll,normal
 ntdll.dll ntdll.dll wow64.dll wow64win.dll wow64cpu.dll kernel32.dll api-ms-win-core-timezone-l1-1-0.dll Microsoft.Management.Infrastructure.ni.dll user32.dll winbrand.dll kernelbase.dll System.Security.ni.dll msvcrt.dll sechost.dll rpcrt4.dll mintdh.dll kernelbase.dll msvcr120_clr0400.dll cryptbase.dll clbcatq.dll gdi32.dll dnsapi.dll iertutil.dll usp10.dll oleaut32.dll imm32.dll msctf.dll cryptsp.dll api-ms-win-crt-runtime-l1-1-0.dll bcp47mrm.dll clbcatq.dll sxs.dll mscoreei.dll mscorwks.dll lsasrv.dll shlwapi.dll shell32.dll profapi.dll capabilityaccessmanagerclient.dll advapi32.dll mscorlib.dll mscorlib.dll version.dll advapi32.dll mscorlib.dll presentationframework.classic.ni.dll system.ni.dll windowsbase.ni.dll presentationcore.ni.dll presentationframework.ni.dll presentationframework.dll presentationframework.dll presentationframework.classic.dll system.identitymodel.dll msspell7.dll presentationframework.classic.dll presentationframework.dll presentationframework.dll windowsbase.dll windowsbase.dll sensapi.dll windowsbase.dll msshooks.dll system.dll system.dll system.dll msctf.dll presentationcore.dll presentationcore.dll presentationcore.dll ntdll.dll kernel32.dll kernelbase.dll wow64cpu.dll system.transactions.ni.dll sechost.dll rpcrt4.dll wow64.dll sechost.dll lpk.dll winnsi.dll wldp.dll oleaut32.dll shlwapi.dll imm32.dll msctf.dll wer.dll comctl32.dll faultrep.dll uxtheme.dll psapi.dll version.dll sensapi.dll cryptbase.dll duser.dll dwmapi.dll dui70.dll winmm.dll xmllite.dll propsys.dll dbghelp.dll ws2_32.dll nsi.dll sspicli.dll cryptsp.dll werui.dll cfgmgr32.dll winhttp.dll webio.dll credssp.dll mswsock.dll wship6.dll winnsi.dll system.design.ni.dll dhcpcsvc.dll dnsapi.dll rasadhlp.dll System.Data.Services.Design.ni.dll kernel32.dll schannel.dll system.xml.ni.dll windows.ui.immersive.dll bcrypt.dll bcryptprimitives.dll userenv.dll version.dll vsocklib.dll cryptsp.dll rsaenh.dll shell32.dll,normal
 api-ms-win-crt-locale-l1-1-0.dll user32.dll kernel32.dll kernelbase.dll advapi32.dll msvcrt.dll clbcatq.dll imagehlp.dll msvcr120_clr0400.dll msctf.dll kernel32.dll gdi32.dll usp10.dll lpk.dll System.ni.dll oleaut32.dll imm32.dll comdlg32.dll cryptbase.dll cryptsp.dll rsaenh.dll rpcrtremote.dll msvcrt.dll System.Security.dll mscoreei.dll mscorwks.dll msvcr80.dll jscript.dll shell32.dll profapi.dll imm32.dll mscorjit.dll mscorlib.dll sspicli.dll version.dll mscorlib.dll System.Activities.dll system.ni.dll bcryptprimitives.dll mcplayerinterop.dll win32u.dll mcplayerinterop.dll dwmapi.dll microsoft.visualc.ni.dll microsoft.mediacenter.sports.ni.dll microsoft.mediacenter.ni.dll microsoft.mediacenter.ui.ni.dll microsoft.mediacenter.shell.ni.dll ehshell.ni.dll d3d9.dll system.runtime.remoting.ni.dll system.xml.ni.dll threadpoolwinrt.dll system.security.ni.dll d3d8thk.dll combase.dll system.data.dll oleaut32.dll system.data.dll system.data.dll kernel32.dll srvcli.dll nsi.dll crypt32.dll msasn1.dll system.web.ni.dll dui70.dll system.web.dll system.web.dll system.web.dll system.web.services.ni.dll ehiproxy.ni.dll ehiupnp.ni.dll microsoft.mediacenter.itvvm.ni.dll mcepg.ni.dll system.web.services.ni.dll ehiwmp.ni.dll mcstore.ni.dll ehiitv.ni.dll mcx2dvcs.ni.dll mcx2dvcs.dll nlaapi.dll msctf.dll netapi32.dll netutils.dll srvcli.dll cryptbase.dll samcli.dll wtsapi32.dll winnsi.dll winhttp.dll webio.dll uiautomationprovider.dll wlanutil.dll kernel32.dll ehiuserxp.ni.dll system.data.dll bdatunepia.ni.dll Microsoft.Office.Tools.Common.Implementation.dll bdatunepia.dll bdatunepia.dll version.dll mcstoredb.dll mcstoredb.dll mcstoredb.dll rasapi32.dll rasman.dll microsoft.mediacenter.tv.tuners.interop.ni.dll microsoft.mediacenter.tv.tuners.interop.dll api-ms-win-core-file-l1-2-0.dll microsoft.mediacenter.tv.tuners.interop.dll microsoft.mediacenter.interop.ni.dll oleaut32.dll microsoft.mediacenter.interop.dll microsoft.mediacenter.interop.dll propsys.dll ntdll.dll winmm.dll system.configuration.install.ni.dll ehrecobj.ni.dll system.serviceprocess.ni.dll sysclass.dll system.configuration.ni.dll system.data.sqlxml.ni.dll system.directoryservices.ni.dll system.web.applicationservices.dll sspicli.dll system.enterpriseservices.dll system.enterpriseservices.dll system.design.ni.dll user32.dll system.web.regularexpressions.ni.dll system.transactions.ni.dll msvcr80.dll system.transactions.dll system.transactions.dll system.transactions.dll sspicli.dll wintrust.dll system.data.oracleclient.ni.dll system.data.oracleclient.dll system.data.oracleclient.dll system.data.oracleclient.dll system.data.oracleclient.dll system.data.oracleclient.dll accessibility.ni.dll system.deployment.ni.dll system.configuration.install.ni.dll ehividctl.ni.dll stdole.ni.dll mscorsec.dll wintrust.dll comctl32.dll riched20.dll imagehlp.dll ncrypt.dll version.dll system.ni.dll userenv.dll gpapi.dll cryptnet.dll wldap32.dll sensapi.dll microsoft.mediacenter.itv.hosting.ni.dll microsoft.mediacenter.itv.media.ni.dll microsoft.mediacenter.itv.media.dll microsoft.mediacenter.itv.media.dll microsoft.mediacenter.itv.media.dll msasn1.dll kernel32.dll kernelbase.dll System.Security.dll system.xml.ni.dll sechost.dll rpcrt4.dll api-ms-win-core-errorhandling-l1-1-1.dll mscoree.dll ole32.dll msctf.dll user32.dll lpk.dll usp10.dll oleaut32.dll api-ms-win-downlevel-version-l1-1-0.dll wintypes.dll cryptbase.dll Microsoft.VisualStudio.Tools.Applications.Runtime.v9.0.dll rsaenh.dll rpcrtremote.dll oleaut32.dll rpcrt4.dll mscoreei.dll mscorwks.dll msvcr80.dll shlwapi.dll shell32.dll profapi.dll mscorlib.ni.dll mscorjit.dll mscorlib.dll mscorlib.dll version.dll apphelp.dll system.data.oracleclient.dll windowsbase.dll wintrust.dll crypt32.dll msasn1.dll comctl32.dll riched20.dll imagehlp.dll ncrypt.dll kernel32.dll bcryptprimitives.dll KernelBase.dll gpapi.dll kernelbase.dll wldap32.dll sensapi.dll system.ni.dll mscoree.dll system.windows.forms.ni.dll system.ni.dll system.drawing.ni.dll culture.dll sspicli.dll microsoft.visualstudio.tools.office.containercontrol.v10.0.dll microsoft.visualstudio.tools.office.containercontrol.v10.0.ni.dll microsoft.visualstudio.tools.office.containercontrol.v10.0.ni.dll microsoft.visualstudio.tools.office.containercontrol.v10.0.ni.dll devobj.dll apphelp.dll oleaut32.dll advapi32.dll kernel32.dll sechost.dll rpcrt4.dll imm32.dll sechost.dll ole32.dll gdi32.dll user32.dll lpk.dll usp10.dll oleaut32.dll imm32.dll msctf.dll cryptbase.dll cryptsp.dll rsaenh.dll rpcrtremote.dll clbcatq.dll sxs.dll mscoreei.dll clr.dll shlwapi.dll mscorlib.ni.dll user32.dll system.ni.dll reachframework.ni.dll version.dll mscorlib.dll mscorlib.dll ntdll.dll windowsbase.ni.dll presentationcore.ni.dll presentationcore.dll oleaut32.dll system.printing.ni.dll system.printing.dll System.Drawing.Design.dll crypt32.dll system.security.ni.dll system.xml.ni.dll presentationframework.ni.dll system.configuration.ni.dll,normal
 ntdll.dll ntdll.dll kernel32.dll rpcrt4.dll user32.dll msvcrt.dll sechost.dll rpcrt4.dll msvcr120_clr0400.dll mscoree.dll onecoreuapcommonproxystub.dll gdi32.dll user32.dll shell32.dll usp10.dll oleaut32.dll imm32.dll msctf.dll cryptbase.dll RpcRtRemote.dll rsaenh.dll rpcrtremote.dll clbcatq.dll sxs.dll devobj.dll mscorwks.dll user32.dll shlwapi.dll shell32.dll profapi.dll mscorlib.ni.dll mscorjit.dll mscorlib.dll mscorlib.dll version.dll mscorlib.dll mapi32.dll system.ni.dll microsoft.grouppolicy.reporting.ni.dll securityauditpoliciessnapin.ni.dll system.management.ni.dll microsoft.grouppolicy.interop.ni.dll microsoft.grouppolicy.interop.dll microsoft.grouppolicy.interop.dll microsoft.grouppolicy.interop.dll activeds.dll adsldpc.dll wldap32.dll atl.dll ntdsapi.dll ws2_32.dll rsaenh.dll ieframe.dll crypt32.dll wow64win.dll netapi32.dll netutils.dll srvcli.dll wkscli.dll dsrole.dll fde.dll mfc42u.dll odbc32.dll comctl32.dll mpr.dll odbcint.dll system.directoryservices.ni.dll system.xml.ni.dll twinapi.dll pnidui.dll system.windows.forms.ni.dll sechost.dll ntdll.dll system.web.dll System.Configuration.ni.dll system.web.dll system.web.dll microsoft.managementconsole.ni.dll rpcrtremote.dll auditpolicygpmanagedstubs.interop.dll kernel32.dll system.configuration.install.ni.dll mmcfxcommon.ni.dll system.runtime.serialization.formatters.soap.ni.dll system.configuration.ni.dll system.security.ni.dll system.data.sqlxml.ni.dll windows.security.authentication.onlineid.dll system.deployment.ni.dll microsoft.jscript.ni.dll microsoft.vsa.ni.dll microsoft.visualc.ni.dll microsoft.security.applicationid.policymanagement.xmlhelper.ni.dll psapi.dll microsoft.security.applicationid.policymanagement.policyengineapi.interop.dll microsoft.security.applicationid.policymanagement.policyengineapi.interop.dll mswsock.dll system.data.dll system.data.dll system.data.dll system.data.dll system.data.dll imm32.dll user32.dll system.enterpriseservices.ni.dll ws2_32.dll profapi.dll wminet_utils.dll system.xml.ni.dll ole32.dll gdi32.dll system.transactions.dll system.transactions.dll system.transactions.dll system.transactions.dll system.transactions.dll system.runtime.remoting.ni.dll user32.dll system.data.oracleclient.ni.dll system.data.oracleclient.dll system.data.oracleclient.dll system.data.oracleclient.dll kernelbase.dll system.data.oracleclient.dll ntdll.dll propsys.dll kernelbase.dll advapi32.dll msvcrt.dll netprofm.dll rpcrt4.dll msvcr120_clr0400.dll mscoree.dll ole32.dll imm32.dll uxtheme.dll lpk.dll usp10.dll wshbth.dll windows.storage.dll msctf.dll advapi32.dll cryptsp.dll rsaenh.dll rpcrtremote.dll clbcatq.dll globinputhost.dll mscoreei.dll winbrand.dll shlwapi.dll system.windows.forms.ni.dll clrjit.dll kernel32.dll version.dll profapi.dll mscorlib.dll ntdll.dll ntdll.dll wow64.dll wow64win.dll wow64cpu.dll system.transactions.dll kernel32.dll kernel32.dll user32.dll kernel32.dll kernelbase.dll advapi32.dll msvcrt.dll sechost.dll wsecedit.dll sspicli.dll cryptbase.dll msvcr120_clr0400.dll mscoree.dll ole32.dll gdi32.dll user32.dll gdi32.dll usp10.dll oleaut32.dll imm32.dll msctf.dll cryptsp.dll rsaenh.dll rpcrt4.dll clbcatq.dll sxs.dll Microsoft.VisualStudio.Tools.Office.Runtime.v10.0.dll mscorwks.dll msvcr80.dll shlwapi.dll shell32.dll shlwapi.dll mscorlib.ni.dll mscorjit.dll mscorlib.dll mscorlib.dll version.dll dhcpcsvc.dll mscorlib.dll kernel32.dll system.core.ni.dll system.xml.linq.ni.dll system.xml.linq.dll system.xml.linq.dll system.xml.linq.dll system.xml.linq.dll winbrand.dll system.dll system.dll system.dll system.core.dll system.core.dll dimsjob.dll system.core.dll system.xml.ni.dll system.xml.dll system.xml.dll system.xml.dll system.xml.dll sechost.dll system.configuration.dll system.configuration.dll System.Configuration.dll system.runtime.serialization.formatters.soap.ni.dll system.security.ni.dll system.security.dll system.security.dll wtsapi32.dll api-ms-win-core-timezone-l1-1-0.dll system.data.sqlxml.ni.dll System.Drawing.ni.dll msctf.dll system.data.sqlxml.dll system.data.sqlxml.dll,normal
 ntdll.dll ole32.dll KernelBase.dll msvcrt.dll winbrand.dll user32.dll gdi32.dll comctl32.dll kernel32.dll imm32.dll msctf.dll apphelp.dll,normal
 ntdll.dll kernel32.dll KernelBase.dll system.directoryservices.ni.dll ole32.dll gdi32.dll user32.dll clbcatq.dll usp10.dll rpcrt4.dll imm32.dll msctf.dll kernel32.dll clbcatq.dll advapi32.dll sechost.dll oleaut32.dll cryptsp.dll rsaenh.dll RpcRtRemote.dll sxsstore.dll UserAccountControlSettings.dll secur32.dll shlwapi.dll comctl32.dll api-ms-win-downlevel-shlwapi-l1-1-0.dll api-ms-win-downlevel-shlwapi-l2-1-0.dll dpx.dll system.xml.ni.dll dui70.dll duser.dll dwmapi.dll msswch.dll winmm.dll propsys.dll oleaut32.dll xmllite.dll,normal
 ntdll.dll dwmapi.dll wow64.dll wow64win.dll wow64cpu.dll kernel32.dll lpk.dll kernel32.dll KernelBase.dll kernel32.dll KernelBase.dll advapi32.dll msvcrt.dll mscorlib.dll rpcrt4.dll sspicli.dll version.dll dnsapi.dll ws2_32.dll msvcrt.dll winbrand.dll dhcpcsvc.dll dhcpcsvc6.dll shell32.dll shlwapi.dll shlwapi.dll oleres.dll lpk.dll usp10.dll ole32.dll imm32.dll msctf.dll clbcatq.dll oleaut32.dll cryptbase.dll imm32.dll RpcRtRemote.dll wevtapi.dll msctf.dll shell32.dll System.dll wow64win.dll wow64cpu.dll kernel32.dll kernel32.dll kernel32.dll setupapi.dll kernel32.dll KernelBase.dll version.dll winbrand.dll user32.dll gdi32.dll lpk.dll usp10.dll advapi32.dll sechost.dll mfcore.dll sspicli.dll cryptbase.dll imm32.dll msctf.dll apphelp.dll,normal
 ntmarta.dll wow64cpu.dll kernel32.dll ngcpopkeysrv.dll ngcpopkeysrv.dll pcpksp.dll pcpksp.dll,normal
 ntdll.dll kernel32.dll KernelBase.dll gdi32.dll user32.dll lpk.dll usp10.dll msvcrt.dll imm32.dll msctf.dll ole32.dll rpcrt4.dll oleaut32.dll api-ms-win-crt-convert-l1-1-0.dll shlwapi.dll advapi32.dll sechost.dll ntdll.dll ntdll.dll wow64.dll api-ms-win-core-sysinfo-l1-2-0.dll wow64cpu.dll kernel32.dll kernel32.dll kernel32.dll user32.dll system.addin.contract.ni.dll KernelBase.dll msvcrt.dll winbrand.dll user32.dll gdi32.dll lpk.dll mscoreei.dll logoncli.dll sechost.dll rpcrt4.dll sspicli.dll user32.dll imm32.dll rpcrt4.dll rpcrtremote.dll,normal
 ntdll.dll ntdll.dll KernelBase.dll wow64win.dll wow64cpu.dll kernel32.dll comctl32.dll authz.dll user32.dll kernel32.dll kernelbase.dll msvcrt.dll winbrand.dll user32.dll gdi32.dll lpk.dll usp10.dll advapi32.dll biwinrt.dll rpcrt4.dll sspicli.dll cryptsp.dll imm32.dll msctf.dll apphelp.dll,normal
 pla.dll rpcrt4.dll wevtapi.dll wevtapi.dll wecsvc.dll wevtapi.dll pnrpnsp.dll wevtapi.dll dfsrress.dll els.dll els.dll wecsvc.dll wevtapi.dll wevtapi.dll wmiutils.dll appidapi.dll aeevts.dll imm32.dll imagehlp.dll authui.dll lsasrv.dll qmgr.dll crypt32.dll dimsroam.dll certpoleng.dll ci.dll cofiredm.dll cofiredm.dll msasn1.dll pla.dll wintrust.dll sdiagprv.dll netdiagfx.dll dps.dll oleaut32.dll wudfplatform.dll eapsvc.dll certadm.dll certadm.dll fms.dll System.Transactions.ni.dll gpsvc.dll apds.dll wevtfwd.dll SensApi.dll winhttp.dll microsoft-windows-kernel-power-events.dll shell32.dll lsasrv.dll System.Data.OracleClient.dll pnidui.dll netprofm.dll nlasvc.dll api-ms-win-core-memory-l1-1-1.dll wow64cpu.dll ntprint.dll tsworkspace.dll radardt.dll rstrtmgr.dll auditcse.dll scwengb.dll svrmgrnc.dll osbaseln.dll usp10.dll umrdp.dll mstscax.dll usp10.dll profsvc.dll webio.dll msasn1.dll mscms.dll msvcrt.dll winhttp.dll dot3svc.dll oleres.dll uiautomationcore.dll cbsmsg.dll wininet.dll advapi32.dll webservices.dll setupetw.dll schedsvc.dll display.dll wldap32.dll mscorwks.dll oleaut32.dll eqossnap.dll l2nacp.dll xmllite.dll ntshrui.dll actioncenter.dll credui.dll KernelBase.dll windows.security.authentication.onlineid.dll usp10.dll rpcepmap.dll netdiagfx.dll iphlpsvc.dll system.web.applicationservices.ni.dll connect.dll napipsec.dll win32_tpm.dll ieframe.dll nettrace.dll prflbmsg.dll system.data.dll actionqueue.dll logoncli.dll usercpl.dll ntevt.dll comdlg32.dll shsvcs.dll netlogon.dll xwizards.dll imm32.dll SensApi.dll sspicli.dll cmisetup.dll perfdisk.dll adtschema.dll msobjs.dll umpnpmgr.dll efscore.dll themecpl.dll sstpsvc.dll wlgpclnt.dll lsasrv.dll perfctrs.dll dxptasksync.dll fdphost.dll ole32.dll umrdp.dll portabledevicesyncprovider.dll kdcsvc.dll magnification.dll diagcpl.dll firewallcontrolpanel.dll dps.dll netshell.dll pnidui.dll wdc.dll shsvcs.dll rpcrt4.dll rtm.dll advapi32.dll mpssvc.dll ieframe.dll stobject.dll wininet.dll msimsg.dll uianimation.dll adsldpc.dll System.Runtime.Serialization.Formatters.Soap.dll efssvc.dll schedsvc.dll dimsjob.dll npmproxy.dll rpcrt4.dll energy.dll taskbarcpl.dll crypt32.dll wow64.dll appidapi.dll deviceuxres.dll loadperf.dll gdi32.dll perfproc.dll microsoft-windows-kernel-processor-power-events.dll apphelp.dll whealogr.dll netevent.dll pautoenr.dll certprop.dll usp10.dll setupetw.dll dwmcore.dll tcpmon.dll usp10.dll mciavi32.dll dwmcore.dll umpo.dll pdhui.dll sspicli.dll dot3gpclnt.dll ktmw32.dll jscript.dll sud.dll windows.staterepositoryps.dll dui70.dll csrsrv.dll msdtcvsp1res.dll tsuserex.dll fdrespub.dll documentperformanceevents.dll lsasrv.dll dnsapi.dll cryptbase.dll dwmredir.dll rpcepmap.dll kerberos.dll imm32.dll ktmw32.dll zipfldr.dll win32u.dll pots.dll winsrv.dll msvcrt.dll userenv.dll wabsyncprovider.dll portabledevicesyncprovider.dll pdh.dll msutb.dll sens.dll system.web.ni.dll werconcpl.dll comres.dll dwmapi.dll ntdll.dll rsaenh.dll wersvc.dll fntcache.dll system.drawing.dll van.dll quartz.dll System.ServiceModel.Internals.ni.dll comres.dll tabskb.dll shsvcs.dll kernel32.dll uiribbon.dll oleaccrc.dll perfproc.dll dpx.dll gdi32.dll system.xml.dll sensapi.dll winsetup.dll kernelbase.dll els.dll wecsvc.dll dnsapi.dll adwsres.dll dfsrress.dll,normal
 msctf.dll msctf.dll ntdll.dll ntdll.dll kernel32.dll kernel32.dll kernelbase.dll windows.staterepositoryps.dll msvcrt.dll msvcrt.dll rpcrt4.dll rpcrt4.dll api-ms-win-downlevel-version-l1-1-0.dll gdi32.dll user32.dll user32.dll lpk.dll msasn1.dll usp10.dll usp10.dll ole32.dll system.configuration.ni.dll oleaut32.dll usp10.dll imm32.dll imm32.dll,normal
 ntdll.dll kernel32.dll system.security.dll gdi32.dll user32.dll msvcrt.dll imm32.dll system.configuration.dll combase.dll gdi32.dll cryptsp.dll uxtheme.dll tiptsf.dll dwmapi.dll comctl32.dll ole32.dll sechost.dll kernel.appcore.dll imm32.dll wow64cpu.dll mssph.dll oleacc.dll advapi32.dll shell32.dll version.dll shlwapi.dll imm32.dll profapi.dll ntmarta.dll dui70.dll imecfm.dll winmm.dll,normal
 msvcrt.dll ntdll.dll wow64.dll wow64win.dll ntdll.dll kernel32.dll version.dll usp10.dll user32.dll cryptsp.dll msdatasrc.dll advapi32.dll credui.dll sechost.dll rpcrt4.dll system.windows.forms.dll cryptbase.dll dnsapi.dll ws2_32.dll nsi.dll winnsi.dll kernelbase.dll dhcpcsvc6.dll kernel32.dll shlwapi.dll gdi32.dll user32.dll lpk.dll usp10.dll ole32.dll imm32.dll msctf.dll clbcatq.dll oleaut32.dll cryptsp.dll rsaenh.dll RpcRtRemote.dll wevtapi.dll ntdll.dll kernel32.dll KernelBase.dll lpk.dll user32.dll lpk.dll usp10.dll msvcrt.dll imm32.dll msctf.dll ole32.dll rpcrt4.dll oleaut32.dll ntdll.dll kernel32.dll shell32.dll gdi32.dll user32.dll lpk.dll usp10.dll msvcrt.dll clbcatq.dll shlwapi.dll ole32.dll rpcrt4.dll gdi32.dll cryptbase.dll crypt32.dll advapi32.dll sechost.dll ntdll.dll kernel32.dll kernel32.dll shell32.dll msvcrt.dll SensApi.dll kernel32.dll ole32.dll gdi32.dll user32.dll lpk.dll usp10.dll advapi32.dll msctf.dll wdscore.dll oleaut32.dll api-ms-win-core-processthreads-l1-1-1.dll user32.dll dbghelp.dll cryptbase.dll Microsoft.Management.Infrastructure.Native.dll version.dll msvcrt.dll msasn1.dll wintrust.dll userenv.dll profapi.dll ktmw32.dll wdc.dll dpx.dll cfgmgr32.dll wcp.dll apphelp.dll setupapi.dll cfgmgr32.dll devobj.dll ieui.dll wrpint.dll mfc42u.dll sqmapi.dll winhttp.dll webio.dll dnsapi.dll webio.dll oleacc.dll shlwapi.dll mpr.dll ole32.dll clbcatq.dll CbsApi.dll smipi.dll smiengine.dll ntdll.dll system.web.dll KernelBase.dll gdi32.dll api-ms-win-crt-filesystem-l1-1-0.dll msvcrt.dll usp10.dll msvcrt.dll api-ms-win-core-handle-l1-1-0.dll msctf.dll ole32.dll rpcrt4.dll oleaut32.dll ntdll.dll shcore.dll wow64.dll wow64win.dll wow64cpu.dll kernel32.dll kernel32.dll kernel32.dll user32.dll kernel32.dll KernelBase.dll msvcrt.dll winbrand.dll user32.dll gdi32.dll usp10.dll usp10.dll advapi32.dll sechost.dll rpcrt4.dll sspicli.dll cryptbase.dll imm32.dll msctf.dll imm32.dll,normal
 ntdll.dll kernel32.dll wintrust.dll advapi32.dll msvcrt.dll sechost.dll rpcrt4.dll msvcr120_clr0400.dll mscoree.dll ole32.dll gdi32.dll user32.dll cryptnet.dll usp10.dll oleaut32.dll srvcli.dll msctf.dll oleaut32.dll cryptsp.dll setupapi.dll RpcRtRemote.dll advapi32.dll sxs.dll mscoreei.dll mscorwks.dll msvcr80.dll shlwapi.dll System.Data.OracleClient.dll profapi.dll mscorlib.ni.dll mscorjit.dll mscorlib.dll mscorlib.dll version.dll mscorlib.dll mscorlib.dll system.web.dll sensapi.dll WindowsBase.ni.dll PresentationCore.ni.dll PresentationFramework.ni.dll PresentationCore.dll ntdll.dll PresentationCore.dll PresentationCore.dll ntdll.dll kernel.appcore.dll wow64.dll wow64win.dll wow64cpu.dll kernel32.dll kernel32.dll kernel32.dll lpk.dll kernel32.dll KernelBase.dll wevtapi.dll msvcrt.dll microsoft.office.tools.outlook.implementation.dll rpcrt4.dll System.Data.OracleClient.ni.dll cryptbase.dll msvcr120_clr0400.dll ActionQueue.dll kernel32.dll gdi32.dll user32.dll lpk.dll usp10.dll oleaut32.dll setupapi.dll msctf.dll cryptsp.dll rsaenh.dll RpcRtRemote.dll clbcatq.dll sxs.dll nsi.dll clr.dll shlwapi.dll mscorlib.ni.dll clrjit.dll Microsoft.WSMan.Runtime.dll Microsoft.WSMan.Runtime.dll kernelbase.dll mscorlib.dll mscorlib.dll System.ni.dll System.dll System.dll System.Core.ni.dll System.Configuration.ni.dll System.Configuration.dll msvcr120_clr0400.dll System.Core.dll System.Core.dll System.Xml.ni.dll System.Xml.dll System.Xml.dll,normal
 ntdll.dll ntdll.dll wow64.dll oleaut32.dll msvcrt.dll kernel32.dll kernel32.dll kernel32.dll user32.dll lpk.dll KernelBase.dll msvcrt.dll ucrtbase.dll user32.dll gdi32.dll user32.dll usp10.dll coml2.dll sechost.dll rpcrt4.dll sspicli.dll cryptbase.dll imm32.dll msctf.dll apphelp.dll,normal
 msspell7.dll msspell7.dll mscss7en.dll mscss7en.dll igd10iumd64.dll igd10iumd64.dll igd10iumd64.dll igd10iumd64.dll nsi.dll msspell7.dll mscoree.dll wow64win.dll System.Web.dll user32.dll msspell7.dll winhttp.dll mscss7en.dll mscss7en.dll msspell7.dll msspell7.dll mscss7en.dll mscss7en.dll KernelBase.dll msspell7.dll mscss7en.dll duser.dll msspell7.dll mscorlib.dll mscss7en.dll mscss7en.dll msspell7.dll msspell7.dll mscss7en.dll mscss7en.dll imecfmps.dll imecfmps.dll igd10iumd64.dll igd10iumd64.dll,normal
 gdi32full.dll msctf.dll System.Web.DynamicData.dll ntdll.dll system.windows.forms.dll kernel32.dll KernelBase.dll KernelBase.dll msvcrt.dll system.xml.dll rpcrt4.dll rpcrt4.dll gdi32.dll gdi32.dll user32.dll user32.dll lpk.dll lpk.dll usp10.dll usp10.dll ole32.dll ole32.dll oleaut32.dll oleaut32.dll imm32.dll imm32.dll kernel32.dll kernel32.dll KernelBase.dll advapi32.dll msvcrt.dll sechost.dll rpcrt4.dll vcruntime140.dll win32u.dll ucrtbase.dll uxtheme.dll api-ms-win-core-file-l2-1-0.dll api-ms-win-core-localization-l1-2-0.dll api-ms-win-core-synch-l1-2-0.dll api-ms-win-core-processthreads-l1-1-1.dll api-ms-win-core-file-l1-2-0.dll msctf.dll msvcp_win.dll cryptbase.dll api-ms-win-crt-convert-l1-1-0.dll msvcp140.dll api-ms-win-crt-locale-l1-1-0.dll api-ms-win-crt-math-l1-1-0.dll api-ms-win-crt-multibyte-l1-1-0.dll shlwapi.dll api-ms-win-crt-filesystem-l1-1-0.dll api-ms-win-crt-environment-l1-1-0.dll api-ms-win-crt-utility-l1-1-0.dll tipskins.dll gdi32.dll msfeedsbs.dll lpk.dll usp10.dll cryptbase.dll imm32.dll msctf.dll,normal
 setupapi.dll kernel32.dll kernelbase.dll advapi32.dll rpcrtremote.dll sechost.dll rpcrt4.dll comctl32.dll gdi32.dll user32.dll shell32.dll usp10.dll mfc42u.dll cryptsp.dll oleaut32.dll odbc32.dll shell32.dll shlwapi.dll wininet.dllnormaliz.dll urlmon.dll crypt32.dll msasn1.dll iertutil.dll winmm.dll ws2_32.dll nsi.dll msasn1.dll kernel32.dll odbcint.dll cryptbase.dll uxtheme.dll riched32.dll imageres.dll dwmapi.dll rpcrt4.dll clbcatq.dll Display.dll sensapi.dll version.dll wuapi.dll rasapi32.dll win32u.dll cryptsp.dll rsaenh.dll rpcrtremote.dll oledb32.dll bcrypt.dll oledb32r.dll comsvcs.dll atl.dll bcryptprimitives.dll msjetoledb40.dll KernelBase.dll mswstr10.dll msjter40.dll msjint40.dll msadox.dll msadrh15.dll msjtes40.dll vbajet32.dll expsrv.dll imecfm.dll msadce.dll msadcer.dll,caidao
 ntdll.dll ntdll.dll wow64.dll wow64win.dll imm32.dll kernel32.dll kernel32.dll kernel32.dll user32.dll kernel32.dll KernelBase.dll msvcrt.dll winbrand.dll kernel32.dll gdi32.dll lpk.dll usp10.dll gdi32.dll sechost.dll rpcrt4.dll sspicli.dll odbcint.dll imm32.dll msctf.dll apphelp.dll,normal
 ntdll.dll kernel32.dll kernelbase.dll imm32.dll msvcrt.dll rpcrt4.dll combase.dll bcrypt.dll crypt32.dll cryptxml.dll ole32.dll oleaut32.dll xmllite.dll sechost.dll ucrtbase.dll bcryptprimitives.dll msasn1.dll gdi32.dll user32.dll msvcp_win.dll gdi32.dll win32u.dll sspicli.dll rpcrt4.dll audioses.dll usp10.dll cryptbase.dll sppwinob.dll dsrole.dll clipc.dll sppobjs.dll netapi32.dll clbcatq.dll cryptbase.dll system.xml.ni.dll bcp47langs.dll,normal
 ntdll.dll msctf.dll gdi32.dll gdi32.dll user32.dll rpcrt4.dll usp10.dll msvcrt.dll imm32.dll shlwapi.dll ole32.dll shlwapi.dll dwmapi.dll uxtheme.dll Accessibility.ni.dll advapi32.dll sechost.dll comctl32.dll shlwapi.dll cryptbase.dll msswch.dll nsi.dll msswch.dll clbcatq.dll ntdll.dll kernel32.dll kernelbase.dll ole32.dll msvcrt.dll sechost.dll rpcrt4.dll rsaenh.dll gdi32.dll lpk.dll usp10.dll shlwapi.dll kernel32.dll shell32.dll winhttp.dll webio.dll powrprof.dll setupapi.dll cfgmgr32.dll oleaut32.dll devobj.dll sechost.dll ntdll.dll tdh.dll wevtapi.dll apphelp.dll,normal
 sensapi.dll cryptsp.dll rsaenh.dll cryptbase.dll dbghelp.dll bcryptprimitives.dll version.dll wdscore.dll msctf.dll System.Data.Entity.dll inputhost.dll ktmw32.dll shell32.dll dpx.dll user32.dll wcp.dll bcrypt.dll drupdate.dll drupdate.dll mpr.dll clbcatq.dll srclient.dll srclient.dll spp.dll gdi32.dll vssapi.dll vssapi.dll atl.dll atl.dll vsstrace.dll vsstrace.dll wrpint.dll clbcatq.dll sxsstore.dll clbcatq.dll sqmapi.dll wpdshext.dll sysntfy.dll System.Data.Entity.dll devrtl.dll devrtl.dll ntmarta.dll ntmarta.dll system.web.dll apphelp.dll samlib.dll profapi.dll bcrypt.dll bcrypt.dll dui70.dll ntdsapi.dll bcryptprimitives.dll bcryptprimitives.dll powrprof.dll version.dll wdscore.dll wdscore.dll mscorlib.dll cbscore.dll ktmw32.dll ktmw32.dll dpx.dll dpx.dll SmartcardCredentialProvider.dll lsmproxy.dll drupdate.dll drupdate.dll mpr.dll mpr.dll srclient.dll srclient.dll spp.dll spp.dll user32.dll vssapi.dll srvcli.dll atl.dll vsstrace.dll vsstrace.dll wrpint.dll wrpint.dll sxsstore.dll user32.dll sqmapi.dll ntdll.dll user32.dll sysntfy.dll devrtl.dll devrtl.dll ntmarta.dll ntmarta.dll setupapi.dll apphelp.dll samlib.dll samlib.dll bcrypt.dll bcrypt.dll lpk.dll ntdsapi.dll gdi32.dll bcryptprimitives.dll wbemprox.dll wbemprox.dll wbemprox.dll wbemprox.dll wbemcomn2.dll wow64.dll wbemcomn2.dll wbemcomn2.dll fastprox.dll fastprox.dll fastprox.dll fastprox.dll wbemsvc.dll wbemsvc.dll wbemsvc.dll wbemsvc.dll wmiutils.dll wmiutils.dll IEShims.dll wmiutils.dll drvstore.dll drvstore.dll drvstore.dll drvstore.dll cmiadapter.dll cmiadapter.dll cmiadapter.dll cmiadapter.dll wer.dll cmiv2.dll cmiv2.dll cmiv2.dll cmiv2.dll xmllite.dll xmllite.dll xmllite.dll cryptsp.dll wmicmiplugin.dll wmicmiplugin.dll wmicmiplugin.dll wmicmiplugin.dll cmitrust.dll cmitrust.dll rpcrt4.dll cmitrust.dll oleaut32.dll mofinstall.dll mofinstall.dll mofinstall.dll mcstoredb.ni.dll lpk.dll mofd.dll mofd.dll msctf.dll kernelbase.dll rasadhlp.dll clbcatq.dll clbcatq.dll clbcatq.dll clbcatq.dll ws2_32.dll ws2_32.dll ws2_32.dll ws2_32.dll nsi.dll nsi.dll profapi.dll nsi.dll npmproxy.dll ntdll.dll kernel32.dll kernel32.dll kernelbase.dll kernelbase.dll msvcrt.dll msvcrt.dll advapi32.dll sechost.dll rpcrt4.dll api-ms-win-eventing-provider-l1-1-0.dll devobj.dll shlwapi.dll gdi32.dll gdi32.dll user32.dll user32.dll lpk.dll lpk.dll imm32.dll usp10.dll ole32.dll windows.storage.applicationdata.dll oleaut32.dll bcrypt.dll gdi32.dll imm32.dll profapi.dll cfgmgr32.dll msls31.dll setupapi.dll staterepository.core.dll devobj.dll devobj.dll psapi.dll psapi.dll reachframework.ni.dll uxtheme.dll crypt32.dll crypt32.dll msasn1.dll msasn1.dll kernelbase.dll ole32.dll wintrust.dll sspicli.dll wintrust.dll wintrust.dll advapi32.dll userenv.dll msvcr80.dll directmanipulation.dll rpcrtremote.dll rpcrtremote.dll rpcrtremote.dll rpcrtremote.dll wldap32.dll wldap32.dll wldap32.dll user32.dll apphelp.dll,normal
 ntdll.dll kernel32.dll KernelBase.dll msvcrt.dll wow64.dll kernel32.dll user32.dll lpk.dll clbcatq.dll rpcrt4.dll imm32.dll msasn1.dll cryptbase.dll clbcatq.dll advapi32.dll sechost.dll oleaut32.dll cryptsp.dll rsaenh.dll gdi32.dll uxtheme.dll comctl32.dll wldp.dll userenv.dll profapi.dll shacct.dll nlslexicons0009.dll,normal
 ntdll.dll kernel32.dll kernelbase.dll ucrtbase.dll combase.dll rpcrt4.dll bcryptprimitives.dll kernel.appcore.dll wintypes.dll clbcatq.dll msasn1.dll win32u.dll gdi32.dll gdi32full.dll imm32.dll sechost.dll System.Security.dll idstore.dll bcrypt.dll clbcatq.dll profapi.dll,normal
 api-ms-win-core-file-l2-1-0.dll kernel32.dll kernelbase.dll advapi32.dll msvcrt.dll sechost.dll system.web.dll user32.dll gdi32.dll lpk.dll usp10.dll ole32.dll oleaut32.dll tquery.dll tquery.dll shlwapi.dll ntdll.dll msctf.dll cryptbase.dll msshooks.dll mscoree.dll mscoreei.dll cryptbase.dll clbcatq.dll cryptsp.dll rsaenh.dll rpcrtremote.dll ntdll.dll api-ms-win-downlevel-advapi32-l2-1-0.dll,normal
 ntdll.dll kernel32.dll KernelBase.dll advapi32.dll msvcrt.dll kernel.appcore.dll rpcrt4.dll msvcr120_clr0400.dll msctf.dll ole32.dll microsoft.visualc.ni.dll user32.dll rsaenh.dll usp10.dll ole32.dll imm32.dll msctf.dll cryptbase.dll CbsApi.dll rsaenh.dll RpcRtRemote.dll clbcatq.dll sxs.dll mscoreei.dll mscorwks.dll msvcr80.dll shlwapi.dll shell32.dll profapi.dll mscorlib.ni.dll mscorjit.dll propsys.dll mscorlib.dll version.dll secur32.dll mscorlib.dll System.ni.dll SMDiagnostics.ni.dll System.Configuration.ni.dll apphelp.dll wups.dll system.enterpriseservices.dll System.Data.SqlXml.ni.dll,normal
 ws2_32.dll kernel32.dll kernelbase.dll ws2_32.dll vcruntime140.dll api-ms-win-crt-runtime-l1-1-0.dll api-ms-win-crt-stdio-l1-1-0.dll api-ms-win-crt-string-l1-1-0.dll kernelbase.dll api-ms-win-crt-math-l1-1-0.dll api-ms-win-crt-locale-l1-1-0.dll rpcrt4.dll usp10.dll api-ms-win-crt-heap-l1-1-0.dll mswsock.dll advapi32.dll,HTran
 ntdll.dll rsaenh.dll kernel32.dll KernelBase.dll advapi32.dll nsi.dll sechost.dll clbcatq.dll cryptsp.dll gdi32.dll imageres.dll usp10.dll sppcommdlg.dll comctl32.dll rsaenh.dll imm32.dll msctf.dll ole32.dll user32.dll shell32.dll uiautomationprovider.ni.dll slc.dll sppc.dll ntdll.dll clbcatq.dll cryptsp.dll rsaenh.dll RpcRtRemote.dll sppcomapi.dll advapi32.dll crypt32.dll msasn1.dll winhttp.dll webio.dll rasapi32.dll rasman.dll ws2_32.dll nsi.dll setupapi.dll cfgmgr32.dll devobj.dll tapi32.dll msi.dll shlwapi.dll wtsapi32.dll mscorlib.dll kernel32.dll uxtheme.dll cryptui.dll dwmapi.dll msswch.dll winmm.dll duser.dll kernel32.dll,normal
 ntdll.dll wow64.dll wow64win.dll wow64cpu.dll rpcrt4.dll kernel32.dll advapi32.dll oleaut32.dll ole32.dll msvcp_win.dll gdi32.dll user32.dll advapi32.dll sechost.dll rpcrt4.dll sspicli.dll cryptbase.dll lpk.dll usp10.dll imm32.dll msctf.dll sechost.dll version.dll clbcatq.dll mscoree.dll mscoreei.dll fusion.dll clr.dll clr.dll winnsi.dll kernel32.dll kernel32.dll kernel32.dll shlwapi.dll mscorsvc.dll wrpint.dll ws2_32.dll System.Deployment.dll wow64.dll wow64win.dll advapi32.dll kernel32.dll system.xml.dll kernel32.dll ntdll.dll kernel32.dll KernelBase.dll advapi32.dll msvcrt.dll sechost.dll rpcrt4.dll sspicli.dll cryptbase.dll dnsapi.dll shdocvw.dll nsi.dll winnsi.dll usercpl.dll dhcpcsvc6.dll uxtheme.dll shlwapi.dll gdi32.dll user32.dll lpk.dll usp10.dll ActionCenterCPL.dll imm32.dll msctf.dll clbcatq.dll oleaut32.dll clbcatq.dll rsaenh.dll RpcRtRemote.dll wevtapi.dll,normal
 shacct.dll ntdll.dll wow64.dll wow64win.dll wow64cpu.dll kernel32.dll rsaenh.dll kernel32.dll user32.dll kernel32.dll kernelbase.dll mscorlib.dll winbrand.dll user32.dll system.core.ni.dll system.core.ni.dll System.Management.ni.dll advapi32.dll sechost.dll rpcrt4.dll sspicli.dll cryptbase.dll imm32.dll msctf.dll dwmapi.dll,normal
 ntdll.dll ntdll.dll wow64.dll wow64win.dll wow64cpu.dll kernel32.dll crypt32.dll cryptbase.dll user32.dll kernel32.dll KernelBase.dll advapi32.dll msshooks.dll sechost.dll System.Transactions.dll sspicli.dll winbrand.dll cryptsp.dll dxgi.dll ole32.dll winnsi.dll user32.dll lpk.dll devobj.dll shell32.dll imm32.dll msctf.dll cryptsp.dll rsaenh.dll RpcRtRemote.dll clbcatq.dll sxs.dll mscoreei.dll clr.dll imm32.dll netapi32.dll mprapi.dll iphlpapi.dll System.Drawing.ni.dll System.Windows.Forms.ni.dll version.dll System.Windows.Forms.dll System.Windows.Forms.dll mscorlib.dll mscorlib.dll System.dll System.dll System.Drawing.dll System.Windows.Forms.dll System.Xml.ni.dll System.Xml.dll System.Xml.dll System.Security.ni.dll System.Security.dll msvcp_win.dll System.Core.ni.dll System.Core.dll System.Core.dll System.Configuration.ni.dll System.Configuration.dll System.Configuration.dll wow64cpu.dll user32.dll Accessibility.dll lpk.dll System.Deployment.dll sechost.dll System.Runtime.Serialization.Formatters.Soap.ni.dll,normal
 wmiapres.dll wmiapres.dll wmiapres.dll ntdll.dll,normal
 ntdll.dll user32.dll cryptbase.dll idstore.dll shell32.dll sechost.dll rpcrt4.dll ole32.dll combase.dll msvcp110_win.dll version.dll bcryptprimitives.dll gdi32.dll api-ms-win-core-threadpool-legacy-l1-1-0.dll user32.dll win32u.dll oleaut32.dll rpcrt4.dll crypt32.dll msasn1.dll wldap32.dll scrrun.dll logoncli.dll gdi32.dll dsreg.dll userenv.dll profapi.dll secur32.dll ntasn1.dll cryptsp.dll usp10.dll kernel.appcore.dll dpapi.dll mswsock.dll dnsapi.dll nsi.dll netutils.dll crypt32.dll qmgrprxy.dll winhttp.dll bcrypt.dll wininet.dll dsparse.dll uxtheme.dll ws2_32.dll kerberos.dll,normal
 ntdll.dll ntdll.dll wow64.dll version.dll api-ms-win-core-datetime-l1-1-1.dll kernel32.dll kernel32.dll kernel32.dll user32.dll windows.media.dll kernelbase.dll msvcrt.dll winbrand.dll user32.dll gdi32.dll msvcrt.dll usp10.dll sspicli.dll cryptbase.dll rpcrt4.dll sspicli.dll cryptbase.dll imm32.dll rpcrtremote.dll apphelp.dll,normal
 ntdll.dll kernel32.dll KernelBase.dll advapi32.dll msvcrt.dll sechost.dll rpcrt4.dll ole32.dll shlwapi.dll user32.dll lpk.dll accessibility.dll wbemsvc.dll msctf.dll wdscore.dll Wldap32.dll shell32.dll shlwapi.dll dbghelp.dll cryptbase.dll SensApi.dll rpcrt4.dll crypt32.dll cryptbase.dll wintrust.dll userenv.dll profapi.dll ktmw32.dll dpx.dll dpx.dll dpx.dll LspDnD64.dll DrUpdate.dll system.dll kernel32.dll devobj.dll mpr.dll wrpint.dll system.dll sqmapi.dll winhttp.dll webio.dll winhttp.dll webio.dll SensApi.dll cryptsp.dll biwinrt.dll RpcRtRemote.dll clbcatq.dll winhttp.dll smipi.dll smiengine.dll,normal
 ntdll.dll ntdll.dll wow64.dll oleaut32.dll cabinet.dll kernel32.dll kernel32.dll kernel32.dll user32.dll kernel32.dll kernelbase.dll advapi32.dll msvcrt.dll usermgrcli.dll rpcrt4.dll sspicli.dll cryptbase.dll dnsapi.dll ws2_32.dll msctf.dll grooveintlresource.dll dhcpcsvc.dll microsoft.visualstudio.tools.applications.hosting.ni.dll shell32.dll shlwapi.dll gdi32.dll user32.dll lpk.dll usp10.dll system.core.dll imm32.dll msctf.dll clbcatq.dll oleaut32.dll cryptsp.dll System.Numerics.dll rpcrtremote.dll wevtapi.dll ntdll.dll ntdll.dll wow64.dll wow64win.dll wow64cpu.dll wtsapi32.dll kernel32.dll kernel32.dll user32.dll kernel32.dll kernelbase.dll msvcrt.dll winbrand.dll system.xml.dll gdi32.dll lpk.dll System.Numerics.ni.dll advapi32.dll sechost.dll ntmarta.dll sspicli.dll cryptbase.dll imm32.dll msctf.dll apphelp.dll,normal
 ntdll.dll kernel32.dll kernelbase.dll advapi32.dll msctf.dll shlwapi.dll rpcrt4.dll gdi32.dll winbrand.dll lpk.dll cryptbase.dll ole32.dll msimg32.dll wmsgapi.dll wtsapi32.dll winmm.dll advapi32.dll profapi.dll winsta.dll crypt32.dll wintrust.dll system.design.dll msctf.dll imm32.dll msutb.dll comctl32.dll shlwapi.dll secur32.dll sspicli.dll PresentationCore.dll cryptbase.dll PresentationCore.dll wintrust.dll cryptsp.dll rsaenh.dll imagehlp.dll bcrypt.dll advapi32.dll ncrypt.dll gpapi.dll cryptnet.dll wldap32.dll sensapi.dll version.dll system.directoryservices.protocols.ni.dll oleaut32.dll urlmon.dll api-ms-win-downlevel-ole32-l1-1-0.dll api-ms-win-downlevel-shlwapi-l1-1-0.dll api-ms-win-downlevel-advapi32-l1-1-0.dll api-ms-win-downlevel-user32-l1-1-0.dll sxs.dll api-ms-win-downlevel-normaliz-l1-1-0.dll normaliz.dll iertutil.dll oleaut32.dll,normal
 mscoree.dll mscoreei.dll sechost.dll msvcr120_clr0400.dll msctf.dll ntdll.dll kernel32.dll kernelbase.dll msvcrt.dll advapi32.dll sechost.dll rpcrt4.dll shlwapi.dll gdi32.dll system.data.sqlxml.ni.dll rpcrt4.dll usp10.dll comctl32.dll cryptbase.dll System.Transactions.ni.dll cryptsp.dll rsaenh.dll regapi.dll microsoft.management.infrastructure.native.dll ntdll.dll kernel32.dll usp10.dll advapi32.dll msvcrt.dll sechost.dll imm32.dll user32.dll user32.dll advapi32.dll usp10.dll oleaut32.dll ole32.dll system.data.oracleclient.dll kernelbase.dll userenv.dll imm32.dll msctf.dll psapi.dll cryptbase.dll clbcatq.dll cryptsp.dll rsaenh.dll rpcrtremote.dll ntdsapi.dll msvcr90.dll msvcp90.dll wmiutils.dll wbemcomn2.dll globinputhost.dll vsocklib.dll fastprox.dll mi.dll wmiprov.dll wbemcomn.dll loadperf.dll vmstatsprovider.dll vmguestlib.dll,normal
 ntdll.dll kernelbase.dll msvcrt.dll,normal
 ntdll.dll kernel32.dll kernelbase.dll advapi32.dll lpk.dll gdi32.dll clbcatq.dll msctf.dll combase.dll msvcrt.dll sechost.dll cryptbase.dll system.management.automation.dll sspicli.dll uxtheme.dll wow64.dll rsaenh.dll bcrypt.dll clbcatq.dll ole32.dll tipskins.dll bcp47langs.dll winsta.dll dui70.dll winsetup.dll shcore.dll dwmapi.dll devobj.dll shell32.dll shlwapi.dll userenv.dll profapi.dll gpapi.dll tipres.dll comctl32.dll duser.dll gdiplus.dll windows.ui.dll ninput.dll tiptsf.dll oleacc.dll,normal
 ntdll.dll microsoft.visualstudio.tools.office.runtime.internal.dll wow64.dll wow64win.dll wow64cpu.dll kernel32.dll mscoreei.dll l2nacp.dll user32.dll wow64cpu.dll kernelbase.dll msvcrt.dll winbrand.dll user32.dll gdi32.dll lpk.dll profapi.dll advapi32.dll sechost.dll msvcr120_clr0400.dll sspicli.dll cryptbase.dll imm32.dll msctf.dll apphelp.dll ntdll.dll kernel32.dll kernelbase.dll logoncli.dll msvcrt.dll sechost.dll rpcrt4.dll msvcr120_clr0400.dll mscoree.dll ntdll.dll gdi32.dll user32.dll lpk.dll cryptbase.dll oleaut32.dll imm32.dll msctf.dll api-ms-win-downlevel-shlwapi-l1-1-0.dll cryptsp.dll wow64win.dll rpcrtremote.dll cryptnet.dll System.Configuration.Install.dll mscoreei.dll mscorwks.dll msvcr80.dll shlwapi.dll shell32.dll profapi.dll rpcrt4.dll mscorjit.dll mscorlib.dll mscorlib.dll version.dll mscorlib.dll clusapi.dll ehiitv.ni.dll system.ni.dll bdatunepia.ni.dll bdatunepia.dll bdatunepia.dll rpcrt4.dll microsoft.visualc.ni.dll gdi32.dll system.xml.ni.dll ole32.dll system.data.sqlxml.ni.dll ntdll.dll kernel32.dll msvcr120_clr0400.dll advapi32.dll msvcrt.dll sechost.dll rpcrt4.dll msvcr120_clr0400.dll mscoree.dll ole32.dll gdi32.dll user32.dll lpk.dll usp10.dll ntdll.dll comctl32.dll ole32.dll cryptbase.dll sensapi.dll rsaenh.dll ntdll.dll mscoree.dll sxs.dll api-ms-win-core-util-l1-1-0.dll mscorwks.dll msvcr80.dll shlwapi.dll shell32.dll msls31.dll mscorlib.ni.dll mscorjit.dll mscorlib.dll mscorlib.dll version.dll mscorlib.dll mscorlib.dll system.ni.dll microsoft.grouppolicy.interop.ni.dll microsoft.grouppolicy.interop.dll dhcpcsvc6.dll System.dll activeds.dll adsldpc.dll wldap32.dll atl.dll nsi.dll crypt32.dll msasn1.dll kernel32.dll netutils.dll srvcli.dll wkscli.dll ntdll.dll ws2_32.dll msvcr120_clr0400.dll dsrole.dll fde.dll mfc42u.dll docprop.dll mpr.dll photometadatahandler.dll odbcint.dll microsoft.visualc.ni.dll system.directoryservices.ni.dll gdi32.dll system.xml.ni.dll System.Printing.dll system.data.sqlxml.ni.dll microsoft.visualstudio.tools.applications.runtime.v9.0.ni.dll gdi32.dll kernelbase.dll advapi32.dll msvcrt.dll api-ms-win-eventing-legacy-l1-1-0.dll rpcrt4.dll msvcr120_clr0400.dll mscoree.dll ole32.dll gdi32.dll user32.dll lpk.dll msvcrt.dll ntdll.dll imm32.dll msctf.dll system.xml.linq.dll cryptsp.dll rsaenh.dll rpcrtremote.dll clbcatq.dll sxs.dll mscoreei.dll clr.dll shlwapi.dll mscorlib.ni.dll clrjit.dll version.dll mscorlib.dll mscorlib.dll ntdll.dll system.xml.ni.dll microsoft.office.tools.ni.dll system.core.ni.dll microsoft.visualstudio.tools.applications.runtime.ni.dll system.xml.ni.dll api-ms-win-crt-convert-l1-1-0.dll system.windows.forms.ni.dll microsoft.visualstudio.tools.applications.hosting.ni.dll clbcatq.dll system.data.dll mscorlib.dll system.data.dll system.data.dll system.data.dll user32.dll system.data.dll wow64.dll system.deployment.ni.dll system.security.ni.dll microsoft.visualstudio.tools.office.runtime.ni.dll ntdll.dll ntdll.dll wow64.dll wow64win.dll wow64cpu.dll kernel32.dll nsi.dll kernel32.dll user32.dll kernel32.dll kernelbase.dll advapi32.dll sxsstore.dll uxtheme.dll Microsoft.VisualStudio.Tools.Applications.AddInAdapter.v9.0.ni.dll sspicli.dll cfgmgr32.dll msvcr120_clr0400.dll mscoree.dll shlwapi.dll clbcatq.dll user32.dll lpk.dll usp10.dll oleaut32.dll imm32.dll msctf.dll mscorjit.dll rsaenh.dll rpcrtremote.dll clbcatq.dll sxs.dll mscoreei.dll mscorwks.dll system.ni.dll shlwapi.dll shell32.dll profapi.dll mscorlib.ni.dll version.dll mscorlib.dll ole32.dll version.dll mscorlib.dll mscorlib.dll system.ni.dll usp10.dll clbcatq.dll windows.web.http.dll system.dll ntdll.dll microsoft.managementconsole.ni.dll microsoft.managementconsole.dll microsoft.managementconsole.dll kernelbase.dll taskscheduler.dll miguicontrols.ni.dll apphelp.dll ole32.dll system.drawing.ni.dll system.windows.forms.ni.dll system.windows.forms.dll system.windows.forms.dll mfmediaengine.dll system.windows.forms.dll ntdll.dll system.drawing.dll system.drawing.dll uxtheme.dll system.configuration.install.ni.dll onecorecommonproxystub.dll system.configuration.install.dll mmcfxcommon.ni.dll mmcfxcommon.dll msctf.dll system.runtime.serialization.formatters.soap.ni.dll system.runtime.serialization.formatters.soap.dll system.runtime.serialization.formatters.soap.dll system.configuration.ni.dll system.configuration.dll system.configuration.dll system.configuration.dll system.configuration.dll system.xml.ni.dll system.xml.dll system.xml.dll system.directoryservices.protocols.dll system.xml.dll system.security.ni.dll system.security.dll ole32.dll system.security.dll system.security.dll system.data.sqlxml.ni.dll cryptsp.dll system.data.sqlxml.dll system.data.sqlxml.dll cryptsp.dll accessibility.ni.dll accessibility.dll wow64.dll accessibility.dll accessibility.dll system.security.dll system.deployment.dll system.deployment.dll duser.dll system.deployment.dll system.serviceprocess.ni.dll system.serviceprocess.dll ole32.dll system.web.ni.dll system.web.dll system.web.dll system.web.dll system.web.dll system.data.ni.dll system.data.dll winnsi.dll system.data.dll system.data.dll nsi.dll wtsapi32.dll system.deployment.dll crypt32.dll msasn1.dll system.web.services.ni.dll msvcp_win.dll system.web.services.dll bcp47langs.dll system.web.services.dll system.directoryservices.ni.dll system.directoryservices.dll system.directoryservices.dll accessibility.ni.dll system.directoryservices.dll system.directoryservices.protocols.ni.dll cryptsp.dll system.directoryservices.protocols.dll system.directoryservices.protocols.dll system.directoryservices.protocols.dll system.enterpriseservices.ni.dll system.enterpriseservices.dll system.enterpriseservices.dll system.design.ni.dll system.design.dll system.design.dll system.web.regularexpressions.ni.dll system.web.regularexpressions.dll system.web.regularexpressions.dll system.web.regularexpressions.dll system.web.regularexpressions.dll microsoft.visualc.ni.dll system.transactions.ni.dll wow64win.dll system.transactions.dll system.transactions.dll system.transactions.dll advapi32.dll system.runtime.remoting.ni.dll system.runtime.remoting.dll system.runtime.remoting.dll system.drawing.design.ni.dll RpcRtRemote.dll nsi.dll system.data.oracleclient.ni.dll wow64win.dll usp10.dll system.data.oracleclient.dll system.data.oracleclient.dll system.data.oracleclient.dll,normal
 cryptsp.dll ntdll.dll rpcrt4.dll kernelbase.dll pnpts.dll msvcrt.dll msvcrt.dll user32.dll rsaenh.dll uiautomationprovider.dll rpcrt4.dll rpcrt4.dll bcryptprimitives.dll bcryptprimitives.dll kernel.appcore.dll kernel.appcore.dll sechost.dll sechost.dll rmclient.dll rmclient.dll wintypes.dll wintypes.dll shcore.dll shcore.dll user32.dll win32u.dll gdi32.dll gdi32full.dll dnsapi.dll msvcp_win.dll imm32.dll twinapi.appcore.dll twinapi.appcore.dll mrmcore.dll mrmcorer.dll onecoreuapcommonproxystub.dll onecoreuapcommonproxystub.dll profapi.dll windows.ui.dll AudioSes.dll inputhost.dll gdi32.dll mssph.dll clbcatq.dll kernel32.dll System.Drawing.Design.dll advapi32.dll microsoft.powershell.consolehost.ni.dll rasadhlp.dll ntmarta.dll coreuicomponents.dll coreuicomponents.dll languageoverlayutil.dll languageoverlayutil.dll bcp47mrm.dll bcp47mrm.dll ucrtbase.dll uxtheme.dll biwinrt.dll biwinrt.dll dhcpcsvc6.dll system.core.ni.dll policymanager.dll policymanager.dll sspicli.dll sspicli.dll slc.dll mscorwks.dll wldp.dll presentationframework.dll crypt32.dll msasn1.dll msasn1.dll wincorlib.dll cdp.dll cdp.dll sppc.dll sppc.dll wintrust.dll msvcp110_win.dll msvcp110_win.dll ws2_32.dll ws2_32.dll cfgmgr32.dll bcrypt.dll bcrypt.dll sspicli.dll winhttp.dll iphlpapi.dll shlwapi.dll ole32.dll usp10.dll ntasn1.dll windows.storage.applicationdata.dll windows.storage.applicationdata.dll logoncli.dll threadpoolwinrt.dll ole32.dll windows.applicationmodel.background.timebroker.dll windows.applicationmodel.background.timebroker.dll windows.applicationmodel.background.systemeventsbroker.dll windows.applicationmodel.background.systemeventsbroker.dll,normal
 ntdll.dll ntdll.dll wow64.dll wow64win.dll wow64cpu.dll kernel32.dll kernel32.dll kernel32.dll user32.dll kernel32.dll kernelbase.dll combase.dll msvcrt.dll wshqos.dll rpcrt4.dll SensApi.dll cryptbase.dll user32.dll gdi32.dll uxtheme.dll usp10.dll nsi.dll winstore.app.dll imm32.dll msctf.dll uxtheme.dll shell32.dll shlwapi.dll System.Security.ni.dll propsys.dll oleaut32.dll comctl32.dll apphelp.dll clbcatq.dll ieframe.dll psapi.dll ntdll.dll iertutil.dll usp10.dll wininet.dll crypt32.dll System.Data.OracleClient.dll ntmarta.dll wldap32.dll profapi.dll ntdll.dll staterepository.core.dll devobj.dll,normal
 ntdll.dll kernel32.dll kernelbase.dll msvcrt.dll winbrand.dll user32.dll ole32.dll lpk.dll usp10.dll cryptsp.dll System.Configuration.dll apphelp.dll,normal
 sendmail.dll mydocs.dll,normal
 ntdll.dll kernel32.dll kernelbase.dll user32.dll win32u.dll api-ms-win-core-string-l2-1-0.dll gdi32full.dll msvcp_win.dll ucrtbase.dll shell32.dll imm32.dll combase.dll rpcrt4.dll bcryptprimitives.dll kernel.appcore.dll sechost.dll uxtheme.dll clbcatq.dll nsi.dll bcp47langs.dll oleaut32.dll dwmapi.dll shcore.dll wow64.dll coreuicomponents.dll coremessaging.dll nlslexicons0414.dll ntmarta.dll wintypes.dll usermgrcli.dll windows.storage.dll shlwapi.dll presentationcore.ni.dll profapi.dll dwmapi.dll gpapi.dll dui70.dll comctl32.dll msctf.dll tquery.dll atlthunk.dll tiptsf.dll policymanager.dll msvcp110_win.dll oleacc.dll onecorecommonproxystub.dll winsta.dll tipskins.dll twinapi.dll tipres.dll tipres.dll gdiplus.dll tabskb.dll tipresx.dll kernel32.dll,normal
 ntdll.dll els.dll wow64.dll ole32.dll wow64cpu.dll MaIntegrationSubsys.dll kernel32.dll kernel32.dll user32.dll kernel32.dll kernelbase.dll advapi32.dll msvcrt.dll ntdll.dll rpcrt4.dll sspicli.dll cryptbase.dll msvcr120_clr0400.dll kernelbase.dll ole32.dll gdi32.dll cryptbase.dll lpk.dll usp10.dll oleaut32.dll imm32.dll msctf.dll msi.dll cryptbase.dll gdi32.dll netapi32.dll sxs.dll mscoreei.dll mscorwks.dll msvcr80.dll shlwapi.dll shell32.dll SyncInfrastructure.dll mscorlib.ni.dll mscorjit.dll wdscore.dll mscorlib.dll version.dll oleaut32.dll oleaut32.dll rpcrt4.dll wintrust.dll microsoft.visualstudio.tools.office.appinfodocument.v9.0.dll imm32.dll crypt32.dll msasn1.dll comctl32.dll riched20.dll imagehlp.dll ncrypt.dll usp10.dll msvcr120_clr0400.dll userenv.dll gpapi.dll cryptnet.dll wldap32.dll sensapi.dll microsoft.visualstudio.tools.office.appinfodocument.v9.0.dll system.ni.dll system.addin.ni.dll microsoft.visualstudio.tools.applications.runtime.v9.0.ni.dll microsoft.visualstudio.tools.applications.runtime.v9.0.dll microsoft.visualstudio.tools.applications.runtime.v9.0.dll system.serviceprocess.ni.dll microsoft.visualstudio.tools.applications.runtime.v9.0.dll system.dll system.dll system.dll system.dll system.addin.dll system.addin.dll system.addin.dll system.addin.dll windowsbase.ni.dll windowsbase.dll dnsapi.dll windowsbase.dll windowsbase.dll system.xml.ni.dll system.xml.dll system.xml.dll system.xml.dll system.xml.dll system.configuration.ni.dll system.configuration.dll system.configuration.dll kernel32.dll system.configuration.dll system.runtime.remoting.ni.dll system.runtime.remoting.dll system.runtime.remoting.dll system.addin.contract.ni.dll windows.storage.dll system.addin.contract.dll kernel32.dll system.addin.contract.dll,normal
 ntdll.dll ntdll.dll shlwapi.dll winrnr.dll kernelbase.dll advapi32.dll advapi32.dll msvcrt.dll msvcrt.dll ws2_32.dll rpcrt4.dll crypt32.dll gdi32.dll msvcr120_clr0400.dll comctl32.dll cryptxml.dll sxs.dll oleaut32.dll mscoree.dll xmllite.dll sechost.dll sechost.dll msasn1.dll msasn1.dll webservices.dll webservices.dll combase.dll gdi32.dll user32.dll kernel.appcore.dll kernel.appcore.dll cryptbase.dll cryptbase.dll bcryptprimitives.dll bcryptprimitives.dll cryptsp.dll cryptsp.dll rsaenh.dll rdpendp.dll sppwinob.dll sppwinob.dll netapi32.dll System.configuration.dll kernel32.dll wkscli.dll rpcrt4.dll sppobjs.dll sppobjs.dll wwapi.dll wwapi.dll clbcatq.dll mscorwks.dll taskschd.dll sspicli.dll msasn1.dll,normal
 ntdll.dll kernel32.dll KernelBase.dll gdi32.dll user32.dll lpk.dll usp10.dll msvcrt.dll clr.dll usp10.dll ole32.dll rpcrt4.dll mscorlib.dll cryptbase.dll clbcatq.dll advapi32.dll sechost.dll ntdll.dll urlmon.dll KernelBase.dll gdi32.dll user32.dll lpk.dll usp10.dll comctl32.dll msasn1.dll msctf.dll gdi32full.dll ntdll.dll oleaut32.dll microsoft.jscript.dll clbcatq.dll advapi32.dll sechost.dll,normal
 ntdll.dll ntdll.dll rsaenh.dll kernelbase.dll kernelbase.dll advapi32.dll advapi32.dll msvcrt.dll msvcrt.dll combase.dll profapi.dll System.Activities.dll tquery.dll tquery.dll imm32.dll msshooks.dll msshooks.dll shlwapi.dll sechost.dll sechost.dll kernel32.dll sxs.dll mlang.dll msctf.dll kernel.appcore.dll advapi32.dll cryptbase.dll cryptbase.dll bcryptprimitives.dll bcryptprimitives.dll msvcrt.dll cryptsp.dll msvcrt.dll rsaenh.dll system.drawing.design.dll bcrypt.dll bcrypt.dll mssprxy.dll oleaut32.dll shcore.dll shcore.dll,normal
 ntdll.dll ntdll.dll wow64.dll wow64win.dll ws2_32.dll kernel32.dll kernel32.dll kernel32.dll user32.dll kernel32.dll kernelbase.dll msvcrt.dll winbrand.dll user32.dll gdi32.dll advapi32.dll usp10.dll advapi32.dll ntdll.dll rpcrt4.dll sspicli.dll cryptbase.dll imm32.dll lpk.dll rpcrt4.dll,normal
 wow64win.dll kernel32.dll KernelBase.dll advapi32.dll msvcrt.dll sechost.dll rpcrt4.dll msvcr120_clr0400.dll msvcrt.dll cryptui.dll gdi32.dll system.security.dll kernel32.dll usp10.dll oleaut32.dll imm32.dll msctf.dll cryptbase.dll cryptsp.dll rsaenh.dll RpcRtRemote.dll clbcatq.dll propsys.dll system.xml.ni.dll clr.dll shlwapi.dll mscorlib.ni.dll rpcrtremote.dll System.ni.dll System.Core.ni.dll msvcrt.dll netprofm.dll mscorlib.dll mscorlib.dll System.Runtime.Serialization.ni.dll System.Xml.ni.dll SMDiagnostics.ni.dll System.Configuration.ni.dll rsaenh.dll system.web.services.dll System.Web.ApplicationServices.ni.dll version.dll ntdll.dll ntdll.dll winnsi.dll wow64win.dll wow64cpu.dll DrUpdate.dll kernel32.dll kernel32.dll user32.dll kernel32.dll KernelBase.dll advapi32.dll msvcrt.dll user32.dll rpcrt4.dll vm3dum64.dll cryptbase.dll msvcr120_clr0400.dll msvcrt.dll ole32.dll gdi32.dll user32.dll lpk.dll usp10.dll oleaut32.dll msctf.dll clbcatq.dll cryptsp.dll rsaenh.dll RpcRtRemote.dll clbcatq.dll sxs.dll mscoreei.dll mscorwks.dll oleaut32.dll shlwapi.dll system.data.oracleclient.dll profapi.dll mscorlib.ni.dll msasn1.dll mscorlib.dll mscorlib.dll version.dll mscorlib.dll mscorlib.dll System.ni.dll ReachFramework.ni.dll ReachFramework.dll ReachFramework.dll System.dll System.dll System.dll System.dll WindowsBase.ni.dll PresentationCore.ni.dll imm32.dll Microsoft.Vsa.dll PresentationFramework.dll PresentationFramework.dll PresentationFramework.dll WindowsBase.dll WindowsBase.dll WindowsBase.dll windows.security.authentication.onlineid.dll advapi32.dll microsoft.internal.tasks.dataflow.ni.dll PresentationCore.dll mshtml.dll System.Printing.ni.dll mscorlib.dll ntdll.dll System.Printing.dll System.Printing.dll System.Xml.ni.dll System.XML.dll System.XML.dll System.XML.dll System.XML.dll System.Drawing.ni.dll System.Drawing.dll System.Drawing.dll System.Drawing.dll System.Drawing.dll System.Security.ni.dll System.Security.dll sechost.dll secur32.dll System.Security.dll System.Configuration.ni.dll System.configuration.dll System.configuration.dll System.configuration.dll System.configuration.dll System.Data.SqlXml.ni.dll System.Data.SqlXml.dll System.Data.SqlXml.dll System.Data.SqlXml.dll microsoft.office.tools.common.ni.dll UIAutomationProvider.ni.dll UIAutomationProvider.dll UIAutomationProvider.dll UIAutomationProvider.dll ntdll.dll System.Deployment.ni.dll System.Deployment.dll System.Deployment.dll System.Deployment.dll System.Deployment.dll sfc_os.dll PresentationUI.dll PresentationUI.dll mssvp.dll UIAutomationTypes.dll UIAutomationTypes.dll UIAutomationTypes.dll UIAutomationTypes.dll shell32.dll System.Data.dll System.Data.dll System.Data.dll System.Data.dll KernelBase.dll ws2_32.dll nsi.dll crypt32.dll nlaapi.dll Accessibility.ni.dll setupetw.dll ole32.dll msctf.dll Accessibility.dll Microsoft.VisualC.ni.dll PresentationCFFRasterizer.ni.dll PresentationCFFRasterizer.dll PresentationCFFRasterizer.dll System.Windows.Forms.ni.dll ntdll.dll System.Windows.Forms.dll System.Windows.Forms.dll ntdll.dll System.Data.OracleClient.dll System.Runtime.Serialization.Formatters.Soap.dll System.Runtime.Serialization.Formatters.Soap.dll System.DirectoryServices.ni.dll System.DirectoryServices.dll kernel32.dll System.DirectoryServices.dll System.DirectoryServices.dll System.Transactions.ni.dll System.Transactions.dll System.Transactions.dll System.Transactions.dll System.Transactions.dll System.Transactions.dll System.EnterpriseServices.ni.dll System.EnterpriseServices.dll System.EnterpriseServices.dll clbcatq.dll System.Runtime.Remoting.dll System.Runtime.Remoting.dll lpk.dll System.Web.dll System.Web.dll System.Web.dll System.Web.dll System.Web.Services.ni.dll System.Web.Services.dll System.Web.Services.dll System.Web.Services.dll api-ms-win-crt-math-l1-1-0.dll System.DirectoryServices.Protocols.ni.dll System.DirectoryServices.Protocols.dll System.DirectoryServices.Protocols.dll msctf.dll System.DirectoryServices.Protocols.dll System.Design.ni.dll System.Design.dll System.Design.dll System.ServiceProcess.ni.dll System.ServiceProcess.dll System.ServiceProcess.dll System.Web.RegularExpressions.ni.dll System.Web.RegularExpressions.dll System.Web.RegularExpressions.dll System.Web.RegularExpressions.dll gdi32.dll System.Drawing.Design.ni.dll cbscore.dll imm32.dll System.Data.OracleClient.ni.dll System.Data.OracleClient.dll System.Data.OracleClient.dll sensapi.dll System.Data.OracleClient.dll System.Data.OracleClient.dll System.Configuration.Install.ni.dll System.Configuration.Install.dll System.Configuration.Install.dll ntdll.dll ntdll.dll wow64.dll imm32.dll clbcatq.dll imageres.dll kernel32.dll kernel32.dll user32.dll kernel32.dll KernelBase.dll advapi32.dll msvcrt.dll sechost.dll ondemandconnroutehelper.dll usp10.dll cryptbase.dll msvcr120_clr0400.dll mscoree.dll ole32.dll usp10.dll user32.dll lpk.dll usp10.dll KernelBase.dll profapi.dll msctf.dll cryptsp.dll rsaenh.dll RpcRtRemote.dll clbcatq.dll profapi.dll mscoreei.dll mscorwks.dll msvcr80.dll sechost.dll mscorlib.dll profapi.dll mscorlib.ni.dll clbcatq.dll System.ni.dll mscorlib.dll version.dll mscorlib.dll mscorlib.dll System.ni.dll msdmo.dll ntdll.dll System.ServiceModel.dll System.ServiceModel.dll system.configuration.ni.dll mscorlib.ni.dll sensapi.dll System.dll System.dll api-ms-win-downlevel-user32-l1-1-0.dll SMdiagnostics.dll accessibility.dll SMdiagnostics.dll SMdiagnostics.dll System.Runtime.Serialization.ni.dll System.Runtime.Serialization.dll api-ms-win-downlevel-normaliz-l1-1-0.dll System.Runtime.Serialization.dll System.Runtime.Serialization.dll rpcrt4.dll apphelp.dll System.Web.dll System.Web.dll user32.dll System.Xml.ni.dll System.XML.dll msvcrt.dll System.XML.dll System.XML.dll System.Configuration.ni.dll System.configuration.dll System.configuration.dll System.configuration.dll System.configuration.dll System.Transactions.ni.dll System.Transactions.dll System.Transactions.dll System.Transactions.dll System.Transactions.dll System.Transactions.dll System.IdentityModel.ni.dll System.IdentityModel.dll System.IdentityModel.dll System.IdentityModel.dll System.IdentityModel.dll System.EnterpriseServices.ni.dll System.EnterpriseServices.dll System.EnterpriseServices.dll System.Web.RegularExpressions.ni.dll System.Web.RegularExpressions.dll rpcrtremote.dll System.Web.RegularExpressions.dll System.Web.RegularExpressions.dll System.ServiceProcess.ni.dll System.ServiceProcess.dll sechost.dll System.Web.Services.ni.dll System.Web.Services.dll gdi32.dll System.Web.Services.dll System.Web.Services.dll ntmarta.dll System.Messaging.dll System.Messaging.dll System.IdentityModel.Selectors.ni.dll secur32.dll System.IdentityModel.Selectors.dll System.DirectoryServices.ni.dll System.DirectoryServices.dll System.DirectoryServices.dll shlwapi.dll System.DirectoryServices.dll winhttp.dll Microsoft.Transactions.Bridge.dll api-ms-win-core-stringansi-l1-1-0.dll System.Security.ni.dll System.Security.dll System.Security.dll System.Security.dll user32.dll System.Data.SqlXml.ni.dll System.Data.SqlXml.dll ntdll.dll System.Data.SqlXml.dll System.Data.SqlXml.dll System.ni.dll System.Drawing.dll usp10.dll System.Drawing.dll System.Drawing.dll System.Data.ni.dll msctf.dll gdi32.dll tbs.dll System.Data.dll System.Drawing.dll ws2_32.dll ntdll.dll crypt32.dll msasn1.dll system.xml.ni.dll System.DirectoryServices.Protocols.dll System.DirectoryServices.Protocols.dll System.DirectoryServices.Protocols.dll System.DirectoryServices.Protocols.dll System.Design.ni.dll System.Design.dll System.Design.dll System.Windows.Forms.ni.dll System.Windows.Forms.dll System.Windows.Forms.dll mscoreei.dll System.Windows.Forms.dll Microsoft.VisualC.ni.dll System.Runtime.Remoting.ni.dll System.Runtime.Remoting.dll System.Runtime.Remoting.dll System.Runtime.Serialization.Formatters.Soap.ni.dll System.Runtime.Serialization.Formatters.Soap.dll ntdll.dll System.Drawing.Design.ni.dll System.Drawing.Design.dll clbcatq.dll System.Data.OracleClient.ni.dll System.Data.OracleClient.dll System.Data.OracleClient.dll ole32.dll system.security.dll System.Data.OracleClient.dll oleaut32.dll Accessibility.dll mscorlib.dll Accessibility.dll Accessibility.dll duser.dll System.Deployment.dll System.Deployment.dll gdi32.dll dhcpcsvc6.dll System.Configuration.Install.ni.dll Microsoft.VisualStudio.Tools.Applications.Runtime.ni.dll System.Configuration.Install.dll ntdll.dll ntdll.dll wow64.dll wow64win.dll ntdll.dll kernel32.dll kernel32.dll cfgmgr32.dll user32.dll kernel32.dll KernelBase.dll advapi32.dll msvcrt.dll sechost.dll rpcrt4.dll sspicli.dll shell32.dll advapi32.dll mscoree.dll ole32.dll oleaut32.dll System.Web.RegularExpressions.ni.dll lpk.dll usp10.dll oleaut32.dll system.runtime.serialization.formatters.soap.ni.dll msctf.dll clbcatq.dll ws2_32.dll RpcRtRemote.dll clbcatq.dll sxs.dll mscoreei.dll clr.dll setupapi.dll advapi32.dll wevtapi.dll Microsoft.Office.Tools.Outlook.Implementation.dll Microsoft.Office.Tools.Outlook.Implementation.dll System.ni.dll System.Core.ni.dll Microsoft.Office.Tools.Common.Implementation.ni.dll user32.dll mscorlib.dll System.Core.dll System.dll rpcrt4.dll System.Core.dll System.Core.dll Microsoft.Office.Tools.Outlook.ni.dll Microsoft.Office.Tools.Common.ni.dll Microsoft.Office.Tools.ni.dll System.Drawing.ni.dll System.Windows.Forms.ni.dll System.Windows.Forms.dll System.Windows.Forms.dll wmsgapi.dll System.Drawing.dll System.Xml.ni.dll cryptsp.dll System.Xml.dll Microsoft.Office.Tools.v4.0.Framework.dll Microsoft.Office.Tools.v4.0.Framework.dll System.Configuration.ni.dll System.DirectoryServices.Protocols.dll System.Configuration.dll System.Numerics.ni.dll linkinfo.dll nsi.dll System.Security.ni.dll System.Security.dll System.Security.dll,normal
 setupapi.dll kernel32.dll kernel32.dll user32.dll ntdll.dll wow64.dll wow64win.dll wow64cpu.dll winbrand.dll kernel32.dll kernelbase.dll msvcrt.dll gdi32.dll user32.dll gdi32.dll sechost.dll rpcrt4.dll sspicli.dll cryptbase.dll odbcint.dll usp10.dll imm32.dll msctf.dll apphelp.dll gdi32.dll ntdll.dll kernel32.dll kernelbase.dll lpk.dll cfgmgr32.dll imm32.dll rpcrt4.dll vcruntime140.dll api-ms-win-crt-runtime-l1-1-0.dll ucrtbase.dll api-ms-win-core-timezone-l1-1-0.dll system.data.services.client.ni.dll api-ms-win-core-localization-l1-2-0.dll actxprxy.dll api-ms-win-core-processthreads-l1-1-1.dll api-ms-win-core-file-l1-2-0.dll api-ms-win-crt-string-l1-1-0.dll api-ms-win-crt-heap-l1-1-0.dll api-ms-win-crt-stdio-l1-1-0.dll api-ms-win-crt-convert-l1-1-0.dll msvcp140.dll api-ms-win-crt-locale-l1-1-0.dll api-ms-win-crt-math-l1-1-0.dll api-ms-win-crt-multibyte-l1-1-0.dll nsi.dll api-ms-win-crt-filesystem-l1-1-0.dll advapi32.dll user32.dll ole32.dll gdi32.dll user32.dll lpk.dll kernel32.dll oleaut32.dll mscorjit.dll msctf.dll,normal
 ntdll.dll kernel32.dll KernelBase.dll advapi32.dll msvcrt.dll vssapi.dll ole32.dll gdi32.dll user32.dll lpk.dll dhcpcsvc6.dll msswch.dll winmm.dll dwmapi.dll GdiPlus.dll ole32.dll oleacc.dll KernelBase.dll shlwapi.dll wmsgapi.dll duser.dll powrprof.dll imm32.dll msctf.dll cryptbase.dll dui70.dll ntdll.dll xmllite.dll clbcatq.dll user32.dll cryptsp.dll rsaenh.dll sspicli.dll usp10.dll spoolss.dll WindowsCodecs.dll InkObj.dll MMDevAPI.dll propsys.dll shell32.dll,normal
 ntdll.dll ntdll.dll kernel32.dll kernelbase.dll kernelbase.dll sechost.dll sxs.dll bcrypt.dll rpcrt4.dll ucrtbase.dll ucrtbase.dll System.Web.Extensions.ni.dll propsys.dll bcryptprimitives.dll kernel.appcore.dll kernel.appcore.dll sechost.dll msvcrt.dll lpk.dll kernelbase.dll kernel32.dll api-ms-win-downlevel-version-l1-1-0.dll msvcp_win.dll msvcp_win.dll appxdeploymentserver.dll appxdeploymentserver.dll rpcrt4.dll shcore.dll oleaut32.dll sensapi.dll advapi32.dll lpk.dll advapi32.dll filterlib.dll fltlib.dll msvcrt.dll shell32.dll userenv.dll ehstorshell.dll msasn1.dll msasn1.dll mpr.dll chrome_elf.dll mrmcore.dll mrmcorer.dll lpk.dll shcore.dll ntmarta.dll ntmarta.dll appxdeploymentclient.dll appxdeploymentclient.dll mintdh.dll nsi.dll bcrypt.dll bcrypt.dll wevtapi.dll wevtapi.dll KernelBase.dll wer.dll wldp.dll wldp.dll wintrust.dll glib-2.0.dll wow64.dll advapi32.dll winsta.dll tdltotilestoremigrator.dll tdlmigration.dll gdi32.dll msvcp110_win.dll esent.dll esent.dll clbcatq.dll windows.staterepositoryps.dll advapi32.dll ntdll.dll ntdll.dll system.core.ni.dll kernelbase.dll kernelbase.dll ncobjapi.dll fastprox.dll system.web.applicationservices.dll user32.dll rsaenh.dll msimg32.dll wbemcomn.dll msvcrt.dll msvcrt.dll system.data.dll wbemcomn.dll ws2_32.dll ws2_32.dll sspicli.dll shlwapi.dll sechost.dll kernel32.dll advapi32.dll imm32.dll bdatunepia.dll cfgmgr32.dll gdi32.dll gdi32full.dll usp10.dll kernel.appcore.dll kernel.appcore.dll apphelp.dll usp10.dll wbemprox.dll oleaut32.dll ucrtbase.dll system.transactions.dll rpcrt4.dll msvcrt.dll msvcp_win.dll msvcp_win.dll wbemsvc.dll wbemsvc.dll wmiutils.dll wmiutils.dll cimwin32.dll cimwin32.dll powrprof.dll winmm.dll msctf.dll sspicli.dll sspicli.dll winbrand.dll winbrand.dll wldp.dll wldp.dll crypt32.dll msasn1.dll msctf.dll wintrust.dll usp10.dll wldp.dll crypt32.dll msasn1.dll msasn1.dll wintrust.dll wldp.dll ole32.dll crypt32.dll msasn1.dll msasn1.dll wintrust.dll wldp.dll wldp.dll crypt32.dll msasn1.dll msasn1.dll wintrust.dll devobj.dll schannel.dll crypt32.dll msvcrt.dll msasn1.dll security.dll security.dll security.dll security.dll mscoree.dll secur32.dll netapi32.dll samcli.dll msasn1.dll netutils.dll logoncli.dll cscapi.dll cscapi.dll schedcli.dll rpcrtremote.dll wkscli.dll devobj.dll cfgmgr32.dll dsrole.dll wmipcima.dll wmipcima.dll wmi.dll wmi.dll wmiclnt.dll wmiclnt.dll dxgi.dll dxgi.dll setupapi.dll wintrust.dll setupapi.dll wintrust.dll dxgi.dll mscoree.dll setupapi.dll wintrust.dll setupapi.dll wintrust.dll dxgi.dll dxgi.dll setupapi.dll wintrust.dll setupapi.dll wintrust.dll dxgi.dll dxgi.dll setupapi.dll wintrust.dll ole32.dll wintrust.dll dxgi.dll dxgi.dll odbc32.dll wintrust.dll kernel32.dll wintrust.dll dxgi.dll wow64cpu.dll setupapi.dll wintrust.dll setupapi.dll wintrust.dll,normal
 webio.dll sendmail.dll mydocs.dll wpdshext.dll ondemandconnroutehelper.dll,normal
 ntdll.dll mscorwks.dll wow64.dll cortana.backgroundtask.dll wow64cpu.dll kernel32.dll kernel32.dll kernel32.dll user32.dll kernel32.dll lpk.dll advapi32.dll iertutil.dll sechost.dll rpcrt4.dll sspicli.dll schannel.dll dnsapi.dll ws2_32.dll nsi.dll winnsi.dll dhcpcsvc.dll dhcpcsvc6.dll shell32.dll shlwapi.dll gdi32.dll user32.dll devobj.dll usp10.dll System.Data.Services.Design.ni.dll imm32.dll System.Drawing.ni.dll clbcatq.dll oleaut32.dll oleaut32.dll rsaenh.dll RpcRtRemote.dll wevtapi.dll ntdll.dll crypt32.dll System.Management.Automation.dll wow64win.dll wow64cpu.dll shell32.dll kernel32.dll kernel32.dll user32.dll kernel32.dll KernelBase.dll rpcrt4.dll winbrand.dll user32.dll Microsoft.JScript.dll lpk.dll usp10.dll lltdres.dll secur32.dll rpcrt4.dll gdi32.dll cryptbase.dll imm32.dll msctf.dll apphelp.dll,normal
 SensApi.dll SensApi.dll wow64cpu.dll SensApi.dll SensApi.dll SensApi.dll,normal
 ntdll.dll ntdll.dll mscorjit.dll kernel32.dll user32.dll wow64.dll wow64win.dll rasman.dll kernel32.dll kernel32.dll rpcrt4.dll advapi32.dll msvcrt.dll sechost.dll rpcrt4.dll sspicli.dll cryptbase.dll comctl32.dll gdi32.dll user32.dll lpk.dll msimg32.dll mfc42u.dll ole32.dll oleaut32.dll odbc32.dll ole32.dll shell32.dll shell32.dll shell32.dll shell32.dll shell32.dll wininet.dll urlmon.dll crypt32.dll msasn1.dll iertutil.dll winmm.dll ws2_32.dll ondemandconnroutehelper.dll imm32.dll msctf.dll odbcint.dll riched32.dll riched20.dll clbcatq.dll comctl32.dll uxtheme.dll msado15.dll msdart.dll msvcrt.dll rsaenh.dll system.ni.dll System.Data.OracleClient.dll bcrypt.dll kernel32.dll comsvcs.dll netprofm.dll ntdll.dll WindowsBase.dll msjetoledb40.dll msjet40.dll mswstr10.dll msjter40.dll kernel32.dll msadox.dll msadrh15.dll msjtes40.dll version.dll vbajet32.dll api-ms-win-core-interlocked-l1-1-0.dll ntdll.dll msadcer.dll,caidao
 ntdll.dll kernel32.dll kernelbase.dll wmiprov.dll msvcrt.dll sechost.dll rpcrt4.dll gdi32.dll user32.dll lpk.dll usp10.dll nsi.dll msimg32.dll wmsgapi.dll wtsapi32.dll winmm.dll userenv.dll cryptbase.dll winsta.dll crypt32.dll msasn1.dll msctfmonitor.dll msctf.dll user32.dll microsoft.visualstudio.tools.office.runtime.v10.0.dll comctl32.dll shlwapi.dll secur32.dll sspicli.dll wrpint.dll cryptbase.dll uxtheme.dll esent.dll cryptsp.dll rsaenh.dll imagehlp.dll msctf.dll bcryptprimitives.dll ncrypt.dll rsaenh.dll cryptnet.dll wldap32.dll sensapi.dll version.dll srclient.dll oleaut32.dll urlmon.dll api-ms-win-downlevel-ole32-l1-1-0.dll oleaut32.dll mscoreei.dll api-ms-win-downlevel-user32-l1-1-0.dll lspwaoie.dll api-ms-win-downlevel-normaliz-l1-1-0.dll user32.dll iertutil.dll wininet.dll,normal
 ntdll.dll kernel32.dll kernelbase.dll msvcrt.dll msvcrt.dll msvcp_win.dll imm32.dll msctf.dll imm32.dll rpcrt4.dll kernel.appcore.dll version.dll bcryptprimitives.dll sechost.dll uxtheme.dll cryptsp.dll rsaenh.dll bcrypt.dll clbcatq.dll ole32.dll tipskins.dll bcp47langs.dll winsta.dll dui70.dll oleaut32.dll shcore.dll dwmapi.dll usp10.dll dimsjob.dll shlwapi.dll userenv.dll imm32.dll ktmw32.dll shlwapi.dll comctl32.dll wow64win.dll gdiplus.dll windows.ui.dll comctl32.dll tiptsf.dll user32.dll,normal
 ntdll.dll System.Data.dll system.transactions.dll wow64win.dll wow64cpu.dll kernel32.dll kernel32.dll kernel32.dll user32.dll kernel32.dll KernelBase.dll msvcrt.dll oleaut32.dll ole32.dll gdi32.dll user32.dll advapi32.dll sechost.dll rpcrt4.dll oleaut32.dll system.identitymodel.selectors.dll lpk.dll usp10.dll wow64win.dll imm32.dll msctf.dll accessibility.dll clbcatq.dll vbscript.dll advapi32.dll wintrust.dll crypt32.dll msasn1.dll msctf.dll usp10.dll msisip.dll urlmon.dll netapi32.dll shell32.dll shlwapi.dll sechost.dll msi.dll oleaut32.dll ntdll.dll kernel32.dll KernelBase.dll KernelBase.dll user32.dll lpk.dll usp10.dll msvcrt.dll gdi32.dll sspicli.dll ole32.dll rpcrt4.dll sspicli.dll mscorlib.ni.dll clbcatq.dll advapi32.dll idstore.dll ncrypt.dll ntdll.dll wow64.dll wow64win.dll wow64cpu.dll kernel32.dll kernel32.dll kernel32.dll user32.dll kernel32.dll KernelBase.dll advapi32.dll msvcrt.dll sechost.dll rpcrt4.dll sspicli.dll mfc42u.dll dnsapi.dll lpk.dll api-ms-win-core-stringloader-l1-1-1.dll winnsi.dll dhcpcsvc.dll system.numerics.dll shell32.dll shlwapi.dll bcrypt.dll user32.dll lpk.dll usp10.dll ws2_32.dll imm32.dll msctf.dll clbcatq.dll oleaut32.dll cryptsp.dll ntdll.dll kernel32.dll wevtapi.dll ntdll.dll lpk.dll wow64.dll wow64win.dll wow64cpu.dll kernel32.dll kernel32.dll kernel32.dll user32.dll kernel32.dll KernelBase.dll msvcrt.dll winbrand.dll user32.dll mscorlib.dll lpk.dll system.data.oracleclient.dll advapi32.dll sechost.dll lpk.dll sspicli.dll cryptbase.dll imm32.dll msctf.dll apphelp.dll,normal
 cryptsp.dll kernel32.dll ntdll.dll msvcrt.dll ole32.dll gdi32.dll user32.dll lpk.dll usp10.dll rpcrt4.dll imm32.dll user32.dll cryptbase.dll clbcatq.dll npmproxy.dll sechost.dll oleaut32.dll cryptsp.dll rsaenh.dll rpcrtremote.dll uxtheme.dll wininet.dll api-ms-win-downlevel-user32-l1-1-0.dll api-ms-win-downlevel-shlwapi-l1-1-0.dll setupapi.dll normaliz.dll version.dll api-ms-win-downlevel-normaliz-l1-1-0.dll kernel32.dll iertutil.dll gdi32.dll system.design.ni.dll profapi.dll api-ms-win-downlevel-ole32-l1-1-0.dll secur32.dll sspicli.dll imageres.dll api-ms-win-downlevel-advapi32-l2-1-0.dll ncrypt.dll nsi.dll winhttp.dll webio.dll mswsock.dll wship6.dll winnsi.dll,normal
 ntdll.dll ntdll.dll wow64.dll wow64win.dll System.Runtime.Caching.dll kernel32.dll user32.dll webio.dll user32.dll dui70.dll kernelbase.dll msvcrt.dll msctf.dll wincorlib.dll gdi32.dll user32.dll advapi32.dll mscoree.dll rpcrt4.dll sspicli.dll gdi32.dll lpk.dll usp10.dll version.dll imm32.dll ntdll.dll sxs.dll clbcatq.dll system.transactions.dll advapi32.dll wintrust.dll crypt32.dll system.transactions.dll kernel32.dll rsaenh.dll msisip.dll wshext.dll comctl32.dll System.dll shlwapi.dll scrobj.dll msi.dll scrrun.dll system.data.dll ntdll.dll wow64.dll wow64win.dll wow64cpu.dll system.directoryservices.dll windows.storage.dll kernel32.dll user32.dll kernel32.dll kernel32.dll advapi32.dll msvcrt.dll sechost.dll rpcrt4.dll msvcrt.dll cryptbase.dll dnsapi.dll ws2_32.dll api-ms-win-crt-utility-l1-1-0.dll winnsi.dll dhcpcsvc.dll imm32.dll shell32.dll shlwapi.dll gdi32.dll user32.dll advapi32.dll usp10.dll ole32.dll imm32.dll msctf.dll clbcatq.dll oleaut32.dll cryptsp.dll rsaenh.dll rpcrtremote.dll wevtapi.dll ntdll.dll ntdll.dll wow64.dll mscoreei.dll microsoft.build.engine.ni.dll sspicli.dll imageres.dll kernel32.dll user32.dll kernel32.dll oleaut32.dll advapi32.dll msvcrt.dll sechost.dll rpcrt4.dll cryptsp.dll dnsapi.dll dnsapi.dll ws2_32.dll nsi.dll winnsi.dll dhcpcsvc.dll dhcpcsvc6.dll shell32.dll shlwapi.dll System.ni.dll user32.dll lpk.dll usp10.dll shlwapi.dll imm32.dll msctf.dll clbcatq.dll oleaut32.dll cryptsp.dll rsaenh.dll rpcrtremote.dll wevtapi.dll clbcatq.dll PresentationFramework.Luna.dll wtsapi32.dll rsaenh.dll wow64cpu.dll kernel32.dll kernel32.dll kernel32.dll KernelBase.dll kernel32.dll kernelbase.dll msvcrt.dll winbrand.dll user32.dll mscoreei.dll lpk.dll usp10.dll advapi32.dll sechost.dll rpcrt4.dll sspicli.dll cryptbase.dll imm32.dll msctf.dll winmm.dll,normal
 rpcrtremote.dll ntdll.dll wow64.dll wow64win.dll wow64cpu.dll kernel32.dll kernel32.dll kernel32.dll dwmapi.dll system.runtime.remoting.ni.dll KernelBase.dll secur32.dll winbrand.dll user32.dll gdi32.dll lpk.dll usp10.dll api-ms-win-core-datetime-l1-1-1.dll sechost.dll rpcrt4.dll sspicli.dll cryptbase.dll imm32.dll sensapi.dll apphelp.dll,normal
 ntdll.dll cryptbase.dll advapi32.dll wow64win.dll wow64cpu.dll npmproxy.dll kernel32.dll kernel32.dll user32.dll kernel32.dll KernelBase.dll msvcrt.dll winbrand.dll user32.dll gdi32.dll lpk.dll usp10.dll advapi32.dll sechost.dll oleaut32.dll sspicli.dll cryptbase.dll kernel32.dll msctf.dll rshx32.dll,normal
 ntdll.dll kernel32.dll KernelBase.dll gdi32.dll clbcatq.dll lpk.dll nlaapi.dll msvcrt.dll imm32.dll msctf.dll ole32.dll rpcrt4.dll oleaut32.dll cryptbase.dll clbcatq.dll comctl32.dll sechost.dll,normal
 ntdll.dll kernel32.dll msctf.dll gdi32.dll user32.dll lpk.dll usp10.dll msvcrt.dll imm32.dll msctf.dll ole32.dll advapi32.dll oleaut32.dll cryptbase.dll schedsvc.dll advapi32.dll ws2_32.dll ntdll.dll kernel32.dll samcli.dll gdi32.dll user32.dll lpk.dll usp10.dll msvcrt.dll imm32.dll msctf.dll KernelBase.dll rpcrt4.dll oleaut32.dll cryptbase.dll kernel.appcore.dll advapi32.dll sechost.dll uxtheme.dll imm32.dll wow64.dll oleaut32.dll wow64cpu.dll kernel32.dll kernel32.dll oleaut32.dll user32.dll kernel32.dll KernelBase.dll msvcrt.dll winbrand.dll user32.dll api-ms-win-crt-math-l1-1-0.dll lpk.dll Microsoft.VisualStudio.Tools.Applications.Contract.v9.0.dll ondemandconnroutehelper.dll sechost.dll rpcrt4.dll sspicli.dll gdi32.dll imm32.dll msctf.dll apphelp.dll,normal
 ntdll.dll ntdll.dll kernel32.dll kernelbase.dll kernelbase.dll msvcrt.dll msvcrt.dll oleaut32.dll msvcp_win.dll msvcp_win.dll ucrtbase.dll ucrtbase.dll combase.dll rpcrt4.dll mscorlib.dll bcryptprimitives.dll bcryptprimitives.dll advapi32.dll advapi32.dll sechost.dll ole32.dll tquery.dll tquery.dll devobj.dll cryptdll.dll imm32.dll user32.dll cryptbase.dll msvcrt.dll gdi32full.dll kernel.appcore.dll kernel.appcore.dll clbcatq.dll mssprxy.dll api-ms-win-downlevel-advapi32-l1-1-0.dll clbcatq.dll windows.staterepositoryps.dll windows.staterepositoryps.dll offfiltx.dll netcenter.dll ole32.dll clr.dll shell32.dll System.Configuration.ni.dll query.dll msvcp140.dll msvcp140.dll xmllite.dll xmllite.dll mlang.dll propsys.dll propsys.dll shcore.dll shcore.dll bcrypt.dll bcrypt.dll wer.dll msoshext.dll rpcrt4.dll msxml3.dll msxml3.dll mimefilt.dll inetcomm.dll shlwapi.dll msoert2.dll oleacc.dll comctl32.dll inetres.dll imageres.dll crypt32.dll msasn1.dll KernelBase.dll system.data.dll rtffilt.dll wow64win.dll windows.globalization.dll windows.globalization.dll gdi32.dll audioses.dll version.dll mscoreei.dll globinputhost.dll cfgmgr32.dll msftedit.dll msftedit.dll msftedit.dll duser.dll msftedit.dll sensapi.dll msftedit.dll msftedit.dll profapi.dll,normal
 ntdll.dll lpk.dll KernelBase.dll gdi32.dll oleaut32.dll lpk.dll usp10.dll msvcrt.dll imm32.dll msctf.dll ole32.dll gdi32.dll oleaut32.dll,normal
 ntdll.dll oleaut32.dll wow64.dll wow64win.dll wow64cpu.dll kernel32.dll kernel32.dll kernel32.dll user32.dll kernel32.dll cryptbase.dll msvcrt.dll winbrand.dll user32.dll gdi32.dll lpk.dll usp10.dll advapi32.dll ole32.dll wow64.dll sspicli.dll cryptbase.dll imm32.dll msctf.dll apphelp.dll,normal
 ntdll.dll ntdll.dll sspicli.dll netapi32.dll wow64.dll wow64.dll wow64lg2.dll wow64win.dll System.EnterpriseServices.dll wow64cpu.dll kernel32.dll kernel32.dll user32.dll kernel32.dll iertutil.dll system.dll imm32.dll msctf.dll xmllite.dll kernel32.dll kernelbase.dll kernelbase.dll msvcrt.dll msvcrt.dll user32.dll gdi32.dll userenv.dll shcore.dll combase.dll lpk.dll bcryptprimitives.dll ieframe.dll shlwapi.dll ole32.dll shell32.dll comctl32.dll ieshims.dll shell32.dll gdi32.dll comdlg32.dll rpcrt4.dll ws2_32.dll lpk.dll uxtheme.dll rpcrt4.dll rpcrt4.dll security.dll sspicli.dll cryptbase.dll cryptbase.dll sechost.dll sechost.dll oleaut32.dll advapi32.dll advapi32.dll wininet.dll wininet.dll userenv.dll userenv.dll profapi.dll secur32.dll secur32.dll urlmon.dll rpcrt4.dll ws2_32.dll ws2_32.dll ntdll.dll nsi.dll ondemandconnroutehelper.dll ondemandconnroutehelper.dll winhttp.dll winhttp.dll msctf.dll mswsock.dll shell32.dll gdi32.dll winnsi.dll cryptsp.dll cryptsp.dll rsaenh.dll imm32.dll ntdll.dll bcrypt.dll clbcatq.dll ieproxy.dll imm32.dll dwmapi.dll dwmapi.dll mshtml.dll ntdll.dll dwrite.dll dxgi.dll dxgi.dll dnsapi.dll kernel32.dll sqmapi.dll mlang.dll propsys.dll Microsoft.VisualStudio.Tools.Applications.AddInAdapter.v9.0.dll mswsock.dll winbio.dll rasadhlp.dll ieui.dll crypt32.dll ucrtbase.dll msasn1.dll schannel.dll schannel.dll actxprxy.dll actxprxy.dll ncrypt.dll ncrypt.dll ntasn1.dll ntasn1.dll ncryptsslp.dll ncryptsslp.dll wintrust.dll gpapi.dll gpapi.dll cryptnet.dll wldap32.dll ninput.dll jscript9.dll jscript9.dll dpapi.dll dpapi.dll presentationcffrasterizer.dll KernelBase.dll imageres.dll urlmon.dll d3d11.dll d3d10warp.dll kernelbase.dll powrprof.dll ucrtbase.dll dcomp.dll oleacc.dll sxs.dll xmllite.dll xmllite.dll sppuinotify.dll winmmbase.dll kernel32.dll usp10.dll imgutil.dll uianimation.dll dhcpcsvc6.dll system.management.instrumentation.ni.dll dhcpcsvc.dll dhcpcsvc.dll webio.dll gpsvc.dll wldp.dll wmsgapi.dll user32.dll comctl32.dll bcp47lang.dll bcp47langs.dll windows.devices.sensors.dll windows.devices.sensors.dll kernelbase.dll mscms.dll rpcrt4.dll mfplat.dll mfplat.dll rtworkq.dll sspicli.dll avrt.dll avrt.dll mfmediaengine.dll mfmediaengine.dll windows.media.mediacontrol.dll windows.media.mediacontrol.dll twinapi.appcore.dll System.Drawing.ni.dll wintypes.dll wintypes.dll mmdevapi.dll system.drawing.design.ni.dll mfmp4srcsnk.dll usp10.dll mfcore.dll imm32.dll ksuser.dll,normal
 msvcr120_clr0400.dll mscoree.dll mscoreei.dll system.configuration.ni.dll clr.dll ole32.dll ntdll.dll msctf.dll clbcatq.dll ntdll.dll user32.dll KernelBase.dll msvcrt.dll advapi32.dll sechost.dll rpcrt4.dll shlwapi.dll gdi32.dll user32.dll lpk.dll usp10.dll ole32.dll oleaut32.dll imm32.dll sspicli.dll oleaut32.dll rsaenh.dll mscorsvc.dll,normal
 wintrust.dll ntdll.dll kernel32.dll KernelBase.dll msvcrt.dll rsaenh.dll gdi32.dll user32.dll sspicli.dll winbrand.dll ole32.dll dnsapi.dll imm32.dll ntdll.dll kernel32.dll usp10.dll advapi32.dll ntdll.dll sechost.dll rpcrt4.dll msvcr120_clr0400.dll mscoree.dll actxprxy.dll comctl32.dll user32.dll gdi32.dll usp10.dll oleaut32.dll imm32.dll msctf.dll cryptbase.dll cryptsp.dll rpcrt4.dll RpcRtRemote.dll clbcatq.dll sxs.dll mscoreei.dll kernel32.dll msctf.dll mscorlib.ni.dll clrjit.dll sspicli.dll mscorlib.dll mscorlib.dll auditcse.dll System.Core.ni.dll System.Web.ni.dll RpcRtRemote.dll Microsoft.Management.Infrastructure.ni.dll System.Xml.ni.dll Microsoft.PowerShell.Cmdletization.OData.ni.dll ntdll.dll ntdll.dll wow64.dll wow64win.dll setupapi.dll wow64cpu.dll kernel32.dll winbrand.dll user32.dll kernel32.dll KernelBase.dll advapi32.dll sechost.dll wow64win.dll rpcrt4.dll sspicli.dll cryptbase.dll dnsapi.dll kernel32.dll nsi.dll winnsi.dll dhcpcsvc.dll api-ms-win-downlevel-shlwapi-l1-1-0.dll shell32.dll shlwapi.dll eppmanifest.dll user32.dll lpk.dll usp10.dll ole32.dll imm32.dll msctf.dll clbcatq.dll oleaut32.dll cryptsp.dll rsaenh.dll ole32.dll wevtapi.dll cryptsp.dll kernel32.dll System.ni.dll advapi32.dll imm32.dll sechost.dll rpcrt4.dll msvcr120_clr0400.dll mscoree.dll ole32.dll msvcrt.dll user32.dll lpk.dll usp10.dll oleaut32.dll usp10.dll shell32.dll usp10.dll user32.dll rsaenh.dll RpcRtRemote.dll clbcatq.dll sxs.dll wldap32.dll clr.dll bcrypt.dll mscorlib.ni.dll msvcp140.dll ntdll.dll kernel32.dll cryptbase.dll gdi32.dll usp10.dll lpk.dll usp10.dll msvcrt.dll imm32.dll msctf.dll advapi32.dll rpcrt4.dll oleaut32.dll system.xml.dll clbcatq.dll advapi32.dll sechost.dll ntdll.dll kernel32.dll dnsapi.dll ntprint.dll msvcrt.dll mscorjit.dll rpcrt4.dll user32.dll gdi32.dll rpcrtremote.dll usp10.dll ole32.dll oleaut32.dll shlwapi.dll imm32.dll msctf.dll psapi.dll advapi32.dll profapi.dll sppuinotify.dll tabskb.dll sspicli.dll cryptsp.dll credssp.dll clbcatq.dll kbd101.dll kbd106.dll kbdnec.dll kbd106.dll powrprof.dll setupapi.dll cfgmgr32.dll devobj.dll cryptsp.dll rsaenh.dll RpcRtRemote.dll kernel32.dll ntmarta.dll Wldap32.dll user32.dll samcli.dll netutils.dll es.dll cfgmgr32.dll wtsapi32.dll winsta.dll userenv.dll apphelp.dll sxs.dll crypt32.dll msasn1.dll vssapi.dll vsstrace.dll samlib.dll wow64cpu.dll tquery.dll mssrch.dll msidle.dll mssprxy.dll NaturalLanguage6.dll NlsData0011.dll NlsLexicons0011.dll NlsModels0011.dll ELSCore.dll elsTrans.dll elslad.dll NlsData000a.dll NlsLexicons000a.dll korwbrkr.dll advapi32.dll Query.dll kernelbase.dll NlsData0000.dll combase.dll setupapi.dll devobj.dll vss_ps.dll msxml3.dll bcrypt.dll NlsData0009.dll kernelbase.dll,normal
 msvcr120_clr0400.dll mscoree.dll mscoreei.dll sechost.dll api-ms-win-core-stringloader-l1-1-1.dll clr.dll taskschd.dll msctf.dll clbcatq.dll ntdll.dll kernel32.dll KernelBase.dll shdocvw.dll oleaut32.dll sechost.dll rpcrt4.dll shlwapi.dll gdi32.dll user32.dll lpk.dll usp10.dll dpx.dll mswsock.dll imm32.dll wininet.dll rpcrtremote.dll fusion.dll mscorsvc.dll ntdll.dll cryptbase.dll KernelBase.dll advapi32.dll msvcrt.dll sechost.dll rpcrt4.dll msvcr120_clr0400.dll shcore.dll ole32.dll gdi32.dll user32.dll lpk.dll usp10.dll sharedlibrary.dll imm32.dll msctf.dll cryptbase.dll ntdll.dll rsaenh.dll RpcRtRemote.dll clbcatq.dll sxs.dll mscoreei.dll clr.dll shlwapi.dll mscorlib.ni.dll windows.storage.dll version.dll rpcrt4.dll mscorlib.dll System.ni.dll msvcrt.dll WindowsBase.ni.dll version.dll PresentationFramework.ni.dll cryptbase.dll PresentationCore.dll System.Xaml.ni.dll Microsoft.PowerShell.Editor.ni.dll msctf.dll wsock32.dll System.Configuration.ni.dll wbemcomn.dll Microsoft.PowerShell.Commands.Utility.ni.dll System.Windows.Forms.ni.dll msctf.dll System.Runtime.Serialization.ni.dll System.Numerics.ni.dll System.Security.ni.dll ntdll.dll KernelBase.dll KernelBase.dll gdi32.dll user32.dll lpk.dll usp10.dll msvcrt.dll imm32.dll wcp.dll ole32.dll rpcrt4.dll oleaut32.dll cryptbase.dll clbcatq.dll kernel32.dll sechost.dll,normal
 system.runtime.serialization.formatters.soap.dll cfgmgr32.dll kernel32.dll kernelbase.dll kernelbase.dll gdi32.dll user32.dll msvcrt.dll msvcrt.dll imm32.dll oleaut32.dll msasn1.dll dciman32.dll rpcrt4.dll crypt32.dll ntdll.dll msctf.dll kernel32.dll api-ms-win-core-console-l1-1-0.dll kernelbase.dll advapi32.dll advapi32.dll msvcrt.dll msvcrt.dll user32.dll ole32.dll oleaut32.dll uxtheme.dll tquery.dll shcore.dll System.Web.Routing.ni.dll msshooks.dll msshooks.dll imm32.dll sechost.dll windows.ui.dll advapi32.dll rpcrt4.dll gdi32.dll combase.dll shlwapi.dll msctf.dll kernel.appcore.dll kernel.appcore.dll cryptbase.dll cryptbase.dll bcryptprimitives.dll bcryptprimitives.dll wer.dll clbcatq.dll Microsoft.VisualStudio.Tools.Applications.Contract.v9.0.ni.dll cryptsp.dll rsaenh.dll System.Web.dll bcrypt.dll bcrypt.dll mssprxy.dll kernelbase.dll mssph.dll mssph.dll mapi32.dll authz.dll authz.dll rpcrt4.dll ntmarta.dll microsoft.powershell.security.dll propsys.dll propsys.dll slc.dll dhcpcsvc6.dll,normal
 ntdll.dll ntdll.dll kernelbase.dll msvcrt.dll rpcrt4.dll,normal
 ntdll.dll ntdll.dll wow64.dll wow64win.dll wow64cpu.dll kernel32.dll drupdate.dll kernel32.dll user32.dll rsaenh.dll KernelBase.dll advapi32.dll msvcrt.dll sechost.dll kernel32.dll sspicli.dll cryptbase.dll dnsapi.dll ws2_32.dll nsi.dll cryptbase.dll oleaut32.dll dhcpcsvc6.dll shell32.dll shlwapi.dll gdi32.dll user32.dll lpk.dll System.Core.dll ole32.dll imm32.dll msctf.dll uiautomationtypes.dll oleaut32.dll dpapi.dll rsaenh.dll api-ms-win-core-file-l2-1-0.dll wevtapi.dll ntdll.dll ntdll.dll wow64.dll wow64win.dll wow64cpu.dll kernel32.dll kernel32.dll kernel32.dll user32.dll kernel32.dll KernelBase.dll advapi32.dll msvcrt.dll sechost.dll rpcrt4.dll sspicli.dll cryptbase.dll dnsapi.dll ws2_32.dll utildll.dll winnsi.dll dhcpcsvc.dll dhcpcsvc6.dll shell32.dll adtschema.dll gdi32.dll user32.dll lpk.dll usp10.dll ole32.dll imm32.dll spoolss.dll clbcatq.dll rsaenh.dll cryptsp.dll rsaenh.dll sechost.dll wevtapi.dll ntdll.dll imm32.dll KernelBase.dll gdi32.dll user32.dll lpk.dll rpcrt4.dll usp10.dll imm32.dll msctf.dll ole32.dll rpcrt4.dll oleaut32.dll cryptbase.dll ntdll.dll imm32.dll msimg32.dll ntdll.dll ntdll.dll wow64.dll wow64win.dll wow64cpu.dll kernel32.dll microsoft.visualbasic.compatibility.ni.dll kernel32.dll ondemandconnroutehelper.dll secur32.dll KernelBase.dll KernelBase.dll ole32.dll msvcrt.dll version.dll apphelp.dll advapi32.dll sechost.dll rpcrt4.dll sspicli.dll cryptbase.dll lpk.dll usp10.dll msimg32.dll System.Data.dll mpr.dll olepro32.dll comctl32.dll msctf.dll shell32.dll wsock32.dll ws2_32.dll nsi.dll netapi32.dll netutils.dll srvcli.dll wkscli.dll GdiPlus.dll rpcrtremote.dll mswsock.dll uxtheme.dll setupapi.dll gpsvc.dll devobj.dll clbcatq.dll propsys.dll profapi.dll wow64win.dll imm32.dll system.windows.forms.dll EhStorShell.dll EhStorShell.dll EhStorShell.dll ntshrui.dll ntshrui.dll ntshrui.dll ntshrui.dll cscapi.dll slc.dll imageres.dll imageres.dll gdi32.dll imageres.dll imageres.dll shell32.dll imageres.dll imageres.dll imageres.dll imageres.dll imageres.dll imageres.dll wtsapi32.dll winsta.dll ntdll.dll kernel32.dll advapi32.dll wow64.dll clbcatq.dll lpk.dll lpk.dll msvcrt.dll imm32.dll api-ms-win-downlevel-user32-l1-1-0.dll ole32.dll system.runtime.remoting.ni.dll profapi.dll cryptbase.dll clbcatq.dll advapi32.dll sechost.dll,normal
 ntdll.dll uxtheme.dll wow64.dll wow64win.dll wow64cpu.dll kernel32.dll kernel32.dll kernel32.dll msctf.dll system.core.ni.dll KernelBase.dll lpk.dll winbrand.dll user32.dll gdi32.dll lpk.dll usp10.dll advapi32.dll sechost.dll regapi.dll sspicli.dll cryptbase.dll imm32.dll msctf.dll apphelp.dll,normal
 shlwapi.dll ntdll.dll system.xml.ni.dll wow64win.dll kernel32.dll kernel32.dll dnsapi.dll srvcli.dll wow64cpu.dll kernel32.dll kernelbase.dll apphelp.dll advapi32.dll msvcrt.dll sechost.dll rpcrt4.dll sspicli.dll cryptbase.dll comctl32.dll gdi32.dll gdi32full.dll user32.dll win32u.dll ole32.dll combase.dll ucrtbase.dll ntdll.dll msvcp_win.dll comctl32.dll oleaut32.dll cfgmgr32.dll windows.storage.dll spoolss.dll stdole.ni.dll kernel.appcore.dll shcore.dll profapi.dll clbcatq.dll mfc42u.dll Microsoft.VisualStudio.Tools.Applications.Contract.v9.0.dll user32.dll gdi32.dll odbc32.dll winmmbase.dll winmmbase.dll uxtheme.dll dpapi.dll riched32.dll riched20.dll usp10.dll msls31.dll sspicli.dll dwmapi.dll comctl32.dll npmproxy.dll version.dll propsys.dll iertutil.dll gdi32.dll ntmarta.dll crypt32.dll msasn1.dll bcrypt.dll ncrypt.dll ntasn1.dll lpk.dll msvcp110_win.dll dui70.dll imecfm.dll wer.dll tiptsf.dll msado15.dll msdart.dll oledb32.dll System.Data.dll apphelp.dll msjter40.dll dhcpcsvc.dll msjet40.dll gdi32.dll msadox.dll msadrh15.dll msjtes40.dll comdlg32.dll expsrv.dll wow64cpu.dll msdadiag.dll system.configuration.ni.dll msadce.dll msadcer.dll,caidao
 ntdll.dll kernel32.dll kernelbase.dll msvcrt.dll rpcrt4.dll combase.dll ucrtbase.dll bcryptprimitives.dll oleaut32.dll vm3dum64_10.dll user32.dll system.addin.dll win32u.dll gdi32.dll gdi32full.dll kernel.appcore.dll sechost.dll nsi.dll dmcmnutils.dll rsaenh.dll windows.storage.dll es.dll advapi32.dll shlwapi.dll shcore.dll profapi.dll cryptbase.dll,normal
 ntdll.dll devobj.dll kernel32.dll oleaut32.dll lpk.dll imm32.dll ole32.dll gdi32.dll clbcatq.dll user32.dll msvcrt.dll advapi32.dll kernel32.dll gdi32.dll usp10.dll wldap32.dll rpcrt4.dll kernelbase.dll rpcrtremote.dll WinSCard.dll cryptsp.dll ws2_32.dll user32.dll shell32.dll crypt32.dll dhcpcsvc.dll wldap32.dll sspicli.dll clbcatq.dll rsaenh.dll ntmarta.dll winnsi.dll msctf.dll es.dll winmm.dll PresentationFramework.Royale.dll vsstrace.dll msvcr90.dll msctf.dll intl.dll iconv.dll glib-2.0.dll pcre.dll vmtools.dll icmp.dll gthread-2.0.dll system.data.dll odbc32.dll msvcrt.dll vcbsnapshotprovider.dll vss_ps.dll,normal
 ntdll.dll kernel32.dll kernelbase.dll advapi32.dll bdatunepia.dll kernel32.dll rpcrt4.dll ole32.dll gdi32.dll user32.dll comres.dll usp10.dll imm32.dll msctf.dll oleaut32.dll wdscore.dll shell32.dll dbghelp.dll shlwapi.dll cryptbase.dll apphelp.dll crypt32.dll msasn1.dll wintrust.dll cbscore.dll version.dll userenv.dll profapi.dll ktmw32.dll dpx.dll dpx.dll dpx.dll wcp.dll setupapi.dll devobj.dll mpr.dll atl.dll system.xml.dll system.drawing.ni.dll winhttp.dll cryptsp.dll api-ms-win-core-file-l1-1-0.dll mssprxy.dll usp10.dll srclient.dll spp.dll vssapi.dll vsstrace.dll wrpint.dll rpcrt4.dll sqmapi.dll cryptsp.dll rsaenh.dll rpcrtremote.dll setupapi.dll ntdll.dll,normal
 ntdll.dll ntdll.dll wow64.dll wow64win.dll wow64cpu.dll kernel32.dll system.addin.dll kernel32.dll user32.dll shlwapi.dll KernelBase.dll advapi32.dll msvcrt.dll sechost.dll rpcrt4.dll sspicli.dll msctf.dll windows.applicationmodel.background.systemeventsbroker.dll ws2_32.dll nsi.dll gdi32.dll bcryptprimitives.dll dhcpcsvc6.dll shell32.dll shlwapi.dll System.Core.ni.dll user32.dll lpk.dll usp10.dll ole32.dll lpk.dll msctf.dll clbcatq.dll oleaut32.dll cryptsp.dll rsaenh.dll imm32.dll wevtapi.dll,normal
 msvcrt.dll kernel32.dll kernel32.dll sechost.dll ntdll.dll mfc42u.dll odbc32.dll dpapi.dll ws2_32.dll pdh.dll rpcrt4.dll winmmbase.dll ntdll.dll wow64.dll wow64win.dll riched32.dll riched20.dll kernel32.dll kernel32.dll oleaut32.dll usp10.dll winbrand.dll wbemsvc.dll dwmapi.dll version.dll apphelp.dll advapi32.dll msvcrt.dll sechost.dll rpcrt4.dll apphelp.dll cryptbase.dll bcryptprimitives.dll advapi32.dll user32.dll user32.dll dbghelp.dll ole32.dll combase.dll ucrtbase.dll oleaut32.dll msvcp_win.dll rpcrt4.dll ntmarta.dll ncrypt.dll ntasn1.dll policymanager.dll msvcp110_win.dll ws2_32.dll imecfm.dll system.deployment.dll tiptsf.dll msado15.dll ole32.dll oledb32.dll comsvcs.dll crypt32.dll msjet40.dll msjter40.dll mswstr10.dll msjint40.dll wow64win.dll msadrh15.dll msjtes40.dll shell32.dll vbajet32.dll wow64.dll cfgmgr32.dll windows.storage.dll powrprof.dll shlwapi.dll kernel.appcore.dll shcore.dll cryptsp.dll msdadiag.dll api-ms-win-downlevel-version-l1-1-0.dll imm32.dll imecfm.dll wer.dll wintrust.dll msadce.dll msadcer.dll comctl32.dll clbcatq.dll version.dll iertutil.dll wbemess.dll crypt32.dll msasn1.dll bcrypt.dll actxprxy.dll urlmon.dll windows.shell.servicehostbuilder.dll wintypes.dll twinapi.appcore.dll netapi32.dll netutils.dll dwmapi.dll cryptsp.dll wkscli.dll edputil.dll kernel32.dll mlang.dll ieproxy.dll,caidao
 setupapi.dll kernel32.dll kernelbase.dll version.dll sechost.dll rpcrt4.dll ucrtbase.dll vcruntime140.dll msctf.dll napinsp.dll msvcrt.dll dnsapi.dll nsi.dll winrnr.dll nlaapi.dll logoncli.dll rasadhlp.dll,HTran
 ntdll.dll kernel32.dll KernelBase.dll gdi32.dll sechost.dll lpk.dll msctf.dll msvcrt.dll imm32.dll system.numerics.dll mydocs.dll rpcrt4.dll ntdll.dll cryptbase.dll oleaut32.dll advapi32.dll sechost.dll ntdll.dll version.dll wow64.dll wow64win.dll wow64cpu.dll kernel32.dll kernel32.dll kernel32.dll user32.dll kernel32.dll KernelBase.dll advapi32.dll msvcrt.dll ntdll.dll rpcrt4.dll sspicli.dll cryptbase.dll dnsapi.dll ws2_32.dll user32.dll winnsi.dll gdi32.dll dhcpcsvc6.dll msctf.dll shlwapi.dll gdi32.dll user32.dll clbcatq.dll usp10.dll msvcr80.dll crypt32.dll ws2_32.dll clbcatq.dll advapi32.dll cryptsp.dll rsaenh.dll system.addin.contract.ni.dll wevtapi.dll ntdll.dll msctf.dll advapi32.dll wow64win.dll wow64cpu.dll kernel32.dll bcrypt.dll kernel32.dll user32.dll kernel32.dll KernelBase.dll msvcrt.dll winbrand.dll lpk.dll gdi32.dll lpk.dll wow64cpu.dll advapi32.dll devicecenter.dll rpcrt4.dll sspicli.dll cryptbase.dll imm32.dll msctf.dll apphelp.dll,normal
 eppmanifest.dll msvcrt.dll mydocs.dll acppage.dll sfc.dll msi.dll msvcr120_clr0400.dll,normal
 ntdll.dll kernel32.dll KernelBase.dll advapi32.dll msvcrt.dll sechost.dll rpcrt4.dll gdi32.dll ws2_32.dll lpk.dll ntdll.dll usp10.dll msimg32.dll gdi32.dll wtsapi32.dll winmm.dll userenv.dll profapi.dll winsta.dll crypt32.dll msasn1.dll MsCtfMonitor.dll mlang.dll imm32.dll msutb.dll comctl32.dll shlwapi.dll cryptbase.dll sspicli.dll shell32.dll cryptbase.dll api-ms-win-downlevel-advapi32-l1-1-0.dll wintrust.dll cryptsp.dll rsaenh.dll ole32.dll bcrypt.dll bcryptprimitives.dll fms.dll version.dll clbcatq.dll oleaut32.dll urlmon.dll api-ms-win-downlevel-ole32-l1-1-0.dll api-ms-win-downlevel-shlwapi-l1-1-0.dll api-ms-win-downlevel-advapi32-l1-1-0.dll api-ms-win-downlevel-user32-l1-1-0.dll api-ms-win-downlevel-version-l1-1-0.dll api-ms-win-downlevel-normaliz-l1-1-0.dllnormaliz.dll iertutil.dll wininet.dll credui.dll lpk.dll cryptui.dll GdiPlus.dll MMDevAPI.dll gdi32.dll dui70.dll WindowsBase.dll batt.dll devobj.dll wldap32.dll ntdll.dll wininet.dll msutb.dll,normal
 ntdll.dll ntdll.dll wow64.dll wow64win.dll shell32.dll kernel32.dll imm32.dll bcrypt.dll user32.dll sensapi.dll KernelBase.dll advapi32.dll msvcrt.dll sechost.dll rpcrt4.dll system.xml.linq.ni.dll cryptbase.dll dnsapi.dll ws2_32.dll nsi.dll winnsi.dll dhcpcsvc.dll dhcpcsvc6.dll winhttp.dll shlwapi.dll sensapi.dll user32.dll lpk.dll usp10.dll ole32.dll imm32.dll mlang.dll clbcatq.dll oleaut32.dll cryptsp.dll rsaenh.dll RpcRtRemote.dll wevtapi.dll ntdll.dll ntdll.dll wow64.dll wow64win.dll dnsapi.dll kernel32.dll kernel32.dll kernel32.dll oleaut32.dll kernel32.dll KernelBase.dll msvcrt.dll ntdll.dll user32.dll cabinet.dll lpk.dll usp10.dll advapi32.dll ntdll.dll rpcrt4.dll mscorlib.dll cryptbase.dll imm32.dll msctf.dll apphelp.dll,normal
 ntdll.dll ntdll.dll cryptsp.dll wow64win.dll wow64cpu.dll kernel32.dll sechost.dll kernel32.dll rpcrt4.dll d3d10level9.dll cryptsp.dll mprmsg.dll winbrand.dll user32.dll gdi32.dll lpk.dll usp10.dll advapi32.dll sechost.dll rpcrt4.dll sspicli.dll cryptbase.dll imm32.dll ole32.dll apphelp.dll,normal
 ntdll.dll kernel32.dll kernel32.dll gdi32.dll combase.dll wmsgapi.dll ole32.dll combase.dll rpcrt4.dll apphelp.dll sechost.dll shlwapi.dll oleaut32.dll mmcbase.dll uxtheme.dll Microsoft.Office.Tools.ni.dll WinSCard.dll odbc32.dll advapi32.dll dpapi.dll cryptbase.dll bcryptprimitives.dll imm32.dll mswsock.dll dui70.dll comctl32.dll shell32.dll windows.storage.dll kernel.appcore.dll powrprof.dll profapi.dll urlmon.dll iertutil.dll clbcatq.dll mmcndmgr.dll msxml6.dll apphelp.dll els.dll netutils.dll logoncli.dll dsrole.dll srvcli.dll wkscli.dll nsi.dll cryptsp.dll ws2_32.dll nsi.dll activeds.dll mpr.dll bcrypt.dll adsldpc.dll usp10.dll riched32.dll riched20.dll user32.dll msls31.dll dwmapi.dll ntdll.dll cryptsp.dll rsaenh.dll ole32.dll dhcpcsvc.dll comctl32.dll mlang.dll dataexchange.dll d2d1.dll d3d11.dll wintrust.dll dxgi.dll profapi.dll userenv.dll xmllite.dll user32.dll nlaapi.dll atlthunk.dll atlthunk.dll mscoree.dll microsoft.grouppolicy.interop.dll clr.dll msvcr120_clr0400.dll mscorlib.ni.dll sxs.dll system.ni.dll System.Configuration.Install.ni.dll mmcfxcommon.ni.dll system.core.ni.dll system.configuration.dll system.configuration.ni.dll rpcrt4.dll devobj.dll system.windows.forms.ni.dll diasymreader.dll gdi32.dll clrjit.dll ws2_32.dll miguicontrols.ni.dll gdiplus.dll windowscodecs.dll oleaut32.dll system.serviceprocess.ni.dll sspicli.dll system.xml.dll oleaut32.dll wintypes.dll policymanager.dll lpk.dll rpcrtremote.dll riched20.dll gdi32.dll msls31.dll system.web.dll system.web.ni.dll secur32.dll mswsock.dll dnsapi.dll rasadhlp.dll winnsi.dll comdlg32.dll rpcrt4.dll thumbcache.dll cryptbase.dll rpcrt4.dll ntdll.dll globinputhost.dll tiptsf.dll linkinfo.dll cryptsp.dll searchfolder.dll structuredquery.dll mssprxy.dll mssvp.dll imm32.dll actxprxy.dll mrmcorer.dll ntshrui.dll cscapi.dll coml2.dll twinapi.dll winmm.dll winmmbase.dll winmmbase.dll devobj.dll ehstorshell.dll setupapi.dll cscui.dll cscdll.dll networkexplorer.dll,normal
 sechost.dll kernel32.dll KernelBase.dll advapi32.dll msvcrt.dll sechost.dll rpcrt4.dll user32.dll gdi32.dll advapi32.dll usp10.dll mpr.dll ole32.dll oleaut32.dll secur32.dll System.AddIn.ni.dll ws2_32.dll nsi.dll netapi32.dll netutils.dll system.dll sechost.dll logoncli.dll framedynos.dll wtsapi32.dll ntdsapi.dll version.dll slc.dll imm32.dll msctf.dll cryptbase.dll clbcatq.dll wbemprox.dll wbemcomn.dll ntdll.dll ntdll.dll api-ms-win-crt-heap-l1-1-0.dll wow64win.dll wow64cpu.dll kernel32.dll kernel32.dll kernel32.dll msvcr120_clr0400.dll msasn1.dll kernelbase.dll gdi32.dll msvcrt.dll sechost.dll twext.dll capabilityaccessmanager.dll cryptbase.dll dnsapi.dll ws2_32.dll imm32.dll winnsi.dll dhcpcsvc.dll dhcpcsvc6.dll netprofm.dll shlwapi.dll gdi32.dll tquery.dll lpk.dll usp10.dll ole32.dll imm32.dll msctf.dll rpcrt4.dll oleaut32.dll cryptsp.dll rsaenh.dll rpcrtremote.dll wevtapi.dll,normal
 ntdll.dll rmclient.dll msvcrt.dll wow64win.dll wow64cpu.dll kernel32.dll kernel32.dll kernel32.dll user32.dll kernel32.dll KernelBase.dll advapi32.dll msvcrt.dll sechost.dll rpcrt4.dll wmipcima.dll rasman.dll System.DirectoryServices.dll ws2_32.dll nsi.dll winnsi.dll dhcpcsvc.dll dhcpcsvc6.dll shell32.dll umoutlookaddin.dll gdi32.dll user32.dll lpk.dll usp10.dll kernel32.dll imm32.dll oleaut32.dll clbcatq.dll oleaut32.dll advapi32.dll rsaenh.dll shell32.dll wevtapi.dll,normal
 ole32.dll kernel32.dll kernel32.dll msvcrt.dll rsaenh.dll gdi32.dll user32.dll lpk.dll usp10.dll crypt32.dll imm32.dll msctf.dll cryptbase.dll clbcatq.dll dpx.dll sechost.dll oleaut32.dll cryptsp.dll rsaenh.dll rpcrtremote.dll uxtheme.dll thumbcache.dll shell32.dll Accessibility.ni.dll uiautomationcore.dll psapi.dll advapi32.dll,normal
 ntdll.dll kernel32.dll kernelbase.dll gdi32.dll user32.dll lpk.dll ntdll.dll msvcrt.dll imm32.dll System.dll ole32.dll rpcrt4.dll gdi32.dll cryptbase.dll clbcatq.dll advapi32.dll sechost.dll ntdll.dll msctf.dll wow64.dll clr.dll wow64cpu.dll kernel32.dll kernel32.dll kernel32.dll ws2_32.dll rpcrt4.dll kernelbase.dll msvcrt.dll dhcpcsvc.dll user32.dll gdi32.dll lpk.dll usp10.dll wow64win.dll sechost.dll rpcrt4.dll sspicli.dll cryptbase.dll imm32.dll msctf.dll webio.dll,normal
 user32.dll sspicli.dll usp10.dll advapi32.dll msvcrt.dll sechost.dll rpcrt4.dll msvcr120_clr0400.dll mscoree.dll clbcatq.dll msdart.dll wow64cpu.dll lpk.dll usp10.dll usp10.dll imm32.dll system.data.sqlxml.ni.dll cryptbase.dll devobj.dll rsaenh.dll rpcrtremote.dll System.ni.dll sxs.dll mscoreei.dll comctl32.dll shlwapi.dll mscorlib.ni.dll clrjit.dll system.ni.dll system.core.ni.dll version.dll mscorlib.dll mscorlib.dll shell32.dll system.servicemodel.ni.dll cryptsp.dll system.transactions.dll lpk.dll system.transactions.dll crypt32.dll system.servicemodel.internals.ni.dll user32.dll system.configuration.ni.dll system.xml.ni.dll system.numerics.ni.dll winnsi.dll ntdll.dll kernel32.dll kernelbase.dll advapi32.dll msvcrt.dll sechost.dll rpcrt4.dll msvcr120_clr0400.dll mscoree.dll ole32.dll gdi32.dll user32.dll lpk.dll usp10.dll oleaut32.dll imm32.dll version.dll shlwapi.dll cryptsp.dll rsaenh.dll cryptbase.dll clbcatq.dll sxs.dll mscoreei.dll clr.dll shlwapi.dll mssvp.dll clrjit.dll system.ni.dll version.dll mscorlib.dll mscorlib.dll system.windows.controls.ribbon.ni.dll system.core.ni.dll windowsbase.ni.dll presentationcore.ni.dll presentationframework.ni.dll rpcrt4.dll presentationcore.dll usp10.dll system.xml.ni.dll uiautomationprovider.ni.dll sechost.dll system.configuration.ni.dll user32.dll ntdll.dll mscoreei.dll wow64win.dll wow64cpu.dll kernel32.dll kernel32.dll kernel32.dll user32.dll kernel32.dll kernelbase.dll advapi32.dll msvcrt.dll sechost.dll rpcrt4.dll sspicli.dll cryptbase.dll msvcr120_clr0400.dll tapi32.dll ole32.dll gdi32.dll user32.dll lpk.dll usp10.dll oleaut32.dll imm32.dll oleaut32.dll RpcRtRemote.dll rsaenh.dll rpcrtremote.dll clbcatq.dll sxs.dll mscoreei.dll mscorwks.dll msvcr80.dll shlwapi.dll shell32.dll profapi.dll mscorlib.ni.dll mscorjit.dll mscorlib.dll mscorlib.dll version.dll mscorlib.dll mscorlib.dll advapi32.dll system.directoryservices.protocols.ni.dll apphelp.dll system.directoryservices.protocols.dll devobj.dll system.directoryservices.protocols.dll eqossnap.dll system.dll system.dll winnsi.dll system.xml.ni.dll system.xml.dll system.xml.dll system.xml.dll system.xml.dll gdi32.dll system.directoryservices.dll system.directoryservices.dll system.directoryservices.dll system.directoryservices.dll advapi32.dll system.configuration.dll gdi32.dll system.configuration.dll usp10.dll System.Core.ni.dll ntdll.dll wow64.dll wow64win.dll wow64cpu.dll spoolss.dll kernel32.dll wldap32.dll psapi.dll kernel32.dll kernelbase.dll advapi32.dll msvcrt.dll kernel32.dll rpcrt4.dll shell32.dll cryptbase.dll msvcr120_clr0400.dll mscoree.dll ole32.dll gdi32.dll RpcRtRemote.dll lpk.dll clrjit.dll oleaut32.dll imm32.dll msctf.dll cryptsp.dll rsaenh.dll System.Printing.dll System.configuration.dll sxs.dll mscoreei.dll mscorwks.dll msvcr80.dll shlwapi.dll shell32.dll winnsi.dll mscorlib.ni.dll mscorjit.dll bcrypt.dll mscorlib.dll flightsettings.dll cryptsp.dll mscorlib.dll system.ni.dll uiautomationclient.ni.dll system.dll system.dll system.dll system.dll uiautomationprovider.ni.dll uiautomationprovider.dll uiautomationprovider.dll uiautomationprovider.dll uiautomationclient.dll uiautomationclient.dll uiautomationprovider.dll uxtheme.dll kernel32.dll uiautomationtypes.dll uiautomationtypes.dll Microsoft.VisualStudio.Tools.Office.Excel.AddInProxy.v9.0.dll accessibility.ni.dll accessibility.dll accessibility.dll accessibility.dll clbcatq.dll ntdll.dll system.directoryservices.dll windowsbase.dll windowsbase.dll kernel32.dll kernel.appcore.dll advapi32.dll system.security.dll system.security.dll system.security.dll system.xml.ni.dll system.xml.dll coremessaging.dll system.xml.dll system.xml.dll system.configuration.ni.dll rsaenh.dll system.configuration.dll system.configuration.dll system.xml.dll system.data.sqlxml.ni.dll system.data.sqlxml.dll system.data.sqlxml.dll system.data.sqlxml.dll system.data.sqlxml.dll ntdll.dll ntdll.dll srvcli.dll wow64win.dll wow64cpu.dll kernel32.dll kernel32.dll kernel32.dll version.dll kernel32.dll kernelbase.dll advapi32.dll powrprof.dll sechost.dll user32.dll crypt32.dll cryptbase.dll msvcr120_clr0400.dll mscoree.dll ole32.dll user32.dll user32.dll api-ms-win-core-processthreads-l1-1-1.dll usp10.dll shell32.dll imm32.dll msctf.dll System.Windows.Forms.ni.dll rsaenh.dll rpcrtremote.dll clbcatq.dll sxs.dll mscoreei.dll system.transactions.ni.dll advapi32.dll mscorlib.ni.dll clrjit.dll system.ni.dll version.dll imm32.dll shell32.dll system.dll setupapi.dll uiautomationclient.ni.dll system.core.ni.dll msctf.dll windowsbase.dll windowsbase.dll system.core.dll system.core.dll uiautomationtypes.ni.dll uiautomationtypes.dll uiautomationtypes.dll msvcrt.dll uiautomationprovider.dll uiautomationprovider.dll winnsi.dll accessibility.dll accessibility.dll system.configuration.ni.dll system.configuration.dll oleaut32.dll system.xml.ni.dll system.xml.dll system.xml.dll,normal
 ntdll.dll ntdll.dll wow64.dll spoolss.dll wow64cpu.dll userenv.dll kernel32.dll kernel32.dll user32.dll kernel32.dll netutils.dll rpcrtremote.dll msvcrt.dll sechost.dll rpcrt4.dll sspicli.dll cryptbase.dll dnsapi.dll ws2_32.dll nsi.dll winnsi.dll dhcpcsvc.dll dhcpcsvc6.dll shell32.dll shlwapi.dll msctf.dll user32.dll lpk.dll usp10.dll ole32.dll imm32.dll clbcatq.dll activeds.dll system.configuration.ni.dll reachframework.ni.dll rsaenh.dll rpcrtremote.dll wevtapi.dll ntdll.dll sechost.dll wow64.dll wow64win.dll wow64cpu.dll api-ms-win-downlevel-version-l1-1-0.dll lpk.dll kernel32.dll user32.dll CbsApi.dll crypt32.dll authz.dll dhcpcsvc.dll dhcpcsvc6.dll msctf.dll devobj.dll user32.dll ole32.dll oleacc.dll oleaut32.dll cryptsp.dll rsaenh.dll rpcrtremote.dll sspicli.dll lpk.dll usp10.dll advapi32.dll sechost.dll rpcrt4.dll sspicli.dll cryptbase.dll imm32.dll msctf.dll dnsapi.dll ws2_32.dll wldap32.dll winnsi.dll gdi32.dll,normal
 ntdll.dll kernel32.dll KernelBase.dll actxprxy.dll clbcatq.dll gdi32.dll startupscan.dll lpk.dll usp10.dll rpcrt4.dll imm32.dll clr.dll cryptbase.dll clbcatq.dll advapi32.dll sechost.dll combase.dll cryptsp.dll rsaenh.dll RpcRtRemote.dll uxtheme.dll oleaut32.dll comctl32.dll shlwapi.dll imecfm.dll profapi.dll user32.dll,normal
 ntdll.dll ntdll.dll wow64.dll system.configuration.dll wow64cpu.dll kernel32.dll kernel32.dll comctl32.dll user32.dll user32.dll imageres.dll advapi32.dll KernelBase.dll sechost.dll rpcrt4.dll sspicli.dll cryptbase.dll oleaut32.dll ole32.dll nsi.dll user32.dll lpk.dll usp10.dll wevtapi.dll imm32.dll msctf.dll comctl32.dll shlwapi.dll credui.dll ntdll.dll kernel32.dll kernelbase.dll advapi32.dll msvcrt.dll sechost.dll rpcrt4.dll shell32.dll shlwapi.dll ntdll.dll user32.dll lpk.dll usp10.dll imm32.dll ntdll.dll ole32.dll cryptbase.dll uxtheme.dll propsys.dll oleaut32.dll user32.dll clbcatq.dll cryptsp.dll urlmon.dll api-ms-win-downlevel-ole32-l1-1-0.dll system.data.dll api-ms-win-downlevel-advapi32-l1-1-0.dll api-ms-win-downlevel-user32-l1-1-0.dll api-ms-win-downlevel-version-l1-1-0.dll version.dll api-ms-win-downlevel-normaliz-l1-1-0.dll normaliz.dll iertutil.dll wininet.dll userenv.dll secur32.dll sspicli.dll bcryptprimitives.dll cfgmgr32.dll mscorlib.dll mpr.dll system.xml.ni.dll usp10.dll System.ComponentModel.Composition.ni.dll advapi32.dll msvcrt.dll sechost.dll rpcrt4.dll userenv.dll user32.dll lpk.dll usp10.dll ole32.dll sspicli.dll system.data.sqlxml.dll advapi32.dll samlib.dll winsta.dll crypt32.dll msasn1.dll msctf.dll imm32.dll user32.dll shlwapi.dll secur32.dll sspicli.dll shell32.dll cryptbase.dll uxtheme.dll wmsgapi.dll wintrust.dll userenv.dll cryptsp.dll version.dll bcrypt.dll msctfmonitor.dll kernelbase.dll msutb.dll imagehlp.dll bcryptprimitives.dll version.dll ncrypt.dll gpapi.dll cryptnet.dll wldap32.dll cryptbase.dll oleaut32.dll urlmon.dll api-ms-win-downlevel-ole32-l1-1-0.dll api-ms-win-downlevel-shlwapi-l1-1-0.dll lpk.dll system.data.oracleclient.dll api-ms-win-downlevel-version-l1-1-0.dll api-ms-win-downlevel-normaliz-l1-1-0.dll normaliz.dll iertutil.dll wininet.dll,normal
 ntdll.dll kernel32.dll KernelBase.dll imagehlp.dll user32.dll lpk.dll usp10.dll msvcrt.dll sechost.dll sspicli.dll kernelbase.dll rpcrt4.dll rpcrtremote.dll cryptbase.dll clbcatq.dll advapi32.dll sechost.dll authz.dll sxs.dll KernelBase.dll kernel32.dll System.Core.dll sechost.dll rpcrt4.dll sspicli.dll gdi32.dll msctf.dll lpk.dll usp10.dll imm32.dll system.configuration.dll wdscore.dll kernel32.dll shell32.dll shlwapi.dll dbghelp.dll cryptbase.dll CbsCore.dll version.dll cryptbase.dll msasn1.dll wintrust.dll userenv.dll profapi.dll ktmw32.dll apphelp.dll lpk.dll dpx.dll wcp.dll DrUpdate.dll apphelp.dll cfgmgr32.dll devobj.dll wbemcomn.dll wrpint.dll sxsstore.dll sqmapi.dll winhttp.dll webio.dll winhttp.dll imecfm.dll SensApi.dll cryptsp.dll rsaenh.dll RpcRtRemote.dll cryptbase.dll oleaut32.dll smipi.dll smiengine.dll dhcpcsvc6.dll kernel32.dll KernelBase.dll advapi32.dll msvcrt.dll sechost.dll smiengine.dll ole32.dll gdi32.dll user32.dll lpk.dll usp10.dll imm32.dll msctf.dll usp10.dll oleaut32.dll spoolss.dll shlwapi.dll NlsData0018.dll cryptbase.dll CbsCore.dll advapi32.dll crypt32.dll msasn1.dll KernelBase.dll kernel32.dll profapi.dll rsaenh.dll dpx.dll dpx.dll dpx.dll cryptsp.dll DrUpdate.dll Microsoft.VisualStudio.Tools.Office.AddInAdapter.v9.0.ni.dll cfgmgr32.dll clbcatq.dll mpr.dll wrpint.dll d3d10warp.dll sqmapi.dll winhttp.dll msvcrt.dll winhttp.dll webio.dll api-ms-win-core-com-l1-1-0.dll powrprof.dll rsaenh.dll RpcRtRemote.dll ole32.dll rpcrt4.dll imm32.dll smiengine.dll ntdll.dll ntdll.dll wow64.dll wow64win.dll wow64cpu.dll rpcrtremote.dll msvcp_win.dll kernel32.dll imm32.dll kernel32.dll KernelBase.dll gdi32.dll msvcrt.dll shlwapi.dll rpcrt4.dll sspicli.dll cryptbase.dll advapi32.dll ws2_32.dll nsi.dll winnsi.dll dhcpcsvc.dll clbcatq.dll shell32.dll shlwapi.dll gdi32.dll user32.dll lpk.dll usp10.dll ole32.dll imm32.dll msctf.dll clbcatq.dll oleaut32.dll cryptsp.dll rsaenh.dll RpcRtRemote.dll oleaut32.dll ntdll.dll kernel32.dll KernelBase.dll oleaut32.dll msvcrt.dll sechost.dll rpcrt4.dll rpcrt4.dll user32.dll dwrite.dll usp10.dll msswch.dll winmm.dll dwmapi.dll GdiPlus.dll ole32.dll oleacc.dll cryptsp.dll shlwapi.dll wmsgapi.dll duser.dll uxtheme.dll imm32.dll msctf.dll,normal
 wsclient.dll api-ms-win-core-processthreads-l1-1-1.dll wsshared.dll wsshared.dll kernel32.dll wssync.dll ntmarta.dll ntmarta.dll slc.dll user32.dll elscore.dll elscore.dll duser.dll bcp47langs.dll wscapi.dll wscapi.dll ole32.dll wscapi.dll profapi.dll wscapi.dll wscapi.dll oleacc.dll System.Core.ni.dll secur32.dll mbnapi.dll wwanapi.dll wwapi.dll twinapi.appcore.dll portabledeviceapi.dll portabledeviceapi.dll portabledevicetypes.dll portabledevicetypes.dll propsys.dll propsys.dll psapi.dll devrtl.dll spinf.dll drvstore.dll,normal
 ntdll.dll kernel32.dll windowscodecs.dll msvcrt.dll conhostv1.dll user32.dll ieapfltr.dll imm32.dll msctf.dll oleaut32.dll combase.dll rpcrt4.dll,normal
 api-ms-win-core-file-l2-1-0.dll ntdll.dll wow64.dll wow64win.dll wow64cpu.dll dwmapi.dll kernel32.dll kernel32.dll user32.dll kernel32.dll kernelbase.dll System.Configuration.ni.dll msvcrt.dll crypt32.dll oleaut32.dll bcrypt.dll cryptbase.dll sechost.dll ws2_32.dll rpcrt4.dll powrprof.dll dhcpcsvc.dll ntdll.dll shell32.dll shlwapi.dll gdi32.dll user32.dll lpk.dll System.Security.dll ole32.dll imm32.dll wow64cpu.dll clbcatq.dll oleaut32.dll cryptsp.dll rsaenh.dll rpcrtremote.dll wevtapi.dll ntdll.dll kernel32.dll kernelbase.dll advapi32.dll msvcrt.dll mscorlib.ni.dll rpcrt4.dll ole32.dll gdi32.dll user32.dll advapi32.dll usp10.dll KernelBase.dll msctf.dll wdscore.dll oleaut32.dll shell32.dll shlwapi.dll dbghelp.dll cryptbase.dll cbscore.dll advapi32.dll crypt32.dll msasn1.dll api-ms-win-downlevel-normaliz-l1-1-0.dllnormaliz.dll userenv.dll profapi.dll system.web.dll dpx.dll dpx.dll dpx.dll wcp.dll msctf.dll setupapi.dll cfgmgr32.dll devobj.dll msxml6.dll wrpint.dll sxsstore.dll sqmapi.dll winhttp.dll system.xml.ni.dll winhttp.dll webio.dll sensapi.dll msctf.dll rsaenh.dll rpcrtremote.dll credui.dll cbsapi.dll smipi.dll rpcrt4.dll user32.dll kernel32.dll kernel32.dll advapi32.dll msvcrt.dll sechost.dll rpcrt4.dll ole32.dll usp10.dll gdi32.dll wow64cpu.dll usp10.dll imm32.dll msctf.dll httpapi.dll oleaut32.dll shell32.dll shlwapi.dll dbghelp.dll cryptbase.dll cbscore.dll version.dll msimg32.dll msasn1.dll System.configuration.dll userenv.dll profapi.dll ktmw32.dll user32.dll dpx.dll cryptsp.dll wtsapi32.dll drupdate.dll rpcrt4.dll cfgmgr32.dll ole32.dll mpr.dll wrpint.dll sxsstore.dll sqmapi.dll api-ms-win-core-namedpipe-l1-1-0.dll webio.dll dxgi.dll webio.dll sensapi.dll cryptsp.dll rsaenh.dll kernelbase.dll clbcatq.dll SensApi.dll smipi.dll smiengine.dll ntdll.dll kernel32.dll kernelbase.dll gdi32.dll user32.dll UIAutomationTypes.dll usp10.dll msvcrt.dll gpedit.dll msctf.dll ole32.dll rpcrt4.dll rpcrt4.dll cryptbase.dll clbcatq.dll advapi32.dll sechost.dll lpk.dll System.AddIn.ni.dll wow64.dll wow64win.dll wow64cpu.dll kernel32.dll kernel32.dll kernel32.dll user32.dll kernel32.dll kernelbase.dll msvcrt.dll winbrand.dll wow64.dll msvcrt.dll lpk.dll usp10.dll advapi32.dll sechost.dll rpcrt4.dll sspicli.dll cryptbase.dll bcrypt.dll msctf.dll apphelp.dll,normal
 ntdll.dll kernel32.dll gdi32.dll gdi32.dll user32.dll cryptsp.dll System.Core.dll msvcrt.dll imm32.dll msctf.dll ole32.dll rpcrt4.dll oleaut32.dll apphelp.dll ntdll.dll wow64.dll wow64win.dll wow64cpu.dll kernel32.dll kernel32.dll kernel32.dll user32.dll kernel32.dll KernelBase.dll System.Configuration.dll user32.dll user32.dll gdi32.dll lpk.dll usp10.dll ws2_32.dll advapi32.dll rpcrt4.dll sspicli.dll cryptbase.dll system.dll msctf.dll microsoft.visualbasic.compatibility.data.dll,normal
 ntdll.dll ntdll.dll wow64.dll wow64win.dll wow64cpu.dll kernel32.dll ncrypt.dll RpcRtRemote.dll user32.dll kernel32.dll KernelBase.dll advapi32.dll kernel32.dll sechost.dll rpcrt4.dll dui70.dll mscorlib.ni.dll dnsapi.dll shlwapi.dll nsi.dll winnsi.dll dhcpcsvc.dll System.Data.OracleClient.dll shell32.dll kernel32.dll gdi32.dll user32.dll usp10.dll gdi32.dll ole32.dll imm32.dll msctf.dll clbcatq.dll oleaut32.dll cryptsp.dll rsaenh.dll sechost.dll wevtapi.dll bcryptprimitives.dll ntdll.dll wow64.dll UIAutomationTypes.ni.dll wow64cpu.dll kernel32.dll kernel32.dll shell32.dll user32.dll kernel32.dll KernelBase.dll msvcrt.dll oleaut32.dll ole32.dll gdi32.dll system.management.ni.dll advapi32.dll sechost.dll rpcrt4.dll sspicli.dll cryptbase.dll kernel32.dll usp10.dll version.dll imm32.dll msctf.dll sxs.dll clbcatq.dll vbscript.dll advapi32.dll msvcrt.dll lpk.dll msasn1.dll msctf.dll rsaenh.dll msisip.dll wshext.dll comctl32.dll shell32.dll shlwapi.dll kernel32.dll msi.dll scrrun.dll,normal
 microsoft.office.tools.word.v9.0.ni.dll msctf.dll adsldpc.dll kernel32.dll user32.dll lpk.dll usp10.dll msvcrt.dll imm32.dll msctf.dll ole32.dll rpcrt4.dll oleaut32.dll cryptbase.dll clbcatq.dll system.configuration.dll sechost.dll ntdll.dll ntdll.dll wow64.dll wow64win.dll wow64cpu.dll user32.dll slwga.dll kernel32.dll user32.dll kernel32.dll propsys.dll msvcrt.dll winbrand.dll user32.dll userenv.dll lpk.dll usp10.dll setupapi.dll sechost.dll rpcrt4.dll sspicli.dll cryptbase.dll System.Data.dll wow64cpu.dll apphelp.dll,normal
 ntdll.dll ntdll.dll kernel32.dll kernelbase.dll setupapi.dll msvcrt.dll cryptsp.dll MPSSVC.dll fastprox.dll ncobjapi.dll wbemcomn.dll mscoreei.dll mssprxy.dll ws2_32.dll ws2_32.dll sechost.dll sechost.dll rpcrt4.dll rpcrt4.dll nsi.dll nsi.dll advapi32.dll wow64.dll KernelBase.dll user32.dll kernel32.dll wow64win.dll cryptbase.dll cryptbase.dll bcryptprimitives.dll msctf.dll clbcatq.dll wbemprox.dll comctl32.dll oleaut32.dll cryptsp.dll cryptsp.dll ntdll.dll rsaenh.dll bcrypt.dll bcrypt.dll wbemsvc.dll wbemsvc.dll wmiutils.dll wmiutils.dll cimwin32.dll cimwin32.dll msshooks.dll framedyn.dll framedynos.dll sspicli.dll sspicli.dll winbrand.dll winbrand.dll bcrypt.dll security.dll secur32.dll system.configuration.ni.dll ntdll.dll mscorwks.dll crypt32.dll msasn1.dll msasn1.dll netapi32.dll cryptsp.dll srvcli.dll wkscli.dll System.Web.Services.dll dismprov.dll browcli.dll schedcli.dll dsrole.dll cscapi.dll cscapi.dll,normal
 ntdll.dll ntdll.dll wow64.dll wow64win.dll rpcrt4.dll kernel32.dll kernel32.dll kernel32.dll user32.dll ole32.dll kernelbase.dll oleaut32.dll ole32.dll ntdll.dll gdi32.dll user32.dll advapi32.dll sechost.dll advapi32.dll ole32.dll cryptbase.dll lpk.dll usp10.dll samlib.dll version.dll api-ms-win-crt-multibyte-l1-1-0.dll olepro32.dll comctl32.dll shlwapi.dll shell32.dll wsock32.dll ws2_32.dll nsi.dll netapi32.dll netutils.dll srvcli.dll wkscli.dll gdiplus.dll imm32.dll msctf.dll uxtheme.dll advapi32.dll oleaut32.dll imageres.dll apphelp.dll shdocvw.dll shdocvw.dll shdocvw.dll shdocvw.dll shell32.dll wevtapi.dll msvcrt.dll ehstorshell.dll ehstorshell.dll ehstorshell.dll setupapi.dll kernel32.dll devobj.dll oleaut32.dll audioses.dll auditcse.dll ntshrui.dll cscapi.dll slc.dll imageres.dll imageres.dll vbscript.dll usp10.dll powrprof.dll imageres.dll imageres.dll imageres.dll ole32.dll imageres.dll imageres.dll imageres.dll nlaapi.dll napinsp.dll sppwinob.dll gdi32.dll winrnr.dll cryptbase.dll rsaenh.dll wtsapi32.dll winsta.dll,normal
 ntdll.dll ntdll.dll wow64.dll system.drawing.dll wow64cpu.dll kernel32.dll kernel32.dll kernel32.dll dhcpcsvc.dll kernel32.dll kernelbase.dll msvcrt.dll oleaut32.dll ole32.dll gdi32.dll user32.dll cfgmgr32.dll system.core.dll rpcrt4.dll sspicli.dll cryptbase.dll lpk.dll usp10.dll version.dll imm32.dll msctf.dll kernelbase.dll clbcatq.dll vbscript.dll advapi32.dll wintrust.dll crypt32.dll msasn1.dll system.data.services.dll rsaenh.dll twext.dll wshext.dll comctl32.dll shell32.dll system.data.dll scrobj.dll msi.dll dsrole.dll ntdll.dll kernel32.dll shell32.dll wow64win.dll wow64cpu.dll kernel32.dll kernel32.dll kernel32.dll wow64win.dll kernel32.dll kernelbase.dll msvcrt.dll rsaenh.dll user32.dll gdi32.dll lpk.dll usp10.dll advapi32.dll sechost.dll dataexchange.dll advapi32.dll cryptbase.dll system.dll msctf.dll apphelp.dll,normal
 ntdll.dll kernelbase.dll kernelbase.dll msvcrt.dll conhostv2.dll combase.dll ucrtbase.dll rpcrt4.dll rpcrt4.dll gdi32.dll gdi32full.dll spoolss.dll kernelbase.dll imm32.dll oleaut32.dll msvcp_win.dll propsys.dll shcore.dll shell32.dll cfgmgr32.dll windows.storage.dll dwmredir.dll advapi32.dll shlwapi.dll clbcatq.dll profapi.dll clbcatq.dll user32.dll sechost.dll,normal
 msctf.dll ntdll.dll kernel32.dll kernel.appcore.dll user32.dll rpcrt4.dll gdi32.dll user32.dll lpk.dll system.ni.dll ole32.dll oleaut32.dll imm32.dll,normal
 ntdll.dll userenv.dll kernelbase.dll gdi32.dll user32.dll cryptbase.dll usp10.dll msvcrt.dll PortableDeviceSyncProvider.dll msctf.dll usp10.dll rpcrt4.dll mssprxy.dll cryptbase.dll clbcatq.dll advapi32.dll sechost.dll,normal
 ntdll.dll kernel32.dll kernelbase.dll gdi32.dll version.dll cryptsp.dll usp10.dll msvcrt.dll imm32.dll msctf.dll ole32.dll user32.dll oleaut32.dll cryptbase.dll clbcatq.dll advapi32.dll sechost.dll rpcrt4.dll ntdll.dll wow64.dll cryptbase.dll wow64cpu.dll kernel32.dll kernel32.dll kernel32.dll user32.dll rpcrt4.dll kernel32.dll advapi32.dll msvcrt.dll api-ms-win-core-namedpipe-l1-1-0.dll rpcrt4.dll sspicli.dll cryptbase.dll user32.dll gdi32.dll lpk.dll usp10.dll wow64.dll shell32.dll ole32.dll iertutil.dll urlmon.dll wininet.dll oleaut32.dll crypt32.dll msasn1.dll imm32.dll msctf.dll shell32.dll psapi.dll system.design.ni.dll comctl32.dll comdlg32.dll webio.dll GdiPlus.dll sqmapi.dll cryptbase.dll propsys.dll profapi.dll setupapi.dll cfgmgr32.dll devobj.dll cryptsp.dll rsaenh.dll ws2_32.dll nsi.dll ieproxy.dll dnsapi.dll winnsi.dll apphelp.dll ieframe.dll mlang.dll uxtheme.dll mshtml.dll system.security.dll version.dll ntmarta.dll wldap32.dll dwmapi.dll cabinet.dll iesetup.dll advpack.dll msimtf.dll ole32.dll sechost.dll api-ms-win-downlevel-version-l1-1-0.dll msctf.dll userenv.dll imageres.dll clbcatq.dll imagehlp.dll msvcr80.dll shell32.dll,normal
 sxs.dll ntdll.dll kernel32.dll kernelbase.dll kernelbase.dll advapi32.dll advapi32.dll msvcrt.dll msvcrt.dll oleaut32.dll ole32.dll rpcrt4.dll rpcrt4.dll secur32.dll secur32.dll userenv.dll userenv.dll mpclient.dll mpclient.dll cabinet.dll cabinet.dll sechost.dll sechost.dll combase.dll gdi32.dll msctf.dll profapi.dll wintrust.dll version.dll winnsi.dll msasn1.dll msasn1.dll riched20.dll sspicli.dll kernel.appcore.dll user32.dll cryptbase.dll cryptbase.dll bcryptprimitives.dll bcryptprimitives.dll clbcatq.dll netprofm.dll netprofm.dll cryptsp.dll cryptsp.dll rsaenh.dll rsaenh.dll msadcer.dll bcrypt.dll npfproxy.dll mscoree.dll wuapi.dll wuapi.dll propsys.dll system.drawing.ni.dll oleacc.dll advapi32.dll netprofm.dll npfproxy.dll npmproxy.dll wuapi.dll wuapi.dll usp10.dll wups.dll imm32.dll ntdll.dll system.data.dll kernel32.dll kernel32.dll kernelbase.dll msvcrt.dll schedsvc.dll combase.dll smipi.dll pcwum.dll kernel.appcore.dll system.transactions.dll nsi.dll cryptbase.dll System.Data.dll bcryptprimitives.dll clbcatq.dll user32.dll gdi32.dll imm32.dll msctf.dll presentationui.ni.dll sechost.dll cryptsp.dll cryptsp.dll rsaenh.dll rsaenh.dll msutb.dll bcrypt.dll uxtheme.dll uxtheme.dll mmdevapi.dll slc.dll userenv.dll userenv.dll dwmapi.dll,normal
 ntdll.dll kernel32.dll KernelBase.dll presentationcore.ni.dll msvcrt.dll sechost.dll rpcrt4.dll ole32.dll gdi32.dll user32.dll lpk.dll usp10.dll msswch.dll msctf.dll ntdll.dll oleaut32.dll shell32.dll shlwapi.dll ntshrui.dll cryptbase.dll CbsCore.dll version.dll crypt32.dll msasn1.dll wintrust.dll userenv.dll profapi.dll msvcp_win.dll sechost.dll dpx.dll dpx.dll wcp.dll DrUpdate.dll setupapi.dll cfgmgr32.dll devobj.dll user32.dll user32.dll spp.dll riched20.dll cscapi.dll kernel32.dll wrpint.dll sxsstore.dll sqmapi.dll adtschema.dll webio.dll winhttp.dll webio.dll SensApi.dll cryptsp.dll user32.dll RpcRtRemote.dll clbcatq.dll CbsApi.dll smipi.dll smiengine.dll,normal
 msftedit.dll,normal
 ntdll.dll nsi.dll KernelBase.dll advapi32.dll msvcrt.dll dhcpcsvc.dll rpcrt4.dll cryptsp.dll user32.dll lpk.dll usp10.dll msswch.dll rsaenh.dll dwmapi.dll GdiPlus.dll ole32.dll oleacc.dll oleaut32.dll shlwapi.dll mssprxy.dll kernel32.dll uxtheme.dll system.data.sqlxml.dll msctf.dll cryptbase.dll dui70.dll comctl32.dll usp10.dll ntdll.dll tabskb.dll System.Drawing.dll rsaenh.dll RpcRtRemote.dll KernelBase.dll atl.dll cfgmgr32.dll WindowsCodecs.dll MMDevAPI.dll propsys.dll,normal
 ntdll.dll shell32.dll system.web.regularexpressions.dll gdi32.dll usp10.dll lpk.dll imm32.dll msvcrt.dll imm32.dll msctf.dll ole32.dll rpcrt4.dll oleaut32.dll ntdll.dll ntdll.dll system.configuration.dll wow64win.dll wow64cpu.dll kernel32.dll kernel32.dll shlwapi.dll user32.dll es.dll KernelBase.dll msisip.dll kernel32.dll cryptsp.dll rpcrt4.dll sspicli.dll cryptbase.dll dnsapi.dll ws2_32.dll nsi.dll winnsi.dll dhcpcsvc.dll dhcpcsvc6.dll shell32.dll System.dll api-ms-win-downlevel-shlwapi-l1-1-0.dll user32.dll gdi32.dll usp10.dll ole32.dll imm32.dll msctf.dll kernel32.dll System.Runtime.Serialization.ni.dll cryptsp.dll gdi32.dll RpcRtRemote.dll wevtapi.dll ntdll.dll ntdll.dll dinput8.dll wow64win.dll kernel32.dll kernel32.dll System.Xaml.dll kernel32.dll wevtapi.dll kernel32.dll KernelBase.dll advapi32.dll msvcrt.dll user32.dll rpcrt4.dll sspicli.dll cryptbase.dll dnsapi.dll ws2_32.dll nsi.dll winnsi.dll dhcpcsvc.dll dhcpcsvc6.dll shell32.dll shlwapi.dll wow64cpu.dll user32.dll windows.storage.dll usp10.dll ole32.dll imm32.dll msctf.dll clbcatq.dll oleaut32.dll wow64win.dll rsaenh.dll imm32.dll CbsApi.dll ntdll.dll propsys.dll wow64.dll wow64win.dll wow64cpu.dll kernel32.dll kernel32.dll kernel32.dll user32.dll kernel32.dll KernelBase.dll advapi32.dll dhcpcsvc.dll Accessibility.dll rpcrt4.dll sspicli.dll cryptbase.dll dnsapi.dll ws2_32.dll nsi.dll rsaenh.dll dhcpcsvc.dll dhcpcsvc6.dll shell32.dll shlwapi.dll gdi32.dll user32.dll wow64.dll usp10.dll ole32.dll imm32.dll msctf.dll clbcatq.dll oleaut32.dll cryptsp.dll clbcatq.dll RpcRtRemote.dll wevtapi.dll,normal
 ntdll.dll kernel32.dll propsys.dll advapi32.dll msvcrt.dll sechost.dll rpcrt4.dll user32.dll win32u.dll wow64cpu.dll gdi32full.dll gdi32full.dll ucrtbase.dll combase.dll System.EnterpriseServices.dll shell32.dll cfgmgr32.dll msctf.dll windows.storage.dll shlwapi.dll kernel.appcore.dll amsi.dll apphelp.dll ole32.dll msvcp110_win.dll imm32.dll uxtheme.dll msctf.dll rpcrt4.dll tiptsf.dll usp10.dll,normal
 ntdll.dll winsta.dll kernel32.dll kernelbase.dll xmllite.dll sechost.dll sechost.dll bcryptprimitives.dll winmm.dll msctf.dll kernel.appcore.dll msvcrt.dll api-ms-win-downlevel-ole32-l1-1-0.dll user32.dll win32u.dll gdi32.dll gdi32full.dll clipsvc.dll clipsvc.dll webservices.dll webservices.dll wldp.dll ntdll.dll crypt32.dll msasn1.dll msasn1.dll wintrust.dll advapi32.dll advapi32.dll oleaut32.dll ucrtbase.dll ucrtbase.dll kernel32.dll rpcrt4.dll api-ms-win-core-timezone-l1-1-0.dll msvcp_win.dll cryptsp.dll winbrand.dll gdi32.dll,normal
 twinapi.appcore.dll mscorlib.ni.dll wow64.dll user32.dll wow64cpu.dll kernel32.dll kernel32.dll kernel32.dll user32.dll kernel32.dll advapi32.dll msvcrt.dll winbrand.dll user32.dll gdi32.dll lpk.dll usp10.dll advapi32.dll sechost.dll system.design.ni.dll sspicli.dll cryptbase.dll cfgmgr32.dll msctf.dll apphelp.dll,normal
 ntdll.dll ntdll.dll wow64.dll devobj.dll ws2_32.dll kernel32.dll kernel32.dll kernel32.dll user32.dll kernel32.dll kernelbase.dll advapi32.dll wow64.dll sechost.dll imm32.dll imm32.dll cryptbase.dll dnsapi.dll ws2_32.dll nsi.dll winnsi.dll dhcpcsvc.dll dhcpcsvc6.dll advapi32.dll shlwapi.dll system.core.dll user32.dll lpk.dll lpk.dll ole32.dll imm32.dll msctf.dll clbcatq.dll system.drawing.dll cryptsp.dll rsaenh.dll rpcrtremote.dll wevtapi.dll,normal
 ntdll.dll system.deployment.dll psapi.dll imm32.dll userenv.dll sechost.dll shlwapi.dll msctf.dll cbscore.dll lpk.dll ws2_32.dll oleaut32.dll advapi32.dll clbcatq.dll user32.dll nsi.dll secur32.dll user32.dll lpk.dll wow64cpu.dll system.identitymodel.dll oleaut32.dll kernelbase.dll userenv.dll profapi.dll rpcrt4.dll sxs.dll cfgmgr32.dll cryptbase.dll sspicli.dll api-ms-win-crt-stdio-l1-1-0.dll cryptdll.dll wevtapi.dll System.Core.ni.dll bcrypt.dll netjoin.dll kerberos.dll cryptsp.dll cryptsp.dll mswsock.dll wship6.dll dnsapi.dll logoncli.dll rsaenh.dll bcryptprimitives.dll netutils.dll credssp.dll gpapi.dll ntmarta.dll wkscli.dll oleaut32.dll msvcrt.dll dhcpcsvc.dll wtsapi32.dll cryptbase.dll webio.dll rasadhlp.dll accessibility.dll atl.dll dsrole.dll propsys.dll samcli.dll es.dll slc.dll crypt32.dll KernelBase.dll wkssvc.dll cryptsvc.dll vssapi.dll vsstrace.dll samlib.dll cryptsp.dll vsstrace.dll ncsi.dll ssdpapi.dll esent.dll termsrv.dll gdiplus.dll lsmproxy.dll regapi.dll rdpcorekmts.dll setupapi.dll tlscsp.dll vss_ps.dll sxs.dll msxml3.dll sfc_os.dll,normal
 ntdll.dll ntdll.dll wow64.dll rsaenh.dll wow64cpu.dll kernel32.dll kernel32.dll kernel32.dll user32.dll kernel32.dll execmodelproxy.dll msvcrt.dll winbrand.dll user32.dll gdi32.dll lpk.dll usp10.dll advapi32.dll sechost.dll rpcrt4.dll sspicli.dll cryptbase.dll gdi32.dll system.runtime.serialization.formatters.soap.dll system.web.dll,normal
 ntprint.dll mscms.dll clbcatq.dll ntprint.dll clbcatq.dll sechost.dll ntprint.dll mscms.dll mscms.dll ntprint.dll mscms.dll mscms.dll kernelbase.dll mscms.dll mscms.dll ntprint.dll mscms.dll mscms.dll ntprint.dll mscms.dll RpcRtRemote.dll ntprint.dll mscms.dll mscms.dll MsCtfMonitor.dll psapi.dll mscms.dll ntprint.dll mscms.dll sqmapi.dll ntprint.dll wintypes.dll mscms.dll system.dll mscms.dll mscms.dll ntprint.dll devobj.dll api-ms-win-core-io-l1-1-1.dll ntprint.dll mscms.dll mscms.dll ntprint.dll mscms.dll mscms.dll api-ms-win-service-private-l1-1-1.dll mscms.dll bcryptprimitives.dll ntprint.dll mscms.dll mscms.dll ntprint.dll oleaut32.dll mscms.dll ntprint.dll mscms.dll mscoreei.dll ntprint.dll mscms.dll mscms.dll ntprint.dll mscms.dll mscms.dll ntprint.dll cryptbase.dll mscms.dll ntprint.dll mscms.dll mscms.dll mobilebroadbandaccountapi.dll gdi32.dll msctf.dll ntprint.dll mscms.dll mscms.dll ntprint.dll mscms.dll mscms.dll,normal
 ntdll.dll msctf.dll kernelbase.dll uxtheme.dll kernel32.dll dwmapi.dll KernelBase.dll comctl32.dll shlwapi.dll cryptbase.dll gdi32.dll tabskb.dll lpk.dll usp10.dll Microsoft.VisualStudio.Tools.Applications.Contract.v9.0.dll imm32.dll clbcatq.dll ucrtbase.dll oleaut32.dll sechost.dll,normal
 ntdll.dll mscoreei.dll kernelbase.dll reachframework.ni.dll ole32.dll gdi32.dll user32.dll system.data.sqlxml.dll usp10.dll PresentationFramework.dll imm32.dll clbcatq.dll rsaenh.dll clbcatq.dll ntasn1.dll rpcrt4.dll setupapi.dll w32time.dll rsaenh.dll setupapi.dll uxtheme.dll useraccountcontrolsettings.dll shell32.dll msswch.dll devobj.dll devobj.dll api-ms-win-downlevel-shlwapi-l1-1-0.dll System.IdentityModel.dll ntdll.dll api-ms-win-core-rtlsupport-l1-1-0.dll kernel32.dll kernelbase.dll gdi32.dll msvcrt.dll sechost.dll rpcrt4.dll gdi32.dll user32.dll lpk.dll usp10.dll ole32.dll msimg32.dll wmsgapi.dll kernel32.dll winmm.dll cryptbase.dll profapi.dll winsta.dll crypt32.dll msasn1.dll msctfmonitor.dll msctf.dll user32.dll user32.dll comctl32.dll system.data.sqlxml.dll secur32.dll cryptbase.dll presentationframework.dll mscorlib.dll lpk.dll wintrust.dll cryptsp.dll rsaenh.dll presentationcore.ni.dll dwmapi.dll bcrypt.dll bcryptprimitives.dll presentationcore.dll clbcatq.dll oleaut32.dll urlmon.dll api-ms-win-downlevel-ole32-l1-1-0.dll api-ms-win-downlevel-shlwapi-l1-1-0.dll api-ms-win-downlevel-advapi32-l1-1-0.dll api-ms-win-downlevel-user32-l1-1-0.dll api-ms-win-downlevel-version-l1-1-0.dll api-ms-win-downlevel-normaliz-l1-1-0.dll advapi32.dll iertutil.dll wininet.dll credui.dll authui.dll cryptui.dll gdiplus.dll apphelp.dll Microsoft.VisualStudio.Tools.Office.AddInAdapter.v9.0.ni.dll mmdevapi.dll propsys.dll setupapi.dll cfgmgr32.dll devobj.dll xmllite.dll imageres.dll msutb.dll rpcrt4.dll ntdll.dll kernel32.dll kernelbase.dll gdi32.dll user32.dll lpk.dll usp10.dll msvcrt.dll imm32.dll msctf.dll ole32.dll rpcrt4.dll oleaut32.dll cryptbase.dll clbcatq.dll advapi32.dll sechost.dll ntdll.dll ntdll.dll wow64.dll wow64win.dll wow64cpu.dll kernel32.dll kernel32.dll kernel32.dll lpk.dll usp10.dll ole32.dll advapi32.dll msvcrt.dll sechost.dll rpcrt4.dll sspicli.dll cryptbase.dll msvcr120_clr0400.dll mscoree.dll ole32.dll gdi32.dll user32.dll lpk.dll usp10.dll usp10.dll imm32.dll usp10.dll clbcatq.dll rsaenh.dll rpcrtremote.dll sensorsutilsv2.dll mscoree.dll user32.dll clr.dll shlwapi.dll devobj.dll mydocs.dll StructuredQuery.dll system.enterpriseservices.ni.dll version.dll mscorlib.dll mscorlib.dll system.dll system.dll system.transactions.ni.dll system.transactions.dll system.transactions.dll biwinrt.dll system.xml.ni.dll system.xml.dll system.xml.dll system.directoryservices.ni.dll system.directoryservices.dll system.directoryservices.dll xmllite.dll system.core.ni.dll system.configuration.ni.dll system.configuration.dll system.configuration.dll system.directoryservices.dll iertutil.dll ntdll.dll ntdll.dll wow64.dll wow64win.dll wow64cpu.dll kernel32.dll kernel32.dll kernel32.dll user32.dll kernel32.dll kernelbase.dll msutb.dll msvcrt.dll sechost.dll rpcrt4.dll sspicli.dll cryptbase.dll msvcr120_clr0400.dll mscoree.dll ole32.dll gdi32.dll user32.dll scrobj.dll mswsock.dll oleaut32.dll imm32.dll msctf.dll usp10.dll ole32.dll rpcrtremote.dll clbcatq.dll sxs.dll ws2_32.dll clr.dll shlwapi.dll mscorlib.ni.dll clrjit.dll system.ni.dll clr.dll system.web.mobile.ni.dll mscorlib.dll mscorlib.dll system.dll system.dll system.drawing.ni.dll system.web.mobile.dll system.web.mobile.dll system.windows.forms.ni.dll system.windows.forms.dll system.windows.forms.dll system.drawing.dll wshext.dll system.core.ni.dll system.web.ni.dll system.web.dll ehiitv.ni.dll mprmsg.dll system.core.dll system.design.ni.dll system.data.ni.dll system.data.dll microsoft.powershell.commands.utility.ni.dll system.data.dll system.xml.ni.dll presentationcore.dll system.xml.dll system.configuration.ni.dll system.configuration.dll kernel32.dll system.drawing.design.ni.dll sechost.dll ntdll.dll ntdll.dll wow64.dll wow64win.dll imm32.dll ws2_32.dll dwmapi.dll kernel32.dll user32.dll kernel32.dll kernelbase.dll advapi32.dll msvcrt.dll rsaenh.dll user32.dll sspicli.dll secur32.dll msvcr120_clr0400.dll wow64cpu.dll ole32.dll gdi32.dll user32.dll lpk.dll usp10.dll oleaut32.dll imm32.dll msctf.dll cryptsp.dll rsaenh.dll rpcrtremote.dll clr.dll sxs.dll mscoreei.dll shlwapi.dll mscorwks.dll wship6.dll shlwapi.dll sechost.dll ehividctl.ni.dll ehividctl.ni.dll,normal
 shcore.dll ole32.dll kernelbase.dll msvcrt.dll fastprox.dll ncobjapi.dll msctf.dll combase.dll ws2_32.dll sechost.dll rpcrt4.dll scrobj.dll advapi32.dll wmiutils.dll ole32.dll kernel.appcore.dll cryptbase.dll system.directoryservices.protocols.dll clbcatq.dll wbemprox.dll oleaut32.dll cryptsp.dll rsaenh.dll bcrypt.dll wbemsvc.dll wmiutils.dll cimwin32.dll powrprof.dll framedynos.dll sspicli.dll winnsi.dll uiautomationtypes.ni.dll slwga.dll dnsapi.dll winbrand.dll system.core.dll msisip.dll wdscore.dll crypt32.dll msasn1.dll msvcrt.dll netutils.dll srvcli.dll wkscli.dll samcli.dll logoncli.dll browcli.dll System.Data.dll dsrole.dll cscapi.dll,normal
 workfoldersshell.dll iertutil.dll devrtl.dll mssvp.dll mapi32.dll,normal
 ntdll.dll ntdll.dll wow64.dll winbrand.dll wow64cpu.dll kernel32.dll kernel32.dll user32.dll user32.dll kernel32.dll wintrust.dll msvcrt.dll winbrand.dll user32.dll advapi32.dll framedynos.dll usp10.dll advapi32.dll sechost.dll rpcrt4.dll sspicli.dll mscorlib.ni.dll imm32.dll msctf.dll apphelp.dll,normal
 ntdll.dll advapi32.dll KernelBase.dll System.Configuration.dll ole32.dll gdi32.dll user32.dll lpk.dll usp10.dll rpcrt4.dll imm32.dll msctf.dll cryptbase.dll ntdll.dll advapi32.dll sechost.dll oleaut32.dll authui.dll cryptui.dll crypt32.dll msvcrt.dll comctl32.dll shlwapi.dll uxtheme.dll GdiPlus.dll dui70.dll duser.dll SndVolSSO.dll advapi32.dll MMDevAPI.dll kernel32.dll setupapi.dll uxtheme.dll wevtapi.dll dwmapi.dll xmllite.dll WindowsCodecs.dll winbrand.dll RpcRtRemote.dll wtsapi32.dll winsta.dll VaultCredProvider.dll SmartcardCredentialProvider.dll System.ServiceModel.Internals.dll rasplap.dll rasapi32.dll rasman.dll System.dll user32.dll rtutils.dll oleacc.dll UIAutomationCore.dll psapi.dll imm32.dll rsaenh.dll shell32.dll msimg32.dll imecfm.dll version.dll WinSCard.dll imm32.dll winmm.dll ole32.dll netutils.dll shacct.dll samlib.dll imageres.dll profapi.dll shcore.dll wintrust.dll crypt32.dll ntdll.dll ntdll.dll kernel32.dll KernelBase.dll user32.dll gdi32.dll lpk.dll usp10.dll msvcrt.dll shlwapi.dll uiautomationtypes.dll shell32.dll cryptbase.dll rpcrt4.dll mpr.dll imm32.dll lpk.dll comctl32.dll advapi32.dll sechost.dll dxgi.dll ntdll.dll samcli.dll samlib.dll netutils.dll urlmon.dll wintrust.dll api-ms-win-eventing-classicprovider-l1-1-0.dll rsaenh.dll oleaut32.dll version.dll propsys.dll profapi.dll urlmon.dll wininet.dll iertutil.dll ntmarta.dll Wldap32.dll msctf.dll kernel32.dll sfc.dll sfc_os.dll crypt32.dll webio.dll msxml6.dll ole32.dll devobj.dll Microsoft.Powershell.Workflow.ServiceCore.dll sfc_os.dll,normal
 sfc.dll sfc_os.dll rsaenh.dll wer.dll framedynos.dll wercplsupport.dll msctf.dll cryptbase.dll searchfolder.dll networkexplorer.dll,normal
 ntdll.dll kernel32.dll kernelbase.dll msvcrt.dll msvcrt.dll sechost.dll rpcrt4.dll gdi32.dll user32.dll lpk.dll usp10.dll ole32.dll msimg32.dll wmsgapi.dll msctf.dll ntdll.dll userenv.dll advapi32.dll winsta.dll bcrypt.dll msasn1.dll msctfmonitor.dll gdi32.dll imm32.dll comctl32.dll duser.dll advapi32.dll sspicli.dll msctf.dll wow64.dll wintrust.dll cryptsp.dll rsaenh.dll msutb.dll imagehlp.dll wevtapi.dll version.dll ncrypt.dll gpapi.dll cryptnet.dll wldap32.dll sensapi.dll setupapi.dll cfgmgr32.dll dxtmsft.dll devobj.dll cabinet.dll winbrand.dll version.dll clbcatq.dll kernelbase.dll urlmon.dll wininet.dll clbcatq.dll ntdll.dll kernel32.dll kernelbase.dll gdi32.dll user32.dll lpk.dll usp10.dll msvcrt.dll imm32.dll ntdll.dll ole32.dll rpcrt4.dll oleaut32.dll cryptbase.dll clbcatq.dll sechost.dll sechost.dll ntdll.dll ntdll.dll kernelbase.dll gdi32.dll user32.dll sechost.dll usp10.dll msvcrt.dll imm32.dll msctf.dll clbcatq.dll apphelp.dll oleaut32.dll,normal
 ntdll.dll ntdll.dll wow64.dll lsasrv.dll wow64cpu.dll kernel32.dll kernel32.dll kernel32.dll user32.dll kernel32.dll clbcatq.dll msvcrt.dll system.xml.dll eappcfg.dll gdi32.dll lpk.dll usp10.dll iertutil.dll sechost.dll rpcrt4.dll comctl32.dll usp10.dll imm32.dll msctf.dll apphelp.dll,normal
 ntdll.dll msvcr120_clr0400.dll KernelBase.dll msctf.dll msvcrt.dll sechost.dll rpcrt4.dll gdi32.dll user32.dll dhcpcsvc.dll ntdsapi.dll ole32.dll msvcrt.dll shell32.dll dnsapi.dll comctl32.dll bcp47lang.dll crypt32.dll msasn1.dll shlwapi.dll secur32.dll sspicli.dll userenv.dll bcrypt.dll winhttp.dll ws2_32.dll sspicli.dll rsaenh.dll netutils.dll srvcli.dll wkscli.dll wow64cpu.dll msctf.dll cryptbase.dll msvcrt.dll setupapi.dll reachframework.dll System.Web.Routing.dll dbghelp.dll imm32.dll credssp.dll msswch.dll dwmapi.dll propsys.dll ntmarta.dll mstscax.dll psapi.dll kernel32.dll version.dll ieframe.dll normaliz.dll usp10.dll cfgmgr32.dll api-ms-win-downlevel-shell32-l1-1-0.dll wow64cpu.dll api-ms-win-downlevel-normaliz-l1-1-0.dllnormaliz.dll iertutil.dll setupapi.dll duser.dll dui70.dll kernelbase.dll profapi.dll tiptsf.dll aaclient.dll wow64.dll nsi.dll MMDevAPI.dll dwmcore.dll WindowsCodecs.dll imm32.dll d3d10_1core.dll dxgi.dll KernelBase.dll dxgi.dll dwmcore.dll WindowsCodecs.dll d3d10_1.dll d3d10_1core.dll dxgi.dll d3d11.dll user32.dll bcrypt.dll nlaapi.dll winnsi.dll tquery.dll msvcrt.dll winsta.dll msimg32.dll cryptsp.dll rsaenh.dll ntdll.dll msctfp.dll mswsock.dll wship6.dll dnsapi.dll kernel32.dll GdiPlus.dll xmllite.dll microsoft.managementconsole.ni.dll SmartcardCredentialProvider.dll BioCredProv.dll winbio.dll vaultcli.dll samcli.dll certCredProvider.dll usp10.dll imageres.dll ntdll.dll kernel32.dll kernel32.dll advapi32.dll msvcrt.dll sechost.dll clbcatq.dll user32.dll gdi32.dll lpk.dll sechost.dll ole32.dll oleaut32.dll tquery.dll shlwapi.dll shell32.dll imm32.dll msctf.dll presentationcore.dll msidle.dll clbcatq.dll cryptsp.dll rsaenh.dll RpcRtRemote.dll mssprxy.dll ieframe.dll api-ms-win-downlevel-advapi32-l1-1-0.dll api-ms-win-downlevel-shlwapi-l1-1-0.dll api-ms-win-downlevel-user32-l1-1-0.dll msctf.dll shell32.dll api-ms-win-downlevel-version-l1-1-0.dll wow64cpu.dll api-ms-win-downlevel-normaliz-l1-1-0.dllnormaliz.dll iertutil.dll comctl32.dll ieframe.dll api-ms-win-downlevel-ole32-l1-1-0.dll secur32.dll kernel32.dll user32.dll propsys.dll KernelBase.dll userenv.dll ntdll.dll api-ms-win-downlevel-advapi32-l2-1-0.dll ntdll.dll kernel32.dll KernelBase.dll advapi32.dll msvcrt.dll sechost.dll rpcrt4.dll msvcr120_clr0400.dll mscoree.dll ole32.dll gdi32.dll user32.dll lpk.dll usp10.dll oleaut32.dll imm32.dll msctf.dll wsmres.dll cryptsp.dll rsaenh.dll RpcRtRemote.dll clbcatq.dll sxs.dll mscoreei.dll mscorwks.dll rpcrt4.dll shlwapi.dll shell32.dll profapi.dll mscorlib.ni.dll mscorjit.dll mscorlib.dll mscorlib.dll version.dll mscorlib.dll mscorlib.dll System.ni.dll Microsoft.VisualC.ni.dll System.Xml.ni.dll System.Security.ni.dll System.Web.ni.dll System.Web.dll System.Web.dll System.Web.dll System.Web.dll System.Web.Services.ni.dll System.Drawing.ni.dll System.Windows.Forms.ni.dll mcstoredb.ni.dll mcstoredb.dll mcstoredb.dll mcstoredb.dll rasapi32.dll rasman.dll ws2_32.dll tokenbinding.dll mcstore.ni.dll Microsoft.MediaCenter.UI.ni.dll mcepg.ni.dll winnsi.dll System.Data.SqlXml.ni.dll System.Data.ni.dll System.Data.dll System.Data.dll System.Data.dll System.Data.dll System.Data.dll crypt32.dll cryptbase.dll System.DirectoryServices.ni.dll System.DirectoryServices.Protocols.ni.dll System.EnterpriseServices.ni.dll System.EnterpriseServices.dll System.EnterpriseServices.dll System.Design.ni.dll system.design.dll System.Web.RegularExpressions.ni.dll System.Transactions.ni.dll System.Transactions.dll lpk.dll System.Transactions.dll System.Transactions.dll win32u.dll System.Runtime.Remoting.ni.dll System.Runtime.Serialization.Formatters.Soap.ni.dll msvcrt.dll System.Data.OracleClient.ni.dll system.data.sqlxml.dll urlmon.dll System.Data.OracleClient.dll System.Data.OracleClient.dll user32.dll Accessibility.ni.dll System.Deployment.ni.dll System.Configuration.Install.ni.dll BDATunePIA.ni.dll BDATunePIA.dll sechost.dll mtxoci.dll ehiProxy.ni.dll ehiUserXp.ni.dll wow64win.dll kernel32.dll wow64.dll kernelbase.dll msvcrt.dll cfgmgr32.dll rpcrt4.dll usp10.dll mscoree.dll api-ms-win-core-kernel32-private-l1-1-1.dll gdi32.dll user32.dll gdi32.dll usp10.dll oleaut32.dll imm32.dll msctf.dll cryptbase.dll cryptsp.dll rsaenh.dll RpcRtRemote.dll clbcatq.dll sxs.dll mscoreei.dll mscorlib.ni.dll msvcr80.dll shell32.dll shell32.dll ole32.dll mscorlib.ni.dll mscorjit.dll mscorlib.dll mscorlib.dll version.dll nsi.dll mscorlib.dll System.ni.dll WindowsBase.ni.dll kernel32.dll PresentationFramework.ni.dll oleaut32.dll PresentationCore.dll PresentationCore.dll PresentationCore.dll System.Xml.ni.dll UIAutomationProvider.ni.dll System.Drawing.ni.dll System.Deployment.ni.dll PresentationUI.ni.dll System.Printing.ni.dll System.Printing.dll System.Printing.dll ntdll.dll System.Printing.dll ReachFramework.ni.dll UIAutomationTypes.ni.dll System.Data.ni.dll System.Data.dll System.Data.dll System.Data.dll System.Data.dll System.Data.dll ws2_32.dll kernelbase.dll secur32.dll msasn1.dll Accessibility.ni.dll System.Configuration.ni.dll System.Security.ni.dll Microsoft.VisualC.ni.dll PresentationCFFRasterizer.ni.dll ntdll.dll ntdll.dll wow64.dll vaultcli.dll wow64cpu.dll kernel32.dll kernel32.dll kernel32.dll user32.dll kernel32.dll KernelBase.dll advapi32.dll System.Runtime.Remoting.ni.dll mscorlib.ni.dll rpcrt4.dll sechost.dll npmproxy.dll msvcr120_clr0400.dll mscoree.dll ole32.dll gdi32.dll user32.dll ntdll.dll rpcrt4.dll oleaut32.dll system.web.services.ni.dll msctf.dll cryptsp.dll rsaenh.dll RpcRtRemote.dll clbcatq.dll PeerDistSh.dll mscoreei.dll clr.dll shlwapi.dll mscorlib.ni.dll clrjit.dll api-ms-win-core-privateprofile-l1-1-1.dll System.Core.ni.dll version.dll sspicli.dll ntdll.dll oleaut32.dll imm32.dll System.Core.dll System.Core.dll microsoft.visualstudio.tools.applications.runtime.v9.0.ni.dll Microsoft.Build.Framework.ni.dll System.Xml.ni.dll System.Xml.dll System.Xml.dll kernel32.dll wevtapi.dll System.Windows.Forms.ni.dll System.Windows.Forms.dll System.Windows.Forms.dll System.Drawing.dll System.Drawing.dll System.Security.ni.dll System.Security.dll System.Security.dll System.Xaml.ni.dll System.Xaml.dll wow64win.dll System.Configuration.ni.dll System.Configuration.dll System.Configuration.dll System.Numerics.ni.dll lpk.dll System.Numerics.dll bcp47lang.dll ntdll.dll wow64.dll wow64win.dll wow64cpu.dll kernel32.dll gdi32full.dll lpk.dll user32.dll kernel32.dll KernelBase.dll advapi32.dll msvcrt.dll sechost.dll rpcrt4.dll gdi32full.dll cryptbase.dll msvcr120_clr0400.dll mscoree.dll ole32.dll gdi32.dll cryptbase.dll lpk.dll usp10.dll kbdnec.dll imm32.dll msctf.dll oleaut32.dll rsaenh.dll RpcRtRemote.dll clbcatq.dll sspicli.dll mscorlib.dll clr.dll wpdshext.dll mscorlib.ni.dll clrjit.dll version.dll shell32.dll shlwapi.dll Microsoft.VisualStudio.Tools.Office.ContainerControl.dll mscorlib.dll system.xml.linq.dll System.Drawing.ni.dll System.Windows.Forms.ni.dll System.Windows.Forms.dll sspicli.dll System.dll System.dll System.Drawing.dll System.Drawing.dll System.Core.ni.dll System.Configuration.ni.dll System.Configuration.dll mscoreei.dll System.Core.dll System.Core.dll System.Xml.ni.dll System.Xml.dll slc.dll ntdll.dll ntdll.dll System.Numerics.ni.dll wow64win.dll wow64cpu.dll kernel32.dll kernel32.dll kernel32.dll user32.dll wow64win.dll PresentationFramework.dll advapi32.dll msvcrt.dll nsi.dll rpcrt4.dll sspicli.dll wow64win.dll msvcr120_clr0400.dll IDStore.dll ole32.dll msctf.dll user32.dll lpk.dll dhcpcsvc.dll oleaut32.dll imm32.dll msctf.dll cryptsp.dll ole32.dll RpcRtRemote.dll clbcatq.dll sxs.dll sechost.dll clr.dll shlwapi.dll System.DirectoryServices.ni.dll apphelp.dll pcasvc.dll System.Core.ni.dll System.Web.ni.dll System.Web.Extensions.ni.dll System.ComponentModel.DataAnnotations.ni.dll version.dll System.Web.DynamicData.ni.dll mscorlib.dll mscorlib.dll System.Web.DynamicData.dll System.Web.DynamicData.dll System.dll System.dll System.Web.Extensions.dll System.Web.Extensions.dll mscorwks.dll System.Web.dll System.Core.dll System.Core.dll System.ComponentModel.DataAnnotations.dll winhttp.dll System.Drawing.ni.dll advapi32.dll System.Drawing.dll System.Data.Linq.ni.dll shlwapi.dll presentationcore.ni.dll System.Web.Entity.ni.dll System.Web.Entity.dll System.Web.Entity.dll System.Data.Entity.ni.dll System.Data.Entity.dll System.Data.Entity.dll msvcrt.dll System.Data.dll System.Data.dll api-ms-win-downlevel-advapi32-l1-1-0.dll System.Xml.Linq.ni.dll System.Xml.Linq.dll System.Xml.Linq.dll profapi.dll System.Configuration.dll imm32.dll System.Xml.ni.dll advapi32.dll System.Xml.dll System.DirectoryServices.ni.dll System.DirectoryServices.dll setupapi.dll System.EnterpriseServices.ni.dll System.Web.RegularExpressions.ni.dll System.Design.ni.dll version.dll System.Web.ApplicationServices.dll System.Web.ApplicationServices.dll System.DirectoryServices.Protocols.ni.dll System.DirectoryServices.Protocols.dll System.DirectoryServices.Protocols.dll System.Security.ni.dll msctf.dll System.Security.dll System.Runtime.Caching.ni.dll System.Runtime.Caching.dll System.Runtime.Caching.dll msvcrt.dll System.Web.Services.ni.dll System.Web.Services.dll sechost.dll Microsoft.Build.Utilities.v4.0.ni.dll Microsoft.Build.Framework.ni.dll Microsoft.Build.Tasks.v4.0.ni.dll System.Windows.Forms.ni.dll System.Windows.Forms.dll ole32.dll System.Numerics.ni.dll System.Numerics.dll System.Numerics.dll msvcrt.dll System.Data.Services.Design.dll System.Data.Services.Design.dll usp10.dll kernel32.dll kernel32.dll System.Runtime.Serialization.ni.dll System.Runtime.Serialization.dll bcrypt.dll cryptnet.dll sechost.dll System.ServiceModel.Activation.dll kernel32.dll mscoree.dll usp10.dll,normal
 ntdll.dll lpk.dll kernel32.dll wow64win.dll wow64cpu.dll imapi2.dll kernel32.dll kernel32.dll user32.dll kernel32.dll kernelbase.dll msvcrt.dll winbrand.dll user32.dll gdi32.dll kernel32.dll sechost.dll advapi32.dll sechost.dll rpcrt4.dll sspicli.dll cryptbase.dll imm32.dll msctf.dll apphelp.dll,normal
 ntdll.dll kernelbase.dll advapi32.dll msvcrt.dll sechost.dll rpcrt4.dll gdi32.dll lpk.dll usp10.dll imageres.dll oleaut32.dll tquery.dll shlwapi.dll msshooks.dll kernel32.dll msctf.dll kernel32.dll msidle.dll rsaenh.dll clbcatq.dll user32.dll cryptsp.dll rsaenh.dll rpcrtremote.dll mssprxy.dll ieframe.dll api-ms-win-downlevel-advapi32-l1-1-0.dll oleaut32.dll api-ms-win-downlevel-user32-l1-1-0.dll ole32.dll shell32.dll api-ms-win-downlevel-version-l1-1-0.dll version.dll api-ms-win-downlevel-normaliz-l1-1-0.dll normaliz.dll apphelp.dll comctl32.dll api-ms-win-downlevel-shlwapi-l2-1-0.dll api-ms-win-downlevel-ole32-l1-1-0.dll propsys.dll wininet.dll userenv.dll imageres.dll ktmw32.dll secur32.dll mscorlib.dll mlang.dll ntdll.dll mscorlib.dll kernelbase.dll msvcrt.dll msvcrt.dll gdi32.dll user32.dll lpk.dll usp10.dll rpcrt4.dll imm32.dll msctf.dll cryptbase.dll msvcrt.dll advapi32.dll sechost.dll oleaut32.dll setupapi.dll drupdate.dll rpcrtremote.dll shacct.dll comctl32.dll shlwapi.dll userenv.dll profapi.dll idstore.dll ntdll.dll kernel32.dll ole32.dll vcruntime140.dll Wldap32.dll system.dll microsoft.powershell.security.dll api-ms-win-core-file-l2-1-0.dll api-ms-win-core-localization-l1-2-0.dll api-ms-win-core-synch-l1-2-0.dll api-ms-win-core-processthreads-l1-1-1.dll srclient.dll api-ms-win-crt-string-l1-1-0.dll api-ms-win-crt-heap-l1-1-0.dll api-ms-win-crt-stdio-l1-1-0.dll kernel32.dll msvcrt.dll msvcrt.dll sechost.dll rpcrt4.dll taskschd.dll api-ms-win-crt-locale-l1-1-0.dll api-ms-win-crt-math-l1-1-0.dll api-ms-win-crt-multibyte-l1-1-0.dll api-ms-win-crt-time-l1-1-0.dll api-ms-win-crt-filesystem-l1-1-0.dll api-ms-win-crt-environment-l1-1-0.dll api-ms-win-crt-utility-l1-1-0.dll gdi32.dll user32.dll lpk.dll oleaut32.dll gdiplus.dll ole32.dll imm32.dll msctf.dll dwrite.dll oleaut32.dll cryptbase.dll uxtheme.dll comctl32.dll shlwapi.dll mso20win32client.dll mso30win32client.dll mso40uiwin32client.dll msimg32.dll slc.dll system.servicemodel.dll mso99lwin32client.dll dwmapi.dll msi.dll shell32.dll wtsapi32.dll nsi.dll d2d1.dll version.dll msctf.dll cfgmgr32.dll devobj.dll dxgi.dll crypt32.dll crypt32.dll msasn1.dll vm3dum64.dll vm3dum64.dll msctf.dll netutils.dll srvcli.dll system.data.oracleclient.dll secur32.dll cryptsp.dll msimtf.dll setupapi.dll cfgmgr32.dll devobj.dll user32.dll vm3dum64.dll oleaut32.dll vm3dum64.dll mscoree.dll vm3dum64.dll mscoreei.dll sxs.dll msointl30.dll netapi32.dll d3d10_1.dll cryptbase.dll d3d11.dll cfgmgr32.dll System.Windows.Forms.dll vm3dum64_10.dll vm3dum64_10.dll winmm.dll vm3dum64_10.dll kernelbase.dll vm3dum64.dll mscorwks.dll mscorwks.dll profapi.dll combase.dll vm3dum64.dll setupapi.dll cryptbase.dll devobj.dll d3d10level9.dll cryptbase.dll d3d10level9.dll ntmarta.dll wldap32.dll urlmon.dll system.transactions.ni.dll api-ms-win-downlevel-version-l1-1-0.dll iertutil.dll userenv.dll api-ms-win-downlevel-ole32-l1-1-0.dll api-ms-win-crt-heap-l1-1-0.dll msimg32.dll api-ms-win-downlevel-normaliz-l1-1-0.dll normaliz.dll sechost.dll xmllite.dll system.identitymodel.selectors.ni.dll msswch.dll kernelbase.dll cryptsp.dll api-ms-win-core-processthreads-l1-1-1.dll gdi32.dll nsi.dll nlaapi.dll sfc.dll clbcatq.dll npmproxy.dll kernel32.dll mssprxy.dll webservices.dll setupapi.dll cfgmgr32.dll devobj.dll windowscodecs.dll umoutlookaddin.dll nsi.dll colleagueimport.dll netapi32.dll winnsi.dll mydocs.dll wkscli.dll onbttnol.dll duser.dll fusion.dll dui70.dll sxs.dll iertutil.dll winnsi.dll umoutlookaddin.dll mfc140u.dll mfc140jpn.dll ucaddin.dll vm3dum64.dll Microsoft.VisualStudio.Tools.Applications.AddInAdapter.v9.0.dll umoutlookstrings.dll avrt.dll mscoreei.dll avrt.dll apphelp.dll bcrypt.dll wship6.dll winhttp.dll lpk.dll webio.dll mswsock.dll psapi.dll user32.dll tiptsf.dll sxs.dll wsock32.dll dhcpcsvc6.dll credssp.dll msctf.dll security.dll schannel.dll rasadhlp.dll setupapi.dll ntdll.dll devobj.dll propsys.dll Microsoft.PowerShell.Editor.ni.dll mlang.dll bcryptprimitives.dll clr.dll bcrypt.dll msxml6.dll powrprof.dll wldap32.dll pcwum.dll wbemprox.dll kernel32.dll coreuicomponents.dll fastprox.dll ntdsapi.dll tquery.dll dnsapi.dll system.enterpriseservices.dll linkinfo.dll apphelp.dll vm3dum64_10.dll api-ms-win-downlevel-shell32-l1-1-0.dll searchfolder.dll ieframe.dll api-ms-win-downlevel-shell32-l1-1-0.dll lpk.dll davhlpr.dll networkexplorer.dll mpr.dll drprov.dll sxs.dll msspell7.dll mscss7en.dll nl7models0009.dll winhttp.dll webio.dll api-ms-win-downlevel-shlwapi-l2-1-0.dll oleaut32.dll pnrpnsp.dll winrnr.dll,normal
 ntdll.dll urlmon.dll urlmon.dll wow64win.dll wow64cpu.dll kernel32.dll kernel32.dll kernel32.dll user32.dll kernel32.dll KernelBase.dll msvcrt.dll oleaut32.dll ole32.dll gdi32.dll user32.dll advapi32.dll sechost.dll rpcrt4.dll advapi32.dll uiautomationtypes.ni.dll lpk.dll usp10.dll version.dll imm32.dll msctf.dll ntdll.dll clbcatq.dll vbscript.dll advapi32.dll wintrust.dll crypt32.dll sspicli.dll cryptsp.dll user32.dll msisip.dll wshext.dll windowsbase.dll shell32.dll shlwapi.dll bcrypt.dll EhStorShell.dll rsaenh.dll,normal
 clbcatq.dll ntdll.dll wow64.dll wow64win.dll wow64cpu.dll kernel32.dll kernel32.dll kernel32.dll user32.dll kernel32.dll KernelBase.dll advapi32.dll rsaenh.dll sechost.dll rpcrt4.dll sspicli.dll cryptbase.dll dnsapi.dll wevtapi.dll nsi.dll ole32.dll msctf.dll dhcpcsvc6.dll shell32.dll shlwapi.dll gdi32.dll user32.dll user32.dll usp10.dll ole32.dll shell32.dll gdi32.dll clbcatq.dll oleaut32.dll cryptsp.dll rsaenh.dll RpcRtRemote.dll wevtapi.dll setupapi.dll ntdll.dll msoobeui.dll wow64win.dll ntmarta.dll user32.dll kernel32.dll kernel32.dll sspicli.dll kernel32.dll KernelBase.dll advapi32.dll msvcrt.dll sechost.dll rpcrt4.dll sspicli.dll cryptbase.dll dnsapi.dll shlwapi.dll nsi.dll winnsi.dll dhcpcsvc.dll dhcpcsvc6.dll shell32.dll shlwapi.dll gdi32.dll user32.dll lpk.dll usp10.dll oleaut32.dll ntdll.dll cryptsp.dll clbcatq.dll oleaut32.dll usp10.dll sdiageng.dll RpcRtRemote.dll wrpint.dll ntdll.dll ntshrui.dll wow64.dll wow64win.dll wow64cpu.dll kernel32.dll imm32.dll kernel32.dll deviceassociation.dll kernel32.dll KernelBase.dll msvcrt.dll winbrand.dll user32.dll msctf.dll kernel32.dll usp10.dll advapi32.dll sechost.dll rpcrt4.dll advapi32.dll sechost.dll imm32.dll msctf.dll apphelp.dll,normal
 imm32.dll ntdll.dll wow64.dll wow64win.dll wow64cpu.dll kernel32.dll kernel32.dll wuapi.dll user32.dll kernel32.dll KernelBase.dll advapi32.dll api-ms-win-core-realtime-l1-1-0.dll sechost.dll rpcrt4.dll sechost.dll cryptbase.dll usp10.dll ws2_32.dll nsi.dll winnsi.dll dhcpcsvc.dll user32.dll shell32.dll shlwapi.dll msvcr80.dll user32.dll lpk.dll usp10.dll msvcrt.dll imm32.dll msctf.dll clbcatq.dll oleaut32.dll cryptsp.dll rsaenh.dll RpcRtRemote.dll shlwapi.dll ntdll.dll mscms.dll wow64.dll WmiPrvSD.dll wow64cpu.dll sspicli.dll sechost.dll kernel32.dll user32.dll kernel32.dll KernelBase.dll msvcrt.dll winbrand.dll user32.dll rpcrt4.dll System.Core.dll usp10.dll advapi32.dll sechost.dll rpcrt4.dll sspicli.dll cryptbase.dll imm32.dll rpcrt4.dll kernel32.dll,normal
 ntdll.dll kernel32.dll kernelbase.dll gdi32.dll user32.dll lpk.dll usp10.dll msvcrt.dll imm32.dll msctf.dll ole32.dll rpcrt4.dll msctf.dll cryptbase.dll sechost.dll advapi32.dll sechost.dll ntdll.dll ntdll.dll wow64.dll wow64win.dll mciavi32.dll kernel32.dll kernel32.dll ntdll.dll user32.dll kernel32.dll kernelbase.dll advapi32.dll lpk.dll imm32.dll mscorsvc.dll msvcr120_clr0400.dll cryptbase.dll msvcr120_clr0400.dll mscoree.dll ole32.dll gdi32.dll user32.dll oleaut32.dll wininet.dll oleaut32.dll imm32.dll msctf.dll cryptsp.dll rsaenh.dll ws2_32.dll edputil.dll sxs.dll mscoreei.dll mscorwks.dll msvcr80.dll shlwapi.dll samlib.dll profapi.dll mscorlib.ni.dll mscorjit.dll mscorlib.dll mscorlib.dll version.dll kernel32.dll sechost.dll crypt32.dll system.security.ni.dll ole32.dll system.data.entity.design.dll system.data.entity.design.dll system.data.entity.design.dll system.data.entity.design.dll system.dll system.dll system.dll system.dll system.core.dll system.xml.ni.dll system.core.dll system.core.dll system.web.ni.dll mfplat.dll system.web.dll system.web.dll system.web.dll system.data.entity.ni.dll system.data.entity.dll winnsi.dll system.data.entity.dll system.data.entity.dll system.data.ni.dll system.data.dll api-ms-win-crt-multibyte-l1-1-0.dll system.data.dll system.data.dll wtsapi32.dll ws2_32.dll nsi.dll sspicli.dll msasn1.dll ws2_32.dll system.xml.dll system.xml.dll System.Deployment.dll mssprxy.dll system.configuration.ni.dll system.configuration.dll vaultcli.dll system.configuration.dll system.configuration.dll system.drawing.ni.dll zipfldr.dll system.drawing.dll system.drawing.dll system.drawing.dll system.web.services.ni.dll system.web.services.dll shlwapi.dll system.web.services.dll system.web.services.dll dhcpcsvc6.dll system.directoryservices.dll system.directoryservices.dll system.directoryservices.dll system.directoryservices.dll shell32.dll system.directoryservices.protocols.dll system.directoryservices.protocols.dll system.directoryservices.protocols.dll system.directoryservices.protocols.dll crypt32.dll ntdll.dll system.enterpriseservices.dll system.design.ni.dll system.design.dll system.design.dll system.serviceprocess.ni.dll system.serviceprocess.dll VGAuth.dll kernelbase.dll system.windows.forms.dll system.windows.forms.dll fastprox.dll propsys.dll system.web.regularexpressions.ni.dll system.web.regularexpressions.dll system.web.regularexpressions.dll system.web.regularexpressions.dll system.web.regularexpressions.dll system.security.ni.dll system.security.dll iertutil.dll system.security.dll system.security.dll dnsapi.dll system.data.sqlxml.dll system.data.sqlxml.dll rpcrt4.dll system.data.sqlxml.dll microsoft.visualc.ni.dll dpx.dll riched20.dll system.transactions.dll system.transactions.dll system.transactions.dll system.transactions.dll Microsoft.PowerShell.Commands.Management.ni.dll system.runtime.remoting.dll api-ms-win-service-management-l2-1-0.dll system.runtime.serialization.formatters.soap.ni.dll system.runtime.serialization.formatters.soap.dll system.runtime.serialization.formatters.soap.dll system.drawing.design.ni.dll system.drawing.design.dll nsi.dll system.data.oracleclient.ni.dll system.data.oracleclient.dll system.data.oracleclient.dll nsi.dll system.data.oracleclient.dll system.data.oracleclient.dll accessibility.ni.dll accessibility.dll accessibility.dll accessibility.dll devicecenter.dll wow64win.dll system.deployment.dll system.deployment.dll system.deployment.dll system.deployment.dll system.configuration.install.ni.dll system.configuration.install.dll browcli.dll System.Web.Entity.dll system.runtime.serialization.dll system.runtime.serialization.dll system.runtime.serialization.dll kernel32.dll smdiagnostics.ni.dll rpcrtremote.dll smdiagnostics.dll smdiagnostics.dll smdiagnostics.dll,normal
 ntdll.dll System.Activities.dll kernel32.dll System.XML.dll kernelbase.dll msvcrt.dll msvcrt.dll oleaut32.dll shlwapi.dll wdscore.dll wintrust.dll shell32.dll combase.dll kernelbase.dll rpcrt4.dll user32.dll gdi32.dll advapi32.dll advapi32.dll crypt32.dll msasn1.dll msasn1.dll sechost.dll sechost.dll dbghelp.dll usp10.dll advapi32.dll user32.dll setupapi.dll chrome_child.dll nsi.dll nsi.dll winnsi.dll winnsi.dll mydocs.dll shcore.dll shcore.dll bcd.dll kernel.appcore.dll cryptbase.dll cryptbase.dll wbemcomn.dll bcryptprimitives.dll clbcatq.dll oleaut32.dll lpk.dll ws2_32.dll kernelbase.dll wbemcomn.dll wbemcomn.dll cryptsp.dll cryptsp.dll rsaenh.dll rsaenh.dll bcrypt.dll bcrypt.dll wbemsvc.dll api-ms-win-downlevel-version-l1-1-0.dll mscorwks.dll fastprox.dll msxml6.dll msxml6.dll,normal
 ntdll.dll kernel32.dll kernelbase.dll advapi32.dll msvcrt.dll npmproxy.dll rpcrt4.dll msvcr120_clr0400.dll msvcrt.dll ole32.dll gdi32.dll system.directoryservices.dll rsaenh.dll msasn1.dll lpk.dll imm32.dll msctf.dll RpcRtRemote.dll microsoft.powershell.psreadline.dll rsaenh.dll rpcrtremote.dll clbcatq.dll sxs.dll mscoreei.dll mscorwks.dll apphelp.dll shlwapi.dll shell32.dll profapi.dll RpcRtRemote.dll api-ms-win-crt-time-l1-1-0.dll mscorlib.dll mscorlib.dll version.dll mscorlib.dll mscorlib.dll presentationframework.aero.ni.dll system.ni.dll windowsbase.ni.dll presentationcore.ni.dll presentationframework.ni.dll Microsoft.VisualBasic.Compatibility.ni.dll presentationcore.dll presentationcore.dll presentationcore.dll,normal
 ntdll.dll ntdll.dll wow64.dll wow64win.dll wow64cpu.dll kernel32.dll kernel32.dll usp10.dll user32.dll rpcrt4.dll KernelBase.dll msvcrt.dll advapi32.dll sechost.dll cabinet.dll sspicli.dll api-ms-win-downlevel-advapi32-l1-1-0.dll cryptbase.dll version.dll user32.dll KernelBase.dll lpk.dll usp10.dll iertutil.dll imm32.dll msctf.dll shell32.dll msvcr120_clr0400.dll api-ms-win-downlevel-user32-l1-1-0.dll api-ms-win-downlevel-normaliz-l1-1-0.dllnormaliz.dll api-ms-win-downlevel-shlwapi-l1-1-0.dll shlwapi.dll usp10.dll ole32.dll oleaut32.dll fundisc.dll msctf.dll comdlg32.dll uxtheme.dll IEShims.dll api-ms-win-downlevel-ole32-l1-1-0.dll urlmon.dll wininet.dll profapi.dll imm32.dll secur32.dll api-ms-win-downlevel-advapi32-l2-1-0.dll system.servicemodel.ni.dll nsi.dll profapi.dll winhttp.dll cryptsp.dll UIAutomationTypes.dll webio.dll clbcatq.dll wship6.dll dwmapi.dll system.security.ni.dll RpcRtRemote.dll gdi32.dll advapi32.dll kernel32.dll mshtml.dll msctf.dll DWrite.dll wsock32.dll dxgi.dll setupapi.dll gdi32.dll devobj.dll ieui.dll LspWaoIe.dll CbsApi.dll bcrypt.dll advapi32.dll lpk.dll propsys.dll apphelp.dll advapi32.dll crypt32.dll msasn1.dll dhcpcsvc.dll wldap32.dll KernelBase.dll winmm.dll dbghelp.dll ole32.dll wininet.dll d3d10level9.dll wow64.dll msimg32.dll olepro32.dll ole32.dll LspWeb.dll LspWeb.dll LspWeb.dll LspWeb.dll rasadhlp.dll comctl32.dll wshqos.dll wshqos.dll wshqos.dll wshqos.dll credssp.dll imm32.dll Wldap32.dll SensApi.dll ncrypt.dll gpapi.dll sechost.dll p2pcollab.dll cryptnet.dll mshtml.dll nlaapi.dll netprofm.dll npmproxy.dll ieapfltr.dll msimtf.dll gpapi.dll System.Drawing.dll setupapi.dll cfgmgr32.dll cryptbase.dll vm3dum_10.dll winmm.dll dbghelp.dll vm3dum.dll d3d10level9.dll nsi.dll cfgmgr32.dll devobj.dll jscript9.dll setupapi.dll cfgmgr32.dll ole32.dll WindowsCodecs.dll d3d10warp.dll xmllite.dll msctf.dll SensApi.dll setupapi.dll cfgmgr32.dll devobj.dll powrprof.dll mscorlib.dll oleaut32.dll UIAnimation.dll WindowsCodecsExt.dll msxml6.dll mshtmler.dll powrprof.dll setupapi.dll cfgmgr32.dll devobj.dll,normal
 ntdll.dll ntdll.dll wow64.dll wow64win.dll wow64cpu.dll kernel32.dll kernel32.dll kernel32.dll user32.dll kernel32.dll kernelbase.dll advapi32.dll msvcrt.dll sechost.dll uiautomationprovider.dll imm32.dll cryptbase.dll dnsapi.dll ws2_32.dll lpk.dll winnsi.dll dhcpcsvc.dll rpcrt4.dll mscoreei.dll shlwapi.dll gdi32.dll powrprof.dll lpk.dll msasn1.dll ole32.dll imm32.dll msctf.dll clbcatq.dll oleaut32.dll cryptsp.dll sechost.dll rpcrtremote.dll wevtapi.dll ntdll.dll ntdll.dll wow64.dll wow64win.dll wow64cpu.dll kernel32.dll kernel32.dll kernel32.dll system.management.ni.dll system.security.dll cryptbase.dll msvcrt.dll ntdll.dll user32.dll gdi32.dll lpk.dll aeevts.dll advapi32.dll profsvc.dll rpcrt4.dll sspicli.dll cryptbase.dll rpcrt4.dll rpcrt4.dll apphelp.dll,normal
 ktmw32.dll cfgmgr32.dll vaultsvc.dll,normal
 ntdll.dll kernel32.dll KernelBase.dll msvcrt.dll fastprox.dll combase.dll nsi.dll rpcrt4.dll bcryptprimitives.dll ntdll.dll system.web.services.dll ws2_32.dll sechost.dll bcrypt.dll advapi32.dll user32.dll win32u.dll gdi32.dll system.numerics.ni.dll imageres.dll winmm.dll wldap32.dll oleaut32.dll msvcp_win.dll wbemsvc.dll wmiutils.dll ole32.dll crypt32.dll msasn1.dll wintrust.dll system.configuration.ni.dll userenv.dll shell32.dll secur32.dll wmitomi.dll mi.dll miutils.dll gpapi.dll ProtectionManagement.dll,normal
 ntdll.dll kernel32.dll system.web.datavisualization.ni.dll cryptbase.dll msvcrt.dll advapi32.dll rpcrt4.dll gdi32.dll user32.dll uiautomationtypes.ni.dll usp10.dll ole32.dll msimg32.dll wmsgapi.dll wtsapi32.dll winmm.dll userenv.dll profapi.dll winsta.dll crypt32.dll msasn1.dll ntmarta.dll msctf.dll imm32.dll msutb.dll wow64cpu.dll setupapi.dll secur32.dll sspicli.dll shell32.dll cryptbase.dll msctf.dll accessibility.ni.dll cryptsp.dll rsaenh.dll imagehlp.dll dmxmlhelputils.dll bcryptprimitives.dll ncrypt.dll gpapi.dll cryptnet.dll Wldap32.dll SensApi.dll mscoreei.dll kernel32.dll version.dll urlmon.dll api-ms-win-downlevel-ole32-l1-1-0.dll oleaut32.dll user32.dll api-ms-win-downlevel-user32-l1-1-0.dll api-ms-win-downlevel-version-l1-1-0.dll api-ms-win-downlevel-normaliz-l1-1-0.dllnormaliz.dll iertutil.dll wininet.dll,normal
 ntdll.dll ntdll.dll clipsvc.dll wow64win.dll wow64cpu.dll ntdll.dll kernel32.dll kernel32.dll user32.dll kernel32.dll kernelbase.dll advapi32.dll msvcrt.dll sechost.dll rpcrt4.dll sspicli.dll cryptbase.dll nlaapi.dll ws2_32.dll lpk.dll kernel32.dll dhcpcsvc.dll dhcpcsvc6.dll shell32.dll shlwapi.dll gdi32.dll user32.dll rsaenh.dll usp10.dll slc.dll imm32.dll msctf.dll kernel32.dll oleaut32.dll cryptsp.dll rsaenh.dll rpcrtremote.dll wevtapi.dll imm32.dll mscorwks.dll kernelbase.dll gdi32.dll user32.dll cryptbase.dll usp10.dll system.configuration.install.dll imm32.dll windowsbase.dll ole32.dll wintrust.dll oleaut32.dll cryptbase.dll clbcatq.dll advapi32.dll sechost.dll kernel32.dll ntdll.dll wow64.dll wow64win.dll wow64cpu.dll imm32.dll kernel32.dll kernel32.dll user32.dll kernel32.dll kernelbase.dll advapi32.dll msvcrt.dll wintrust.dll rpcrt4.dll sspicli.dll cryptbase.dll dnsapi.dll ws2_32.dll nsi.dll win32u.dll SensApi.dll dhcpcsvc6.dll shell32.dll shlwapi.dll gdi32.dll user32.dll lpk.dll userenv.dll shlwapi.dll imm32.dll msctf.dll clbcatq.dll oleaut32.dll msctf.dll apphelp.dll msvcr80.dll wevtapi.dll ntdll.dll sechost.dll kernelbase.dll advapi32.dll msvcrt.dll sechost.dll rpcrt4.dll ole32.dll gdi32.dll user32.dll lpk.dll usp10.dll imm32.dll msctf.dll wdscore.dll System.Configuration.ni.dll shell32.dll shlwapi.dll shell32.dll rsaenh.dll kernel.appcore.dll kernel32.dll oleaut32.dll msasn1.dll uiautomationtypes.dll userenv.dll cryptbase.dll ktmw32.dll dpx.dll dpx.dll dpx.dll wcp.dll drupdate.dll setupapi.dll cfgmgr32.dll devobj.dll mpr.dll wrpint.dll sxsstore.dll sqmapi.dll winhttp.dll webio.dll winhttp.dll webio.dll sensapi.dll ntdll.dll rsaenh.dll rpcrtremote.dll clbcatq.dll cbsapi.dll System.Data.SqlXml.dll smiengine.dll ntdll.dll system.xml.ni.dll kernelbase.dll gdi32.dll user32.dll cfgmgr32.dll usp10.dll KernelBase.dll imm32.dll msctf.dll kernel32.dll rpcrt4.dll oleaut32.dll cryptbase.dll clbcatq.dll advapi32.dll sechost.dll ole32.dll kernel32.dll wow64.dll wow64win.dll wow64cpu.dll kernel32.dll KernelBase.dll radardt.dll user32.dll combase.dll sxs.dll advapi32.dll api-ms-win-downlevel-version-l1-1-0.dll sechost.dll rpcrt4.dll sspicli.dll cryptbase.dll advapi32.dll gdi32.dll lpk.dll kernel32.dll shlwapi.dll shell32.dll ole32.dll oleaut32.dll crypt32.dll msasn1.dll imm32.dll mscoreei.dll iertutil.dll urlmon.dll comctl32.dll profapi.dll ws2_32.dll nsi.dll dnsapi.dll winnsi.dll SensApi.dll System.Web.dll rsaenh.dll rpcrtremote.dll mscoree.dll apphelp.dll sensapi.dll clrjit.dll msimg32.dll psapi.dll uxtheme.dll oleacc.dll KernelBase.dll version.dll propsys.dll setupapi.dll cfgmgr32.dll devobj.dll kernel32.dll nlaapi.dll nlaapi.dll wsock32.dll system.data.entity.ni.dll ole32.dll npmproxy.dll comctl32.dll msctf.dll kernel32.dll comdlg32.dll system.design.ni.dll ntmarta.dll wldap32.dll ieframe.dll rasapi32.dll rasman.dll msvcrt.dll rasadhlp.dll cryptbase.dll sxs.dll gdiplus.dll shell32.dll mswsock.dll Microsoft.VisualStudio.Tools.Applications.Adapter.v9.0.dll wship6.dll ieproxy.dll url.dll xmllite.dll lspwaoie.dll imagehlp.dll ntdll.dll duser.dll dui70.dll shell32.dll imecfm.dll msfeeds.dll mlang.dll normaliz.dll msxml3.dll shell32.dll secur32.dll,normal
 oleaut32.dll microsoft.build.engine.ni.dll kernel32.dll user32.dll ntdll.dll wow64.dll wow64win.dll ws2_32.dll kernelbase.dll wow64cpu.dll kernelbase.dll dbghelp.dll advapi32.dll sensapi.dll sechost.dll rpcrt4.dll sspicli.dll cryptbase.dll bcryptprimitives.dll msutb.dll user32.dll ole32.dll combase.dll oleaut32.dll shell32.dll windows.storage.dll shlwapi.dll kernel.appcore.dll shcore.dll wow64win.dll msvcr120_clr0400.dll ws2_32.dll nsi.dll system.configuration.ni.dll wininet.dll mfc42u.dll winmm.dll System.Xml.ni.dll cfgmgr32.dll devobj.dll npmproxy.dll oleaut32.dll rpcrt4.dll msctf.dll uxtheme.dll ole32.dll riched20.dll usp10.dll msls31.dll dwmapi.dll comctl32.dll clbcatq.dll version.dll gdi32.dll usp10.dll ntmarta.dll policymanager.dll xmllite.dll usp10.dll dui70.dll imecfm.dll wer.dll tiptsf.dll msado15.dll msdart.dll oledb32.dll bcrypt.dll comsvcs.dll gdi32.dll system.servicemodel.ni.dll imm32.dll msjint40.dll mswstr10.dll cryptsp.dll rsaenh.dll msadox.dll msadrh15.dll msjtes40.dll vbajet32.dll expsrv.dll imecfm.dll crypt32.dll msdadiag.dll msadce.dll msadcer.dll,caidao
 ntdll.dll kernel32.dll kernel32.dll advapi32.dll msvcrt.dll ntdll.dll rpcrt4.dll user32.dll msctf.dll imm32.dll lpk.dll ole32.dll oleaut32.dll tquery.dll tquery.dll shlwapi.dll msshooks.dll secur32.dll imm32.dll msctf.dll cryptbase.dll msidle.dll clbcatq.dll cryptsp.dll rsaenh.dll api-ms-win-downlevel-advapi32-l2-1-0.dll mssprxy.dll ieframe.dll shell32.dll oleacc.dll shell32.dll iertutil.dll kernel32.dll urlmon.dll wininet.dll wups.dll msasn1.dll ntmarta.dll wldap32.dll version.dll mlang.dll sspicli.dll profapi.dll,normal
 mmcss.dll avrt.dll qmgr.dll bitsperf.dll bitsigd.dll upnp.dll ssdpapi.dll qmgrprxy.dll System.Printing.dll schannel.dll mpr.dll hnetcfg.dll msctf.dll netcfgx.dll tcpipcfg.dll tcpipcfg.dll lltdres.dll lltdres.dll rascfg.dll uxtheme.dll rascfg.dll api-ms-win-core-localization-l1-2-1.dll tcpipcfg.dll sstpsvc.dll ndiscapcfg.dll mprapi.dll mprmsg.dll advapi32.dll mprmsg.dll system.data.sqlxml.ni.dll actxprxy.dll avrt.dll mscorlib.dll user32.dll ndiscapcfg.dll rascfg.dll diagperf.dll mprmsg.dll tcpipcfg.dll wshbth.dll user32.dll lltdres.dll lltdres.dll dmiso8601utils.dll mprmsg.dll wshbth.dll tschannel.dll imm32.dll wshbth.dll smiengine.dll wshbth.dll aelupsvc.dll avrt.dll mmcss.dll spoolss.dll mprmsg.dll dwmapi.dll avrt.dll mprmsg.dll wshbth.dll msctf.dll wshbth.dll mprmsg.dll wshbth.dll mprmsg.dll wshbth.dll system.design.dll wshbth.dll system.addin.contract.dll wshbth.dll mprmsg.dll wininet.dll mprmsg.dll wshbth.dll mprmsg.dll cryptsp.dll cryptsp.dll avrt.dll clr.dll comsvcs.dll avrt.dll winnsi.dll wshbth.dll mprmsg.dll wshbth.dll,normal
 ondemandconnroutehelper.dll ondemandconnroutehelper.dll ondemandconnroutehelper.dll wrpint.dll,normal
 ntdll.dll ntdll.dll wow64.dll scrrun.dll wow64cpu.dll kernel32.dll kernel32.dll kernel32.dll user32.dll System.Data.SqlXml.ni.dll KernelBase.dll oleaut32.dll ole32.dll System.Data.SqlXml.dll gdi32.dll user32.dll advapi32.dll sechost.dll rpcrt4.dll sspicli.dll api-ms-win-downlevel-normaliz-l1-1-0.dll lpk.dll usp10.dll version.dll comctl32.dll shlwapi.dll shell32.dll msimg32.dll ws2_32.dll nsi.dll mpr.dll imm32.dll msctf.dll olepro32.dll wsock32.dll clbcatq.dll apphelp.dll msasn1.dll ondemandconnroutehelper.dll srvcli.dll rsaenh.dll rasapi32.dll uxtheme.dll dpapi.dll dwmapi.dll usp10.dll cfgmgr32.dll devobj.dll propsys.dll profapi.dll user32.dll vcruntime140.dll api-ms-win-crt-runtime-l1-1-0.dll ucrtbase.dll api-ms-win-core-timezone-l1-1-0.dll api-ms-win-core-file-l2-1-0.dll imm32.dll cryptbase.dll rsaenh.dll api-ms-win-core-file-l1-2-0.dll api-ms-win-crt-string-l1-1-0.dll api-ms-win-crt-heap-l1-1-0.dll wow64cpu.dll api-ms-win-crt-convert-l1-1-0.dll sechost.dll api-ms-win-crt-locale-l1-1-0.dll api-ms-win-crt-math-l1-1-0.dll api-ms-win-crt-multibyte-l1-1-0.dll api-ms-win-crt-time-l1-1-0.dll api-ms-win-crt-filesystem-l1-1-0.dll api-ms-win-crt-environment-l1-1-0.dll api-ms-win-crt-utility-l1-1-0.dll msi.dll GrooveIntlResource.dll EhStorShell.dll EhStorShell.dll EhStorShell.dll EhStorShell.dll setupapi.dll shell32.dll ntshrui.dll ntshrui.dll apphelp.dll imageres.dll kernel32.dll imageres.dll imageres.dll imageres.dll comdlg32.dll imageres.dll rasapi32.dll KernelBase.dll wevtapi.dll imageres.dll imageres.dll wtsapi32.dll winsta.dll,normal
 ntdll.dll kernel32.dll clbcatq.dll msvcrt.dll oleaut32.dll system.xml.dll ucrtbase.dll combase.dll rpcrt4.dll bcryptprimitives.dll advapi32.dll sechost.dll windows.storage.dll api-ms-win-core-timezone-l1-1-0.dll tquery.dll gdi32.dll system.data.oracleclient.dll user32.dll win32u.dll lpk.dll cryptdll.dll mscand20.dll profapi.dll powrprof.dll fltlib.dll imm32.dll msidle.dll clbcatq.dll wow64.dll mssprxy.dll ntdll.dll authz.dll,normal
 ntdll.dll wlidprov.dll wow64.dll wow64win.dll devicecenter.dll kernel32.dll kernel32.dll kernel32.dll kernel32.dll mscoree.dll advapi32.dll msvcrt.dll sechost.dll System.Configuration.Install.ni.dll sspicli.dll cryptbase.dll oleaut32.dll ole32.dll wbemprox.dll system.data.sqlxml.dll lpk.dll usp10.dll credui.dll wevtapi.dll System.Xml.ni.dll system.core.dll comctl32.dll shlwapi.dll user32.dll,normal
 ExplorerFrame.dll msftedit.dll msimg32.dll sppcommdlg.dll BCP47Langs.dll cryptbase.dll linkinfo.dll ntshrui.dll cscapi.dll SearchFolder.dll UIAutomationCore.dll StructuredQuery.dll actxprxy.dll samlib.dll thumbcache.dll samcli.dll networkexplorer.dll System.AddIn.ni.dll ntlanman.dll winsta.dll wow64win.dll twinapi.appcore.dll,normal
 ntdll.dll wow64win.dll kernelbase.dll profapi.dll sechost.dll combase.dll ucrtbase.dll usp10.dll bcryptprimitives.dll gdi32.dll gdi32full.dll user32.dll win32u.dll imm32.dll oleaut32.dll msvcp_win.dll propsys.dll Microsoft.JScript.dll shcore.dll shell32.dll cfgmgr32.dll cryptbase.dll powrprof.dll advapi32.dll shlwapi.dll kernel.appcore.dll wship6.dll uxtheme.dll msctf.dll imageres.dll comctl32.dll clbcatq.dll ole32.dll oleacc.dll iertutil.dll version.dll ntmarta.dll rpcrt4.dll ncrypt.dll rpcrt4.dll bcrypt.dll ntasn1.dll policymanager.dll msvcp110_win.dll kernel32.dll imecfm.dll ntdll.dll,normal
 cryptnet.dll ntdll.dll wow64.dll wow64win.dll system.data.oracleclient.dll kernel32.dll kernel32.dll wdscore.dll user32.dll kernel32.dll kernelbase.dll advapi32.dll msvcrt.dll sechost.dll rpcrt4.dll sspicli.dll System.ServiceModel.ni.dll dnsapi.dll ws2_32.dll nsi.dll winnsi.dll dhcpcsvc.dll winmm.dll shell32.dll kernel32.dll shlwapi.dll wups.dll lpk.dll version.dll rpcrt4.dll imm32.dll msctf.dll clbcatq.dll oleaut32.dll kernel32.dll uxtheme.dll rpcrtremote.dll wevtapi.dll ntdll.dll pla.dll coremessaging.dll gdi32.dll user32.dll lpk.dll usp10.dll msvcrt.dll version.dll ntdll.dll ole32.dll rpcrt4.dll dui70.dll cryptbase.dll clbcatq.dll advapi32.dll sechost.dll ntdll.dll kernel32.dll system.servicemodel.dll mscorwks.dll user32.dll lpk.dll usp10.dll msvcrt.dll KernelBase.dll msctf.dll syncinfrastructure.dll rpcrt4.dll oleaut32.dll system.data.ni.dll clbcatq.dll advapi32.dll sechost.dll ntdll.dll ntdll.dll ntdll.dll wow64win.dll wow64cpu.dll kernel32.dll bcryptprimitives.dll kernel32.dll user32.dll kernel32.dll ntdll.dll msvcrt.dll winbrand.dll user32.dll gdi32.dll lpk.dll usp10.dll advapi32.dll sechost.dll urlmon.dll sspicli.dll imageres.dll imm32.dll msctf.dll apphelp.dll,normal
 ntdll.dll kernel32.dll sxssrv.dll msvcrt.dll oleaut32.dll msvcp_win.dll ucrtbase.dll rpcrtremote.dll wevtapi.dll bcryptprimitives.dll advapi32.dll sechost.dll tquery.dll version.dll system.dll sppc.dll win32u.dll gdi32.dll gdi32full.dll kernel.appcore.dll clbcatq.dll mssprxy.dll,normal
 ntdll.dll kernel32.dll wow64cpu.dll gdi32.dll user32.dll lpk.dll sechost.dll msvcrt.dll imm32.dll msctf.dll ole32.dll wldp.dll oleaut32.dll cryptbase.dll clbcatq.dll advapi32.dll rsaenh.dll ntdll.dll ntdll.dll wow64.dll wow64win.dll wow64cpu.dll kernel32.dll kernel32.dll kernel32.dll user32.dll dpx.dll kernelbase.dll ntdll.dll winbrand.dll user32.dll gdi32.dll ws2_32.dll usp10.dll advapi32.dll advapi32.dll rpcrt4.dll msimg32.dll cryptbase.dll wintrust.dll msctf.dll apphelp.dll,normal
 ntdll.dll kernelbase.dll kernelbase.dll advapi32.dll msvcrt.dll sechost.dll rpcrt4.dll user32.dll gdi32.dll sspicli.dll usp10.dll ole32.dll oleaut32.dll schannel.dll ole32.dll shlwapi.dll imagehlp.dll msctf.dll wow64win.dll msshooks.dll lpk.dll mscoreei.dll cryptbase.dll clbcatq.dll cryptsp.dll rsaenh.dll rpcrtremote.dll user32.dll sxs.dll,normal
 ntdll.dll kernel32.dll system.drawing.dll advapi32.dll msvcrt.dll oleaut32.dll sechost.dll rpcrt4.dll api-ms-win-core-timezone-l1-1-0.dll secur32.dll oleaut32.dll wintrust.dll sechost.dll combase.dll samcli.dll UIAutomationProvider.dll sspicli.dll msasn1.dll userenv.dll profapi.dll gpapi.dll version.dll cryptbase.dll version.dll cryptbase.dll bcryptprimitives.dll kernel32.dll clbcatq.dll netprofm.dll cryptsp.dll kernel32.dll bcrypt.dll npmproxy.dll wuapi.dll kernelbase.dll cabinet.dll gdi32.dll wups.dll wu.upgrade.ps.dll netprofm.dll npmproxy.dll wuapi.dll shlwapi.dll cabinet.dll version.dll wups.dll api-ms-win-crt-runtime-l1-1-0.dll comctl32.dll npmproxy.dll sspicli.dll psapi.dll cabinet.dll version.dll wups.dll kernel32.dll wkscli.dll nsi.dll System.Drawing.ni.dll winhttp.dll shlwapi.dll webio.dll mswsock.dll winnsi.dll dnsapi.dll rasadhlp.dll dhcpcsvc6.dll dhcpcsvc.dll,normal
 ntdll.dll ntdll.dll kernel32.dll kernelbase.dll kernelbase.dll msvcrt.dll msvcrt.dll oleaut32.dll System.Data.Entity.ni.dll wdscore.dll wintrust.dll shell32.dll expsrv.dll msasn1.dll rpcrt4.dll user32.dll microsoft.powershell.security.dll advapi32.dll advapi32.dll crypt32.dll msasn1.dll msasn1.dll sechost.dll sechost.dll dbghelp.dll usp10.dll user32.dll winbrand.dll sfc.dll version.dll msi.dll msi.dll version.dll sfc_os.dll sfc_os.dll shcore.dll winrnr.dll kernel.appcore.dll winbrand.dll cryptbase.dll cryptbase.dll bcryptprimitives.dll advapi32.dll system.transactions.dll setupapi.dll cfgmgr32.dll devrtl.dll cryptsp.dll mscoreei.dll clbcatq.dll rsaenh.dll bcrypt.dll bcrypt.dll,normal
 ntdll.dll ntdll.dll wow64.dll wow64win.dll wow64cpu.dll kernel32.dll kernel32.dll kernel32.dll user32.dll usp10.dll KernelBase.dll advapi32.dll msvcrt.dll sechost.dll rpcrt4.dll sspicli.dll cryptbase.dll shlwapi.dll ole32.dll clbcatq.dll user32.dll system.xml.dll usp10.dll wevtapi.dll imm32.dll msctf.dll comctl32.dll shlwapi.dll credui.dll ntdll.dll crypt32.dll KernelBase.dll advapi32.dll msvcrt.dll rpcrt4.dll rpcrt4.dll msvcr120_clr0400.dll mscoree.dll ole32.dll usp10.dll user32.dll lpk.dll PeerDistSh.dll oleaut32.dll imm32.dll msctf.dll clbcatq.dll imageres.dll usp10.dll RpcRtRemote.dll sechost.dll sxs.dll sechost.dll mscorwks.dll msvcr80.dll dhcpcsvc6.dll shell32.dll profapi.dll mscorlib.ni.dll mscorjit.dll mscorlib.dll mscorlib.dll version.dll mscorlib.dll mscorlib.dll PresentationFramework.Royale.ni.dll System.ni.dll WindowsBase.ni.dll PresentationCore.ni.dll PresentationFramework.ni.dll PresentationCore.dll PresentationCore.dll PresentationCore.dll PresentationCore.dll rsaenh.dll kernel32.dll KernelBase.dll msi.dll msvcrt.dll sechost.dll rpcrt4.dll advapi32.dll mscoree.dll ole32.dll gdi32.dll user32.dll lpk.dll dropboxext64.27.0.dll oleaut32.dll bcryptprimitives.dll msctf.dll cryptbase.dll nsi.dll user32.dll rsaenh.dll clbcatq.dll sechost.dll mscoreei.dll clr.dll shlwapi.dll mscorlib.ni.dll clrjit.dll kernel32.dll mscorlib.dll mscorlib.dll Microsoft.VisualC.ni.dll ntdll.dll setupapi.dll usp10.dll wow64win.dll wow64cpu.dll kernel32.dll kernel32.dll system.xml.ni.dll user32.dll kernel32.dll KernelBase.dll advapi32.dll msvcrt.dll usp10.dll api-ms-win-core-processtopology-obsolete-l1-1-0.dll sspicli.dll msvcrt.dll msvcr120_clr0400.dll mscoree.dll cryptbase.dll gdi32.dll user32.dll lpk.dll usp10.dll oleaut32.dll imm32.dll msctf.dll cryptsp.dll ucrtbase.dll RpcRtRemote.dll clbcatq.dll sxs.dll lpk.dll sechost.dll shlwapi.dll mscorlib.ni.dll clrjit.dll System.ni.dll lpk.dll devobj.dll mscorlib.dll System.dll System.dll System.ServiceProcess.ni.dll System.Management.ni.dll System.Core.ni.dll System.Configuration.ni.dll System.Configuration.dll imm32.dll System.Core.dll System.Core.dll System.Xml.ni.dll System.Xml.dll System.Xml.dll,normal
 ntdll.dll kernel32.dll kernelbase.dll version.dll combase.dll msvcrt.dll lpk.dll bcryptprimitives.dll oleaut32.dll msvcp_win.dll devobj.dll shcore.dll ntmarta.dll wer.dll advapi32.dll imm32.dll user32.dll win32u.dll cfgmgr32.dll gdi32full.dll usermgrcli.dll wtsapi32.dll winsta.dll kernel.appcore.dll rsaenh.dll netprofm.dll npmproxy.dll rpcrt4.dll dhcpcsvc6.dll netapi32.dll dsreg.dll cryptsp.dll msvcp110_win.dll crypt32.dll msctf.dll profapi.dll windows.security.authentication.onlineid.dll bcrypt.dll oleaut32.dll version.dll ole32.dll xmllite.dll winhttp.dll ws2_32.dll ondemandconnroutehelper.dll mswsock.dll winnsi.dll nsi.dll dhcpcsvc6.dll dhcpcsvc.dll webio.dll reachframework.dll dnsapi.dll rasadhlp.dll netprofm.dll npmproxy.dll netprofm.dll npmproxy.dll windows.security.authentication.onlineid.dll onecoreuapcommonproxystub.dll ondemandconnroutehelper.dll netprofm.dll npmproxy.dll netprofm.dll oleaut32.dll windows.security.authentication.onlineid.dll onecoreuapcommonproxystub.dll advapi32.dll netprofm.dll comctl32.dll netprofm.dll npmproxy.dll windows.security.authentication.onlineid.dll onecoreuapcommonproxystub.dll ondemandconnroutehelper.dll kernel32.dll sechost.dll netprofm.dll npmproxy.dll windows.security.authentication.onlineid.dll onecoreuapcommonproxystub.dll windows.shell.servicehostbuilder.dll advapi32.dll lpk.dll netprofm.dll npmproxy.dll windows.security.authentication.onlineid.dll onecoreuapcommonproxystub.dll ondemandconnroutehelper.dll netprofm.dll npmproxy.dll netprofm.dll npmproxy.dll kernel32.dll api-ms-win-security-lsapolicy-l1-1-0.dll flightsettings.dll ntdll.dll bcd.dll policymanager.dll flightsettings.dll cfgmgr32.dll bcd.dll kernelbase.dll rmclient.dll ole32.dll ondemandconnroutehelper.dll netprofm.dll npmproxy.dll cryptbase.dll npmproxy.dll oleacc.dll clbcatq.dll ondemandconnroutehelper.dll netprofm.dll secur32.dll netprofm.dll accessibility.ni.dll RpcRtRemote.dll onecoreuapcommonproxystub.dll ondemandconnroutehelper.dll netprofm.dll npmproxy.dll netprofm.dll user32.dll windows.security.authentication.onlineid.dll onecoreuapcommonproxystub.dll combase.dll netprofm.dll npmproxy.dll netprofm.dll msvcrt.dll System.Core.dll onecoreuapcommonproxystub.dll version.dll netprofm.dll npmproxy.dll netprofm.dll npmproxy.dll dwmapi.dll onecoreuapcommonproxystub.dll ondemandconnroutehelper.dll netprofm.dll system.core.ni.dll netprofm.dll npmproxy.dll lpk.dll System.Deployment.dll ondemandconnroutehelper.dll WindowsBase.ni.dll npmproxy.dll netprofm.dll npmproxy.dll apphelp.dll rpcrt4.dll ondemandconnroutehelper.dll System.Security.dll sxs.dll KernelBase.dll npmproxy.dll windows.security.authentication.onlineid.dll onecoreuapcommonproxystub.dll ondemandconnroutehelper.dll taskschd.dll,normal
 sfc.dll sfc_os.dll,normal
 ntdll.dll lpk.dll kernelbase.dll msvcrt.dll ole32.dll gdi32.dll user32.dll lpk.dll msasn1.dll d3d10warp.dll wintrust.dll msctf.dll cryptbase.dll clbcatq.dll advapi32.dll sechost.dll wshqos.dll cryptsp.dll rsaenh.dll rpcrtremote.dll shacct.dll comctl32.dll shlwapi.dll userenv.dll profapi.dll ntdll.dll kernel32.dll cryptbase.dll user32.dll gdi32.dll lpk.dll usp10.dll msvcrt.dll imagehlp.dll imm32.dll amsiproxy.dll dpx.dll tquery.dll shell32.dll shlwapi.dll ole32.dll dhcpcsvc6.dll cryptbase.dll policymanager.dll advapi32.dll sechost.dll oleaut32.dll comctl32.dll propsys.dll system.deployment.dll duser.dll dui70.dll xmllite.dll cryptsp.dll usp10.dll rpcrtremote.dll actxprxy.dll System.Security.dll explorerframe.dll twinapi.appcore.dll kernel32.dll wow64.dll gdi32.dll user32.dll lpk.dll usp10.dll msctf.dll imm32.dll msctf.dll msasn1.dll rpcrt4.dll oleaut32.dll ntdll.dll ntdll.dll wow64.dll wow64win.dll sxsstore.dll kernel32.dll kernel32.dll kernel32.dll user32.dll kernel32.dll kernelbase.dll msvcrt.dll winbrand.dll user32.dll gdi32.dll lpk.dll ole32.dll sechost.dll secur32.dll rpcrt4.dll sspicli.dll cryptbase.dll winnsi.dll msctf.dll apphelp.dll,normal
 ntdll.dll kernel32.dll kernelbase.dll msvcrt.dll combase.dll ucrtbase.dll msvcrt.dll bcryptprimitives.dll sechost.dll oleaut32.dll msvcp_win.dll powrprof.dll crypt32.dll usp10.dll ws2_32.dll winhttp.dll kernel.appcore.dll user32.dll System.Windows.Forms.ni.dll gdi32.dll uiautomationcore.dll msctf.dll api-ms-win-core-wow64-l1-1-0.dll clbcatq.dll wups2.dll p2pcollab.dll cfgmgr32.dll cryptsp.dll advapi32.dll KernelBase.dll msxml6.dll,normal
 dpx.dll kernel32.dll KernelBase.dll rpcrt4.dll logoncli.dll gdi32.dll imm32.dll lpk.dll diasymreader.dll rpcrt4.dll oleaut32.dll imm32.dll msctf.dll cryptbase.dll sechost.dll advapi32.dll sechost.dll kernel32.dll dimsjob.dll taskschd.dll sspicli.dll ntmarta.dll pautoenr.dll rpcrt4.dll cryptsp.dll rsaenh.dll RpcRtRemote.dll pautoenr.dll imm32.dll msvcrt.dll certcli.dll atl.dll crypt32.dll msasn1.dll CertEnroll.dll dsrole.dll ws2_32.dll secur32.dll logoncli.dll netutils.dll RpcRtRemote.dll mswsock.dll credssp.dll cryptdll.dll bcrypt.dll bcryptprimitives.dll kerberos.dll wship6.dll dnsapi.dll winnsi.dll ntdll.dll,normal
 ntdll.dll system.configuration.install.dll ntdll.dll gdi32.dll user32.dll lpk.dll secur32.dll msvcrt.dll imm32.dll msctf.dll ole32.dll rpcrt4.dll oleaut32.dll,normal
 samlib.dll ntdll.dll System.Security.ni.dll wow64win.dll wow64cpu.dll kernel32.dll kernel32.dll apphelp.dll user32.dll kernel32.dll kernelbase.dll advapi32.dll msvcrt.dll sechost.dll rpcrt4.dll sspicli.dll cryptbase.dll dnsapi.dll ws2_32.dll nsi.dll winnsi.dll dhcpcsvc.dll api-ms-win-crt-time-l1-1-0.dll shell32.dll rpcrt4.dll gpsvc.dll user32.dll lpk.dll usp10.dll ole32.dll imm32.dll wow64.dll clbcatq.dll oleaut32.dll cryptsp.dll kernel32.dll rpcrtremote.dll wevtapi.dll ntdll.dll ntdll.dll wow64.dll wow64win.dll wow64cpu.dll sxs.dll kernel32.dll mscorlib.dll user32.dll kernel32.dll kernelbase.dll advapi32.dll msvcrt.dll sechost.dll kernel32.dll sspicli.dll cryptbase.dll dnsapi.dll ws2_32.dll nsi.dll winnsi.dll dhcpcsvc.dll dhcpcsvc6.dll clbcatq.dll shlwapi.dll gdi32.dll user32.dll api-ms-win-crt-locale-l1-1-0.dll usp10.dll system.data.dll imm32.dll msvcp_win.dll clbcatq.dll oleaut32.dll cryptsp.dll rsaenh.dll tquery.dll wevtapi.dll ntdll.dll kernel32.dll user32.dll Microsoft.VisualStudio.Tools.Applications.Hosting.v9.0.dll user32.dll lpk.dll usp10.dll msvcrt.dll imm32.dll msctf.dll ole32.dll rsaenh.dll system.dll msspell7.dll mssprxy.dll secur32.dll sechost.dll ntdll.dll ntdll.dll wow64.dll wow64win.dll wow64cpu.dll kernel32.dll kernel32.dll msvcrt.dll user32.dll msvcr80.dll microsoft.windows.diagnosis.troubleshootingpack.dll msvcrt.dll gdi32.dll user32.dll oleaut32.dll lpk.dll usp10.dll advapi32.dll sechost.dll rpcrt4.dll sspicli.dll cryptbase.dll imm32.dll oleaut32.dll clbcatq.dll,normal
 ntdll.dll kernel32.dll kernelbase.dll gdi32.dll user32.dll lpk.dll usp10.dll bcrypt.dll shell32.dll msctf.dll ole32.dll rpcrt4.dll oleaut32.dll gdi32.dll clbcatq.dll wow64.dll sechost.dll,normal
 mscoree.dll mscoreei.dll clr.dll sspicli.dll msctf.dll npmproxy.dll kernel32.dll kernelbase.dll ntdll.dll advapi32.dll sechost.dll clbcatq.dll shlwapi.dll gdi32.dll user32.dll lpk.dll usp10.dll imm32.dll cryptbase.dll gdi32.dll cryptsp.dll System.Web.ni.dll,normal
 ntdll.dll auditcse.dll wow64.dll wow64win.dll system.dll kernel32.dll kernel32.dll kernel32.dll user32.dll kernel32.dll clbcatq.dll msvcrt.dll winbrand.dll user32.dll gdi32.dll lpk.dll usp10.dll advapi32.dll sechost.dll user32.dll rpcrt4.dll cryptbase.dll sensapi.dll msctf.dll apphelp.dll,normal
 setupapi.dll wmsgapi.dll kernel32.dll kernelbase.dll kernelbase.dll ucrtbase.dll ucrtbase.dll combase.dll rpcrt4.dll rpcrt4.dll bcryptprimitives.dll bcryptprimitives.dll netprofm.dll sechost.dll sechost.dll kernel.appcore.dll kernel.appcore.dll msvcrt.dll msvcrt.dll rmclient.dll msvcrt.dll system.xml.dll wpdshext.dll gdi32full.dll msvcp_win.dll msvcp_win.dll cryptbase.dll rpcrt4.dll imm32.dll clbcatq.dll twinapi.appcore.dll twinapi.appcore.dll shlwapi.dll shell32.dll cfgmgr32.dll shcore.dll shcore.dll windows.storage.dll windows.storage.dll System.DirectoryServices.Protocols.dll advapi32.dll profapi.dll filterlib.dll fltlib.dll rpcrt4.dll oleaut32.dll System.Runtime.DurableInstancing.dll bcrypt.dll cryptbase.dll nsi.dll lpk.dll system.configuration.ni.dll npmproxy.dll wintypes.dll wintypes.dll onecorecommonproxystub.dll onecorecommonproxystub.dll clrjit.dll familysafetyext.dll wpc.dll wpc.dll wlidprov.dll wlidprov.dll samcli.dll windows.networking.connectivity.dll windows.networking.connectivity.dll clbcatq.dll wlanapi.dll wwapi.dll mrmcorer.dll windows.networking.hostname.dll windows.networking.hostname.dll netprofm.dll davhlpr.dll version.dll setupapi.dll,normal
 ntdll.dll ntdll.dll wow64.dll wow64win.dll wow64cpu.dll wow64win.dll kernel32.dll kernel32.dll user32.dll kernel32.dll KernelBase.dll msvcrt.dll srvcli.dll ole32.dll gdi32.dll user32.dll advapi32.dll winmm.dll rpcrt4.dll sspicli.dll cryptbase.dll lpk.dll usp10.dll version.dll imm32.dll msctf.dll winnsi.dll System.Transactions.dll synceng.dll vbscript.dll ntdll.dll wintrust.dll msasn1.dll cryptsp.dll rsaenh.dll msisip.dll rpcrt4.dll shell32.dll shlwapi.dll api-ms-win-crt-runtime-l1-1-0.dll scrobj.dll usp10.dll scrrun.dll,normal
 ntdll.dll ntdll.dll wow64.dll wow64win.dll wow64cpu.dll shlwapi.dll kernel32.dll kernel32.dll mscorlib.dll kernel32.dll kernelbase.dll msvcrt.dll winbrand.dll user32.dll gdi32.dll clr.dll usp10.dll windowsbase.dll sechost.dll rpcrt4.dll lpk.dll cryptbase.dll version.dll user32.dll apphelp.dll,normal
 ntdll.dll kernel32.dll msvcrt.dll user32.dll gdi32.dll lpk.dll advapi32.dll msvcrt.dll ole32.dll rpcrt4.dll oleaut32.dll ktmw32.dll wevtapi.dll imm32.dll version.dll sechost.dll lpk.dll advapi32.dll cryptsp.dll rsaenh.dll shlwapi.dll rpcrtremote.dll clbcatq.dll tschannel.dll ole32.dll mapi32.dll apphelp.dll,normal
 ntdll.dll netapi32.dll clbcatq.dll presentationcore.dll gdi32full.dll msvcp_win.dll kernelbase.dll Microsoft.VisualStudio.Tools.Applications.Adapter.v9.0.ni.dll netprofm.dll msvcrt.dll combase.dll rpcrt4.dll api-ms-win-core-string-l2-1-0.dll crypt32.dll msasn1.dll msvcrt.dll sspicli.dll userenv.dll wrpint.dll comctl32.dll msctf.dll oleaut32.dll imm32.dll winsta.dll wmsgapi.dll amsi.dll setupapi.dll msimg32.dll cfgmgr32.dll shcore.dll windows.storage.dll advapi32.dll shlwapi.dll wow64win.dll powrprof.dll kernel32.dll wtsapi32.dll System.Drawing.Design.dll wintrust.dll cryptsp.dll rsaenh.dll uiautomationcore.dll kernel32.dll shell32.dll mscoree.dll gpapi.dll urlmon.dll iertutil.dll system.drawing.dll amsiproxy.dll dwmapi.dll advapi32.dll kbd101.dll inputswitch.dll bcp47langs.dll clipc.dll textinputframework.dll coreuicomponents.dll coremessaging.dll coremessaging.dll msvcrt.dll usermgrcli.dll wintypes.dll credui.dll wincredui.dll windows.ui.creddialogcontroller.dll windowsbase.ni.dll devobj.dll duser.dll windowscodecs.dll winmm.dll winmmbase.dll winmmbase.dll winmmbase.dll windows.ui.cred.dll wincorlib.dll lpk.dll windows.ui.dll KernelBase.dll advapi32.dll windows.ui.immersive.dll oleaut32.dll uianimation.dll d3d11.dll npmproxy.dll d3d10warp.dll resourcepolicyclient.dll user32.dll System.dll d2d1.dll profapi.dll windows.globalization.fontgroups.dll fontgroupsoverride.dll windows.internal.ui.logon.proxystub.dll directmanipulation.dll version.dll ncrypt.dll ntasn1.dll policymanager.dll msvcp110_win.dll imecfm.dll wer.dll dui70.dll ntmarta.dll audioses.dll avrt.dll windows.ui.xamlhost.dll lpk.dll uiautomationcore.dll onecorecommonproxystub.dll rdpendp.dll msacm32.dll fontglyphanimator.dll oleacc.dll cryptbase.dll ninput.dll,normal
 ntdll.dll kernel32.dll kernelbase.dll msvcrt.dll api-ms-win-core-console-l1-1-0.dll rpcrt4.dll shcore.dll imagehlp.dll advapi32.dll sechost.dll setupapi.dll mscorlib.dll oleaut32.dll wdi.dll user32.dll clbcatq.dll localsec.dll,normal
 dhcpcsvc.dll sechost.dll kernel32.dll user32.dllnormaliz.dll ntdll.dll wow64.dll devobj.dll wow64cpu.dll kernel32.dll pdhui.dll KernelBase.dll oleaut32.dll ole32.dll msvcrt.dll gdi32.dll user32.dll pla.dll winmm.dll rpcrt4.dll clbcatq.dll cryptbase.dll lpk.dll usp10.dll kernelbase.dll cryptbase.dll shell32.dll shlwapi.dll system.web.dll ws2_32.dll nsi.dll imm32.dll ntdll.dll apphelp.dll mpr.dll comctl32.dll olepro32.dll version.dll cfgmgr32.dll devobj.dll api-ms-win-downlevel-advapi32-l1-1-0.dll api-ms-win-downlevel-shlwapi-l1-1-0.dll api-ms-win-downlevel-user32-l1-1-0.dll api-ms-win-downlevel-version-l1-1-0.dll api-ms-win-downlevel-normaliz-l1-1-0.dll iertutil.dll AcGenral.dll uxtheme.dll wow64cpu.dll samcli.dll api-ms-win-crt-utility-l1-1-0.dll sfc.dll userenv.dll userenv.dll profapi.dll dwmapi.dll urlmon.dll api-ms-win-downlevel-ole32-l1-1-0.dll wininet.dll LspWeb.dll,normal
 ntdll.dll ntdll.dll ucrtbase.dll user32.dll wow64cpu.dll kernel32.dll kernel32.dll kernel32.dll user32.dll kernel32.dll ole32.dll msvcrt.dll winbrand.dll user32.dll cryptbase.dll lpk.dll usp10.dll advapi32.dll sechost.dll rpcrt4.dll msvcrt.dll ole32.dll imm32.dll dbghelp.dll apphelp.dll,normal
 KernelBase.dll shlwapi.dll kernel32.dll oleaut32.dll sechost.dll imm32.dll ole32.dll ws2_32.dll sechost.dll clbcatq.dll nsi.dll user32.dll setupapi.dll msvcrt.dll advapi32.dll oleaut32.dll setupapi.dll shell32.dll ole32.dll sxs.dll rpcrt4.dll ole32.dll cfgmgr32.dll KernelBase.dll crypt32.dll wintrust.dll netprofm.dll RpcRtRemote.dll system.security.ni.dll ntdll.dll sspicli.dll secur32.dll winhttp.dll cryptsp.dll rsaenh.dll netutils.dll dhcpcsvc.dll wkscli.dll wtsapi32.dll rasapi32.dll rasman.dll rtutils.dll MMDevAPI.dll propsys.dll comctl32.dll authui.dll cryptui.dll uxtheme.dll GdiPlus.dll dui70.dll usp10.dll winmm.dll SndVolSSO.dll hid.dll dwmapi.dll xmllite.dll user32.dll kernel32.dll VaultCredProvider.dll SmartcardCredentialProvider.dll BioCredProv.dll winbio.dll msvcrt.dll vaultcli.dll samcli.dll certCredProvider.dll rasplap.dll oleacc.dll UIAutomationCore.dll gdi32.dll WinSCard.dll version.dll imecfm.dll shacct.dll samlib.dll profapi.dll imageres.dll powrprof.dll powrprof.dll powrprof.dll rsaenh.dll sspicli.dll powrprof.dll,normal
 ntdll.dll pdh.dll kernelbase.dll sechost.dll rpcrt4.dll ucrtbase.dll shlwapi.dll ws2_32.dll vcruntime140.dll,HTran
 ntdll.dll ncrypt.dll kernelbase.dll advapi32.dll msvcrt.dll sechost.dll rpcrt4.dll ole32.dll gdi32.dll user32.dll lpk.dll system.runtime.serialization.formatters.soap.ni.dll imm32.dll msctf.dll wdscore.dll oleaut32.dll shell32.dll advapi32.dll dbghelp.dll cryptbase.dll cbscore.dll cfgmgr32.dll crypt32.dll msasn1.dll wintrust.dll userenv.dll profapi.dll ktmw32.dll dpx.dll dpx.dll dpx.dll wshqos.dll drupdate.dll setupapi.dll cfgmgr32.dll devobj.dll version.dll wrpint.dll sxsstore.dll microsoft.mediacenter.tv.tuners.interop.ni.dll winhttp.dll webio.dll winhttp.dll webio.dll sensapi.dll cryptsp.dll netprofm.dll rpcrtremote.dll clbcatq.dll cbsapi.dll smipi.dll kernel32.dll ntdll.dll wow64cpu.dll dnsapi.dll advapi32.dll SensApi.dll sechost.dll rpcrt4.dll sensapi.dll gdi32.dll user32.dll lpk.dll imm32.dll imm32.dll msctf.dll System.Configuration.Install.ni.dll oleaut32.dll lpk.dll shlwapi.dll dbghelp.dll cryptbase.dll sechost.dll version.dll crypt32.dll msasn1.dll wintrust.dll userenv.dll wow64win.dll ktmw32.dll dpx.dll dpx.dll dpx.dll wevtapi.dll api-ms-win-crt-locale-l1-1-0.dll setupapi.dll cfgmgr32.dll ntdll.dll mpr.dll wrpint.dll sxsstore.dll mscorsec.dll winhttp.dll wow64win.dll winhttp.dll shcore.dll sechost.dll cryptsp.dll rsaenh.dll rpcrtremote.dll clbcatq.dll cbsapi.dll imm32.dll smiengine.dll ntdll.dll kernel32.dll kernelbase.dll sechost.dll user32.dll RpcRtRemote.dll oleaut32.dll NapiNSP.dll System.Data.SqlXml.dll msctf.dll ole32.dll rpcrt4.dll oleaut32.dll shell32.dll clbcatq.dll mscoree.dll setupapi.dll ntdll.dll ntdll.dll wow64.dll wow64win.dll wow64cpu.dll kernel32.dll kernel32.dll kernel32.dll user32.dll kernel32.dll kernelbase.dll msvcrt.dll oleaut32.dll ole32.dll gdi32.dll user32.dll tcpmon.dll sechost.dll rpcrt4.dll sspicli.dll cryptbase.dll lpk.dll slc.dll version.dll imm32.dll msctf.dll sxs.dll clbcatq.dll vbscript.dll advapi32.dll wintrust.dll winmm.dll gpapi.dll cryptsp.dll rsaenh.dll msisip.dll wshext.dll comctl32.dll shell32.dll shlwapi.dll scrobj.dll msi.dll scrrun.dll ntdll.dll ntdll.dll clbcatq.dll wow64win.dll wow64cpu.dll System.Web.ni.dll kernel32.dll System.Drawing.ni.dll user32.dll kernel32.dll System.Runtime.Remoting.ni.dll wow64win.dll winbrand.dll user32.dll kernel32.dll lpk.dll devrtl.dll advapi32.dll system.runtime.serialization.ni.dll rpcrt4.dll sspicli.dll eappcfg.dll imm32.dll usp10.dll apphelp.dll,normal
 ntdll.dll shlwapi.dll netprofm.dll gdi32.dll user32.dll RpcRtRemote.dll conhostv2.dll msvcrt.dll imm32.dll msctf.dll ole32.dll rpcrt4.dll oleaut32.dll uxtheme.dll dwmapi.dll comctl32.dll shlwapi.dll advapi32.dll sechost.dll,normal
 ntdll.dll ntdll.dll System.ServiceModel.dll clbcatq.dll wow64cpu.dll kernel32.dll kernel32.dll netprofm.dll kernelbase.dll msvcrt.dll user32.dll gdi32.dll RpcRtRemote.dll winbrand.dll advapi32.dll sechost.dll system.data.dll sspicli.dll api-ms-win-core-fibers-l1-1-1.dll gdi32.dll msctf.dll kernel32.dll clbcatq.dll dnsapi.dll ws2_32.dll nsi.dll winnsi.dll dhcpcsvc.dll kernel32.dll shell32.dll shlwapi.dll ole32.dll clbcatq.dll oleaut32.dll cryptsp.dll rsaenh.dll rpcrtremote.dll wevtapi.dll ntdll.dll shlwapi.dll SensApi.dll mswsock.dll user32.dll gdi32.dll lpk.dll usp10.dll imm32.dll msctf.dll winbrand.dll apphelp.dll,normal
 sendmail.dll mydocs.dll wpdshext.dll,normal
 ntdll.dll ntdll.dll wow64.dll wow64win.dll wow64cpu.dll kernel32.dll kernel32.dll mscoreei.dll user32.dll kernel32.dll KernelBase.dll advapi32.dll msvcrt.dll sechost.dll rpcrt4.dll sspicli.dll kernelbase.dll dnsapi.dll ws2_32.dll kernel32.dll winnsi.dll dhcpcsvc.dll netdiagfx.dll winhttp.dll shlwapi.dll gdi32.dll msvcrt.dll lpk.dll usp10.dll lpk.dll fltlib.dll msctf.dll clbcatq.dll oleaut32.dll cryptsp.dll rsaenh.dll RpcRtRemote.dll wevtapi.dll ntdll.dll ntdll.dll wow64.dll wow64win.dll usp10.dll kernel32.dll kernel32.dll kernel32.dll user32.dll kernel32.dll ole32.dll system.drawing.dll winbrand.dll user32.dll gdi32.dll rsaenh.dll mscoreei.dll advapi32.dll sechost.dll rpcrt4.dll syncinfrastructure.dll SensApi.dll gdi32.dll msctf.dll apphelp.dll,normal
 dpapi.dll,normal
 SensApi.dll winhttp.dll bcrypt.dll msctf.dll cryptsp.dll credssp.dll mswsock.dll wship6.dll winnsi.dll ntdll.dll dhcpcsvc.dll cryptbase.dll dnsapi.dll rasadhlp.dll schannel.dll secur32.dll ncrypt.dll bcrypt.dll bcryptprimitives.dll gpapi.dll cryptsp.dll user32.dll ntmarta.dll msvcr120_clr0400.dll mscoree.dll mscoreei.dll version.dll api-ms-win-crt-string-l1-1-0.dll clr.dll taskschd.dll sensapi.dll user32.dll msctf.dll clbcatq.dll ws2_32.dll nsi.dll imageres.dll wups.dll kernel32.dll kernel32.dll KernelBase.dll KernelBase.dll msvcrt.dll msvcrt.dll shell32.dll advapi32.dll sechost.dll sechost.dll rpcrt4.dll user32.dll shell32.dll shlwapi.dll kbd106.dll gdi32.dll gdi32.dll user32.dll user32.dll lpk.dll ntdll.dll usp10.dll oleaut32.dll ole32.dll ole32.dll crypt32.dll oleaut32.dll wkscli.dll presentationframework.classic.dll Accessibility.ni.dll cfgmgr32.dll system.core.ni.dll system.data.oracleclient.dll userenv.dll Wldap32.dll kernel32.dll cryptbase.dll usp10.dll mscorsvc.dll ntdll.dll ntdll.dll wow64.dll wow64win.dll xmllite.dll kernel32.dll kernel32.dll kernel32.dll user32.dll kernel32.dll KernelBase.dll oleaut32.dll ole32.dll msvcrt.dll gdi32.dll user32.dll advapi32.dll windowsbase.ni.dll api-ms-win-core-kernel32-legacy-l1-1-0.dll sspicli.dll cryptbase.dll lpk.dll usp10.dll msimg32.dll version.dll mpr.dll comctl32.dll winnsi.dll shlwapi.dll mfc140u.dll ws2_32.dll nsi.dll gdi32.dll netutils.dll srvcli.dll wkscli.dll SMDiagnostics.dll msctf.dll logoncli.dll dwmapi.dll system.data.ni.dll comctl32.dll dnsapi.dll cryptsp.dll rsaenh.dll wtsapi32.dll kernelbase.dll setupapi.dll cfgmgr32.dll devobj.dll dwmapi.dll cfgmgr32.dll system.configuration.install.ni.dll clbcatq.dll setupapi.dll cfgmgr32.dll sensapi.dll propsys.dll wow64.dll Wldap32.dll system.dll winnsi.dll SensApi.dll SensApi.dll RpcRtRemote.dll sxs.dll nlaapi.dll apphelp.dll imm32.dll cfgmgr32.dll winrnr.dll comdlg32.dll comdlg32.dll wintrust.dll crypt32.dll sspicli.dll LspUtil.dll PortableDeviceApi.dll oleacc.dll ieframe.dll api-ms-win-downlevel-advapi32-l1-1-0.dll ntshrui.dll kernel32.dll System.Transactions.dll SensApi.dll mscoree.dll api-ms-win-downlevel-normaliz-l1-1-0.dllnormaliz.dll iertutil.dll rasadhlp.dll SensApi.dll SensApi.dll SensApi.dll SensApi.dll SensApi.dll msasn1.dll SensApi.dll kernel32.dll SensApi.dll SensApi.dll SensApi.dll SensApi.dll SensApi.dll msasn1.dll SensApi.dll fltlib.dll win32u.dll SensApi.dll SensApi.dll SensApi.dll SensApi.dll SensApi.dll SensApi.dll msdtcVSp1res.dll SensApi.dll winnsi.dll SensApi.dll SensApi.dll SensApi.dll mfc42u.dll SensApi.dll SensApi.dll SensApi.dll SensApi.dll SensApi.dll SensApi.dll SensApi.dll SensApi.dll SensApi.dll kernel32.dll SensApi.dll SensApi.dll SensApi.dll SensApi.dll SensApi.dll ucaddin.dll SensApi.dll system.runtime.remoting.ni.dll SensApi.dll SensApi.dll SensApi.dll msvcr120_clr0400.dll SensApi.dll SensApi.dll nsi.dll SensApi.dll SensApi.dll rpcrt4.dll SensApi.dll SensApi.dll clbcatq.dll SensApi.dll SensApi.dll SensApi.dll SensApi.dll SensApi.dll SensApi.dll System.Numerics.ni.dll SensApi.dll SensApi.dll cryptbase.dll SearchFolder.dll SensApi.dll crypt32.dll cryptbase.dll api-ms-win-downlevel-advapi32-l1-1-0.dll api-ms-win-downlevel-shlwapi-l1-1-0.dll api-ms-win-downlevel-user32-l1-1-0.dll api-ms-win-downlevel-shell32-l1-1-0.dll api-ms-win-downlevel-version-l1-1-0.dll api-ms-win-downlevel-normaliz-l1-1-0.dllnormaliz.dll iertutil.dll api-ms-win-downlevel-ole32-l1-1-0.dll wininet.dll ntdll.dll secur32.dll version.dll rsaenh.dll SensApi.dll linkinfo.dll wkscli.dll SensApi.dll advapi32.dll wbemdisp.dll wbemcomn.dll wbemprox.dll wbemcomn2.dll bcrypt.dll wmiutils.dll SensApi.dll wbemsvc.dll fastprox.dll ntdsapi.dll dnsapi.dll msctf.dll urlmon.dll ieproxy.dll SensApi.dll SensApi.dll SensApi.dll SensApi.dll SensApi.dll SensApi.dll SensApi.dll SensApi.dll rpcrt4.dll SensApi.dll SensApi.dll SensApi.dll SensApi.dll SensApi.dll SensApi.dll SensApi.dll SensApi.dll microsoft.visualstudio.tools.applications.runtime.dll SensApi.dll shacct.dll Microsoft.VisualStudio.Tools.Office.AddInAdapter.v9.0.ni.dll SensApi.dll SensApi.dll shsvcs.dll SensApi.dll SensApi.dll SensApi.dll SensApi.dll SensApi.dll SensApi.dll SensApi.dll SensApi.dll SensApi.dll SensApi.dll tmpod.dll SensApi.dll SensApi.dll SensApi.dll SensApi.dll SensApi.dll uiautomationtypes.dll ole32.dll user32.dll msctf.dll msctf.dll imecfm.dll taskschd.dll kernel32.dll KernelBase.dll advapi32.dll msvcrt.dll sechost.dll SMDiagnostics.dll user32.dll gdi32.dll kernelbase.dll usp10.dll ole32.dll oleaut32.dll shlwapi.dll xmllite.dll msctf.dll mscoree.dll sechost.dll sechost.dll advapi32.dll cryptsp.dll api-ms-win-core-synch-l1-2-0.dll igc64.dll msctfmonitor.dll shell32.dll onecorecommonproxystub.dll winbrand.dll msshooks.dll Query.dll,normal
 mscoree.dll powrprof.dll clr.dll msvcr120_clr0400.dll msctf.dll ntdll.dll ntdll.dll kernelbase.dll kernel32.dll advapi32.dll advapi32.dll rpcrt4.dll shlwapi.dll rpcrtremote.dll user32.dll lpk.dll microsoft.jscript.ni.dll imm32.dll cryptbase.dll fusion.dll cryptsp.dll rsaenh.dll,normal
 msctf.dll ntdll.dll kernel32.dll nlaapi.dll msvcrt.dll rpcrt4.dll gdi32.dll rasapi32.dll lpk.dll usp10.dll ole32.dll oleaut32.dll imm32.dll,normal
 ntdll.dll ntdll.dll kernel32.dll wow64win.dll wow64cpu.dll kernel32.dll kernel32.dll credui.dll user32.dll kernel32.dll kernelbase.dll msvcrt.dll winbrand.dll user32.dll mscorlib.dll lpk.dll usp10.dll user32.dll sechost.dll rpcrt4.dll sxs.dll system.deployment.ni.dll imm32.dll msctf.dll apphelp.dll,normal
 ntdll.dll System.Security.ni.dll wow64.dll wow64win.dll System.Core.ni.dll kernel32.dll system.deployment.ni.dll kernel32.dll user32.dll kernel32.dll msctf.dll msvcrt.dll kernel32.dll user32.dll gdi32.dll lpk.dll usp10.dll advapi32.dll sechost.dll rpcrt4.dll winsta.dll cryptbase.dll imm32.dll msctf.dll apphelp.dll,normal
 ntdll.dll ntdll.dll ole32.dll wow64win.dll wow64cpu.dll kernel32.dll kernel32.dll kernel32.dll user32.dll rsaenh.dll kernelbase.dll advapi32.dll msvcrt.dll kernel32.dll user32.dll gdi32.dll imm32.dll msctf.dll shcore.dll combase.dll system.configuration.ni.dll sspicli.dll cryptbase.dll sechost.dll bcryptprimitives.dll ieframe.dll shlwapi.dll ole32.dll oleaut32.dll shell32.dll comctl32.dll gdi32.dll advapi32.dll kernel.appcore.dll uxtheme.dll api-ms-win-downlevel-version-l1-1-0.dll urlmon.dll rpcrt4.dll msimg32.dll System.IdentityModel.dll secur32.dll ws2_32.dll nsi.dll ondemandconnroutehelper.dll cryptsp.dll rsaenh.dll bcrypt.dll winhttp.dll dpx.dll ieproxy.dll dwmapi.dll mswsock.dll winnsi.dll mshtml.dll d2d1.dll dhcpcsvc6.dll kernelbase.dll dhcpcsvc.dll kernel32.dll wtsapi32.dll mstscax.dll mlang.dll propsys.dll rasadhlp.dll actxprxy.dll cryptbase.dll kernel32.dll jscript9.dll ieapfltr.dll msimtf.dll d3d11.dll d3d10warp.dll msvcrt.dll dcomp.dll system.windows.forms.dll oleacc.dll ntmarta.dll KernelBase.dll imecfm.dll wer.dll sxs.dll,normal
 ntdll.dll system.runtime.serialization.ni.dll wow64.dll advapi32.dll wow64cpu.dll kernel32.dll rpcrtremote.dll user32.dll kernel32.dll userenv.dll kernelbase.dll msvcrt.dll winbrand.dll user32.dll gdi32.dll lpk.dll usp10.dll advapi32.dll sechost.dll oleaut32.dll sspicli.dll cryptbase.dll imm32.dll msctf.dll apphelp.dll,normal
 ntdll.dll kernel32.dll KernelBase.dll System.Security.dll System.Xaml.ni.dll gdi32.dll user32.dll lpk.dll usp10.dll winhttp.dll imm32.dll msctf.dll dhcpcsvc6.dll clbcatq.dll advapi32.dll api-ms-win-crt-stdio-l1-1-0.dll oleaut32.dll advapi32.dll rsaenh.dll RpcRtRemote.dll system.data.oracleclient.ni.dll shacct.dll comctl32.dll shlwapi.dll userenv.dll profapi.dll vm3dum64_10.dll,normal
 sensapi.dll kernel32.dll kernelbase.dll gdi32.dll msvcrt.dll sechost.dll windows.media.dll user32.dll gdi32.dll lpk.dll usp10.dll sppcommdlg.dll comctl32.dll shlwapi.dll mscorlib.dll msctf.dll ntdll.dll oleaut32.dll shell32.dll kernel32.dll slc.dll cryptbase.dll cryptbase.dll clbcatq.dll cryptsp.dll rsaenh.dll SMdiagnostics.dll System.Runtime.Serialization.Formatters.Soap.dll sppcext.dll cfgmgr32.dll msasn1.dll winscard.dll rasapi32.dll rasman.dll setupapi.dll cfgmgr32.dll msvcrt.dll tapi32.dll msvcrt.dll msi.dll slwga.dll wtsapi32.dll cryptui.dll webio.dll ws2_32.dll ucrtbase.dll sxs.dll,normal
 ntdll.dll usp10.dll sensapi.dll advapi32.dll msvcrt.dll sechost.dll rpcrt4.dll system.transactions.dll clbcatq.dll shlwapi.dll gdi32.dll user32.dll lpk.dll usp10.dll ole32.dll imm32.dll msctf.dll system.drawing.dll ws2_32.dll nsi.dll dhcpcsvc.dll system.xml.ni.dll,normal
 ntdll.dll kernel32.dll KernelBase.dll advapi32.dll msvcrt.dll sechost.dll msctf.dll gdi32.dll oleaut32.dll mscorlib.dll usp10.dll cryptbase.dll winmm.dll dwmapi.dll GdiPlus.dll scrobj.dll ncrypt.dll oleaut32.dll shlwapi.dll win32u.dll duser.dll uxtheme.dll imm32.dll msctf.dll,normal
 msvcrt.dll kernel32.dll msasn1.dll user32.dll winmm.dll shlwapi.dll gdi32.dll imm32.dll msctf.dll imagehlp.dll sensapi.dll ucrtbase.dll ntdll.dll ole32.dll oleaut32.dll wininet.dll cryptui.dll ieadvpack.dll iertutil.dll urlmon.dll mshtml.dll msimg32.dll version.dll crypt32.dll mlang.dll clr.dll rpcrt4.dll combase.dll shcore.dll setupapi.dll msasn1.dll cfgmgr32.dll user32.dll comctl32.dll cryptbase.dll kernelbase.dll kernel32.dll dwmapi.dll profapi.dll SensApi.dll propsys.dll secur32.dll sspicli.dll msvcrt.dll nsi.dll netapi32.dll winhttp.dll mswsock.dll winnsi.dll,normal
 wmsgapi.dll,normal
 imm32.dll ntdll.dll wow64.dll wow64win.dll wow64cpu.dll kernel32.dll kernel32.dll kernel32.dll user32.dll kernel32.dll KernelBase.dll imm32.dll cryptbase.dll structuredquery.dll gdi32.dll rpcrtremote.dll cryptbase.dll ntdll.dll ws2_32.dll nsi.dll winnsi.dll dhcpcsvc.dll dhcpcsvc6.dll shell32.dll shlwapi.dll gdi32.dll user32.dll lpk.dll usp10.dll ole32.dll imm32.dll msctf.dll pcwum.dll oleaut32.dll cryptsp.dll rsaenh.dll version.dll version.dll ntdll.dll ntdll.dll rsaenh.dll wow64win.dll wow64cpu.dll kernel32.dll kernel32.dll kernel32.dll user32.dll System.Transactions.dll KernelBase.dll advapi32.dll msvcrt.dll gdi32.dll rpcrt4.dll sspicli.dll cryptbase.dll dnsapi.dll ws2_32.dll nsi.dll UIAutomationProvider.ni.dll dhcpcsvc.dll dhcpcsvc6.dll shell32.dll shlwapi.dll ntdll.dll tcpipcfg.dll nss3.dll usp10.dll ole32.dll imm32.dll oleaut32.dll api-ms-win-core-comm-l1-1-0.dll oleaut32.dll ntdll.dll rsaenh.dll RpcRtRemote.dll wevtapi.dll samlib.dll sxs.dll KernelBase.dll clrjit.dll tmpod.dll cryptbase.dll rpcrt4.dll msvcr120_clr0400.dll mscoree.dll ole32.dll gdi32.dll spoolss.dll lpk.dll usp10.dll oleaut32.dll imm32.dll msctf.dll cryptbase.dll cryptsp.dll rsaenh.dll RpcRtRemote.dll clbcatq.dll imm32.dll sechost.dll msctf.dll mscorlib.dll mscorlib.ni.dll clrjit.dll System.ni.dll version.dll mscorlib.dll msvcrt.dll uxtheme.dll System.Drawing.ni.dll System.Windows.Forms.ni.dll System.Core.ni.dll System.Web.ni.dll System.Web.dll System.Web.dll System.Configuration.ni.dll nsi.dll ntdll.dll ntdll.dll wow64.dll imageres.dll cbsapi.dll kernel32.dll msctf.dll System.Web.dll user32.dll kernel32.dll KernelBase.dll advapi32.dll rpcrt4.dll sechost.dll rpcrt4.dll sspicli.dll cryptbase.dll msvcr120_clr0400.dll mscoree.dll ole32.dll gdi32.dll user32.dll lpk.dll usp10.dll oleaut32.dll imm32.dll msctf.dll cryptsp.dll rsaenh.dll RpcRtRemote.dll clbcatq.dll sxs.dll mscoreei.dll mscorwks.dll rpcrt4.dll shlwapi.dll shell32.dll profapi.dll mscorlib.ni.dll devicecenter.dll mscorlib.dll mscorlib.dll version.dll mscorlib.dll apphelp.dll sspicli.dll System.AddIn.ni.dll mscorsec.dll wintrust.dll crypt32.dll msasn1.dll comctl32.dll winsta.dll riched20.dll imagehlp.dll ncrypt.dll bcrypt.dll System.Data.OracleClient.dll userenv.dll ntdll.dll cryptnet.dll Wldap32.dll usp10.dll cryptbase.dll System.AddIn.dll System.AddIn.dll System.AddIn.dll System.dll System.dll system.data.sqlxml.ni.dll comctl32.dll System.dll System.dll clbcatq.dll Microsoft.VisualStudio.Tools.Office.AddInAdapter.v9.0.dll Microsoft.VisualStudio.Tools.Office.AddInAdapter.v9.0.dll clbcatq.dll Microsoft.Office.Tools.v9.0.dll advapi32.dll System.AddIn.Contract.ni.dll System.AddIn.Contract.dll wininet.dll System.AddIn.Contract.dll System.AddIn.Contract.dll System.Core.ni.dll sspicli.dll gdi32.dll Microsoft.VisualStudio.Tools.Applications.Adapter.v9.0.dll Microsoft.VisualStudio.Tools.Applications.Adapter.v9.0.dll Microsoft.VisualStudio.Tools.Applications.Adapter.v9.0.dll mfc42u.dll System.Core.dll System.Core.dll gdi32.dll Microsoft.VisualStudio.Tools.Applications.Runtime.v9.0.ni.dll Microsoft.VisualStudio.Tools.Applications.Runtime.v9.0.dll Microsoft.VisualStudio.Tools.Applications.Runtime.v9.0.dll Microsoft.VisualStudio.Tools.Applications.Runtime.v9.0.dll wevtapi.dll Microsoft.VisualStudio.Tools.Applications.AddInAdapter.v9.0.ni.dll Microsoft.VisualStudio.Tools.Applications.AddInAdapter.v9.0.dll Microsoft.VisualStudio.Tools.Applications.AddInAdapter.v9.0.dll Microsoft.VisualStudio.Tools.Applications.AddInAdapter.v9.0.dll Microsoft.VisualStudio.Tools.Applications.AddInAdapter.v9.0.dll Microsoft.VisualStudio.Tools.Office.Contract.v9.0.ni.dll KernelBase.dll Microsoft.VisualStudio.Tools.Office.Contract.v9.0.dll Microsoft.VisualStudio.Tools.Office.Word.AddInProxy.v9.0.dll Microsoft.VisualStudio.Tools.Office.Word.AddInProxy.v9.0.dll microsoft.jscript.dll System.Runtime.Remoting.ni.dll windows.storage.applicationdata.dll System.Runtime.Remoting.dll System.Configuration.ni.dll System.configuration.dll System.configuration.dll shell32.dll System.configuration.dll System.Xml.ni.dll System.XML.dll System.XML.dll System.XML.dll System.XML.dll,normal
 KernelBase.dll advapi32.dll msvcrt.dll sechost.dll rpcrt4.dll msvcr120_clr0400.dll ole32.dll ntdll.dll lpk.dll usp10.dll usp10.dll oleaut32.dll imm32.dll msctf.dll cryptbase.dll kernel32.dll cryptsp.dll rsaenh.dll RpcRtRemote.dll mscoree.dll wow64win.dll system.ni.dll sxs.dll mscorwks.dll System.Core.dll shlwapi.dll mscoreei.dll shell32.dll profapi.dll mscorlib.ni.dll mscorjit.dll mscorlib.dll imm32.dll version.dll winbrand.dll mscorlib.dll System.ni.dll ehRecObj.ni.dll ehiProxy.ni.dll mcepg.ni.dll System.Xml.ni.dll mcstore.ni.dll Microsoft.MediaCenter.UI.ni.dll BDATunePIA.ni.dll BDATunePIA.dll BDATunePIA.dll BDATunePIA.dll ehiVidCtl.ni.dll mcstoredb.ni.dll mcstoredb.dll mcstoredb.dll mcstoredb.dll rasapi32.dll rasman.dll ws2_32.dll nsi.dll Microsoft.VisualC.ni.dll System.Configuration.ni.dll System.Security.ni.dll System.Data.SqlXml.ni.dll shlwapi.dll imageres.dll System.Windows.Forms.ni.dll System.Web.ni.dll comctl32.dll System.Web.dll msvcrt.dll EhStorShell.dll System.EnterpriseServices.ni.dll KernelBase.dll System.EnterpriseServices.dll System.DirectoryServices.ni.dll System.Design.ni.dll bcryptprimitives.dll smiengine.dll System.Data.dll System.Data.dll kernel32.dll System.Data.dll crypt32.dll authui.dll System.DirectoryServices.Protocols.ni.dll System.ServiceProcess.ni.dll System.Web.RegularExpressions.ni.dll System.Transactions.ni.dll System.Transactions.dll System.Transactions.dll dhcpcsvc6.dll System.Transactions.dll System.Transactions.dll System.Runtime.Remoting.ni.dll System.Runtime.Serialization.Formatters.Soap.ni.dll System.Drawing.Design.ni.dll System.Data.OracleClient.ni.dll System.Data.OracleClient.dll System.Data.OracleClient.dll System.Data.OracleClient.dll System.Data.OracleClient.dll System.Data.OracleClient.dll Accessibility.ni.dll System.Deployment.ni.dll System.XML.dll ehiUserXp.ni.dll stdole.ni.dll combase.dll wintrust.dll comctl32.dll system.configuration.ni.dll imagehlp.dll mscorlib.dll bcrypt.dll imm32.dll mscorlib.ni.dll gpapi.dll cryptnet.dll Wldap32.dll SensApi.dll sspicli.dll mfc42u.dll nsi.dll advapi32.dll msvcrt.dll sechost.dll rpcrt4.dll oleaut32.dll shell32.dll System.Xml.dll gdi32.dll cfgmgr32.dll lpk.dll usp10.dll oleaut32.dll imm32.dll secur32.dll cryptbase.dll System.Web.RegularExpressions.ni.dll wow64cpu.dll RpcRtRemote.dll clbcatq.dll sxs.dll kernel32.dll msasn1.dll msvcr80.dll shlwapi.dll shell32.dll profapi.dll mscorlib.ni.dll mscorjit.dll mscorlib.dll mscorlib.dll version.dll gdi32.dll usp10.dll mscorsec.dll wintrust.dll crypt32.dll msasn1.dll usp10.dll advapi32.dll imagehlp.dll ole32.dll bcrypt.dll bcryptprimitives.dll gdiplus.dll gpapi.dll cryptnet.dll Wldap32.dll SensApi.dll System.ni.dll System.AddIn.ni.dll wshqos.dll System.ni.dll deviceaccess.dll wer.dll System.Data.dll System.Data.dll System.Data.dll System.Data.dll System.Data.dll ws2_32.dll nsi.dll WindowsBase.ni.dll Microsoft.VisualStudio.Tools.Applications.ServerDocument.v10.0.dll Microsoft.VisualStudio.Tools.Applications.ServerDocument.v10.0.dll thumbcache.dll uxtheme.dll Microsoft.VisualStudio.Tools.Applications.ServerDocument.v10.0.ni.dll ntdll.dll wkscli.dll KernelBase.dll advapi32.dll system.data.oracleclient.dll sechost.dll rpcrt4.dll msvcr120_clr0400.dll mscoree.dll msctf.dll gdi32.dll user32.dll sspicli.dll usp10.dll oleaut32.dll kernel32.dll msctf.dll rpcrt4.dll cryptsp.dll rsaenh.dll RpcRtRemote.dll clbcatq.dll mscss7en.dll mscoreei.dll clr.dll shlwapi.dll npmproxy.dll clrjit.dll version.dll mscorlib.dll secur32.dll normaliz.dll System.Core.ni.dll user32.dll,normal
 mscorwks.dll ntdll.dll wow64.dll wow64win.dll ole32.dll kernel32.dll npmproxy.dll kernel32.dll user32.dll kernel32.dll kernelbase.dll advapi32.dll msvcrt.dll sechost.dll urlmon.dll sspicli.dll cryptbase.dll shell32.dll ws2_32.dll nsi.dll winnsi.dll dhcpcsvc.dll dhcpcsvc6.dll ole32.dll sspicli.dll gdi32.dll user32.dll lpk.dll usp10.dll ole32.dll imm32.dll msctf.dll clbcatq.dll oleaut32.dll imm32.dll rsaenh.dll rpcrtremote.dll oleaut32.dll ntdll.dll kernel32.dll imageres.dll gdi32.dll ntmarta.dll lpk.dll usp10.dll imagehlp.dll imm32.dll webio.dll PresentationFramework.Classic.ni.dll rpcrt4.dll oleaut32.dll cryptbase.dll clbcatq.dll advapi32.dll sechost.dll ntdll.dll ntdll.dll wevtapi.dll msvcp_win.dll imageres.dll kernel32.dll sechost.dll kernel32.dll user32.dll kernel32.dll user32.dll msvcrt.dll winbrand.dll user32.dll gdi32.dll lpk.dll usp10.dll advapi32.dll api-ms-win-core-fibers-l1-1-1.dll rpcrt4.dll comdlg32.dll cryptbase.dll imm32.dll msctf.dll apphelp.dll,normal
 thumbcache.dll thumbcache.dll explorerframe.dll explorerframe.dll msftedit.dll windows.globalization.dll windows.globalization.dll imm32.dll bcp47langs.dll bcp47mrm.dll bcp47mrm.dll api-ms-win-downlevel-ole32-l1-1-0.dll globinputhost.dll tiptsf.dll tiptsf.dll linkinfo.dll windows.storage.search.dll windows.storage.search.dll windows.staterepositoryps.dll shlwapi.dll searchfolder.dll searchfolder.dll SyncInfrastructure.dll structuredquery.dll ntshrui.dll sspicli.dll mssvp.dll mssvp.dll cscapi.dll cscapi.dll mssprxy.dll kernel32.dll onecorecommonproxystub.dll onecorecommonproxystub.dll samcli.dll samlib.dll onecoreuapcommonproxystub.dll Microsoft.VisualStudio.Tools.Applications.Runtime.v9.0.ni.dll twinapi.dll twinapi.dll user32.dll dropboxext64.27.0.dll msi.dll cryptsp.dll photometadatahandler.dll photometadatahandler.dll grooveex.dll cryptbase.dll vcruntime140.dll ole32.dll msvcp140.dll setupapi.dll nsi.dll cscui.dll kernel32.dll kernelbase.dll grooveintlresource.dll bcrypt.dll grooveintlresource.dll grooveintlresource.dll coml2.dll wcnapi.dll crypt32.dll drprov.dll kernel32.dll wow64cpu.dll davclnt.dll davclnt.dll davhlpr.dll winmm.dll winmmbase.dll winmmbase.dll winmmbase.dll cldapi.dll cldapi.dll networkexplorer.dll zipfldr.dll sxs.dll msftedit.dll clrjit.dll kernel32.dll appresolver.dll slc.dll slc.dll sppc.dll sppc.dll,normal
 ntdll.dll gdi32.dll kernelbase.dll advapi32.dll msvcrt.dll sechost.dll clrjit.dll ole32.dll gdi32.dll user32.dll lpk.dll usp10.dll imm32.dll msctf.dll oleaut32.dll wdscore.dll lpk.dll sxs.dll shell32.dll rsaenh.dll cbscore.dll version.dll crypt32.dll user32.dll wintrust.dll userenv.dll profapi.dll ktmw32.dll dpx.dll dpx.dll dpx.dll wcp.dll System.ServiceModel.ni.dll winhttp.dll webio.dll winhttp.dll webio.dll rpcrt4.dll cryptsp.dll rpcrtremote.dll clbcatq.dll setupapi.dll cfgmgr32.dll devobj.dll mpr.dll bcrypt.dll ntdll.dll sqmapi.dll rsaenh.dll cbsapi.dll smipi.dll smiengine.dll,normal
 ntdll.dll clbcatq.dll kernelbase.dll msvcrt.dll combase.dll ucrtbase.dll rpcrt4.dll bcryptprimitives.dll oleaut32.dll msvcp_win.dll kernel.appcore.dll sechost.dll windows.ui.dll dismcoreps.dll dismprov.dll advapi32.dll osprovider.dll mscorlib.ni.dll api-ms-win-base-util-l1-1-0.dll api-ms-win-core-com-l1-1-0.dll usp10.dll api-ms-win-core-console-l1-1-0.dll api-ms-win-core-datetime-l1-1-0.dll msasn1.dll api-ms-win-core-stringansi-l1-1-0.dll api-ms-win-core-debug-l1-1-1.dll api-ms-win-core-delayload-l1-1-0.dll api-ms-win-core-errorhandling-l1-1-0.dll api-ms-win-core-errorhandling-l1-1-1.dll psapi.dll comctl32.dll api-ms-win-core-file-l1-1-0.dll api-ms-win-core-file-l1-2-0.dll api-ms-win-core-file-l1-2-1.dll api-ms-win-core-file-l2-1-0.dll api-ms-win-core-file-l2-1-1.dll api-ms-win-core-handle-l1-1-0.dll api-ms-win-core-heap-l1-1-0.dll api-ms-win-core-heap-obsolete-l1-1-0.dll api-ms-win-core-interlocked-l1-1-0.dll api-ms-win-core-io-l1-1-0.dll user32.dll api-ms-win-core-kernel32-legacy-l1-1-0.dll System.Data.dll api-ms-win-core-kernel32-private-l1-1-0.dll api-ms-win-core-kernel32-private-l1-1-1.dll api-ms-win-core-libraryloader-l1-1-0.dll api-ms-win-core-libraryloader-l1-1-1.dll api-ms-win-core-localization-l1-2-0.dll logprovider.dll api-ms-win-core-localization-l1-2-1.dll ntdll.dll api-ms-win-core-memory-l1-1-0.dll api-ms-win-core-memory-l1-1-1.dll wow64.dll api-ms-win-core-namedpipe-l1-1-0.dll api-ms-win-core-privateprofile-l1-1-0.dll api-ms-win-core-privateprofile-l1-1-1.dll api-ms-win-core-processenvironment-l1-1-0.dll api-ms-win-core-processenvironment-l1-2-0.dll ssshim.dll api-ms-win-base-util-l1-1-0.dll api-ms-win-core-com-l1-1-0.dll rpcrt4.dll api-ms-win-core-console-l1-1-0.dll api-ms-win-core-datetime-l1-1-0.dll ntdll.dll api-ms-win-core-debug-l1-1-0.dll api-ms-win-core-debug-l1-1-1.dll api-ms-win-core-delayload-l1-1-0.dll api-ms-win-core-errorhandling-l1-1-0.dll api-ms-win-core-errorhandling-l1-1-1.dll api-ms-win-core-fibers-l1-1-0.dll api-ms-win-core-fibers-l1-1-1.dll sechost.dll api-ms-win-core-file-l1-2-0.dll api-ms-win-core-file-l1-2-1.dll api-ms-win-core-file-l2-1-0.dll api-ms-win-core-file-l2-1-1.dll api-ms-win-core-handle-l1-1-0.dll api-ms-win-core-heap-l1-1-0.dll api-ms-win-core-heap-obsolete-l1-1-0.dll api-ms-win-core-interlocked-l1-1-0.dll api-ms-win-core-io-l1-1-0.dll wow64.dll api-ms-win-core-kernel32-legacy-l1-1-0.dll api-ms-win-core-kernel32-legacy-l1-1-1.dll api-ms-win-core-kernel32-private-l1-1-0.dll wintrust.dll api-ms-win-core-libraryloader-l1-1-0.dll lpk.dll api-ms-win-core-localization-l1-2-0.dll rsaenh.dll api-ms-win-core-localization-obsolete-l1-2-0.dll api-ms-win-core-memory-l1-1-0.dll api-ms-win-core-processthreads-l1-1-0.dll api-ms-win-core-memory-l1-1-1.dll api-ms-win-core-memory-l1-1-2.dll api-ms-win-core-namedpipe-l1-1-0.dll System.ServiceModel.Web.ni.dll api-ms-win-core-privateprofile-l1-1-1.dll api-ms-win-core-processenvironment-l1-1-0.dll api-ms-win-core-processenvironment-l1-2-0.dll api-ms-win-core-processthreads-l1-1-0.dll api-ms-win-core-processthreads-l1-1-1.dll api-ms-win-core-processthreads-l1-1-2.dll api-ms-win-core-processthreads-l1-1-2.dll api-ms-win-core-processtopology-obsolete-l1-1-0.dll api-ms-win-core-processtopology-obsolete-l1-1-0.dll api-ms-win-core-profile-l1-1-0.dll bcp47mrm.dll api-ms-win-core-realtime-l1-1-0.dll api-ms-win-core-realtime-l1-1-0.dll api-ms-win-core-registry-l1-1-0.dll rpcrt4.dll mscorlib.dll api-ms-win-core-registry-l2-1-0.dll api-ms-win-core-rtlsupport-l1-1-0.dll api-ms-win-core-rtlsupport-l1-1-0.dll api-ms-win-core-shlwapi-legacy-l1-1-0.dll setupapi.dll api-ms-win-core-shlwapi-obsolete-l1-1-0.dll api-ms-win-core-shlwapi-obsolete-l1-1-0.dll api-ms-win-core-shutdown-l1-1-0.dll api-ms-win-core-shutdown-l1-1-0.dll api-ms-win-core-string-l1-1-0.dll api-ms-win-core-string-l1-1-0.dll api-ms-win-core-string-l2-1-0.dll api-ms-win-core-string-l2-1-0.dll api-ms-win-core-string-obsolete-l1-1-0.dll api-ms-win-core-string-obsolete-l1-1-0.dll api-ms-win-core-stringansi-l1-1-0.dll api-ms-win-core-stringansi-l1-1-0.dll api-ms-win-core-stringloader-l1-1-1.dll api-ms-win-core-stringloader-l1-1-1.dll api-ms-win-core-synch-l1-1-0.dll advapi32.dll igd10iumd64.dll kernel32.dll api-ms-win-core-sysinfo-l1-1-0.dll System.Data.dll api-ms-win-core-sysinfo-l1-2-0.dll api-ms-win-core-sysinfo-l1-2-0.dll mscoree.dll amsi.dll api-ms-win-core-threadpool-l1-2-0.dll api-ms-win-core-threadpool-l1-2-0.dll api-ms-win-core-threadpool-legacy-l1-1-0.dll api-ms-win-core-threadpool-legacy-l1-1-0.dll api-ms-win-core-threadpool-private-l1-1-0.dll api-ms-win-core-threadpool-private-l1-1-0.dll api-ms-win-core-timezone-l1-1-0.dll api-ms-win-core-timezone-l1-1-0.dll api-ms-win-core-url-l1-1-0.dll ntdll.dll api-ms-win-core-util-l1-1-0.dll api-ms-win-core-util-l1-1-0.dll api-ms-win-core-version-l1-1-0.dll api-ms-win-core-version-l1-1-0.dll rpcrt4.dll api-ms-win-core-wow64-l1-1-0.dll api-ms-win-core-xstate-l1-1-0.dll api-ms-win-core-xstate-l1-1-0.dll api-ms-win-core-xstate-l2-1-0.dll mydocs.dll api-ms-win-devices-config-l1-1-0.dll api-ms-win-devices-config-l1-1-0.dll api-ms-win-devices-config-l1-1-1.dll ws2_32.dll usp10.dll api-ms-win-eventing-classicprovider-l1-1-0.dll api-ms-win-eventing-consumer-l1-1-0.dll api-ms-win-eventing-consumer-l1-1-0.dll api-ms-win-eventing-controller-l1-1-0.dll api-ms-win-eventing-controller-l1-1-0.dll wow64cpu.dll imm32.dll api-ms-win-eventing-provider-l1-1-0.dll api-ms-win-eventing-provider-l1-1-0.dll ntdll.dll api-ms-win-eventlog-legacy-l1-1-0.dll kernel32.dll api-ms-win-security-base-l1-1-0.dll api-ms-win-security-cryptoapi-l1-1-0.dll api-ms-win-security-cryptoapi-l1-1-0.dll wintrust.dll api-ms-win-security-lsalookup-l2-1-0.dll api-ms-win-security-lsalookup-l2-1-1.dll dhcpcsvc6.dll api-ms-win-security-lsapolicy-l1-1-0.dll api-ms-win-security-lsapolicy-l1-1-0.dll api-ms-win-security-provider-l1-1-0.dll api-ms-win-security-provider-l1-1-0.dll api-ms-win-security-sddl-l1-1-0.dll api-ms-win-security-sddl-l1-1-0.dll api-ms-win-service-core-l1-1-0.dll api-ms-win-service-core-l1-1-0.dll api-ms-win-service-core-l1-1-1.dll api-ms-win-service-core-l1-1-1.dll api-ms-win-service-management-l1-1-0.dll api-ms-win-service-management-l1-1-0.dll api-ms-win-service-management-l2-1-0.dll mscorlib.dll api-ms-win-service-private-l1-1-0.dll api-ms-win-service-private-l1-1-0.dll msctf.dll api-ms-win-service-private-l1-1-1.dll api-ms-win-service-winsvc-l1-1-0.dll api-ms-win-service-winsvc-l1-1-0.dll mscorwks.dll dbgcore.dll api-ms-win-core-processthreads-l1-1-1.dll ssshim.dll api-ms-win-base-util-l1-1-0.dll api-ms-win-core-com-l1-1-0.dll msctf.dll api-ms-win-core-console-l1-1-0.dll api-ms-win-core-datetime-l1-1-0.dll api-ms-win-core-datetime-l1-1-1.dll kernel32.dll api-ms-win-core-debug-l1-1-1.dll api-ms-win-core-delayload-l1-1-0.dll api-ms-win-core-errorhandling-l1-1-0.dll kernel32.dll api-ms-win-core-fibers-l1-1-0.dll api-ms-win-core-fibers-l1-1-1.dll kernel32.dll imagehlp.dll rpcrt4.dll msctf.dll api-ms-win-core-file-l2-1-1.dll system.dll api-ms-win-core-heap-l1-1-0.dll api-ms-win-core-heap-obsolete-l1-1-0.dll ws2_32.dll api-ms-win-core-io-l1-1-0.dll api-ms-win-core-io-l1-1-1.dll api-ms-win-core-kernel32-legacy-l1-1-0.dll api-ms-win-core-kernel32-legacy-l1-1-1.dll api-ms-win-core-kernel32-private-l1-1-0.dll api-ms-win-core-kernel32-private-l1-1-1.dll api-ms-win-core-libraryloader-l1-1-0.dll api-ms-win-core-libraryloader-l1-1-1.dll api-ms-win-core-localization-l1-2-0.dll api-ms-win-core-localization-l1-2-1.dll api-ms-win-core-localization-obsolete-l1-2-0.dll api-ms-win-core-memory-l1-1-0.dll system.core.ni.dll clbcatq.dll api-ms-win-core-namedpipe-l1-1-0.dll mmdevapi.dll api-ms-win-core-privateprofile-l1-1-1.dll api-ms-win-core-processenvironment-l1-1-0.dll api-ms-win-core-processenvironment-l1-2-0.dll api-ms-win-core-processthreads-l1-1-0.dll clbcatq.dll api-ms-win-core-processthreads-l1-1-2.dll api-ms-win-core-processtopology-obsolete-l1-1-0.dll api-ms-win-core-profile-l1-1-0.dll api-ms-win-core-realtime-l1-1-0.dll api-ms-win-core-registry-l1-1-0.dll api-ms-win-core-registry-l2-1-0.dll api-ms-win-core-rtlsupport-l1-1-0.dll api-ms-win-core-shlwapi-legacy-l1-1-0.dll api-ms-win-core-shlwapi-obsolete-l1-1-0.dll api-ms-win-core-shutdown-l1-1-0.dll api-ms-win-core-kernel32-legacy-l1-1-1.dll api-ms-win-core-string-l2-1-0.dll ntdll.dll api-ms-win-core-stringansi-l1-1-0.dll api-ms-win-core-stringloader-l1-1-1.dll api-ms-win-core-synch-l1-1-0.dll mscorlib.dll api-ms-win-core-sysinfo-l1-1-0.dll api-ms-win-core-sysinfo-l1-2-0.dll api-ms-win-core-sysinfo-l1-2-1.dll api-ms-win-core-threadpool-l1-2-0.dll api-ms-win-core-threadpool-legacy-l1-1-0.dll api-ms-win-core-threadpool-private-l1-1-0.dll api-ms-win-core-timezone-l1-1-0.dll wow64win.dll api-ms-win-core-util-l1-1-0.dll ntdll.dll api-ms-win-core-wow64-l1-1-0.dll api-ms-win-core-xstate-l1-1-0.dll api-ms-win-core-xstate-l2-1-0.dll user32.dll api-ms-win-devices-config-l1-1-1.dll api-ms-win-eventing-classicprovider-l1-1-0.dll ntdll.dll api-ms-win-eventing-controller-l1-1-0.dll user32.dll api-ms-win-eventing-provider-l1-1-0.dll msctf.dll api-ms-win-security-base-l1-1-0.dll api-ms-win-security-cryptoapi-l1-1-0.dll api-ms-win-security-lsalookup-l2-1-0.dll api-ms-win-security-lsalookup-l2-1-1.dll api-ms-win-security-lsapolicy-l1-1-0.dll api-ms-win-security-provider-l1-1-0.dll api-ms-win-security-sddl-l1-1-0.dll api-ms-win-service-core-l1-1-0.dll api-ms-win-service-core-l1-1-1.dll api-ms-win-service-management-l1-1-0.dll user32.dll kernel32.dll api-ms-win-service-private-l1-1-1.dll api-ms-win-downlevel-version-l1-1-0.dll ssshim.dll api-ms-win-base-util-l1-1-0.dll api-ms-win-core-com-l1-1-0.dll System.Configuration.dll cbsprovider.dll api-ms-win-core-console-l1-1-0.dll api-ms-win-core-datetime-l1-1-0.dll usp10.dll devobj.dll api-ms-win-core-debug-l1-1-1.dll api-ms-win-core-delayload-l1-1-0.dll api-ms-win-core-errorhandling-l1-1-0.dll advapi32.dll kernel32.dll api-ms-win-core-fibers-l1-1-1.dll api-ms-win-core-file-l1-1-0.dll api-ms-win-core-file-l1-2-0.dll secur32.dll api-ms-win-core-file-l2-1-0.dll api-ms-win-core-file-l2-1-1.dll api-ms-win-core-handle-l1-1-0.dll api-ms-win-core-heap-l1-1-0.dll api-ms-win-core-heap-obsolete-l1-1-0.dll sechost.dll api-ms-win-core-io-l1-1-0.dll api-ms-win-core-io-l1-1-1.dll sechost.dll api-ms-win-core-kernel32-legacy-l1-1-1.dll api-ms-win-core-kernel32-private-l1-1-0.dll api-ms-win-core-kernel32-private-l1-1-1.dll msvcp_win.dll dwmapi.dll wrpint.dll kernel32.dll dbghelp.dll api-ms-win-core-memory-l1-1-0.dll api-ms-win-core-memory-l1-1-1.dll api-ms-win-core-memory-l1-1-2.dll api-ms-win-core-namedpipe-l1-1-0.dll shell32.dll api-ms-win-core-privateprofile-l1-1-1.dll api-ms-win-core-processenvironment-l1-1-0.dll api-ms-win-core-processenvironment-l1-2-0.dll gdi32full.dll api-ms-win-core-processthreads-l1-1-1.dll api-ms-win-core-processthreads-l1-1-2.dll sechost.dll api-ms-win-core-profile-l1-1-0.dll api-ms-win-core-realtime-l1-1-0.dll api-ms-win-crt-environment-l1-1-0.dll api-ms-win-core-registry-l2-1-0.dll api-ms-win-core-rtlsupport-l1-1-0.dll api-ms-win-core-shlwapi-legacy-l1-1-0.dll api-ms-win-core-shlwapi-obsolete-l1-1-0.dll api-ms-win-core-shutdown-l1-1-0.dll api-ms-win-core-string-l1-1-0.dll api-ms-win-core-string-l2-1-0.dll api-ms-win-core-string-obsolete-l1-1-0.dll api-ms-win-core-stringansi-l1-1-0.dll api-ms-win-core-stringloader-l1-1-1.dll user32.dll api-ms-win-core-synch-l1-2-0.dll msvcrt.dll api-ms-win-core-sysinfo-l1-2-0.dll api-ms-win-core-sysinfo-l1-2-1.dll api-ms-win-core-threadpool-l1-2-0.dll api-ms-win-downlevel-ole32-l1-1-0.dll api-ms-win-core-threadpool-private-l1-1-0.dll api-ms-win-core-timezone-l1-1-0.dll api-ms-win-core-url-l1-1-0.dll api-ms-win-core-util-l1-1-0.dll ntdll.dll api-ms-win-core-wow64-l1-1-0.dll api-ms-win-core-xstate-l1-1-0.dll api-ms-win-core-xstate-l2-1-0.dll api-ms-win-devices-config-l1-1-0.dll RpcRtRemote.dll api-ms-win-eventing-classicprovider-l1-1-0.dll api-ms-win-core-file-l1-1-0.dll api-ms-win-eventing-controller-l1-1-0.dll api-ms-win-eventing-legacy-l1-1-0.dll api-ms-win-eventing-provider-l1-1-0.dll api-ms-win-downlevel-advapi32-l2-1-0.dll wow64cpu.dll profext.dll api-ms-win-security-lsalookup-l2-1-0.dll api-ms-win-security-lsalookup-l2-1-1.dll api-ms-win-security-lsapolicy-l1-1-0.dll api-ms-win-security-provider-l1-1-0.dll api-ms-win-security-sddl-l1-1-0.dll ole32.dll lpk.dll system.runtime.serialization.ni.dll api-ms-win-service-management-l2-1-0.dll api-ms-win-service-private-l1-1-0.dll api-ms-win-service-private-l1-1-1.dll user32.dll ssshim.dll api-ms-win-base-util-l1-1-0.dll cryptsp.dll api-ms-win-core-comm-l1-1-0.dll api-ms-win-core-console-l1-1-0.dll api-ms-win-core-datetime-l1-1-0.dll KernelBase.dll api-ms-win-downlevel-version-l1-1-0.dll api-ms-win-core-debug-l1-1-1.dll api-ms-win-core-delayload-l1-1-0.dll api-ms-win-core-errorhandling-l1-1-0.dll api-ms-win-core-errorhandling-l1-1-1.dll wow64win.dll api-ms-win-core-fibers-l1-1-1.dll system.data.linq.dll api-ms-win-core-file-l1-2-0.dll api-ms-win-core-file-l1-2-1.dll api-ms-win-core-file-l2-1-0.dll api-ms-win-core-file-l2-1-1.dll api-ms-win-core-handle-l1-1-0.dll api-ms-win-core-heap-l1-1-0.dll api-ms-win-core-heap-obsolete-l1-1-0.dll api-ms-win-core-interlocked-l1-1-0.dll api-ms-win-core-io-l1-1-0.dll PresentationFramework.Luna.dll api-ms-win-core-kernel32-legacy-l1-1-0.dll api-ms-win-core-kernel32-legacy-l1-1-1.dll api-ms-win-core-kernel32-private-l1-1-0.dll sensapi.dll api-ms-win-core-libraryloader-l1-1-0.dll rsaenh.dll api-ms-win-core-localization-l1-2-0.dll api-ms-win-core-localization-l1-2-1.dll api-ms-win-core-localization-obsolete-l1-2-0.dll api-ms-win-core-memory-l1-1-0.dll oledb32.dll api-ms-win-core-memory-l1-1-2.dll api-ms-win-core-namedpipe-l1-1-0.dll windowsbase.dll api-ms-win-core-privateprofile-l1-1-1.dll api-ms-win-core-processenvironment-l1-1-0.dll api-ms-win-core-processenvironment-l1-2-0.dll api-ms-win-core-processthreads-l1-1-0.dll api-ms-win-core-processthreads-l1-1-1.dll api-ms-win-core-processthreads-l1-1-2.dll api-ms-win-core-processtopology-obsolete-l1-1-0.dll api-ms-win-core-profile-l1-1-0.dll api-ms-win-core-realtime-l1-1-0.dll api-ms-win-core-registry-l1-1-0.dll api-ms-win-core-registry-l2-1-0.dll cfgmgr32.dll kernel32.dll api-ms-win-core-shlwapi-obsolete-l1-1-0.dll api-ms-win-core-shutdown-l1-1-0.dll api-ms-win-core-string-l1-1-0.dll wow64cpu.dll api-ms-win-core-string-obsolete-l1-1-0.dll rpcrtremote.dll api-ms-win-core-stringloader-l1-1-1.dll cryptnet.dll api-ms-win-core-synch-l1-2-0.dll api-ms-win-core-sysinfo-l1-1-0.dll api-ms-win-core-sysinfo-l1-2-0.dll api-ms-win-core-sysinfo-l1-2-1.dll wow64.dll api-ms-win-core-threadpool-legacy-l1-1-0.dll api-ms-win-core-threadpool-private-l1-1-0.dll user32.dll kernel32.dll System.Data.OracleClient.dll api-ms-win-core-version-l1-1-0.dll api-ms-win-core-wow64-l1-1-0.dll usp10.dll api-ms-win-core-xstate-l2-1-0.dll version.dll api-ms-win-devices-config-l1-1-1.dll api-ms-win-eventing-classicprovider-l1-1-0.dll api-ms-win-eventing-consumer-l1-1-0.dll api-ms-win-eventing-controller-l1-1-0.dll api-ms-win-eventing-legacy-l1-1-0.dll api-ms-win-eventing-provider-l1-1-0.dll api-ms-win-eventlog-legacy-l1-1-0.dll api-ms-win-security-base-l1-1-0.dll api-ms-win-security-cryptoapi-l1-1-0.dll imm32.dll api-ms-win-security-lsalookup-l2-1-1.dll api-ms-win-security-lsapolicy-l1-1-0.dll oleaut32.dll api-ms-win-security-sddl-l1-1-0.dll api-ms-win-service-core-l1-1-0.dll api-ms-win-service-core-l1-1-1.dll api-ms-win-service-management-l1-1-0.dll api-ms-win-service-management-l2-1-0.dll system.security.dll api-ms-win-service-private-l1-1-1.dll api-ms-win-service-winsvc-l1-1-0.dll gdi32.dll,normal
 ntdll.dll kernel32.dll KernelBase.dll gdi32.dll user32.dll dnsapi.dll user32.dll msvcrt.dll imm32.dll msctf.dll wow64cpu.dll rpcrt4.dll oleaut32.dll cryptbase.dll wldp.dll advapi32.dll sechost.dll ntdll.dll ntdll.dll wow64.dll wow64win.dll rpcrtremote.dll kernel32.dll kernel32.dll kernel32.dll user32.dll kernel32.dll KernelBase.dll msvcrt.dll System.IdentityModel.ni.dll presentationcore.dll user32.dll wintrust.dll sechost.dll user32.dll sspicli.dll kernel32.dll lpk.dll uxtheme.dll imm32.dll msctf.dll clbcatq.dll oleaut32.dll cryptsp.dll rsaenh.dll RpcRtRemote.dll ncrypt.dll shell32.dll shlwapi.dll actxprxy.dll profapi.dll ntdll.dll kernel32.dll KernelBase.dll advapi32.dll cbsapi.dll sechost.dll rpcrt4.dll ole32.dll gdi32.dll user32.dll mscorlib.dll propsys.dll imm32.dll msctf.dll cryptbase.dll RpcRtRemote.dll cryptsp.dll rsaenh.dll microsoft.visualc.ni.dll nsi.dll oleaut32.dll gpapi.dll dnsapi.dll clbcatq.dll sspicli.dll taskschd.dll,normal
 dot3api.dll eappcfg.dll dot3api.dll eappcfg.dll dot3api.dll mscorlib.dll advapi32.dll eappcfg.dll user32.dll profapi.dll dot3api.dll eappcfg.dll dot3api.dll eappcfg.dll dot3api.dll eappcfg.dll dot3api.dll IDStore.dll dot3api.dll eappcfg.dll devobj.dll eappcfg.dll dot3api.dll eappcfg.dll dot3api.dll eappcfg.dll dot3api.dll ntdll.dll dot3api.dll eappcfg.dll dot3api.dll ucrtbase.dll wow64cpu.dll eappcfg.dll dot3api.dll user32.dll version.dll ntprint.dll mscms.dll ncrypt.dll bcrypt.dll bcryptprimitives.dll windows.globalization.dll wldap32.dll ntprint.dll mscms.dll version.dll ntprint.dll mscms.dll version.dll ntprint.dll mscms.dll version.dll ntprint.dll mscms.dll version.dll dot3api.dll eappcfg.dll ucrtbase.dll eappcfg.dll wow64win.dll eappcfg.dll dot3api.dll eappcfg.dll wpdbusenum.dll sensapi.dll GdiPlus.dll dot3api.dll cryptbase.dll dot3api.dll eappcfg.dll dot3api.dll eappcfg.dll,normal
 ntdll.dll msls31.dll kernel32.dll oleaut32.dll lpk.dll imm32.dll wow64.dll ws2_32.dll user32.dll clbcatq.dll kernelbase.dll msvcr80.dll setupapi.dll msvcrt.dll advapi32.dll msvcrt.dll gdi32.dll Accessibility.dll rpcrt4.dll devobj.dll cryptbase.dll userenv.dll kernelbase.dll user32.dll wintrust.dll winmm.dll msasn1.dll rpcrtremote.dll winsta.dll wls0wndh.dll cryptbase.dll oleaut32.dll secur32.dll esent.dll bcrypt.dll npmproxy.dll cryptsp.dll mswsock.dll wship6.dll wow64.dll rsaenh.dll netutils.dll credssp.dll gpapi.dll firewallapi.dll spinf.dll devrtl.dll powrprof.dll version.dll winnsi.dll rasadhlp.dll crypt32.dll atl.dll slc.dll wsdapi.dll webservices.dll fundisc.dll msxml6.dll npmproxy.dll localspl.dll system.configuration.dll printisolationproxy.dll fxsmon.dll tcpmon.dll snmpapi.dll imageres.dll tquery.dll sspicli.dll fdpnp.dll winprint.dll win32spl.dll user32.dll cscapi.dll wtsapi32.dll,normal
 ntdll.dll kernel32.dll kernelbase.dll gdi32.dll user32.dll lpk.dll nsi.dll msvcrt.dll imm32.dll msctf.dll ole32.dll rpcrt4.dll oleaut32.dll cryptbase.dll clbcatq.dll system.data.ni.dll shlwapi.dll wrpint.dll ntdll.dll msctf.dll wow64win.dll cryptsp.dll dhcpcsvc.dll kernel32.dll kernel32.dll user32.dll kernel32.dll imm32.dll advapi32.dll msvcrt.dll webservices.dll rpcrt4.dll kernelbase.dll System.Xml.dll dnsapi.dll ws2_32.dll system.configuration.install.ni.dll winnsi.dll dhcpcsvc.dll dhcpcsvc6.dll shell32.dll shlwapi.dll gdi32.dll user32.dll lpk.dll usp10.dll ole32.dll imm32.dll msctf.dll clbcatq.dll oleaut32.dll cryptsp.dll rsaenh.dll lpk.dll wevtapi.dll imm32.dll ntdll.dll lpk.dll wow64win.dll wow64cpu.dll rpcrt4.dll kernel32.dll shlwapi.dll user32.dll mrmcore.dll KernelBase.dll msvcrt.dll winbrand.dll user32.dll gdi32.dll lpk.dll usp10.dll advapi32.dll sechost.dll msvcrt.dll sspicli.dll cryptbase.dll imm32.dll shlwapi.dll apphelp.dll,normal
 ntdll.dll kernel32.dll kernel32.dll advapi32.dll kernel32.dll sechost.dll rpcrt4.dll user32.dll gdi32.dll lpk.dll usp10.dll oleaut32.dll ole32.dll winbrand.dll dhcpcsvc6.dll wbemcomn2.dll clbcatq.dll bcrypt.dll ws2_32.dll nsi.dll System.Runtime.Remoting.ni.dll cryptbase.dll wbemprox.dll ntdll.dll rsaenh.dll RpcRtRemote.dll imm32.dll KernelBase.dll shlwapi.dll psapi.dll,normal
 ntdll.dll kernel32.dll KernelBase.dll advapi32.dll msvcrt.dll ntmarta.dll rpcrt4.dll msvcr120_clr0400.dll user32.dll ole32.dll gdi32.dll shell32.dll lpk.dll system.configuration.install.dll oleaut32.dll imm32.dll msctf.dll cryptbase.dll cryptsp.dll rsaenh.dll RpcRtRemote.dll clbcatq.dll mscorlib.ni.dll mscoreei.dll clr.dll shlwapi.dll gdi32.dll version.dll advapi32.dll lpk.dll Microsoft.Management.Infrastructure.Native.dll mscorlib.dll version.dll cryptnet.dll System.Core.ni.dll System.Configuration.ni.dll System.Xml.ni.dll System.Numerics.ni.dll imm32.dll,normal
 ntdll.dll kernel32.dll rpcrt4.dll oleaut32.dll win32u.dll gdi32.dll gdi32full.dll msvcp_win.dll Accessibility.dll msvcrt.dll imm32.dll winsta.dll winnsi.dll bcryptprimitives.dll kernelbase.dll sechost.dll uxtheme.dll clbcatq.dll system.dll tipskins.dll bcp47langs.dll api-ms-win-downlevel-user32-l1-1-0.dll dwmapi.dll twinapi.dll gdi32.dll textinputframework.dll coreuicomponents.dll imm32.dll msctf.dll ntmarta.dll wintypes.dll usermgrcli.dll windows.storage.dll shlwapi.dll powrprof.dll profapi.dll userenv.dll gpapi.dll tipres.dll mscorlib.dll dui70.dll comctl32.dll duser.dll gdiplus.dll msctf.dll atlthunk.dll tiptsf.dll policymanager.dll msvcp110_win.dll tabskb.dll ole32.dll tipresx.dll uiautomationtypes.dll winsta.dll,normal
 ncrypt.dll System.Data.dll kernelbase.dll advapi32.dll nsi.dll sechost.dll api-ms-win-security-sddl-l1-1-0.dll msvcr120_clr0400.dll usp10.dll ole32.dll gdi32.dll user32.dll lpk.dll advapi32.dll oleaut32.dll imm32.dll msctf.dll cryptbase.dll sxs.dll rsaenh.dll expsrv.dll clbcatq.dll sxs.dll mscoreei.dll mscorwks.dll msvcr80.dll shlwapi.dll imm32.dll profapi.dll mscorlib.ni.dll mscorjit.dll lpk.dll mscorlib.dll version.dll msvcrt.dll combase.dll system.ni.dll mscorsec.dll wintrust.dll crypt32.dll msasn1.dll comctl32.dll wevtapi.dll imagehlp.dll ncrypt.dll bcrypt.dll oleaut32.dll userenv.dll gpapi.dll cryptnet.dll wldap32.dll sensapi.dll system.enterpriseservices.ni.dll system.configuration.ni.dll system.enterpriseservices.dll system.enterpriseservices.dll system.servicemodel.ni.dll system.transactions.ni.dll system.xml.ni.dll system.transactions.dll tquery.dll system.transactions.dll system.transactions.dll system.transactions.dll system.directoryservices.ni.dll system.runtime.serialization.ni.dll wow64cpu.dll system.data.sqlxml.ni.dll system.runtime.remoting.ni.dll oleaut32.dll system.web.ni.dll system.web.dll system.web.dll kernel32.dll system.web.dll ole32.dll cdp.dll system.data.ni.dll system.data.dll dhcpcsvc.dll system.data.dll imm32.dll api-ms-win-downlevel-shlwapi-l1-1-0.dll system.ni.dll nsi.dll system.web.services.ni.dll system.directoryservices.protocols.ni.dll system.design.ni.dll system.serviceprocess.ni.dll system.windows.forms.ni.dll kernel32.dll sechost.dll system.data.oracleclient.ni.dll netprofm.dll system.data.oracleclient.dll msvcrt.dll system.data.oracleclient.dll system.data.oracleclient.dll accessibility.ni.dll system.deployment.ni.dll system.configuration.install.ni.dll winhttp.dll system.identitymodel.ni.dll system.messaging.ni.dll system.identitymodel.selectors.ni.dll microsoft.transactions.bridge.ni.dll ntdll.dll ntdll.dll api-ms-win-downlevel-version-l1-1-0.dll kernel32.dll ntdll.dll kernel32.dll kernel32.dll kernel32.dll user32.dll kernel32.dll bcryptprimitives.dll wow64win.dll msvcrt.dll sechost.dll rpcrt4.dll sspicli.dll cryptbase.dll api-ms-win-crt-filesystem-l1-1-0.dll mscoree.dll ole32.dll kernel32.dll user32.dll lpk.dll kernel32.dll oleaut32.dll imm32.dll msctf.dll cryptsp.dll rsaenh.dll shell32.dll clbcatq.dll sxs.dll System.Security.dll clr.dll shlwapi.dll mscorlib.ni.dll clrjit.dll system.ni.dll msvcr120_clr0400.dll mscorlib.dll ksuser.dll advapi32.dll mssvp.dll propsys.dll system.core.ni.dll system.servicemodel.ni.dll system.servicemodel.dll system.servicemodel.dll system.core.dll system.core.dll system.runtime.serialization.ni.dll system.runtime.serialization.dll usp10.dll system.servicemodel.internals.ni.dll system.servicemodel.internals.dll system.servicemodel.internals.dll system.xml.ni.dll system.xml.dll system.xml.dll wow64win.dll system.servicemodel.channels.dll system.deployment.dll system.xml.linq.ni.dll system.xml.linq.dll system.xml.linq.dll system.configuration.ni.dll system.configuration.dll system.configuration.dll,normal
 sensapi.dll sensapi.dll,normal
 ntdll.dll ntdll.dll ntdll.dll ntdll.dll SensApi.dll api-ms-win-downlevel-shlwapi-l2-1-0.dll wow64lg2.dll wow64win.dll kernel32.dll kernel32.dll user32.dll advapi32.dll wow64cpu.dll kernel32.dll ole32.dll kernelbase.dll kernel32.dll wininet.dll msvcrt.dll msvcrt.dll sechost.dll RpcRtRemote.dll gdi32full.dll rpcrt4.dll security.dll sspicli.dll cryptbase.dll cryptbase.dll bcryptprimitives.dll bcryptprimitives.dll ole32.dll msvcrt.dll ucrtbase.dll msvcrt.dll sechost.dll mscoree.dll cryptsp.dll msvcp_win.dll user32.dll win32u.dll shlwapi.dll shell32.dll cfgmgr32.dll shcore.dll shcore.dll windows.storage.dll windows.storage.dll kernel.appcore.dll msvcrt.dll profapi.dll bcp47mrm.dll filterlib.dll cryptsp.dll goopdate.dll goopdate.dll crypt32.dll msasn1.dll msasn1.dll ws2_32.dll ws2_32.dll netapi32.dll KernelBase.dll wintrust.dll comctl32.dll sqmapi.dll msi.dll wininet.dll wininet.dll netutils.dll bcrypt.dll bcrypt.dll wkscli.dll version.dll cryptsp.dll cryptsp.dll rsaenh.dll user32.dll ntmarta.dll ntmarta.dll imecfm.dll sspicli.dll ole32.dll dbgcore.dll iertutil.dll iertutil.dll,normal
 ntdll.dll kernel32.dll SensApi.dll msvcrt.dll conhostv2.dll combase.dll system.security.dll rpcrt4.dll bcryptprimitives.dll gdi32.dll gdi32full.dll mpr.dll kernel.appcore.dll imm32.dll oleaut32.dll msvcp_win.dll propsys.dll sechost.dll sechost.dll shell32.dll cfgmgr32.dll sqmapi.dll actxprxy.dll advapi32.dll shlwapi.dll kernel.appcore.dll profapi.dll clbcatq.dll msctf.dll,normal
 ntdll.dll ntdll.dll wow64.dll wow64win.dll wow64cpu.dll SensApi.dll kernel32.dll sechost.dll user32.dll kernel32.dll kernelbase.dll advapi32.dll kernelbase.dll sechost.dll msvcrt.dll clrjit.dll oleaut32.dll shell32.dll user32.dll wininet.dll mfc42u.dll winmm.dll ws2_32.dll sechost.dll rpcrt4.dll combase.dll shlwapi.dll iertutil.dll userenv.dll imageres.dll profapi.dll cfgmgr32.dll odbc32.dll winmmbase.dll nsi.dll oleaut32.dll cryptbase.dll bcryptprimitives.dll imm32.dll msctf.dll kernel.appcore.dll uxtheme.dll riched32.dll riched20.dll usp10.dll msls31.dll clr.dll comctl32.dll System.Xml.ni.dll cfgmgr32.dll oleacc.dll propsys.dll ntmarta.dll dui70.dll System.dll wer.dll gdi32.dll tiptsf.dll msado15.dll msdart.dll mssprxy.dll setupapi.dll comsvcs.dll authz.dll msjetoledb40.dll msvcrt.dll actxprxy.dll kernel32.dll msjint40.dll crypt32.dll advapi32.dll cryptsp.dll lpk.dll dpapi.dll winsta.dll vbajet32.dll expsrv.dll profapi.dll msadrh15.dll msdadiag.dll msadce.dll msadcer.dll,caidao
 ntdll.dll ntdll.dll wow64.dll gdi32.dll mscoree.dll kernel32.dll kernel32.dll Microsoft.Powershell.GPowerShell.dll ntdll.dll kernel32.dll kernelbase.dll advapi32.dll msvcrt.dll system.security.dll rpcrt4.dll sspicli.dll cryptbase.dll msvcr120_clr0400.dll cryptbase.dll ole32.dll gdi32.dll user32.dll lpk.dll mscorwks.dll oleaut32.dll imm32.dll msctf.dll cryptsp.dll rsaenh.dll rpcrtremote.dll imm32.dll sxs.dll System.Xaml.ni.dll clr.dll wow64.dll mscorlib.ni.dll sspicli.dll microsoft.powershell.commands.diagnostics.dll microsoft.powershell.commands.diagnostics.dll version.dll mscorlib.dll mscorlib.dll rpcrt4.dll system.management.automation.dll Microsoft.VisualStudio.Tools.Applications.Runtime.v9.0.dll user32.dll system.dll system.core.ni.dll system.core.dll system.core.dll system.xml.ni.dll system.xml.dll system.xml.dll system.xml.dll system.xml.dll system.xml.dll gpapi.dll system.configuration.install.ni.dll system.configuration.install.dll system.configuration.install.dll microsoft.powershell.commands.diagnostics.ni.dll,normal
 version.dll sxs.dll KernelBase.dll gdi32.dll user32.dll lpk.dll usp10.dll msvcrt.dll imm32.dll msctf.dll ole32.dll cryptsp.dll oleaut32.dll uxtheme.dll dwmapi.dll advapi32.dll dhcpcsvc6.dll comctl32.dll shlwapi.dll cryptbase.dll clbcatq.dll mscoreei.dll comctl32.dll system.core.dll msvcp110_win.dll version.dll,normal
 ntdll.dll comctl32.dll kernelbase.dll gdi32.dll gdi32.dll lpk.dll ole32.dll msvcrt.dll shlwapi.dll shell32.dll ole32.dll rpcrt4.dll mpr.dll imm32.dll msctf.dll ntdll.dll uxtheme.dll System.Web.dll advapi32.dll sechost.dll cryptbase.dll dsrole.dll samcli.dll samlib.dll kernel32.dll winmm.dll slc.dll System.Printing.dll oleaut32.dll cryptsp.dll kernel32.dll kernelbase.dll advapi32.dll msvcrt.dll sechost.dll rpcrt4.dll msvcr120_clr0400.dll mscoree.dll schedcli.dll system.web.services.dll mscorlib.dll lpk.dll imm32.dll ntdll.dll imm32.dll kernelbase.dll profapi.dll cryptbase.dll user32.dll rpcrtremote.dll clbcatq.dll sxs.dll mscoreei.dll mscorwks.dll win32u.dll shlwapi.dll shell32.dll sechost.dll mscorlib.ni.dll mscorjit.dll mscorlib.dll mscorlib.dll usp10.dll mscorlib.dll mscorlib.dll system.ni.dll wevtapi.dll microsoft.windows.diagnosis.sdengine.ni.dll microsoft.windows.diagnosis.sdengine.dll MPSSVC.dll system.management.automation.ni.dll cryptbase.dll system.configuration.install.ni.dll system.transactions.ni.dll system.transactions.dll system.transactions.dll system.transactions.dll sspicli.dll kernel32.dll system.management.ni.dll system.directoryservices.ni.dll system.data.ni.dll system.data.dll cryptbase.dll system.data.dll system.data.dll system.data.dll ws2_32.dll nsi.dll imm32.dll msasn1.dll system.configuration.ni.dll system.security.ni.dll system.data.sqlxml.ni.dll system.runtime.serialization.formatters.soap.ni.dll system.drawing.ni.dll system.windows.forms.ni.dll accessibility.ni.dll system.deployment.ni.dll kernel32.dll system.enterpriseservices.dll kernel32.dll system.runtime.remoting.ni.dll microsoft.visualc.ni.dll system.web.ni.dll system.web.dll system.web.services.ni.dll system.web.dll system.web.dll system.web.services.ni.dll msvcrt.dll system.design.ni.dll system.serviceprocess.ni.dll system.web.regularexpressions.ni.dll system.drawing.design.ni.dll system.data.oracleclient.ni.dll cryptdll.dll system.data.oracleclient.dll system.data.oracleclient.dll ws2_32.dll system.data.oracleclient.dll microsoft.jscript.ni.dll kbdnec.dll ntdll.dll ntdll.dll kernelbase.dll advapi32.dll msvcrt.dll wtsapi32.dll rpcrt4.dll msvcr120_clr0400.dll mscoree.dll ole32.dll tabskb.dll user32.dll lpk.dll system.data.dll oleaut32.dll imm32.dll msctf.dll cryptbase.dll cryptsp.dll rsaenh.dll rpcrtremote.dll sspicli.dll sxs.dll mscoreei.dll clr.dll shlwapi.dll mscorlib.ni.dll clrjit.dll clbcatq.dll gdi32.dll mscorlib.dll system.ni.dll system.drawing.ni.dll system.windows.forms.ni.dll microsoft.office.tools.ni.dll system.core.ni.dll cryptsp.dll system.xml.ni.dll usp10.dll ntdll.dll msvcrt.dll shlwapi.dll advapi32.dll kernel32.dll msvcrt.dll System.dll user32.dll mscorwks.dll kernelbase.dll kernel32.dll msvcrt.dll RpcRtRemote.dll rpcrt4.dll winsta.dll msctf.dll msvcr120_clr0400.dll mscoree.dll ole32.dll gdi32.dll user32.dll lpk.dll ws2_32.dll oleaut32.dll imm32.dll msctf.dll cryptsp.dll rsaenh.dll rpcrtremote.dll clbcatq.dll sxs.dll mscoreei.dll clr.dll shlwapi.dll mscorlib.ni.dll clrjit.dll system.ni.dll system.addin.ni.dll version.dll system.addin.dll system.addin.dll mscorlib.dll mscorlib.dll system.dll system.dll system.addin.contract.ni.dll system.addin.contract.dll system.addin.contract.dll imm32.dll system.core.ni.dll system.configuration.ni.dll system.configuration.dll chakra.dll lpk.dll system.core.dll system.xml.ni.dll system.xml.dll shcore.dll,normal
 ntdll.dll vcruntime140.dll system.data.oracleclient.dll ucrtbase.dll system.deployment.dll netutils.dll api-ms-win-core-localization-l1-2-0.dll api-ms-win-core-synch-l1-2-0.dll api-ms-win-core-processthreads-l1-1-1.dll api-ms-win-core-file-l1-2-0.dll api-ms-win-crt-string-l1-1-0.dll wow64.dll api-ms-win-crt-stdio-l1-1-0.dll api-ms-win-crt-convert-l1-1-0.dll ntmarta.dll sechost.dll rpcrt4.dll kernel32.dll KernelBase.dll GdiPlus.dll windows.storage.dll rpcrt4.dll msctf.dll msvcrt.dll msvcp140.dll api-ms-win-crt-locale-l1-1-0.dll api-ms-win-crt-math-l1-1-0.dll mswstr10.dll api-ms-win-crt-time-l1-1-0.dll api-ms-win-crt-filesystem-l1-1-0.dll shell32.dll api-ms-win-crt-utility-l1-1-0.dll gdi32.dll oleaut32.dll cryptbase.dll uxtheme.dll user32.dll scrobj.dll mpssvc.dll lpk.dll mssprxy.dll DWrite.dll Mso20win32client.dll Mso30win32client.dll Mso40UIwin32client.dll apphelp.dll slc.dll sppc.dll usp10.dll dwmapi.dll sspicli.dll shell32.dll wtsapi32.dll cabinet.dll dxgi.dll version.dll ntdll.dll cfgmgr32.dll devobj.dll wintrust.dll crypt32.dll msasn1.dll microsoft.visualstudio.tools.office.excel.hostadapter.v10.0.dll vm3dum64.dll vm3dum64.dll kernelbase.dll msimtf.dll msointl30.dll netapi32.dll uiautomationprovider.dll srvcli.dll System.AddIn.Contract.ni.dll secur32.dll sspicli.dll d3d10_1.dll d3d10_1core.dll d3d11.dll setupapi.dll cfgmgr32.dll devobj.dll vm3dum64.dll vm3dum64.dll SHCore.dll vm3dum64.dll kernel32.dll vm3dum64.dll vm3dum64.dll rsaenh.dll winmm.dll imm32.dll mscoreei.dll vm3dum64_10.dll ntdll.dll vm3dum64_10.dll winmm.dll vm3dum64.dll msutb.dll PresentationCore.dll msctf.dll vm3dum64.dll setupapi.dll cfgmgr32.dll devobj.dll advapi32.dll d3d10level9.dll d3d10level9.dll profapi.dll xmllite.dll ntmarta.dll Wldap32.dll cryptsp.dll api-ms-win-downlevel-ole32-l1-1-0.dll clbcatq.dll api-ms-win-downlevel-advapi32-l1-1-0.dll api-ms-win-downlevel-user32-l1-1-0.dll api-ms-win-downlevel-version-l1-1-0.dll api-ms-win-downlevel-normaliz-l1-1-0.dllnormaliz.dll iertutil.dll wininet.dll userenv.dll msswch.dll system.drawing.dll dwmapi.dll nsi.dll nlaapi.dll cryptsp.dll rsaenh.dll ntdll.dll davhlpr.dll ws2_32.dll imm32.dll mfc42u.dll sfc_os.dll mssprxy.dll setupapi.dll cfgmgr32.dll lpk.dll winbrand.dll ExplorerFrame.dll duser.dll dui70.dll actxprxy.dll mscoree.dll mydocs.dll netapi32.dll netutils.dll srvcli.dll wkscli.dll ColleagueImport.dll ONBttnOL.dll mfc140u.dll mfc140jpn.dll UCAddin.dll shcore.dll winnsi.dll tmpod.dll UmOutlookAddin.dll sensapi.dll UmOutlookStrings.dll avrt.dll avrt.dll avrt.dll dhcpcsvc.dll api-ms-win-downlevel-advapi32-l2-1-0.dll winhttp.dll webio.dll wow64.dll wship6.dll UIAutomationCore.dll psapi.dll oleacc.dll tiptsf.dll sxs.dll wsock32.dll dhcpcsvc6.dll psapi.dll security.dll uxtheme.dll nlaapi.dll clbcatq.dll ncrypt.dll KernelBase.dll bcryptprimitives.dll gpapi.dll setupapi.dll cfgmgr32.dll devobj.dll SensApi.dll mlang.dll msxml6.dll powrprof.dll msproof7.dll tquery.dll StructuredQuery.dll powrprof.dll wbemprox.dll wbemcomn.dll wbemsvc.dll fastprox.dll ntdsapi.dll msfad.dll apphelp.dll linkinfo.dll mpr.dll dhcpcsvc.dll davhlpr.dll networkexplorer.dll drprov.dll ntlanman.dll ieframe.dll api-ms-win-downlevel-shell32-l1-1-0.dll clbcatq.dll ieframe.dll chrome_child.dll msspell7.dll comdlg32.dll NL7MODELS0009.dll ntdll.dll ntlanman.dll davclnt.dll davhlpr.dll NapiNSP.dll pnrpnsp.dll winrnr.dll,normal
 ntdll.dll ntdll.dll kernelbase.dll msvcrt.dll ole32.dll gdi32.dll user32.dll lpk.dll msvcrt.dll rpcrt4.dll gdi32.dll ole32.dll cryptbase.dll clbcatq.dll advapi32.dll uxtheme.dll oleaut32.dll cryptsp.dll usp10.dll rpcrtremote.dll shacct.dll comctl32.dll shlwapi.dll userenv.dll profapi.dll idstore.dll ntdll.dll rsaenh.dll kernelbase.dll msvcrt.dll ole32.dll msctf.dll user32.dll rpcrt4.dll usp10.dll rpcrt4.dll imm32.dll msctf.dll cryptbase.dll mprmsg.dll advapi32.dll sechost.dll oleaut32.dll cryptsp.dll ntdll.dll rpcrtremote.dll uxtheme.dll user32.dll shell32.dll shlwapi.dll comctl32.dll psapi.dll system.configuration.install.dll,normal
 ntdll.dll kernelbase.dll advapi32.dll msvcrt.dll sechost.dll rpcrt4.dll gdi32.dll lpk.dll rpcrt4.dll system.web.dll usp10.dll tquery.dll imm32.dll setupapi.dll usp10.dll kernel32.dll cryptbase.dll user32.dll msshooks.dll clbcatq.dll msvcrt.dll cryptsp.dll sspicli.dll rpcrtremote.dll mssprxy.dll system.transactions.dll api-ms-win-downlevel-advapi32-l1-1-0.dll api-ms-win-downlevel-shlwapi-l1-1-0.dll api-ms-win-downlevel-user32-l1-1-0.dll api-ms-win-downlevel-shell32-l1-1-0.dll shell32.dll api-ms-win-downlevel-version-l1-1-0.dll version.dll api-ms-win-downlevel-normaliz-l1-1-0.dll normaliz.dll iertutil.dll comctl32.dll api-ms-win-downlevel-shlwapi-l2-1-0.dll oleaut32.dll secur32.dll sspicli.dll msjetoledb40.dll propsys.dll wininet.dll userenv.dll profapi.dll api-ms-win-downlevel-advapi32-l2-1-0.dll,normal
 mydocs.dll ntdll.dll wow64.dll wow64win.dll wow64cpu.dll kernel32.dll kernel32.dll kernel32.dll user32.dll kernel32.dll KernelBase.dll msvcrt.dll winbrand.dll avrt.dll gdi32.dll lpk.dll usp10.dll advapi32.dll gdi32.dll rpcrt4.dll sechost.dll rpcrtremote.dll imm32.dll MMDevAPI.dll mscorlib.dll,normal
 ntdll.dll ntdll.dll wow64.dll ole32.dll wow64cpu.dll kernel32.dll kernel32.dll kernel32.dll user32.dll kernel32.dll rsaenh.dll advapi32.dll msvcrt.dll taskschd.dll rpcrt4.dll ntdll.dll cryptbase.dll dnsapi.dll rpcrtremote.dll nsi.dll wecsvc.dll dhcpcsvc.dll dhcpcsvc6.dll ole32.dll shlwapi.dll gdi32.dll user32.dll smiengine.dll usp10.dll ole32.dll imm32.dll msctf.dll clbcatq.dll oleaut32.dll cryptsp.dll rsaenh.dll system.xml.ni.dll wow64win.dll ntdll.dll ntdll.dll cryptsp.dll wow64win.dll ncrypt.dll kernel32.dll kernel32.dll kernel32.dll user32.dll kernel32.dll KernelBase.dll msvcrt.dll wow64cpu.dll ole32.dll oleaut32.dll sechost.dll advapi32.dll user32.dll rpcrt4.dll logoncli.dll cryptbase.dll winhttp.dll usp10.dll version.dll imm32.dll msctf.dll sxs.dll clbcatq.dll vbscript.dll System.Web.ni.dll wintrust.dll clbcatq.dll msasn1.dll cryptsp.dll system.drawing.dll msisip.dll wshext.dll comctl32.dll shell32.dll shlwapi.dll scrobj.dll msi.dll kernelbase.dll ntdll.dll rpcrt4.dll KernelBase.dll mscoreei.dll shell32.dll lpk.dll rpcrt4.dll rpcrt4.dll imm32.dll kernelbase.dll ole32.dll imm32.dll imageres.dll cryptbase.dll api-ms-win-core-string-l2-1-0.dll advapi32.dll sechost.dll ntdll.dll ntdll.dll wow64.dll version.dll wow64cpu.dll kernel32.dll kernel32.dll dimsjob.dll user32.dll kernel32.dll KernelBase.dll advapi32.dll ntdll.dll secur32.dll rpcrt4.dll sspicli.dll cryptbase.dll iertutil.dll shell32.dll nsi.dll winnsi.dll imm32.dll dhcpcsvc6.dll ntdll.dll shlwapi.dll gdi32.dll user32.dll lpk.dll lpk.dll cryptbase.dll imm32.dll msctf.dll wpdshext.dll oleaut32.dll cryptsp.dll kernel32.dll RpcRtRemote.dll wevtapi.dll ntdll.dll ntdll.dll wow64.dll wow64win.dll wow64cpu.dll kernel32.dll kernel32.dll wow64cpu.dll user32.dll kernel32.dll KernelBase.dll system.xml.dll ole32.dll msvcrt.dll gdi32.dll user32.dll wow64win.dll sechost.dll rpcrt4.dll sspicli.dll cryptbase.dll lpk.dll msswch.dll msimg32.dll version.dll mpr.dll olepro32.dll shdocvw.dll shlwapi.dll shell32.dll wsock32.dll wintrust.dll nsi.dll lpk.dll netutils.dll srvcli.dll wkscli.dll GdiPlus.dll imm32.dll msctf.dll uxtheme.dll presentationcore.dll cfgmgr32.dll uxtheme.dll clbcatq.dll propsys.dll profapi.dll WindowsCodecs.dll apphelp.dll EhStorShell.dll EhStorShell.dll EhStorShell.dll EhStorShell.dll ntshrui.dll ntshrui.dll shlwapi.dll ntshrui.dll cscapi.dll slc.dll imageres.dll System.Data.dll imageres.dll imageres.dll oleaut32.dll kernel32.dll rpcrt4.dll winsta.dll imageres.dll imageres.dll imageres.dll imageres.dll wtsapi32.dll kernel.appcore.dll shlwapi.dll ntdll.dll wow64.dll wow64win.dll wow64cpu.dll bcryptprimitives.dll windowsbase.dll rpcrt4.dll crypt32.dll kernel32.dll lpk.dll srvcli.dll ole32.dll msvcrt.dll gdi32.dll kernel32.dll nsi.dll sechost.dll version.dll sspicli.dll cryptbase.dll lpk.dll usp10.dll msimg32.dll version.dll mpr.dll olepro32.dll comctl32.dll shlwapi.dll shell32.dll sechost.dll ws2_32.dll nsi.dll netapi32.dll netutils.dll srvcli.dll wkscli.dll wevtapi.dll imm32.dll kernel32.dll uxtheme.dll kernel32.dll cfgmgr32.dll devobj.dll clbcatq.dll propsys.dll profapi.dll WindowsCodecs.dll apphelp.dll EhStorShell.dll EhStorShell.dll EhStorShell.dll EhStorShell.dll ntshrui.dll rpcrt4.dll ntshrui.dll ntshrui.dll cscapi.dll slc.dll fastprox.dll imageres.dll imageres.dll imageres.dll imageres.dll imageres.dll imageres.dll imageres.dll imageres.dll imageres.dll imageres.dll imageres.dll wtsapi32.dll winsta.dll ntdll.dll kernel32.dll KernelBase.dll gdi32.dll user32.dll lpk.dll system.transactions.dll msvcrt.dll imm32.dll lpk.dll ole32.dll rpcrt4.dll comctl32.dll ntdll.dll kernel32.dll KernelBase.dll advapi32.dll msvcrt.dll imm32.dll rpcrt4.dll gdi32.dll user32.dll lpk.dll usp10.dll System.Configuration.ni.dll msimg32.dll wtsapi32.dll msctf.dll userenv.dll profapi.dll winsta.dll crypt32.dll ntdll.dll msctf.dll mscoree.dll msutb.dll comctl32.dll wintrust.dll secur32.dll sspicli.dll wmsgapi.dll shell32.dll cryptbase.dll wintrust.dll cryptsp.dll srvcli.dll Wldap32.dll MsCtfMonitor.dll samcli.dll mscorwks.dll ntshrui.dll devobj.dll devrtl.dll umpnpmgr.dll clbcatq.dll oleaut32.dll urlmon.dll wininet.dll ntdll.dll imagehlp.dll oleaut32.dll bcryptprimitives.dll ncrypt.dll shlwapi.dll rsaenh.dll SensApi.dll cabinet.dll ntdll.dll,normal
 locationframeworkps.dll deviceaccess.dll,normal
 ntdll.dll ntdll.dll kernel32.dll kernelbase.dll kernelbase.dll mscorlib.dll msvcrt.dll System.Xml.dll msvcp_win.dll msvcp_win.dll ucrtbase.dll twinapi.appcore.dll ole32.dll system.core.ni.dll rpcrt4.dll SensApi.dll sspicli.dll advapi32.dll advapi32.dll sechost.dll sechost.dll imm32.dll user32.dll win32u.dll msvcrt.dll gdi32full.dll kernel.appcore.dll kernel.appcore.dll clbcatq.dll mssprxy.dll mssprxy.dll tquery.dll tquery.dll windows.staterepository.dll cryptdll.dll,normal
 ntdll.dll kernel32.dll KernelBase.dll advapi32.dll msvcrt.dll sechost.dll rpcrt4.dll gdi32.dll user32.dll lpk.dll usp10.dll ole32.dll userenv.dll profapi.dll msctf.dll lpk.dll msasn1.dll msctf.dll imm32.dll cryptbase.dll comctl32.dll shlwapi.dll system.data.sqlxml.ni.dll sspicli.dll wevtapi.dll cryptbase.dll msimg32.dll wintrust.dll KernelBase.dll user32.dll ntdll.dll wtsapi32.dll Wldap32.dll setupapi.dll cfgmgr32.dll oleaut32.dll devobj.dll winmm.dll ieframe.dll clbcatq.dll oleaut32.dll MsCtfMonitor.dll sqmapi.dll bcrypt.dll bcryptprimitives.dll ncrypt.dll gpapi.dll cryptnet.dll SensApi.dll cabinet.dll kernel32.dll urlmon.dll wininet.dll iertutil.dll ntdll.dll kernel32.dll KernelBase.dll gdi32.dll profapi.dll lpk.dll usp10.dll kernel32.dll ntdll.dll rpcrt4.dll oleaut32.dll advapi32.dll sechost.dll mfc42u.dll shlwapi.dll uxtheme.dll duser.dll imm32.dll msctf.dll ntdll.dll comctl32.dll gdi32full.dll cryptbase.dll odbc32.dll urlmon.dll wininet.dll iertutil.dll crypt32.dll lpk.dll kernel32.dll system.data.sqlxml.dll profapi.dll apphelp.dll shell32.dll ws2_32.dll odbcint.dll nsi.dll Wldap32.dll netutils.dll cryptbase.dll srvcli.dll wkscli.dll dsrole.dll secur32.dll PresentationFramework.Royale.dll samlib.dll dnsapi.dll version.dll mpr.dll api-ms-win-core-debug-l1-1-1.dll mmcndmgr.dll msxml3.dll tsuserex.dll userenv.dll activeds.dll adsldpc.dll atl.dll riched32.dll riched20.dll ntdll.dll wdc.dll wdc.dll pdh.dll sspicli.dll mycomput.dll clbcatq.dll setupapi.dll wow64.dll dhcpcsvc6.dll samcli.dll wtsapi32.dll filemgmt.dll filemgmt.dll wbemcntl.dll wbemcntl.dll kernel32.dll localsec.dll localsec.dll lpk.dll comctl32.dll rasman.dll msvcrt.dll msvcp110_win.dll pdhui.dll riched32.dll riched20.dll elsext.dll oleacc.dll advapi32.dll rsaenh.dll shell32.dll rpcrt4.dll propsys.dll dwmapi.dll credui.dll xmllite.dll wevtapi.dll dhcpcsvc6.dll tdh.dll winhttp.dll browcli.dll imm32.dll dmdskres.dll dmdskmgr.dll sxs.dll dmutil.dll dmdskres2.dll wow64win.dll devmgr.dll newdev.dll rasuser.dll dsprop.dll gdi32.dll mprsnap.dll rtrfiltr.dll mprapi.dll slc.dll GdiPlus.dll d3d10warp.dll VSSUI.dll ntdll.dll mscoree.dll mscorwks.dll KernelBase.dll sechost.dll mscorlib.ni.dll shfolder.dll userenv.dll System.ni.dll MMCEx.ni.dll MMCFxCommon.ni.dll api-ms-win-core-localization-l1-2-1.dll System.Xml.ni.dll winbrand.dll System.Windows.Forms.ni.dll Culture.dll diasymreader.dll ntdll.dll rpcrt4.dll MIGUIControls.ni.dll System.ServiceProcess.ni.dll msctf.dll adsnt.dll imecfm.dll cscapi.dll ntdll.dll ntdll.dll wow64.dll wow64win.dll imm32.dll kernel32.dll kernel32.dll wiarpc.dll System.Net.Http.ni.dll kernel32.dll KernelBase.dll cryptsp.dll msvcrt.dll sechost.dll rpcrt4.dll sspicli.dll cryptbase.dll dnsapi.dll ws2_32.dll imm32.dll winnsi.dll dhcpcsvc.dll dhcpcsvc6.dll secur32.dll shlwapi.dll Microsoft.Build.Framework.ni.dll user32.dll bcryptprimitives.dll crypt32.dll ole32.dll imm32.dll ole32.dll clbcatq.dll msvcrt.dll cryptsp.dll profapi.dll advapi32.dll wevtapi.dll propsys.dll ntdll.dll wow64.dll wow64win.dll wow64cpu.dll kernel32.dll version.dll kernel32.dll user32.dll kernel32.dll bcrypt.dll msvcrt.dll winbrand.dll user32.dll rpcrtremote.dll lpk.dll usp10.dll advapi32.dll sechost.dll rpcrt4.dll combase.dll cryptbase.dll imm32.dll msctf.dll apphelp.dll,normal
 ntdll.dll kernel32.dll mscorwks.dll msvcrt.dll rpcrt4.dll combase.dll api-ms-win-crt-heap-l1-1-0.dll windows.storage.dll oleaut32.dll msvcp_win.dll imm32.dll lpk.dll ntdll.dll gdi32.dll gdi32full.dll kernel.appcore.dll sechost.dll uxtheme.dll dwmapi.dll clbcatq.dll msvcp110_win.dll policymanager.dll version.dll tempsignedlicenseexchangetask.dll ole32.dll wintrust.dll msasn1.dll crypt32.dll userenv.dll profapi.dll sdiagschd.dll shcore.dll sspicli.dll clipc.dll sdiageng.dll msjet40.dll urlmon.dll bcrypt.dll cryptbase.dll gpapi.dll storageusage.dll ntmarta.dll mscms.dll sxs.dll sspicli.dll twinapi.appcore.dll wintypes.dll tquery.dll samlib.dll oleaut32.dll cryptbase.dll tokenbroker.dll dbghelp.dll idstore.dll sensapi.dll,normal
 system.data.oracleclient.ni.dll kernel32.dll kernelbase.dll user32.dll kernel32.dll win32u.dll rpcrt4.dll user32.dll win32u.dll msvcrt.dll gdi32full.dll user32.dll ucrtbase.dll shell32.dll cfgmgr32.dll microsoft.office.tools.common.implementation.dll combase.dll bcryptprimitives.dll windows.storage.dll shlwapi.dll kernel.appcore.dll powrprof.dll profapi.dll uxtheme.dll imm32.dll,normal
 ntdll.dll kernel32.dll kernelbase.dll apphelp.dll user32.dll msvcrt.dll shcore.dll gdi32.dll combase.dll cryptsp.dll windowscodecs.dll sechost.dll imm32.dll msctf.dll iertutil.dll ieframe.dll shlwapi.dll ole32.dll sspicli.dll shell32.dll cryptbase.dll comdlg32.dll kernel.appcore.dll cryptbase.dll imm32.dll mpcommu.dll ieshims.dll profapi.dll advapi32.dll urlmon.dll bcrypt.dll userenv.dll dwmapi.dll sqmapi.dll ws2_32.dll user32.dll winnsi.dll secur32.dll cryptsp.dll user32.dll bcrypt.dll ondemandconnroutehelper.dll winhttp.dll mswsock.dll gdi32.dll clbcatq.dll ieproxy.dll rasadhlp.dll dhcpcsvc6.dll netapi32.dll netutils.dll srvcli.dll oleacc.dll dhcpcsvc.dll wow64.dll sfc_os.dll dpapi.dll slc.dll sppc.dll kernelbase.dll samlib.dll ieui.dll user32.dll settingsynccore.dll gdi32.dll lpk.dll mssprxy.dll windowscodecs.dll oleacc.dll explorerframe.dll msvcrt.dll dpx.dll windows.graphics.dll msimg32.dll windows.applicationmodel.dll ntmarta.dll kernel32.dll wer.dll kernelbase.dll actxprxy.dll mlang.dll setupapi.dll cfgmgr32.dll mshtml.dll sensapi.dll ole32.dll npmproxy.dll xmllite.dll webio.dll sensapi.dll sensapi.dll system.numerics.ni.dll,normal
 ntdll.dll kernel32.dll System.Activities.dll advapi32.dll kernel32.dll sechost.dll rpcrt4.dll shell32.dll shlwapi.dll gdi32.dll user32.dll sspicli.dll usp10.dll imm32.dll msctf.dll WinMgmtR.dll cryptbase.dll uxtheme.dll propsys.dll oleaut32.dll comctl32.dll ole32.dll profapi.dll urlmon.dll cryptbase.dll imm32.dll api-ms-win-downlevel-advapi32-l1-1-0.dll api-ms-win-downlevel-user32-l1-1-0.dll api-ms-win-downlevel-version-l1-1-0.dll version.dll netprofm.dll normaliz.dll iertutil.dll wininet.dll System.DirectoryServices.Protocols.dll system.directoryservices.ni.dll System.Runtime.Serialization.dll setupapi.dll cfgmgr32.dll devobj.dll winsta.dll,normal
 ntdll.dll kernel32.dll version.dll advapi32.dll msvcrt.dll sechost.dll rpcrt4.dll advapi32.dll gdi32.dll user32.dll kernel32.dll usp10.dll oleaut32.dll shlwapi.dll samlib.dll secur32.dll sspicli.dll shell32.dll profapi.dll setupapi.dll cfgmgr32.dll wow64cpu.dll winsta.dll sechost.dll imm32.dll msctf.dll cryptbase.dll rsaenh.dll crypt32.dll KernelBase.dll msasn1.dll cryptdll.dll netapi32.dll user32.dll srvcli.dll msvcrt.dll kernelbase.dll userenv.dll version.dll ole32.dll winscard.dll tsuserex.dll cryptsp.dll bcrypt.dll bcryptprimitives.dll,mimikatz
 kernelbase.dll kernel32.dll KernelBase.dll system.serviceprocess.ni.dll msvcrt.dll sechost.dll rpcrt4.dll ntdll.dll wow64cpu.dll lpk.dll usp10.dll netapi32.dll winmm.dll wbemcomn.dll GdiPlus.dll ole32.dll oleacc.dll oleaut32.dll shlwapi.dll mscorlib.dll wow64win.dll uxtheme.dll bcryptprimitives.dll msctf.dll cryptbase.dll dui70.dll dpx.dll xmllite.dll clbcatq.dll rpcrt4.dll cryptsp.dll rsaenh.dll RpcRtRemote.dll InkObj.dll atl.dll cfgmgr32.dll WindowsCodecs.dll ntdll.dll sechost.dll KernelBase.dll advapi32.dll msvcrt.dll sechost.dll kernelbase.dll gdi32.dll system.data.oracleclient.dll secur32.dll usp10.dll shlwapi.dll comctl32.dll shell32.dll comdlg32.dll ole32.dll oleaut32.dll version.dll msvcr120_clr0400.dll msvcrt.dll cryptbase.dll uxtheme.dll dwmapi.dll msswch.dll olepro32.dll sppuinotify.dll sppuinotify.dll mscoree.dll ExplorerFrame.dll duser.dll dui70.dll apphelp.dll WindowsCodecs.dll vcruntime140.dll uxtheme.dll lpk.dll api-ms-win-core-timezone-l1-1-0.dll api-ms-win-core-file-l2-1-0.dll api-ms-win-core-localization-l1-2-0.dll api-ms-win-core-synch-l1-2-0.dll wow64win.dll api-ms-win-core-file-l1-2-0.dll api-ms-win-crt-string-l1-1-0.dll api-ms-win-crt-heap-l1-1-0.dll api-ms-win-crt-stdio-l1-1-0.dll api-ms-win-crt-convert-l1-1-0.dll msvcp140.dll ntdll.dll api-ms-win-crt-math-l1-1-0.dll wow64cpu.dll api-ms-win-crt-time-l1-1-0.dll api-ms-win-crt-filesystem-l1-1-0.dll api-ms-win-crt-environment-l1-1-0.dll api-ms-win-crt-utility-l1-1-0.dll msi.dll GrooveIntlResource.dll setupapi.dll cfgmgr32.dll devobj.dll propsys.dll EhStorShell.dll cscui.dll System.Transactions.dll version.dll srvcli.dll ntshrui.dll slc.dll imageres.dll imageres.dll imageres.dll shlwapi.dll imageres.dll imageres.dll imageres.dll imageres.dll imageres.dll imageres.dll kernel32.dll imageres.dll msasn1.dll tiptsf.dll ntmarta.dll Wldap32.dll xmllite.dll cryptsp.dll rsaenh.dll RpcRtRemote.dll msvcrt.dll msftedit.dll profapi.dll msls31.dll oleacc.dll comctl32.dll msasn1.dll cryptsp.dll secur32.dll wbemprox.dll mssprxy.dll thumbcache.dll StructuredQuery.dll shdocvw.dll ieframe.dll api-ms-win-downlevel-advapi32-l1-1-0.dll api-ms-win-downlevel-shlwapi-l1-1-0.dll api-ms-win-downlevel-user32-l1-1-0.dll wer.dll api-ms-win-downlevel-version-l1-1-0.dll api-ms-win-downlevel-normaliz-l1-1-0.dllnormaliz.dll system.data.oracleclient.dll api-ms-win-downlevel-shlwapi-l2-1-0.dll system.web.ni.dll mapi32.dll netutils.dll samcli.dll imageres.dll imageres.dll imageres.dll imageres.dll imageres.dll ntdll.dll msctf.dll imageres.dll msctfmonitor.dll imageres.dll imageres.dll imageres.dll imageres.dll mpr.dll drprov.dll Windows.UI.XamlHost.dll ntlanman.dll davclnt.dll davhlpr.dll usp10.dll cscui.dll imageres.dll wkscli.dll wsock32.dll imageres.dll imageres.dll imageres.dll sspicli.dll imageres.dll lpk.dll usp10.dll imageres.dll wintrust.dll crypt32.dll msasn1.dll imageres.dll imageres.dll PortableDeviceApi.dll EhStorAPI.dll system.data.sqlxml.dll advapi32.dll cryptbase.dll userenv.dll ntdll.dll ntdll.dll SensApi.dll wow64win.dll wow64cpu.dll kernel32.dll kernel32.dll kernel32.dll user32.dll kernel32.dll KernelBase.dll msvcrt.dll msvcrt.dll user32.dll gdi32.dll lpk.dll usp10.dll advapi32.dll sechost.dll rpcrt4.dll sspicli.dll cryptbase.dll Microsoft.Management.Infrastructure.CimCmdlets.ni.dll system.dll advapi32.dll ntdll.dll kernel32.dll KernelBase.dll advapi32.dll msvcrt.dll sechost.dll vssapi.dll msvcr120_clr0400.dll mscoree.dll sechost.dll gdi32.dll user32.dll shcore.dll usp10.dll oleaut32.dll mscoree.dll kernel32.dll cryptbase.dll kernel32.dll system.configuration.dll RpcRtRemote.dll clbcatq.dll api-ms-win-core-file-l2-1-0.dll mscoreei.dll mscorwks.dll kernelbase.dll shlwapi.dll shell32.dll profapi.dll winnsi.dll version.dll combase.dll mscorlib.dll version.dll mscorlib.dll kernel.appcore.dll mscorsec.dll wintrust.dll crypt32.dll msasn1.dll comctl32.dll riched20.dll imagehlp.dll ncrypt.dll bcrypt.dll bcryptprimitives.dll rpcrtremote.dll shell32.dll cryptnet.dll Wldap32.dll SensApi.dll system.data.ni.dll System.ni.dll System.AddIn.ni.dll Microsoft.VisualStudio.Tools.Applications.Contract.v9.0.ni.dll Microsoft.VisualStudio.Tools.Office.Contract.v9.0.ni.dll System.Core.ni.dll Microsoft.VisualStudio.Tools.Applications.Runtime.v9.0.ni.dll Culture.dll Microsoft.VisualStudio.Tools.Office.Excel.HostAdapter.v10.0.dll Microsoft.VisualStudio.Tools.Office.Excel.HostAdapter.v10.0.dll Microsoft.VisualStudio.Tools.Office.Excel.HostAdapter.v10.0.ni.dll sspicli.dll clbcatq.dll ntdll.dll kernel32.dll KernelBase.dll advapi32.dll kernel32.dll sechost.dll gdi32.dll msvcr120_clr0400.dll mscoree.dll user32.dll gdi32.dll user32.dll user32.dll usp10.dll oleaut32.dll imm32.dll system.ni.dll cryptbase.dll cryptsp.dll rsaenh.dll ole32.dll clbcatq.dll sxs.dll mscoreei.dll mscorwks.dll msvcr80.dll shlwapi.dll shell32.dll profapi.dll mscorlib.ni.dll msvcrt.dll mscorlib.dll mscorlib.dll version.dll mscorlib.dll mscorlib.dll gdi32.dll Microsoft.MediaCenter.Shell.ni.dll wow64win.dll Microsoft.MediaCenter.ni.dll Microsoft.MediaCenter.Interop.ni.dll Microsoft.MediaCenter.Interop.dll netutils.dll rsaenh.dll propsys.dll propsys.dll winmm.dll System.Xml.ni.dll ehiUserXp.ni.dll System.Drawing.ni.dll System.Web.ni.dll wpdshext.dll System.Web.dll System.Web.dll System.Web.dll advapi32.dll System.Configuration.ni.dll version.dll System.Data.SqlXml.ni.dll rpcrt4.dll clusapi.dll System.Data.dll wow64win.dll sspicli.dll System.Data.dll DrUpdate.dll nsi.dll crypt32.dll msasn1.dll System.DirectoryServices.ni.dll ntdll.dll System.EnterpriseServices.ni.dll System.EnterpriseServices.dll oleaut32.dll System.Design.ni.dll System.ServiceProcess.ni.dll System.Windows.Forms.ni.dll System.Web.RegularExpressions.ni.dll Microsoft.VisualC.ni.dll System.Transactions.ni.dll System.Transactions.dll mscoreei.dll msvcrt.dll System.Transactions.dll System.Transactions.dll clbcatq.dll System.Runtime.Serialization.Formatters.Soap.ni.dll System.Drawing.Design.ni.dll System.Data.OracleClient.ni.dll System.Data.OracleClient.dll System.Data.OracleClient.dll gdi32.dll System.Data.OracleClient.dll sechost.dll Accessibility.ni.dll System.Deployment.ni.dll System.Configuration.Install.ni.dll cryptsp.dll ehiProxy.ni.dll mcepg.ni.dll mcstore.ni.dll msctf.dll BDATunePIA.dll kernel32.dll ntshrui.dll ehiVidCtl.ni.dll SndVolSSO.dll mcstoredb.dll mcstoredb.dll mcstoredb.dll rasapi32.dll rasman.dll stdole.ni.dll mscorsec.dll api-ms-win-core-synch-l1-2-0.dll comctl32.dll riched20.dll cryptbase.dll ncrypt.dll bcrypt.dll kernelbase.dll user32.dll gpapi.dll cryptnet.dll Wldap32.dll SensApi.dll,normal
 ntdll.dll advapi32.dll KernelBase.dll gdi32.dll user32.dll lpk.dll imm32.dll msvcrt.dll imm32.dll msctf.dll ole32.dll rpcrt4.dll RpcRtRemote.dll,normal
 ntdll.dll kernel32.dll KernelBase.dll gdi32.dll user32.dll lpk.dll usp10.dll msvcrt.dll avrt.dll msctf.dll ole32.dll rpcrt4.dll oleaut32.dll imm32.dll clbcatq.dll advapi32.dll ole32.dll ntdll.dll ntdll.dll System.XML.dll wow64win.dll wow64cpu.dll dinput8.dll kernel32.dll kernel32.dll user32.dll kernel32.dll KernelBase.dll dhcpcsvc.dll winbrand.dll user32.dll mlang.dll lpk.dll usp10.dll advapi32.dll sechost.dll user32.dll sspicli.dll cryptbase.dll imm32.dll msctf.dll apphelp.dll,normal
 ntdll.dll ntdll.dll wow64.dll wow64win.dll wow64cpu.dll pnidui.dll kernel32.dll kernel32.dll user32.dll cryptsp.dll wow64cpu.dll msvcrt.dll winbrand.dll user32.dll gdi32.dll ws2help.dll usp10.dll advapi32.dll sechost.dll rpcrt4.dll kernel32.dll cryptbase.dll imm32.dll sechost.dll user32.dll,normal
 ntdll.dll WindowsBase.dll KernelBase.dll msvcrt.dll gdi32.dll gdi32.dll user32.dll lpk.dll usp10.dll rpcrt4.dll imm32.dll shcore.dll bcrypt.dll oleaut32.dll advapi32.dll sechost.dll oleaut32.dll KernelBase.dll rsaenh.dll RpcRtRemote.dll uxtheme.dll shlwapi.dll userenv.dll profapi.dll system.data.sqlxml.dll comctl32.dll sechost.dll ntdll.dll kernel32.dll KernelBase.dll advapi32.dll msvcrt.dll sechost.dll rpcrt4.dll wow64win.dll rpcrt4.dll lpk.dll usp10.dll imm32.dll winmm.dll dwmapi.dll GdiPlus.dll ole32.dll oleacc.dll oleaut32.dll shlwapi.dll wmsgapi.dll gdi32full.dll uxtheme.dll imm32.dll msctf.dll,normal
 ntdll.dll kernel32.dll KernelBase.dll advapi32.dll wintrust.dll sechost.dll rpcrt4.dll gdi32.dll user32.dll lpk.dll usp10.dll msswch.dll winmm.dll dwmapi.dll EhStorShell.dll ole32.dll oleacc.dll wevtapi.dll shlwapi.dll wmsgapi.dll duser.dll uxtheme.dll imm32.dll msctf.dll cryptbase.dll samcli.dll sensapi.dll xmllite.dll RpcRtRemote.dll tabskb.dll cryptsp.dll kernel.appcore.dll oleaut32.dll cfgmgr32.dll WindowsCodecs.dll MMDevAPI.dll gdi32.dll shell32.dll imecfm.dll version.dll msdtcVSp1res.dll,normal
 avrt.dll mmcss.dll,normal
 ntdll.dll kernel32.dll version.dll msvcrt.dll sechost.dll rpcrt4.dll cmdext.dll usp10.dll,normal
 ntdll.dll ntdll.dll wow64.dll wow64win.dll wow64cpu.dll kernel32.dll kernel32.dll kernel32.dll hid.dll kernel32.dll KernelBase.dll msvcrt.dll System.dll user32.dll gdi32.dll advapi32.dll wow64cpu.dll user32.dll sechost.dll rpcrt4.dll cryptsp.dll cryptbase.dll imm32.dll msctf.dll apphelp.dll,normal
